track_id,filename,sweep_idx,sweep_angle,count_scaling,n_roost_pixels,n_refAbove40_pixels,n_refBelow40_animals,n_xcorrAbove0.95_pixels,n_xcorrBelow0.95_refAbove40_pixels,n_xcorrBelow0.95_refBelow40_animals
KRGX20190604-1,KRGX20190604_124920_V06,0,0.483,1.200,9909,0,147710.902,3497,0,36174.750
KRGX20190604-1,KRGX20190604_124920_V06,2,0.879,1.200,9913,0,2699.192,219,0,1379.324
KRGX20190604-1,KRGX20190604_124920_V06,4,1.318,1.200,9919,0,586.350,8,0,409.374
KRGX20190615-1,KRGX20190615_133853_V06,0,0.483,1.200,46813,0,15749.478,3057,0,14659.270
KRGX20190615-1,KRGX20190615_133853_V06,2,0.879,1.200,46820,0,10832.586,3333,0,9784.647
KRGX20190615-1,KRGX20190615_133853_V06,4,1.318,1.200,46825,0,5759.855,4367,0,4605.073
KRGX20190615-1,KRGX20190615_133853_V06,6,1.802,1.200,23411,0,1241.482,6216,0,616.502
KRGX20190615-1,KRGX20190615_133853_V06,7,2.417,1.200,23420,0,474.166,5996,0,186.796
KRGX20190615-1,KRGX20190615_133853_V06,8,3.120,1.200,23438,0,245.068,6486,0,105.318
KRGX20190615-1,KRGX20190615_133853_V06,9,3.999,1.200,23466,0,130.904,5886,0,61.094
KRGX20190615-1,KRGX20190615_133853_V06,10,5.098,1.200,23515,0,96.546,5921,0,45.839
KRGX20190615-1,KRGX20190615_133853_V06,11,6.416,1.200,23571,0,66.437,5722,0,35.064
KRGX20190626-1,KRGX20190626_113610_V06,0,0.483,1.200,387,0,7162.030,27,0,4692.040
KRGX20190626-1,KRGX20190626_113610_V06,2,1.494,1.200,388,0,1.291,0,0,1.291
KRGX20190626-1,KRGX20190626_113610_V06,4,2.505,1.200,193,0,2.150,0,0,2.150
KRGX20190626-1,KRGX20190626_113610_V06,5,3.516,1.200,193,0,14.293,1,0,12.057
KRGX20190626-1,KRGX20190626_113610_V06,6,4.482,1.200,194,0,0.280,0,0,0.280
KRGX20190628-3,KRGX20190628_130027_V06,0,0.483,1.200,9710,0,94823.833,1707,0,19846.902
KRGX20190628-3,KRGX20190628_130027_V06,2,0.879,1.200,9716,0,23082.633,675,0,5677.165
KRGX20190628-3,KRGX20190628_130027_V06,4,1.318,1.200,9714,0,459.968,12,0,221.814
KRGX20190628-3,KRGX20190628_130734_V06,0,0.483,1.200,12749,0,151605.912,2818,0,33058.758
KRGX20190628-3,KRGX20190628_130734_V06,2,0.879,1.200,12753,0,74502.989,2035,0,14123.183
KRGX20190628-3,KRGX20190628_130734_V06,4,1.318,1.200,12765,0,10139.759,325,0,4102.275
KRGX20190628-1,KRGX20190628_120325_V06,0,0.483,1.200,5238,0,189262.328,3284,0,28470.085
KRGX20190628-1,KRGX20190628_120325_V06,2,0.879,1.200,5244,0,46736.228,1595,0,7074.542
KRGX20190628-1,KRGX20190628_120325_V06,4,1.318,1.200,5239,0,7826.050,376,0,2039.648
KRGX20190628-2,KRGX20190628_123903_V06,0,0.483,1.200,8519,0,52606.881,526,0,38888.293
KRGX20190628-2,KRGX20190628_123903_V06,2,0.879,1.200,8522,0,33134.943,1171,0,22192.622
KRGX20190628-2,KRGX20190628_123903_V06,4,1.318,1.200,8525,0,30494.757,1258,0,16977.706
KRGX20190628-2,KRGX20190628_123903_V06,6,1.802,1.200,4256,0,13407.180,547,0,3001.193
KRGX20190628-4,KRGX20190628_130734_V06,0,0.483,1.200,1068,0,17576.054,82,0,14908.676
KRGX20190628-4,KRGX20190628_130734_V06,2,0.879,1.200,1068,0,8990.466,82,0,7497.944
KRGX20190628-4,KRGX20190628_130734_V06,4,1.318,1.200,1066,0,7193.687,63,0,5639.995
KRGX20190705-1,KRGX20190705_114224_V06,0,0.483,1.200,376,0,5759.017,60,0,5695.268
KRGX20190705-1,KRGX20190705_114224_V06,2,0.879,1.200,376,0,28.489,11,0,24.825
KRGX20190705-1,KRGX20190705_114224_V06,4,1.318,1.200,375,0,357.389,0,0,357.389
KRGX20190705-1,KRGX20190705_114224_V06,6,1.802,1.200,186,0,4.024,0,0,4.024
KRGX20190705-1,KRGX20190705_114224_V06,7,2.417,1.200,189,0,34.045,3,0,5.916
KRGX20190705-1,KRGX20190705_114224_V06,8,3.120,1.200,188,0,1.731,0,0,1.731
KRGX20190705-1,KRGX20190705_114224_V06,9,3.999,1.200,186,0,0.235,0,0,0.235
KRGX20190705-1,KRGX20190705_114932_V06,0,0.483,1.200,1588,0,9692.189,233,0,9499.870
KRGX20190705-1,KRGX20190705_114932_V06,2,0.879,1.200,1589,0,1287.529,25,0,1271.254
KRGX20190705-1,KRGX20190705_114932_V06,4,1.318,1.200,1588,0,163.696,18,0,117.538
KRGX20190705-1,KRGX20190705_114932_V06,6,1.802,1.200,792,0,14.793,9,0,6.993
KRGX20190705-1,KRGX20190705_114932_V06,7,2.417,1.200,792,0,8.633,3,0,6.242
KRGX20190705-1,KRGX20190705_114932_V06,8,3.120,1.200,796,0,6.119,1,0,5.360
KRGX20190705-1,KRGX20190705_114932_V06,9,3.999,1.200,796,0,15.216,4,0,11.998
KRGX20190706-1,KRGX20190706_113614_V06,0,0.483,1.200,481,0,17055.117,54,0,9720.020
KRGX20190706-1,KRGX20190706_113614_V06,2,0.879,1.200,481,0,156.557,26,0,115.440
KRGX20190706-1,KRGX20190706_113614_V06,4,1.318,1.200,482,0,60.505,1,0,60.299
KRGX20190706-1,KRGX20190706_113614_V06,6,1.802,1.200,244,0,8.236,3,0,4.756
KRGX20190706-1,KRGX20190706_113614_V06,7,2.417,1.200,243,0,5.892,2,0,3.200
KRGX20190706-1,KRGX20190706_113614_V06,8,3.120,1.200,243,0,1.166,0,0,1.166
KRGX20190706-1,KRGX20190706_113614_V06,9,3.999,1.200,241,0,1.755,0,0,1.755
KRGX20190706-1,KRGX20190706_114322_V06,0,0.483,1.200,2101,0,21681.233,131,0,14253.998
KRGX20190706-1,KRGX20190706_114322_V06,2,0.879,1.200,2101,0,461.909,42,0,417.278
KRGX20190706-1,KRGX20190706_114322_V06,4,1.318,1.200,2102,0,323.723,36,0,295.486
KRGX20190706-1,KRGX20190706_114322_V06,6,1.802,1.200,1051,0,28.823,6,0,21.757
KRGX20190706-1,KRGX20190706_114322_V06,7,2.417,1.200,1054,0,15.894,3,0,14.243
KRGX20190706-1,KRGX20190706_114322_V06,8,3.120,1.200,1054,0,17.291,5,0,12.981
KRGX20190706-1,KRGX20190706_114322_V06,9,3.999,1.200,1058,0,18.660,9,0,12.750
KRGX20190708-1,KRGX20190708_113919_V06,0,0.483,1.200,994,0,6605.777,44,0,5342.690
KRGX20190708-1,KRGX20190708_113919_V06,2,0.879,1.200,994,0,72.279,5,0,68.586
KRGX20190708-1,KRGX20190708_113919_V06,4,1.318,1.200,994,0,92.997,1,0,92.738
KRGX20190708-1,KRGX20190708_113919_V06,6,1.802,1.200,503,0,5.345,0,0,5.345
KRGX20190708-1,KRGX20190708_113919_V06,7,2.417,1.200,502,0,6.624,3,0,3.140
KRGX20190708-1,KRGX20190708_113919_V06,8,3.120,1.200,502,0,6.774,3,0,3.328
KRGX20190708-1,KRGX20190708_113919_V06,9,3.999,1.200,497,0,3.139,0,0,3.139
KRGX20190722-1,KRGX20190722_120216_V06,0,0.483,1.200,1534,2,53906.063,66,1,44245.392
KRGX20190722-1,KRGX20190722_120216_V06,2,0.879,1.200,1535,1,17357.248,90,1,15843.683
KRGX20190722-1,KRGX20190722_120216_V06,4,1.318,1.200,1535,0,687.483,12,0,655.792
KRGX20190722-1,KRGX20190722_120216_V06,6,1.802,1.200,770,0,22.631,6,0,17.815
KRGX20190722-1,KRGX20190722_120216_V06,7,2.417,1.200,769,0,22.702,12,0,9.802
KRGX20190722-1,KRGX20190722_120216_V06,8,3.120,1.200,771,0,46.555,10,0,14.335
KRGX20190722-1,KRGX20190722_120216_V06,9,3.999,1.200,772,0,1116.451,233,0,582.918
KRGX20190807-10,KRGX20190807_135929_V06,0,0.483,1.200,3866,0,4777.402,255,0,287.002
KRGX20190807-10,KRGX20190807_135929_V06,2,0.879,1.200,3875,0,4257.377,205,0,114.811
KRGX20190807-10,KRGX20190807_135929_V06,4,1.318,1.200,3876,0,3075.616,204,0,74.505
KRGX20190807-10,KRGX20190807_135929_V06,6,1.802,1.200,1936,0,673.306,24,0,210.114
KRGX20190807-10,KRGX20190807_135929_V06,7,2.417,1.200,1933,0,309.114,45,0,88.584
KRGX20190807-10,KRGX20190807_135929_V06,8,3.120,1.200,1930,0,1339.878,119,0,179.206
KRGX20190807-10,KRGX20190807_135929_V06,9,3.999,1.200,1937,0,2886.966,265,0,197.126
KRGX20190807-10,KRGX20190807_135929_V06,10,5.098,1.200,1942,0,3065.604,251,0,108.110
KRGX20190808-2,KRGX20190808_120422_V06,0,0.483,1.200,1403,0,19783.359,440,0,663.244
KRGX20190808-2,KRGX20190808_120422_V06,2,0.879,1.200,1405,0,16787.044,427,0,722.571
KRGX20190808-2,KRGX20190808_120422_V06,4,1.318,1.200,1410,0,13841.121,432,0,423.618
KRGX20190808-2,KRGX20190808_120422_V06,6,1.802,1.200,706,0,10838.809,130,0,277.483
KRGX20190808-2,KRGX20190808_120422_V06,7,2.417,1.200,705,0,14465.530,104,0,239.841
KRGX20190808-2,KRGX20190808_120422_V06,8,3.120,1.200,702,0,2368.531,50,0,86.722
KRGX20190808-2,KRGX20190808_120422_V06,9,3.999,1.200,705,0,9.669,0,0,9.669
KRGX20190813-1,KRGX20190813_133255_V06,0,0.483,1.200,18152,0,12712.067,966,0,11622.570
KRGX20190813-1,KRGX20190813_133255_V06,2,0.879,1.200,18155,0,6206.668,1179,0,5474.046
KRGX20190813-1,KRGX20190813_133255_V06,4,1.318,1.200,18159,0,2950.724,828,0,2449.940
KRGX20190813-1,KRGX20190813_133255_V06,6,1.802,1.200,9079,0,216.090,175,0,129.343
KRGX20190813-1,KRGX20190813_133255_V06,7,2.417,1.200,9086,0,197.513,178,0,108.322
KRGX20190813-1,KRGX20190813_133255_V06,8,3.120,1.200,9093,0,222.965,140,0,125.330
KRGX20190813-1,KRGX20190813_133255_V06,9,3.999,1.200,9104,0,185.044,98,0,107.553
KRGX20190813-1,KRGX20190813_133255_V06,10,5.098,1.200,9123,0,169.134,41,0,133.557
KRGX20190817-1,KRGX20190817_141414_V06,0,0.483,1.200,5590,0,89667.688,472,0,76533.926
KRGX20190817-1,KRGX20190817_141414_V06,2,0.879,1.200,5593,0,18858.315,109,0,12437.309
KRGX20190817-1,KRGX20190817_141414_V06,4,1.318,1.200,5606,0,8884.904,106,0,5530.280
KRGX20190822-1,KRGX20190822_131735_V06,0,0.483,1.200,8013,0,10729.549,926,0,7336.548
KRGX20190822-1,KRGX20190822_131735_V06,2,0.879,1.200,8019,0,1332.213,267,0,898.401
KRGX20190822-1,KRGX20190822_131735_V06,4,1.318,1.200,8020,0,1046.781,164,0,668.479
KRGX20190822-1,KRGX20190822_131735_V06,6,1.802,1.200,4018,0,223.052,7,0,206.794
KRGX20190822-1,KRGX20190822_131735_V06,7,2.417,1.200,4014,0,268.196,10,0,198.471
KRGX20190822-1,KRGX20190822_131735_V06,8,3.120,1.200,4022,0,338.448,7,0,305.748
KRGX20190824-1,KRGX20190824_133033_V06,0,0.483,1.200,15713,0,114863.435,381,0,111869.424
KRGX20190824-1,KRGX20190824_133033_V06,2,0.879,1.200,15712,0,43796.567,770,0,42318.505
KRGX20190824-1,KRGX20190824_133033_V06,4,1.318,1.200,15711,0,19586.234,957,0,17608.783
KRGX20190824-1,KRGX20190824_133033_V06,6,1.802,1.200,7853,0,5098.937,570,0,3608.651
KRGX20190824-1,KRGX20190824_133033_V06,7,2.417,1.200,7860,0,857.906,282,0,476.715
KRGX20190824-1,KRGX20190824_133033_V06,8,3.120,1.200,7877,0,357.579,86,0,273.473
KRGX20190824-1,KRGX20190824_133033_V06,9,3.999,1.200,7886,0,199.374,54,0,141.553
KRGX20190824-1,KRGX20190824_133033_V06,10,5.098,1.200,7892,0,230.499,39,0,172.145
KRGX20190827-1,KRGX20190827_131726_V06,0,0.483,1.200,114,0,2509.683,4,0,2461.336
KRGX20190827-1,KRGX20190827_131726_V06,2,0.879,1.200,115,0,209.182,10,0,169.059
KRGX20190827-1,KRGX20190827_131726_V06,4,1.318,1.200,115,0,95.311,8,0,54.943
KRGX20190827-1,KRGX20190827_131726_V06,6,1.802,1.200,54,0,0.152,0,0,0.152
KRGX20190827-1,KRGX20190827_131726_V06,7,2.417,1.200,54,0,0.152,0,0,0.152
KRGX20190827-1,KRGX20190827_131726_V06,8,3.120,1.200,54,0,0.152,0,0,0.152
KRGX20190827-3,KRGX20190827_142121_V06,0,0.483,1.200,7502,1,92575.902,492,0,86165.686
KRGX20190827-3,KRGX20190827_142121_V06,2,0.879,1.200,7501,0,32522.175,894,0,29035.787
KRGX20190827-3,KRGX20190827_142121_V06,4,1.318,1.200,7503,0,6290.520,340,0,5496.369
KRGX20190827-3,KRGX20190827_142121_V06,6,1.802,1.200,3749,0,263.162,29,0,141.208
KRGX20190827-3,KRGX20190827_142121_V06,7,2.417,1.200,3751,0,82.839,14,0,38.227
KRGX20190827-3,KRGX20190827_142121_V06,8,3.120,1.200,3761,0,111.111,8,0,93.926
KRGX20190827-4,KRGX20190827_144237_V06,0,0.483,1.200,692,0,16677.521,44,0,14067.552
KRGX20190827-4,KRGX20190827_144237_V06,2,0.879,1.200,689,0,27.249,1,0,18.517
KRGX20190827-4,KRGX20190827_144237_V06,4,1.318,1.200,691,0,1336.245,12,0,823.837
KRGX20190901-1,KRGX20190901_132645_V06,0,0.483,1.200,4339,0,20891.621,397,0,19719.121
KRGX20190901-1,KRGX20190901_132645_V06,2,0.879,1.200,4340,0,12787.842,561,0,11805.584
KRGX20190901-1,KRGX20190901_132645_V06,4,1.318,1.200,4341,0,6510.733,704,0,5674.015
KRGX20190901-1,KRGX20190901_132645_V06,6,1.802,1.200,2208,0,1111.462,225,0,706.851
KRGX20190901-1,KRGX20190901_132645_V06,7,2.417,1.200,2209,0,23.973,33,0,12.913
KRGX20190901-1,KRGX20190901_132645_V06,8,3.120,1.200,2211,0,18.730,20,0,10.813
KRGX20190901-1,KRGX20190901_132645_V06,9,3.999,1.200,2211,0,13.516,27,0,7.048
KRGX20190901-1,KRGX20190901_132645_V06,10,5.098,1.200,2217,0,13.093,9,0,11.059
KRGX20190901-1,KRGX20190901_132645_V06,11,6.416,1.200,2221,0,24.425,21,0,16.779
KRGX20190906-4,KRGX20190906_143156_V06,0,0.483,1.200,2449,0,12565.015,711,0,7378.334
KRGX20190906-4,KRGX20190906_143156_V06,2,0.879,1.200,2447,0,943.172,318,0,532.268
KRGX20190906-4,KRGX20190906_143156_V06,4,1.318,1.200,2450,0,237.076,86,0,100.417
KRGX20190906-4,KRGX20190906_143156_V06,6,1.802,1.200,1214,0,58.628,5,0,42.499
KRGX20190906-4,KRGX20190906_143156_V06,7,2.417,1.200,1214,0,100.910,8,0,69.313
KRGX20190906-4,KRGX20190906_143156_V06,8,3.120,1.200,1220,0,148.517,9,0,92.713
KRGX20190906-4,KRGX20190906_143156_V06,9,3.999,1.200,1220,0,105.336,11,0,70.576
KRGX20190906-4,KRGX20190906_143458_V06,0,0.483,1.200,3819,0,17151.652,1022,0,11533.778
KRGX20190906-4,KRGX20190906_143458_V06,2,0.879,1.200,3830,0,1382.900,468,0,786.789
KRGX20190906-4,KRGX20190906_143458_V06,4,1.318,1.200,3832,0,281.990,101,0,130.522
KRGX20190906-4,KRGX20190906_143458_V06,6,1.802,1.200,1921,0,112.747,1,0,109.285
KRGX20190906-4,KRGX20190906_143458_V06,7,2.417,1.200,1921,0,129.127,4,0,105.369
KRGX20190906-4,KRGX20190906_143458_V06,8,3.120,1.200,1922,0,248.768,17,0,170.897
KRGX20190906-4,KRGX20190906_143458_V06,9,3.999,1.200,1925,0,213.486,11,0,105.243
KRGX20190906-3,KRGX20190906_142854_V06,0,0.483,1.200,10114,0,29988.069,1739,0,22139.944
KRGX20190906-3,KRGX20190906_142854_V06,2,0.879,1.200,10108,0,2568.740,688,0,1431.038
KRGX20190906-3,KRGX20190906_142854_V06,4,1.318,1.200,10113,0,900.186,257,0,430.849
KRGX20190906-3,KRGX20190906_142854_V06,6,1.802,1.200,5057,0,304.643,13,0,230.240
KRGX20190906-3,KRGX20190906_142854_V06,7,2.417,1.200,5071,0,265.058,22,0,157.985
KRGX20190906-3,KRGX20190906_142854_V06,8,3.120,1.200,5072,0,424.177,26,0,313.121
KRGX20190914-1,KRGX20190914_133129_V06,0,0.483,1.200,8525,0,13924.038,823,0,11298.603
KRGX20190914-1,KRGX20190914_133129_V06,2,0.879,1.200,8525,0,3339.332,740,0,2780.631
KRGX20190914-1,KRGX20190914_133129_V06,4,1.318,1.200,8531,0,597.201,545,0,449.006
KRGX20190914-1,KRGX20190914_133129_V06,6,1.802,1.200,4273,0,34.348,35,0,28.286
KRGX20190914-1,KRGX20190914_133129_V06,7,2.417,1.200,4272,0,8.361,6,0,6.784
KRGX20190914-1,KRGX20190914_133129_V06,8,3.120,1.200,4271,0,7.260,10,0,6.691
KRGX20190914-1,KRGX20190914_133129_V06,9,3.999,1.200,4268,0,9.322,5,0,9.128
KRGX20190914-1,KRGX20190914_133129_V06,10,5.098,1.200,4285,0,11.289,5,0,10.538
KRGX20190914-1,KRGX20190914_133129_V06,11,6.416,1.200,4303,0,10.131,8,0,9.610
KRGX20190914-2,KRGX20190914_143840_V06,0,0.483,1.200,9279,0,19245.396,1374,0,15238.658
KRGX20190914-2,KRGX20190914_143840_V06,2,0.879,1.200,9280,0,1481.036,649,0,999.537
KRGX20190914-2,KRGX20190914_143840_V06,4,1.318,1.200,9275,0,326.791,199,0,163.416
KRGX20190914-2,KRGX20190914_143840_V06,6,1.802,1.200,4647,0,132.610,2,0,129.961
KRGX20190914-2,KRGX20190914_143840_V06,7,2.417,1.200,4645,0,76.567,5,0,68.173
KRGX20190914-2,KRGX20190914_143840_V06,8,3.120,1.200,4653,0,67.574,2,0,64.850
KRGX20190914-2,KRGX20190914_143840_V06,9,3.999,1.200,4658,0,30.320,1,0,28.798
KRGX20190914-3,KRGX20190914_144749_V06,0,0.483,1.200,11256,0,31133.053,2077,0,23211.231
KRGX20190914-3,KRGX20190914_144749_V06,2,0.879,1.200,11261,0,1897.221,769,0,1166.143
KRGX20190914-3,KRGX20190914_144749_V06,4,1.318,1.200,11255,0,484.326,265,0,197.300
KRGX20190914-3,KRGX20190914_144749_V06,6,1.802,1.200,5629,0,126.138,0,0,126.138
KRGX20190914-3,KRGX20190914_144749_V06,7,2.417,1.200,5635,0,78.121,3,0,67.455
KRGX20190914-3,KRGX20190914_144749_V06,8,3.120,1.200,5644,0,88.294,1,0,84.793
KRGX20190914-3,KRGX20190914_144749_V06,9,3.999,1.200,5644,0,39.964,2,0,38.981
KRGX20190918-8,KRGX20190918_125306_V06,0,0.483,1.200,4816,0,293818.072,1361,0,4562.000
KRGX20190918-8,KRGX20190918_125306_V06,2,0.879,1.200,4822,0,45721.786,667,0,1752.609
KRGX20190918-8,KRGX20190918_125306_V06,4,1.318,1.200,4816,0,2169.184,54,0,383.138
KRGX20190918-8,KRGX20190918_125614_V06,0,0.483,1.200,6099,0,367895.383,1940,0,7261.286
KRGX20190918-8,KRGX20190918_125614_V06,2,0.879,1.200,6099,0,81426.543,1009,0,2992.742
KRGX20190918-8,KRGX20190918_125614_V06,4,1.318,1.200,6099,0,4611.579,123,0,359.303
KRGX20190918-6,KRGX20190918_124959_V06,0,0.483,1.200,7977,0,331538.673,1951,0,7689.257
KRGX20190918-6,KRGX20190918_124959_V06,2,0.879,1.200,7977,0,51356.960,792,0,2583.713
KRGX20190918-6,KRGX20190918_124959_V06,4,1.318,1.200,7979,0,781.631,21,0,129.449
KRGX20190918-13,KRGX20190918_141722_V06,0,0.483,1.200,19831,0,2.424,4289,0,1.580
KRGX20190918-13,KRGX20190918_141722_V06,2,0.879,1.200,19832,0,2.281,4072,0,1.513
KRGX20190918-13,KRGX20190918_141722_V06,4,1.318,1.200,19838,0,2.525,3793,0,1.771
KRGX20190918-13,KRGX20190918_141722_V06,6,1.802,1.200,9926,0,0.884,1210,0,0.532
KRGX20190918-13,KRGX20190918_141722_V06,7,2.417,1.200,9929,0,0.752,1067,0,0.525
KRGX20190918-13,KRGX20190918_141722_V06,8,3.120,1.200,9935,0,0.643,1031,0,0.447
KRGX20190918-13,KRGX20190918_141722_V06,9,3.999,1.200,9950,0,0.785,844,0,0.450
KRGX20190918-13,KRGX20190918_141722_V06,10,5.098,1.200,9976,0,0.535,867,0,0.411
KRGX20190918-13,KRGX20190918_141722_V06,11,6.416,1.200,10009,0,0.538,879,0,0.423
KRGX20190930-14,KRGX20190930_145315_V06,0,0.483,1.200,13821,0,50332.746,5239,0,1232.743
KRGX20190930-14,KRGX20190930_145315_V06,2,0.879,1.200,13831,0,36921.818,5078,0,732.572
KRGX20190930-14,KRGX20190930_145315_V06,4,1.318,1.200,13832,0,27335.289,4525,0,552.744
KRGX20190930-14,KRGX20190930_145315_V06,6,1.802,1.200,6911,0,12246.163,1299,0,343.569
KRGX20190930-14,KRGX20190930_145315_V06,7,2.417,1.200,6912,0,7149.929,959,0,217.975
KRGX20190930-14,KRGX20190930_145315_V06,8,3.120,1.200,6923,0,1582.945,650,0,89.165
KRGX20190930-14,KRGX20190930_145315_V06,9,3.999,1.200,6930,0,113.917,216,0,53.219
KRGX20190930-14,KRGX20190930_145315_V06,10,5.098,1.200,6939,0,50.901,74,0,44.075
KRGX20190930-14,KRGX20190930_145315_V06,11,6.416,1.200,6958,0,55.405,24,0,44.606
KRGX20190930-16,KRGX20190930_150343_V06,0,0.483,1.200,1701,0,30305.884,477,0,1892.036
KRGX20190930-16,KRGX20190930_150343_V06,2,0.879,1.200,1700,0,1742.857,88,0,305.143
KRGX20190930-16,KRGX20190930_150343_V06,4,1.318,1.200,1702,0,627.704,44,0,178.070
KRGX20190930-16,KRGX20190930_150343_V06,6,1.802,1.200,849,0,196.328,2,0,145.366
KRGX20191016-1,KRGX20191016_134558_V06,0,0.483,1.200,1561,0,54.898,421,0,23.593
KRGX20191016-1,KRGX20191016_134558_V06,2,0.879,1.200,1561,0,42.351,275,0,19.551
KRGX20191016-1,KRGX20191016_134558_V06,4,1.318,1.200,1558,0,25.015,160,0,17.391
KRGX20191016-1,KRGX20191016_134558_V06,6,1.802,1.200,778,0,1.193,13,0,0.607
KRGX20191016-1,KRGX20191016_134558_V06,7,2.417,1.200,779,0,1.006,8,0,0.675
KRGX20191016-1,KRGX20191016_134558_V06,8,3.120,1.200,780,0,1.317,7,0,1.013
KRGX20191016-1,KRGX20191016_134558_V06,9,3.999,1.200,777,0,0.966,6,0,0.632
KRGX20191016-1,KRGX20191016_134558_V06,10,5.098,1.200,784,0,1.761,5,0,1.504
KRGX20191016-1,KRGX20191016_134558_V06,11,6.416,1.200,783,0,2.004,6,0,1.705
KRGX20191019-2,KRGX20191019_132652_V06,0,0.483,1.200,5618,0,338258.966,1664,0,4648.346
KRGX20191019-2,KRGX20191019_132652_V06,2,0.879,1.200,5609,0,18024.514,337,0,2522.684
KRGX20191019-2,KRGX20191019_132652_V06,4,1.318,1.200,5617,0,24.369,0,0,24.369
KRGX20191019-2,KRGX20191019_132956_V06,0,0.483,1.200,6936,0,421999.383,1753,0,5708.552
KRGX20191019-2,KRGX20191019_132956_V06,2,0.879,1.200,6934,0,18097.682,256,0,2229.458
KRGX20191019-2,KRGX20191019_132956_V06,4,1.318,1.200,6949,0,99.349,5,0,50.422
KRGX20191019-2,KRGX20191019_133300_V06,0,0.483,1.200,8555,0,381513.834,1860,0,7981.950
KRGX20191019-2,KRGX20191019_133300_V06,2,0.879,1.200,8560,0,10071.203,209,0,1143.053
KRGX20191019-2,KRGX20191019_133300_V06,4,1.318,1.200,8559,0,674.621,46,0,117.664
KRGX20191019-2,KRGX20191019_133812_V06,0,0.483,1.200,5693,0,145182.562,1168,0,6473.201
KRGX20191019-2,KRGX20191019_133812_V06,2,0.879,1.200,5690,0,2011.978,50,0,297.752
KRGX20191019-2,KRGX20191019_133812_V06,4,1.318,1.200,5697,0,90.528,3,0,40.074
KRGX20191023-1,KRGX20191023_152224_V06,0,0.483,1.200,2390,0,142822.790,129,0,118221.032
KRGX20191023-1,KRGX20191023_152224_V06,2,0.879,1.200,2390,0,5332.944,111,0,3886.876
KRGX20191023-1,KRGX20191023_152224_V06,4,1.318,1.200,2387,0,537.836,49,0,397.894
KRGX20191023-1,KRGX20191023_152224_V06,6,1.802,1.200,1196,0,33.879,17,0,15.654
KRGX20191023-1,KRGX20191023_152224_V06,7,2.417,1.200,1196,0,32.501,12,0,19.633
KRGX20191023-1,KRGX20191023_152224_V06,8,3.120,1.200,1199,0,17.787,10,0,11.231
KRGX20191023-1,KRGX20191023_152224_V06,9,3.999,1.200,1198,0,9.174,2,0,7.294
KRGX20191023-1,KRGX20191023_152224_V06,10,5.098,1.200,1203,0,27.878,3,0,25.996
KRGX20191023-1,KRGX20191023_152931_V06,0,0.483,1.200,7901,0,155355.811,619,0,104988.335
KRGX20191023-1,KRGX20191023_152931_V06,2,0.879,1.200,7903,0,9606.166,583,0,6953.025
KRGX20191023-1,KRGX20191023_152931_V06,4,1.318,1.200,7908,0,1615.503,405,0,1117.711
KRGX20191023-1,KRGX20191023_152931_V06,6,1.802,1.200,3955,0,129.333,29,0,94.625
KRGX20191023-1,KRGX20191023_152931_V06,7,2.417,1.200,3959,0,82.089,32,0,44.420
KRGX20191023-1,KRGX20191023_152931_V06,8,3.120,1.200,3965,0,99.704,50,0,70.834
KRGX20191023-1,KRGX20191023_152931_V06,9,3.999,1.200,3963,0,89.606,19,0,66.092
KRGX20191023-1,KRGX20191023_152931_V06,10,5.098,1.200,3974,0,108.354,20,0,90.920
KRGX20191023-1,KRGX20191023_153638_V06,0,0.483,1.200,2047,0,136765.290,130,0,114304.848
KRGX20191023-1,KRGX20191023_153638_V06,2,0.879,1.200,2047,0,7248.888,92,0,6024.648
KRGX20191023-1,KRGX20191023_153638_V06,4,1.318,1.200,2050,0,664.267,27,0,267.715
KRGX20191023-1,KRGX20191023_153638_V06,6,1.802,1.200,1023,0,57.859,21,0,27.982
KRGX20191023-1,KRGX20191023_153638_V06,7,2.417,1.200,1025,0,27.900,6,0,21.424
KRGX20191023-1,KRGX20191023_153638_V06,8,3.120,1.200,1026,0,15.958,5,0,13.127
KRGX20191023-1,KRGX20191023_153638_V06,9,3.999,1.200,1027,0,28.557,7,0,18.851
KRGX20191102-1,KRGX20191102_133203_V06,0,0.483,1.200,66,0,5572.156,0,0,5572.156
KRGX20191102-1,KRGX20191102_133203_V06,2,0.879,1.200,67,0,492.731,0,0,492.731
KRGX20191102-1,KRGX20191102_133203_V06,4,1.318,1.200,65,0,2.162,0,0,2.162
KRGX20191102-1,KRGX20191102_133203_V06,6,1.802,1.200,34,0,9.958,1,0,8.838
KRGX20191102-1,KRGX20191102_133203_V06,7,2.417,1.200,33,0,0.047,0,0,0.047
KRGX20191102-1,KRGX20191102_133203_V06,8,3.120,1.200,34,0,0.049,0,0,0.049
KRGX20191102-1,KRGX20191102_133203_V06,9,3.999,1.200,33,0,0.047,0,0,0.047
KRGX20191114-1,KRGX20191114_144152_V06,0,0.483,1.200,40728,0,26047.970,853,0,5768.232
KRGX20191114-1,KRGX20191114_144152_V06,2,0.879,1.200,40744,0,29468.123,2433,0,5285.916
KRGX20191114-1,KRGX20191114_144152_V06,4,1.318,1.200,40761,0,42741.020,5084,0,6496.056
KRGX20191114-1,KRGX20191114_144152_V06,6,1.802,1.200,20392,0,36183.628,2525,0,3318.085
KRGX20191115-1,KRGX20191115_150551_V06,0,0.483,1.200,12321,0,90230.569,3624,0,17562.743
KRGX20191115-1,KRGX20191115_150551_V06,2,0.879,1.200,12328,0,88611.397,4156,0,10839.026
KRGX20191115-1,KRGX20191115_150551_V06,4,1.318,1.200,12330,0,35473.939,1970,0,5939.329
KRGX20191115-1,KRGX20191115_151258_V06,0,0.483,1.200,15367,0,119387.760,4531,0,19466.797
KRGX20191115-1,KRGX20191115_151258_V06,2,0.879,1.200,15375,0,97162.497,4531,0,11915.531
KRGX20191115-1,KRGX20191115_151258_V06,4,1.318,1.200,15379,0,32973.817,2147,0,6676.348
KRGX20191115-2,KRGX20191115_152712_V06,0,0.483,1.200,11336,0,4801.556,161,0,1406.557
KRGX20191115-2,KRGX20191115_152712_V06,2,0.879,1.200,11339,0,16572.474,1126,0,2152.140
KRGX20191115-2,KRGX20191115_152712_V06,4,1.318,1.200,11342,0,17512.495,1017,0,2603.908
KRGX20191115-2,KRGX20191115_153418_V06,0,0.483,1.200,15012,0,5482.051,195,0,2003.246
KRGX20191115-2,KRGX20191115_153418_V06,2,0.879,1.200,15014,0,30633.836,1968,0,3367.464
KRGX20191115-2,KRGX20191115_153418_V06,4,1.318,1.200,15028,0,36818.446,1842,0,3153.354
KRGX20191115-3,KRGX20191115_152712_V06,0,0.483,1.200,15929,0,255565.605,6607,0,137939.558
KRGX20191115-3,KRGX20191115_152712_V06,2,0.879,1.200,15932,0,168971.582,8537,0,7873.208
KRGX20191115-3,KRGX20191115_152712_V06,4,1.318,1.200,15942,0,256279.317,9122,0,3772.681
KRGX20191115-3,KRGX20191115_152712_V06,6,1.802,1.200,7980,0,199627.164,4290,0,4663.769
KRGX20191115-3,KRGX20191115_152712_V06,7,2.417,1.200,7978,0,113693.052,4682,0,4006.831
KRGX20191115-3,KRGX20191115_152712_V06,8,3.120,1.200,7981,0,37619.560,4464,0,3295.829
KRGX20191115-3,KRGX20191115_152712_V06,9,3.999,1.200,7992,0,5846.223,2478,0,1054.468
KRGX20191120-2,KRGX20191120_140821_V06,0,0.483,1.200,1961,0,36922.650,377,0,2476.565
KRGX20191120-2,KRGX20191120_140821_V06,2,0.879,1.200,1962,0,8426.900,100,0,760.803
KRGX20191127-10,KRGX20191127_144902_V06,0,0.483,1.200,2063,0,7737.250,163,0,665.134
KRGX20191127-10,KRGX20191127_144902_V06,2,0.879,1.200,2060,0,33.386,2,0,8.476
KRGX20191127-10,KRGX20191127_144902_V06,4,1.318,1.200,2063,0,8.500,0,0,8.500
KRGX20191127-10,KRGX20191127_145203_V06,0,0.483,1.200,3095,0,9638.677,239,0,1108.409
KRGX20191127-10,KRGX20191127_145203_V06,2,0.879,1.200,3089,0,131.332,6,0,21.090
KRGX20191127-10,KRGX20191127_145203_V06,4,1.318,1.200,3084,0,12.699,0,0,12.699
KRGX20191127-10,KRGX20191127_145505_V06,0,0.483,1.200,4002,0,9494.613,284,0,907.176
KRGX20191127-10,KRGX20191127_145505_V06,2,0.879,1.200,3998,0,132.196,6,0,29.520
KRGX20191127-10,KRGX20191127_145505_V06,4,1.318,1.200,4013,0,16.314,0,0,16.314
KRGX20191127-7,KRGX20191127_143955_V06,0,0.483,1.200,1121,0,10677.101,147,0,424.057
KRGX20191127-7,KRGX20191127_143955_V06,2,0.879,1.200,1116,0,175.560,6,0,4.743
KRGX20191127-7,KRGX20191127_143955_V06,4,1.318,1.200,1118,0,4.777,0,0,4.777
KRGX20191127-17,KRGX20191127_155247_V06,0,0.483,1.200,2037,0,17325.533,564,0,1419.978
KRGX20191127-17,KRGX20191127_155247_V06,2,0.879,1.200,2044,0,11639.412,585,0,1256.337
KRGX20191127-17,KRGX20191127_155247_V06,4,1.318,1.200,2042,0,2051.683,153,0,399.139
KRGX20191127-17,KRGX20191127_155247_V06,6,1.802,1.200,1018,0,42.923,0,0,42.923
KRGX20191127-19,KRGX20191127_160153_V06,0,0.483,1.200,905,0,29225.016,379,0,1231.541
KRGX20191127-19,KRGX20191127_160153_V06,2,0.879,1.200,899,0,2621.571,92,0,341.957
KRGX20191127-19,KRGX20191127_160153_V06,4,1.318,1.200,898,0,216.763,12,0,28.561
KRGX20191127-19,KRGX20191127_160153_V06,6,1.802,1.200,448,0,43.916,0,0,43.916
KRGX20191128-13,KRGX20191128_160206_V06,0,0.483,1.200,7592,0,57699.083,1545,0,314.894
KRGX20191128-13,KRGX20191128_160206_V06,2,0.879,1.200,7595,0,45361.801,1510,0,254.456
KRGX20191128-13,KRGX20191128_160206_V06,4,1.318,1.200,7595,0,33002.775,1562,0,182.424
KRGX20191128-13,KRGX20191128_160206_V06,8,1.802,1.200,3799,0,23394.756,474,0,282.603
KRGX20191128-13,KRGX20191128_160206_V06,9,2.417,1.200,3798,0,8753.334,351,0,109.891
KRGX20191128-13,KRGX20191128_160206_V06,10,3.120,1.200,3801,0,2258.334,149,0,57.216
KRGX20191128-13,KRGX20191128_160206_V06,11,3.999,1.200,3805,0,238.781,78,0,53.187
KRGX20191128-13,KRGX20191128_160206_V06,12,5.098,1.200,3811,0,34.413,16,0,25.875
KRGX20191128-13,KRGX20191128_160206_V06,13,6.416,1.200,3820,0,30.710,13,0,25.655
KRGX20191129-5,KRGX20191129_151535_V06,0,0.483,1.200,59443,0,245337.300,29202,0,5904.140
KRGX20191129-5,KRGX20191129_151535_V06,2,0.879,1.200,59459,0,175025.231,27373,0,4721.145
KRGX20191129-5,KRGX20191129_151535_V06,4,1.318,1.200,59474,0,114784.684,25585,0,3687.888
KRGX20191129-5,KRGX20191129_151535_V06,8,1.802,1.200,29746,0,67321.296,10540,0,2139.224
KRGX20191129-5,KRGX20191129_151535_V06,9,2.417,1.200,29759,0,40129.664,9296,0,1606.875
KRGX20191129-5,KRGX20191129_151535_V06,10,3.120,1.200,29775,0,22172.359,8062,0,1351.955
KRGX20191129-5,KRGX20191129_151535_V06,11,3.999,1.200,29817,0,10750.408,6264,0,720.858
KRGX20191129-10,KRGX20191129_162324_V06,0,0.483,1.200,1829,0,36653.046,500,0,2515.185
KRGX20191129-10,KRGX20191129_162324_V06,2,0.879,1.200,1834,0,13732.647,318,0,1590.655
KRGX20191129-10,KRGX20191129_162324_V06,4,1.318,1.200,1833,0,2100.039,64,0,665.978
KRGX20191130-1,KRGX20191130_161336_V06,0,0.483,1.200,856,0,200608.831,718,0,2490.392
KRGX20191130-1,KRGX20191130_161336_V06,2,0.879,1.200,856,0,9644.476,166,0,1275.501
KRGX20191130-1,KRGX20191130_161711_V06,0,0.483,1.200,1616,0,341326.102,1284,0,7045.449
KRGX20191130-1,KRGX20191130_161711_V06,2,0.879,1.200,1621,0,24094.957,435,0,3009.734
KRGX20191130-1,KRGX20191130_162044_V06,0,0.483,1.200,2341,0,480948.776,1810,0,7556.407
KRGX20191130-1,KRGX20191130_162044_V06,2,0.879,1.200,2341,0,45813.545,771,0,4564.270
KRGX20191201-10,KRGX20191201_151853_V06,0,0.483,1.200,2773,0,921181.701,1697,0,3081.352
KRGX20191201-10,KRGX20191201_151853_V06,2,0.879,1.200,2774,0,188251.414,1176,0,2604.072
KRGX20191201-10,KRGX20191201_151853_V06,4,1.318,1.200,2788,0,6307.794,209,0,810.030
KRGX20191201-10,KRGX20191201_152156_V06,0,0.483,1.200,3962,0,1158493.094,2170,0,4211.733
KRGX20191201-10,KRGX20191201_152156_V06,2,0.879,1.200,3966,0,293692.964,1522,0,2427.637
KRGX20191201-10,KRGX20191201_152156_V06,4,1.318,1.200,3969,0,11258.975,394,0,1334.327
KRGX20191201-10,KRGX20191201_152459_V06,0,0.483,1.200,5217,0,1306592.853,2711,0,4750.013
KRGX20191201-10,KRGX20191201_152459_V06,2,0.879,1.200,5208,0,404350.140,1907,0,3450.145
KRGX20191201-10,KRGX20191201_152459_V06,4,1.318,1.200,5225,0,30106.661,833,0,2486.684
KRGX20191201-7,KRGX20191201_151249_V06,0,0.483,1.200,4110,0,559706.710,1115,0,5340.100
KRGX20191201-7,KRGX20191201_151249_V06,2,0.879,1.200,4116,0,141216.383,686,0,4635.537
KRGX20191201-18,KRGX20191201_153406_V06,0,0.483,1.200,7911,0,1727599.443,4292,0,7726.468
KRGX20191201-18,KRGX20191201_153406_V06,2,0.879,1.200,7899,0,614275.360,3950,0,7580.890
KRGX20191201-18,KRGX20191201_153406_V06,4,1.318,1.200,7920,0,86397.986,2335,0,6493.566
KRGX20191202-4,KRGX20191202_143125_V06,0,0.483,1.200,3219,0,797633.504,2815,0,22842.247
KRGX20191202-4,KRGX20191202_143125_V06,2,0.879,1.200,3214,0,157756.269,1657,0,14018.609
KRGX20191202-4,KRGX20191202_143533_V06,0,0.483,1.200,4643,0,1097424.231,4174,0,33073.725
KRGX20191202-4,KRGX20191202_143533_V06,2,0.879,1.200,4643,0,275807.305,2895,0,27546.821
KRGX20191203-1,KRGX20191203_150133_V06,0,0.483,1.200,4669,0,18441.134,555,0,13311.804
KRGX20191203-1,KRGX20191203_150133_V06,2,0.879,1.200,4668,0,2486.664,421,0,1050.368
KRGX20191203-1,KRGX20191203_150133_V06,4,1.318,1.200,4672,0,466.832,204,0,285.295
KRGX20191203-1,KRGX20191203_150133_V06,6,1.802,1.200,2336,0,92.677,5,0,87.655
KRGX20191203-1,KRGX20191203_150133_V06,7,2.417,1.200,2336,0,76.888,5,0,68.565
KRGX20191203-1,KRGX20191203_150133_V06,8,3.120,1.200,2341,0,52.660,11,0,33.224
KRGX20191203-1,KRGX20191203_150133_V06,9,3.999,1.200,2342,0,69.599,3,0,56.474
KRGX20191204-2,KRGX20191204_140809_V06,0,0.483,1.200,9885,0,106115.002,2474,0,17076.708
KRGX20191204-2,KRGX20191204_140809_V06,2,0.879,1.200,9884,0,40308.801,1326,0,5432.734
KRGX20191204-2,KRGX20191204_140809_V06,4,1.318,1.200,9896,0,10664.272,455,0,2107.205
KRGX20191213-3,KRGX20191213_150312_V06,0,0.483,1.200,2269,0,210041.249,1595,0,9795.084
KRGX20191213-3,KRGX20191213_150312_V06,2,0.879,1.200,2268,0,27477.685,510,0,1675.264
KRGX20191213-3,KRGX20191213_150616_V06,0,0.483,1.200,3303,0,461346.840,2643,0,15275.211
KRGX20191213-3,KRGX20191213_150616_V06,2,0.879,1.200,3311,0,78830.887,922,0,4769.871
KRGX20191213-4,KRGX20191213_153047_V06,0,0.483,1.200,4681,0,101237.300,574,0,3223.574
KRGX20191213-4,KRGX20191213_153047_V06,2,0.879,1.200,4684,0,9242.460,105,0,555.565
KRGX20191213-6,KRGX20191213_162811_V06,0,0.483,1.200,18405,0,1435430.246,7494,0,17280.525
KRGX20191213-6,KRGX20191213_162811_V06,2,0.879,1.200,18419,0,451881.264,4572,0,11251.199
KRGX20191213-6,KRGX20191213_162811_V06,4,1.318,1.200,18418,0,28373.274,878,0,2093.188
KRGX20191217-1,KRGX20191217_153653_V06,0,0.483,1.200,13434,0,3598.776,191,0,1181.002
KRGX20191217-1,KRGX20191217_153653_V06,2,0.879,1.200,13439,0,25794.116,1352,0,5886.947
KRGX20191217-1,KRGX20191217_153653_V06,4,1.318,1.200,13452,0,9437.414,424,0,3853.026
KRGX20191218-3,KRGX20191218_151901_V06,0,0.483,1.200,4361,0,66322.641,2255,0,9164.404
KRGX20191218-3,KRGX20191218_151901_V06,2,0.879,1.200,4364,0,1030.538,93,0,304.198
KRGX20191218-3,KRGX20191218_151901_V06,4,1.318,1.200,4366,0,17.708,0,0,17.708
KRGX20191218-3,KRGX20191218_152607_V06,0,0.483,1.200,6775,0,57228.856,2439,0,9747.386
KRGX20191218-3,KRGX20191218_152607_V06,2,0.879,1.200,6779,0,575.732,61,0,194.368
KRGX20191218-3,KRGX20191218_152607_V06,4,1.318,1.200,6780,0,27.228,0,0,27.228
KRGX20191218-3,KRGX20191218_153312_V06,0,0.483,1.200,6821,0,49054.940,2333,0,8959.643
KRGX20191218-3,KRGX20191218_153312_V06,2,0.879,1.200,6825,0,83.154,9,0,37.454
KRGX20191218-3,KRGX20191218_153312_V06,4,1.318,1.200,6824,0,26.405,0,0,26.405
KRGX20191218-4,KRGX20191218_154018_V06,0,0.483,1.200,6108,0,44224.313,1298,0,7909.549
KRGX20191218-4,KRGX20191218_154018_V06,2,0.879,1.200,6107,0,30.981,0,0,30.981
KRGX20191218-4,KRGX20191218_154724_V06,0,0.483,1.200,8567,0,57464.793,1754,0,8937.904
KRGX20191218-4,KRGX20191218_154724_V06,2,0.879,1.200,8566,0,56.848,1,0,48.354
KRGX20191218-4,KRGX20191218_154724_V06,4,1.318,1.200,8567,0,42.353,0,0,42.353
KRGX20191218-4,KRGX20191218_160134_V06,0,0.483,1.200,14724,0,83073.649,2411,0,11044.026
KRGX20191218-4,KRGX20191218_160134_V06,2,0.879,1.200,14726,0,118.674,2,0,94.130
KRGX20191218-4,KRGX20191218_160134_V06,4,1.318,1.200,14730,0,98.524,0,0,98.524
KRGX20191218-4,KRGX20191218_160839_V06,0,0.483,1.200,11763,0,60750.691,2052,0,9027.388
KRGX20191218-4,KRGX20191218_160839_V06,2,0.879,1.200,11767,0,78.135,2,0,52.553
KRGX20191218-4,KRGX20191218_160839_V06,4,1.318,1.200,11772,0,52.612,0,0,52.612
KRGX20191218-1,KRGX20191218_142923_V06,0,0.483,1.200,23825,0,639272.691,14161,0,34004.846
KRGX20191218-1,KRGX20191218_142923_V06,2,0.879,1.200,23829,0,41352.488,2334,0,6062.846
KRGX20191218-1,KRGX20191218_142923_V06,4,1.318,1.200,23839,0,1674.827,170,0,483.950
KRGX20191218-5,KRGX20191218_154724_V06,0,0.483,1.200,6074,0,15581.924,742,0,3856.537
KRGX20191218-5,KRGX20191218_154724_V06,2,0.879,1.200,6074,0,25.307,0,0,25.307
KRGX20191218-5,KRGX20191218_154724_V06,4,1.318,1.200,6076,0,31.458,0,0,31.458
KRGX20191219-6,KRGX20191219_144235_V06,0,0.483,1.200,14266,0,85564.681,1753,0,3187.039
KRGX20191219-6,KRGX20191219_144235_V06,2,0.879,1.200,14272,0,5986.986,421,0,596.623
KRGX20191219-6,KRGX20191219_144235_V06,4,1.318,1.200,14282,0,56.540,0,0,56.540
KRGX20191219-6,KRGX20191219_144941_V06,0,0.483,1.200,19207,0,81963.253,1674,0,3306.045
KRGX20191219-6,KRGX20191219_144941_V06,2,0.879,1.200,19205,0,5767.423,406,0,668.318
KRGX20191219-6,KRGX20191219_144941_V06,4,1.318,1.200,19213,0,75.659,0,0,75.659
KRGX20191222-1,KRGX20191222_143813_V06,0,0.483,1.200,10601,0,108106.010,1938,0,7918.004
KRGX20191222-1,KRGX20191222_143813_V06,2,0.879,1.200,10603,0,55824.795,2012,0,5101.792
KRGX20191222-1,KRGX20191222_143813_V06,4,1.318,1.200,10614,0,20253.565,855,0,1477.595
KRGX20191222-1,KRGX20191222_144519_V06,0,0.483,1.200,15436,0,173516.161,2893,0,17381.362
KRGX20191222-1,KRGX20191222_144519_V06,2,0.879,1.200,15441,0,68579.033,2551,0,5738.053
KRGX20191222-1,KRGX20191222_144519_V06,4,1.318,1.200,15446,0,23467.826,1148,0,2106.594
KRGX20191222-1,KRGX20191222_145224_V06,0,0.483,1.200,20216,0,129530.098,2599,0,21995.594
KRGX20191222-1,KRGX20191222_145224_V06,2,0.879,1.200,20229,0,53077.618,2007,0,6539.595
KRGX20191222-1,KRGX20191222_145224_V06,4,1.318,1.200,20230,0,23916.928,1061,0,4512.851
KRGX20191222-1,KRGX20191222_150635_V06,0,0.483,1.200,8239,0,18678.499,338,0,8992.213
KRGX20191222-1,KRGX20191222_150635_V06,2,0.879,1.200,8244,0,7602.772,288,0,1212.313
KRGX20191222-1,KRGX20191222_150635_V06,4,1.318,1.200,8248,0,3481.687,101,0,1428.206
KRGX20191222-4,KRGX20191222_152735_V06,0,0.483,1.200,4581,0,1755307.956,4014,0,10640.968
KRGX20191222-4,KRGX20191222_152735_V06,2,0.879,1.200,4587,0,325568.286,2778,0,15440.350
KRGX20191222-4,KRGX20191222_153435_V06,0,0.483,1.200,7975,0,3286054.404,6213,0,12001.506
KRGX20191222-4,KRGX20191222_153435_V06,2,0.879,1.200,7977,0,676426.806,4872,0,19082.925
KRGX20191222-4,KRGX20191222_154130_V06,0,0.483,1.200,12418,0,5274550.524,10401,0,24637.375
KRGX20191222-4,KRGX20191222_154130_V06,2,0.879,1.200,12421,0,1262746.491,8748,0,19948.145
KRGX20191223-5,KRGX20191223_160800_V06,0,0.483,1.200,5851,0,58147.507,920,0,5808.428
KRGX20191223-5,KRGX20191223_160800_V06,2,0.879,1.200,5849,0,5266.043,193,0,2101.836
KRGX20191223-5,KRGX20191223_160800_V06,4,1.318,1.200,5854,0,3220.145,106,0,1566.506
KRGX20191223-8,KRGX20191223_162211_V06,0,0.483,1.200,11543,3,125482.531,4548,3,68523.916
KRGX20191223-8,KRGX20191223_162211_V06,2,0.879,1.200,11547,0,40246.423,4283,0,12572.131
KRGX20191223-8,KRGX20191223_162211_V06,4,1.318,1.200,11551,0,9278.021,3022,0,4098.148
KRGX20191223-8,KRGX20191223_162211_V06,6,1.802,1.200,5777,0,373.806,184,0,148.918
KRGX20191223-8,KRGX20191223_162211_V06,7,2.417,1.200,5782,0,109.610,51,0,39.627
KRGX20191223-8,KRGX20191223_162211_V06,8,3.120,1.200,5784,0,156.401,78,0,107.787
KRGX20191223-8,KRGX20191223_162211_V06,9,3.999,1.200,5799,0,219.381,124,0,124.823
KRGX20191223-8,KRGX20191223_162211_V06,10,5.098,1.200,5802,0,277.766,219,0,162.428
KRGX20191229-9,KRGX20191229_161235_V06,0,0.483,1.200,1093,0,187446.550,451,0,1927.640
KRGX20191229-9,KRGX20191229_161235_V06,2,0.879,1.200,1095,0,1635.680,35,0,351.096
KRGX20191229-9,KRGX20191229_161539_V06,0,0.483,1.200,1742,0,127207.491,395,0,1984.282
KRGX20191229-9,KRGX20191229_161539_V06,2,0.879,1.200,1740,0,1660.142,39,0,26.427
KRGX20191229-7,KRGX20191229_160626_V06,0,0.483,1.200,1337,0,76812.684,482,0,1418.446
KRGX20191229-7,KRGX20191229_160626_V06,2,0.879,1.200,1340,0,13614.980,227,0,715.153
KRGX20191229-7,KRGX20191229_160626_V06,4,1.318,1.200,1342,0,51.862,3,0,16.604
KRGX20191229-7,KRGX20191229_160626_V06,6,1.802,1.200,673,0,4.221,0,0,4.221
