track_id,filename,sweep_idx,sweep_angle,count_scaling,n_roost_pixels,n_refAbove40_pixels,n_refBelow40_animals,n_xcorrAbove0.95_pixels,n_xcorrBelow0.95_refAbove40_pixels,n_xcorrBelow0.95_refBelow40_animals
KGJX20130613-4,KGJX20130613_115016_V06,0,0.483,1.200,977,0,3366.324,274,0,1187.063
KGJX20130613-4,KGJX20130613_115016_V06,2,1.494,1.200,976,0,3716.695,272,0,24.982
KGJX20130613-4,KGJX20130613_115016_V06,4,2.505,1.200,492,0,1081.348,139,0,18.081
KGJX20130613-4,KGJX20130613_115016_V06,5,3.516,1.200,497,0,7342.999,303,0,66.135
KGJX20130613-4,KGJX20130613_115016_V06,6,4.482,1.200,498,0,6619.251,265,0,224.102
KGJX20130613-5,KGJX20130613_121918_V06,0,0.483,1.200,357,0,1715.523,83,0,1230.732
KGJX20130613-5,KGJX20130613_121918_V06,2,1.494,1.200,357,0,194.991,26,0,185.085
KGJX20130613-5,KGJX20130613_121918_V06,4,2.505,1.200,180,0,5.954,1,0,5.410
KGJX20130613-5,KGJX20130613_121918_V06,5,3.516,1.200,178,0,3.080,5,0,2.281
KGJX20130613-5,KGJX20130613_121918_V06,6,4.482,1.200,180,0,2.475,4,0,1.382
KGJX20130616-5,KGJX20130616_120921_V06,0,0.483,1.200,3473,0,7004.649,442,0,1133.087
KGJX20130616-5,KGJX20130616_120921_V06,2,0.879,1.200,3479,0,6864.517,446,0,1128.217
KGJX20130616-5,KGJX20130616_120921_V06,4,1.318,1.200,3478,0,12001.498,483,0,631.089
KGJX20130616-5,KGJX20130616_120921_V06,6,1.802,1.200,1737,0,17645.302,169,0,752.094
KGJX20130616-5,KGJX20130616_120921_V06,7,2.417,1.200,1736,0,28566.515,252,0,454.154
KGJX20130616-5,KGJX20130616_120921_V06,8,3.120,1.200,1739,0,22223.099,300,0,471.966
KGJX20130616-5,KGJX20130616_120921_V06,9,3.999,1.200,1743,0,10362.937,292,0,424.844
KGJX20130616-5,KGJX20130616_120921_V06,10,5.098,1.200,1750,0,3082.732,203,0,43.705
KGJX20130616-5,KGJX20130616_120921_V06,11,6.416,1.200,1750,0,5002.612,506,0,46.388
KGJX20130620-2,KGJX20130620_115616_V06,0,0.483,1.200,2633,0,2245.329,55,0,2094.733
KGJX20130620-2,KGJX20130620_115616_V06,2,1.494,1.200,2628,0,354.221,97,0,328.822
KGJX20130620-2,KGJX20130620_115616_V06,4,2.505,1.200,1318,0,28.097,17,0,20.654
KGJX20130620-2,KGJX20130620_115616_V06,5,3.516,1.200,1314,0,11.860,9,0,7.713
KGJX20130620-2,KGJX20130620_115616_V06,6,4.482,1.200,1316,0,17.126,18,0,8.964
KGJX20130625-1,KGJX20130625_115348_V06,0,0.483,1.200,10671,0,2479.971,167,0,2306.501
KGJX20130625-1,KGJX20130625_115348_V06,2,1.494,1.200,10681,0,232.720,243,0,118.363
KGJX20130625-1,KGJX20130625_115348_V06,4,2.505,1.200,5344,0,98.878,38,0,69.482
KGJX20130625-1,KGJX20130625_115348_V06,5,3.516,1.200,5347,0,184.870,62,0,91.532
KGJX20130625-1,KGJX20130625_115348_V06,6,4.482,1.200,5358,0,66.609,25,0,44.199
KGJX20130627-1,KGJX20130627_112324_V06,0,0.483,1.200,1699,0,89.927,252,0,76.421
KGJX20130627-1,KGJX20130627_112324_V06,2,1.494,1.200,1701,0,509.607,591,0,289.676
KGJX20130627-1,KGJX20130627_112324_V06,4,2.505,1.200,856,0,195.234,247,0,121.338
KGJX20130627-1,KGJX20130627_112324_V06,5,3.516,1.200,855,0,263.567,391,0,92.927
KGJX20130627-1,KGJX20130627_112324_V06,6,4.482,1.200,854,0,271.290,552,0,85.451
KGJX20130629-11,KGJX20130629_125501_V06,0,0.483,1.200,410,0,48875.617,126,0,960.924
KGJX20130629-11,KGJX20130629_125501_V06,2,1.494,1.200,410,0,41716.271,207,0,7.899
KGJX20130629-11,KGJX20130629_125501_V06,4,2.505,1.200,206,0,14367.702,113,0,3.083
KGJX20130630-8,KGJX20130630_125202_V06,0,0.483,1.200,8377,0,61436.638,581,0,2022.612
KGJX20130630-8,KGJX20130630_125202_V06,2,0.879,1.200,8382,0,103989.001,782,0,8788.111
KGJX20130630-8,KGJX20130630_125202_V06,4,1.318,1.200,8386,0,60014.983,727,0,12762.380
KGJX20130630-8,KGJX20130630_125620_V06,0,0.483,1.200,10688,0,57483.756,621,0,2234.198
KGJX20130630-8,KGJX20130630_125620_V06,2,0.879,1.200,10690,0,106311.306,823,0,7967.741
KGJX20130630-8,KGJX20130630_125620_V06,4,1.318,1.200,10689,0,53418.751,878,0,11685.120
KGJX20130630-5,KGJX20130630_121739_V06,0,0.483,1.200,947,0,49722.213,224,0,533.379
KGJX20130630-5,KGJX20130630_121739_V06,2,0.879,1.200,944,0,59601.029,313,0,361.336
KGJX20130630-5,KGJX20130630_121739_V06,4,1.318,1.200,944,0,23687.684,193,0,959.221
KGJX20130705-15,KGJX20130705_121041_V06,0,0.483,1.200,14172,0,586297.215,4429,0,8470.448
KGJX20130705-15,KGJX20130705_121041_V06,2,0.879,1.200,14187,0,230769.853,3903,0,5599.416
KGJX20130705-15,KGJX20130705_121041_V06,4,1.318,1.200,14185,0,54441.572,2179,0,4452.672
KGJX20130705-15,KGJX20130705_121458_V06,0,0.483,1.200,17248,0,556748.990,4895,0,6951.495
KGJX20130705-15,KGJX20130705_121458_V06,2,0.879,1.200,17245,0,206007.280,4054,0,4962.142
KGJX20130705-15,KGJX20130705_121458_V06,4,1.318,1.200,17257,0,32689.782,1834,0,3870.128
KGJX20130705-15,KGJX20130705_121917_V06,0,0.483,1.200,17954,0,457443.848,4667,0,6528.318
KGJX20130705-15,KGJX20130705_121917_V06,2,0.879,1.200,17955,0,193592.105,3858,0,5653.019
KGJX20130705-15,KGJX20130705_121917_V06,4,1.318,1.200,17960,0,42112.519,2311,0,4489.094
KGJX20130705-17,KGJX20130705_121917_V06,0,0.483,1.200,3356,0,278078.181,1829,0,2840.572
KGJX20130705-17,KGJX20130705_121917_V06,2,0.879,1.200,3358,0,53054.629,806,0,1824.737
KGJX20130705-17,KGJX20130705_121917_V06,4,1.318,1.200,3361,0,14.362,0,0,14.362
KGJX20130705-17,KGJX20130705_122542_V06,0,0.483,1.200,5068,0,183325.665,1476,0,2985.255
KGJX20130705-17,KGJX20130705_122542_V06,2,0.879,1.200,5068,0,18124.013,307,0,571.586
KGJX20130705-17,KGJX20130705_122542_V06,4,1.318,1.200,5079,0,153.821,2,0,50.883
KGJX20130705-17,KGJX20130705_122959_V06,0,0.483,1.200,6550,0,145399.301,1268,0,1773.824
KGJX20130705-17,KGJX20130705_122959_V06,2,0.879,1.200,6545,0,13887.200,262,0,273.764
KGJX20130705-17,KGJX20130705_122959_V06,4,1.318,1.200,6554,0,428.497,13,0,134.874
KGJX20130705-17,KGJX20130705_123416_V06,0,0.483,1.200,3016,0,77635.197,950,0,1013.283
KGJX20130705-17,KGJX20130705_123416_V06,2,0.879,1.200,3017,0,7951.892,150,0,282.534
KGJX20130705-17,KGJX20130705_123416_V06,4,1.318,1.200,3017,0,65.879,4,0,12.484
KGJX20130705-16,KGJX20130705_121458_V06,0,0.483,1.200,5443,0,339385.650,2020,0,7386.016
KGJX20130705-16,KGJX20130705_121458_V06,2,0.879,1.200,5454,0,50027.020,843,0,3069.538
KGJX20130705-16,KGJX20130705_121458_V06,4,1.318,1.200,5456,0,1785.569,72,0,481.882
KGJX20130705-32,KGJX20130705_131256_V06,0,0.483,1.200,7408,0,423316.012,2920,0,48082.126
KGJX20130705-32,KGJX20130705_131256_V06,2,0.879,1.200,7407,0,769586.587,2736,0,111998.316
KGJX20130705-32,KGJX20130705_131256_V06,4,1.318,1.200,7410,0,659543.947,3144,0,84758.127
KGJX20130705-32,KGJX20130705_131256_V06,6,1.802,1.200,3712,0,297546.534,1768,0,7763.971
KGJX20130705-32,KGJX20130705_131256_V06,7,2.417,1.200,3712,0,363547.705,2285,0,2125.532
KGJX20130705-32,KGJX20130705_131256_V06,8,3.120,1.200,3717,0,394980.621,2495,0,2679.484
KGJX20130705-32,KGJX20130705_131256_V06,9,3.999,1.200,3722,0,290257.969,2804,0,2951.854
KGJX20130705-32,KGJX20130705_131256_V06,10,5.098,1.200,3735,0,140627.998,2569,0,1914.399
KGJX20130706-6,KGJX20130706_111845_V06,0,0.483,1.200,2060,0,17638.554,579,0,4908.974
KGJX20130706-6,KGJX20130706_111845_V06,2,0.879,1.200,2057,0,20432.091,475,0,1086.960
KGJX20130706-6,KGJX20130706_111845_V06,4,1.318,1.200,2053,0,9124.846,801,0,475.610
KGJX20130706-6,KGJX20130706_111845_V06,6,1.802,1.200,1023,0,12929.454,402,0,726.234
KGJX20130706-6,KGJX20130706_111845_V06,7,2.417,1.200,1024,0,9052.561,210,0,192.793
KGJX20130706-6,KGJX20130706_111845_V06,8,3.120,1.200,1020,0,824.575,40,0,24.384
KGJX20130706-15,KGJX20130706_131653_V06,0,0.483,1.200,2609,0,239810.096,650,0,6299.922
KGJX20130706-15,KGJX20130706_131653_V06,2,0.879,1.200,2609,0,141839.804,717,0,276.928
KGJX20130706-15,KGJX20130706_131653_V06,4,1.318,1.200,2608,0,116324.925,652,0,289.299
KGJX20130706-15,KGJX20130706_131653_V06,6,1.802,1.200,1311,0,12894.233,112,0,306.878
KGJX20130714-6,KGJX20130714_122224_V06,0,0.483,1.200,3544,0,200161.420,983,0,7659.918
KGJX20130714-6,KGJX20130714_122224_V06,2,0.879,1.200,3540,0,81741.187,728,0,415.359
KGJX20130714-6,KGJX20130714_122224_V06,4,1.318,1.200,3549,0,6822.986,159,0,512.250
KGJX20130714-6,KGJX20130714_122704_V06,0,0.483,1.200,5344,0,234671.677,1270,0,4540.535
KGJX20130714-6,KGJX20130714_122704_V06,2,0.879,1.200,5345,0,86623.699,854,0,910.271
KGJX20130714-6,KGJX20130714_122704_V06,4,1.318,1.200,5355,0,9122.314,221,0,944.411
KGJX20130714-7,KGJX20130714_125500_V06,0,0.483,1.200,10870,0,596878.314,3023,0,186619.689
KGJX20130714-7,KGJX20130714_125500_V06,2,0.879,1.200,10847,0,520824.323,4376,0,102330.275
KGJX20130714-7,KGJX20130714_125500_V06,4,1.318,1.200,10867,0,300580.039,5137,0,36417.497
KGJX20130714-7,KGJX20130714_125500_V06,6,1.802,1.200,5389,0,146992.619,1676,0,22292.381
KGJX20130714-7,KGJX20130714_125500_V06,7,2.417,1.200,5385,0,13771.197,626,0,2135.569
KGJX20130714-7,KGJX20130714_125939_V06,0,0.483,1.200,13979,0,1050706.798,3539,0,232851.430
KGJX20130714-7,KGJX20130714_125939_V06,2,0.879,1.200,13955,0,722944.133,5090,0,118615.127
KGJX20130714-7,KGJX20130714_125939_V06,4,1.318,1.200,13984,0,328441.727,5852,0,37638.584
KGJX20130714-7,KGJX20130714_125939_V06,6,1.802,1.200,7035,0,130346.596,1721,0,17134.153
KGJX20130714-7,KGJX20130714_125939_V06,7,2.417,1.200,7036,0,11273.318,542,0,1930.467
KGJX20130714-1,KGJX20130714_110316_V06,0,0.483,1.200,408,0,7536.376,122,0,831.133
KGJX20130714-1,KGJX20130714_110316_V06,2,0.879,1.200,406,0,77798.578,246,0,595.603
KGJX20130714-1,KGJX20130714_110316_V06,4,1.318,1.200,414,0,97392.429,263,0,505.112
KGJX20130714-5,KGJX20130714_121306_V06,0,0.483,1.200,2755,0,143237.799,741,0,8035.408
KGJX20130714-5,KGJX20130714_121306_V06,2,0.879,1.200,2746,0,59679.241,568,0,834.242
KGJX20130714-5,KGJX20130714_121306_V06,4,1.318,1.200,2747,0,4149.617,126,0,219.290
KGJX20130717-2,KGJX20130717_110240_V06,0,0.483,1.200,361,0,16.263,74,0,6.974
KGJX20130717-2,KGJX20130717_110240_V06,2,0.879,1.200,361,0,7.284,46,0,2.752
KGJX20130717-2,KGJX20130717_110240_V06,4,1.318,1.200,360,0,1.483,12,0,0.600
KGJX20130717-2,KGJX20130717_110240_V06,6,1.802,1.200,180,0,0.467,1,0,0.241
KGJX20130717-2,KGJX20130717_110240_V06,7,2.417,1.200,182,0,0.103,0,0,0.103
KGJX20130717-2,KGJX20130717_110240_V06,8,3.120,1.200,180,0,0.102,0,0,0.102
KGJX20130717-2,KGJX20130717_110240_V06,9,3.999,1.200,178,0,0.101,0,0,0.101
KGJX20130717-2,KGJX20130717_110240_V06,10,5.098,1.200,181,0,0.103,0,0,0.103
KGJX20130717-2,KGJX20130717_110240_V06,11,6.416,1.200,181,0,0.104,0,0,0.104
KGJX20130724-2,KGJX20130724_130759_V06,0,0.483,1.200,7847,0,6760.864,83,0,80.598
KGJX20130724-2,KGJX20130724_130759_V06,2,0.879,1.200,7852,0,796.118,13,0,116.915
KGJX20130724-2,KGJX20130724_130759_V06,4,1.318,1.200,7857,0,84.737,3,0,43.881
KGJX20130727-11,KGJX20130727_123313_V06,0,0.483,1.200,5450,0,27506.351,375,0,2658.163
KGJX20130727-11,KGJX20130727_123313_V06,2,1.494,1.200,5455,0,47230.212,706,0,3251.795
KGJX20130727-11,KGJX20130727_123313_V06,4,2.505,1.200,2735,0,145.667,7,0,71.076
KGJX20130728-16,KGJX20130728_125424_V06,0,0.483,1.200,1423,0,200230.654,536,0,23796.942
KGJX20130728-16,KGJX20130728_125424_V06,2,0.879,1.200,1421,0,40532.500,368,0,1699.409
KGJX20130728-16,KGJX20130728_125424_V06,4,1.318,1.200,1424,0,1705.437,92,0,171.535
KGJX20130728-16,KGJX20130728_125424_V06,6,1.802,1.200,711,0,2.765,0,0,2.765
KGJX20130728-16,KGJX20130728_125424_V06,7,2.417,1.200,712,0,2.769,0,0,2.769
KGJX20130728-16,KGJX20130728_125842_V06,0,0.483,1.200,2847,0,270506.953,903,0,23591.941
KGJX20130728-16,KGJX20130728_125842_V06,2,0.879,1.200,2844,0,41334.742,660,0,2072.572
KGJX20130728-16,KGJX20130728_125842_V06,4,1.318,1.200,2851,0,2167.775,134,0,384.548
KGJX20130728-16,KGJX20130728_125842_V06,6,1.802,1.200,1424,0,14.563,0,0,14.563
KGJX20130728-16,KGJX20130728_125842_V06,7,2.417,1.200,1423,0,103.054,5,0,74.006
KGJX20130728-17,KGJX20130728_130259_V06,0,0.483,1.200,28420,9,11911235.552,6083,0,1661252.948
KGJX20130728-17,KGJX20130728_130259_V06,2,0.879,1.200,28415,0,3610173.238,5852,0,213952.356
KGJX20130728-17,KGJX20130728_130259_V06,4,1.318,1.200,28434,0,1644237.644,5003,0,160357.114
KGJX20130729-3,KGJX20130729_125626_V06,0,0.483,1.200,2864,0,120683.852,827,0,2027.208
KGJX20130729-3,KGJX20130729_125626_V06,2,0.879,1.200,2873,0,60801.652,586,0,1819.137
KGJX20130804-2,KGJX20130804_125350_V06,0,0.483,1.200,6959,0,50.740,2939,0,11.056
KGJX20130804-2,KGJX20130804_125350_V06,2,1.494,1.200,6964,0,27.789,2185,0,4.360
KGJX20130804-2,KGJX20130804_125350_V06,4,2.505,1.200,3484,0,6.769,537,0,1.390
KGJX20130804-2,KGJX20130804_125350_V06,5,3.516,1.200,3487,0,4.943,384,0,2.230
KGJX20130804-2,KGJX20130804_125350_V06,6,4.482,1.200,3493,0,0.432,266,0,0.276
KGJX20130805-2,KGJX20130805_111937_V06,0,0.483,1.200,216,0,26851.868,51,0,0.760
KGJX20130805-2,KGJX20130805_111937_V06,2,0.879,1.200,218,0,5782.849,35,0,337.172
KGJX20130805-2,KGJX20130805_111937_V06,4,1.318,1.200,218,0,1.019,0,0,1.019
KGJX20130805-7,KGJX20130805_124121_V06,0,0.483,1.200,7019,1,40.556,1881,1,31.408
KGJX20130805-7,KGJX20130805_124121_V06,2,0.879,1.200,7021,0,9.705,1940,0,5.463
KGJX20130805-7,KGJX20130805_124121_V06,4,1.318,1.200,7023,0,31.018,1813,0,5.019
KGJX20130805-7,KGJX20130805_124121_V06,6,1.802,1.200,3516,0,0.145,647,0,0.053
KGJX20130805-7,KGJX20130805_124121_V06,7,2.417,1.200,3518,0,0.706,577,0,0.628
KGJX20130805-7,KGJX20130805_124121_V06,8,3.120,1.200,3520,0,0.156,531,0,0.064
KGJX20130805-7,KGJX20130805_124121_V06,9,3.999,1.200,3526,0,0.073,475,0,0.058
KGJX20130805-7,KGJX20130805_124121_V06,10,5.098,1.200,3540,0,0.074,522,0,0.054
KGJX20130805-7,KGJX20130805_124121_V06,11,6.416,1.200,3548,0,0.107,425,0,0.052
KGJX20130805-7,KGJX20130805_124121_V06,12,7.998,1.200,3566,0,0.673,576,0,0.114
KGJX20130805-7,KGJX20130805_124121_V06,13,10.020,1.200,3600,0,0.159,582,0,0.122
KGJX20130805-7,KGJX20130805_124121_V06,14,12.480,1.200,3655,0,0.152,614,0,0.096
KGJX20130805-7,KGJX20130805_124121_V06,15,15.601,1.200,3737,0,0.153,658,0,0.095
KGJX20130805-7,KGJX20130805_124121_V06,16,19.512,1.200,3893,0,0.139,667,0,0.089
KGJX20130805-7,KGJX20130805_124539_V06,0,0.483,1.200,20344,1,112.283,3250,1,55.965
KGJX20130805-7,KGJX20130805_124539_V06,2,0.879,1.200,20346,0,95.447,3078,0,45.886
KGJX20130805-7,KGJX20130805_124539_V06,4,1.318,1.200,20350,0,28.872,2971,0,9.169
KGJX20130805-7,KGJX20130805_124539_V06,6,1.802,1.200,10183,0,3.727,810,0,0.574
KGJX20130805-7,KGJX20130805_124539_V06,7,2.417,1.200,10186,0,1.354,738,0,0.403
KGJX20130805-7,KGJX20130805_124539_V06,8,3.120,1.200,10200,0,0.913,658,0,0.347
KGJX20130805-7,KGJX20130805_124539_V06,9,3.999,1.200,10207,0,0.938,660,0,0.237
KGJX20130805-7,KGJX20130805_124539_V06,10,5.098,1.200,10219,0,1.330,555,0,0.276
KGJX20130805-7,KGJX20130805_124539_V06,11,6.416,1.200,10255,0,0.387,554,0,0.242
KGJX20130805-7,KGJX20130805_124539_V06,12,7.998,1.200,10299,0,0.614,808,0,0.307
KGJX20130805-7,KGJX20130805_124539_V06,13,10.020,1.200,10377,0,0.648,779,0,0.443
KGJX20130805-7,KGJX20130805_124539_V06,14,12.480,1.200,10501,0,0.465,748,0,0.312
KGJX20130805-7,KGJX20130805_124539_V06,15,15.601,1.200,10678,0,0.538,837,0,0.316
KGJX20130805-7,KGJX20130805_124539_V06,16,19.512,1.200,10980,0,1.784,954,0,0.383
KGJX20130805-7,KGJX20130805_124957_V06,0,0.483,1.200,8537,2,58.180,2352,2,49.290
KGJX20130805-7,KGJX20130805_124957_V06,2,0.879,1.200,8543,0,24.594,2335,0,9.333
KGJX20130805-7,KGJX20130805_124957_V06,4,1.318,1.200,8542,0,28.644,2197,0,15.414
KGJX20130805-7,KGJX20130805_124957_V06,6,1.802,1.200,4272,0,1.548,660,0,0.101
KGJX20130805-7,KGJX20130805_124957_V06,7,2.417,1.200,4272,0,0.489,667,0,0.081
KGJX20130805-7,KGJX20130805_124957_V06,8,3.120,1.200,4278,0,0.125,546,0,0.069
KGJX20130805-7,KGJX20130805_124957_V06,9,3.999,1.200,4284,0,0.108,531,0,0.068
KGJX20130805-7,KGJX20130805_124957_V06,10,5.098,1.200,4300,0,0.111,515,0,0.077
KGJX20130805-7,KGJX20130805_124957_V06,11,6.416,1.200,4317,0,0.089,529,0,0.065
KGJX20130805-7,KGJX20130805_124957_V06,12,7.998,1.200,4343,0,0.252,601,0,0.142
KGJX20130805-7,KGJX20130805_124957_V06,13,10.020,1.200,4380,0,0.290,606,0,0.143
KGJX20130805-7,KGJX20130805_124957_V06,14,12.480,1.200,4450,0,0.183,610,0,0.125
KGJX20130805-7,KGJX20130805_124957_V06,15,15.601,1.200,4548,0,0.213,710,0,0.106
KGJX20130805-7,KGJX20130805_124957_V06,16,19.512,1.200,4705,0,0.210,713,0,0.128
KGJX20130805-13,KGJX20130805_130710_V06,0,0.483,1.200,1090,0,4716.390,98,0,28.328
KGJX20130805-13,KGJX20130805_130710_V06,2,0.879,1.200,1094,0,355.972,9,0,69.717
KGJX20130805-13,KGJX20130805_130710_V06,4,1.318,1.200,1093,0,4.816,0,0,4.816
KGJX20130807-2,KGJX20130807_122217_V06,0,0.483,1.200,11914,0,1230990.700,9874,0,5249.362
KGJX20130807-2,KGJX20130807_123158_V06,0,0.483,1.200,15646,0,1980536.863,13179,0,14971.664
KGJX20130807-2,KGJX20130807_124138_V06,0,0.483,1.200,13629,0,2143865.153,12369,0,14331.186
KGJX20130807-2,KGJX20130807_125119_V06,0,0.483,1.200,13312,0,2374144.668,12208,0,16673.154
KGJX20130808-2,KGJX20130808_115303_V06,0,0.483,1.200,14802,0,444789.441,5859,0,22458.289
KGJX20130808-2,KGJX20130808_115303_V06,2,0.879,1.200,14804,0,408510.527,6375,0,12691.081
KGJX20130808-2,KGJX20130808_115303_V06,4,1.318,1.200,14814,0,96862.250,3364,0,6750.845
KGJX20130808-2,KGJX20130808_115303_V06,6,1.802,1.200,7419,0,2295.551,110,0,632.647
KGJX20130814-2,KGJX20130814_123128_V06,0,0.483,1.200,4330,0,222222.357,1370,0,223.052
KGJX20130814-2,KGJX20130814_124109_V06,0,0.483,1.200,7769,0,307142.240,1742,0,456.678
KGJX20130814-2,KGJX20130814_125050_V06,0,0.483,1.200,7123,0,319965.661,1775,0,1034.616
KGJX20130814-2,KGJX20130814_130030_V06,0,0.483,1.200,7955,0,376089.432,1817,0,1424.327
KGJX20130814-2,KGJX20130814_130030_V06,2,1.494,1.200,7957,0,11240.475,436,0,650.617
KGJX20130814-2,KGJX20130814_131011_V06,0,0.483,1.200,8028,0,397855.796,1619,0,589.159
KGJX20130814-2,KGJX20130814_131011_V06,2,1.494,1.200,8036,0,1450.766,85,0,150.773
KGJX20130814-2,KGJX20130814_131951_V06,0,0.483,1.200,5151,0,245346.538,974,0,103.882
KGJX20130814-2,KGJX20130814_131951_V06,2,1.494,1.200,5156,0,384.899,17,0,44.397
KGJX20130817-3,KGJX20130817_125205_V06,0,0.483,1.200,1305,0,17742.758,370,0,120.480
KGJX20130817-3,KGJX20130817_125205_V06,2,1.494,1.200,1307,0,116.656,6,0,13.810
KGJX20130826-16,KGJX20130826_135249_V06,0,0.483,1.200,8518,0,6422.212,158,0,1696.108
KGJX20130826-16,KGJX20130826_135249_V06,2,0.879,1.200,8525,0,4007.009,122,0,614.227
KGJX20130826-16,KGJX20130826_135249_V06,4,1.318,1.200,8529,0,1393.000,55,0,414.754
KGJX20130826-16,KGJX20130826_135708_V06,0,0.483,1.200,11111,0,10870.713,203,0,3084.554
KGJX20130826-16,KGJX20130826_135708_V06,2,0.879,1.200,11121,0,5143.816,176,0,1001.984
KGJX20130826-16,KGJX20130826_135708_V06,4,1.318,1.200,11105,0,2942.345,120,0,903.476
KGJX20130826-5,KGJX20130826_120928_V06,0,0.483,1.200,2630,0,10038.531,211,0,1433.684
KGJX20130826-5,KGJX20130826_120928_V06,2,0.879,1.200,2629,0,1777.927,59,0,189.020
KGJX20130826-5,KGJX20130826_120928_V06,4,1.318,1.200,2628,0,166.514,2,0,91.601
KGJX20130826-5,KGJX20130826_120928_V06,6,1.802,1.200,1317,0,7.812,0,0,7.812
KGJX20130826-15,KGJX20130826_134831_V06,0,0.483,1.200,5885,0,66851.405,1746,0,6108.797
KGJX20130826-15,KGJX20130826_134831_V06,2,0.879,1.200,5882,0,91620.643,2038,0,5492.724
KGJX20130826-15,KGJX20130826_134831_V06,4,1.318,1.200,5887,0,72694.281,2071,0,2984.620
KGJX20130826-15,KGJX20130826_134831_V06,6,1.802,1.200,2940,0,23668.927,546,0,2231.883
KGJX20130826-15,KGJX20130826_134831_V06,7,2.417,1.200,2943,0,967.918,43,0,321.362
KGJX20130827-5,KGJX20130827_130040_V06,0,0.483,1.200,9021,0,3569236.641,2534,0,411300.114
KGJX20130827-5,KGJX20130827_130040_V06,2,0.879,1.200,9024,0,554034.266,2048,0,16727.119
KGJX20130827-5,KGJX20130827_130040_V06,4,1.318,1.200,9028,0,28245.620,591,0,2704.568
KGJX20130827-7,KGJX20130827_134343_V06,0,0.483,1.200,6155,0,260807.963,830,0,6078.319
KGJX20130827-7,KGJX20130827_134343_V06,2,0.879,1.200,6155,0,66334.947,344,0,1104.965
KGJX20130827-7,KGJX20130827_134343_V06,4,1.318,1.200,6161,0,1724.597,26,0,193.143
KGJX20130830-3,KGJX20130830_114820_V06,0,0.483,1.200,1485,0,53808.889,552,0,15781.158
KGJX20130830-3,KGJX20130830_114820_V06,2,0.879,1.200,1484,0,69452.579,698,0,12052.540
KGJX20130830-3,KGJX20130830_114820_V06,4,1.318,1.200,1483,0,123198.939,434,0,16308.289
KGJX20130830-3,KGJX20130830_114820_V06,6,1.802,1.200,744,0,62262.523,181,0,800.038
KGJX20130830-3,KGJX20130830_114820_V06,7,2.417,1.200,747,0,37261.038,207,0,407.196
KGJX20130830-3,KGJX20130830_114820_V06,8,3.120,1.200,744,0,20531.486,203,0,824.942
KGJX20130830-3,KGJX20130830_114820_V06,9,3.999,1.200,750,0,4466.987,123,0,131.386
KGJX20130830-3,KGJX20130830_115238_V06,0,0.483,1.200,3291,0,67332.590,1196,0,28056.691
KGJX20130830-3,KGJX20130830_115238_V06,2,0.879,1.200,3293,0,81219.411,1288,0,15488.801
KGJX20130830-3,KGJX20130830_115238_V06,4,1.318,1.200,3296,0,133954.060,802,0,14437.032
KGJX20130830-3,KGJX20130830_115238_V06,6,1.802,1.200,1649,0,64078.467,297,0,1853.289
KGJX20130830-3,KGJX20130830_115238_V06,7,2.417,1.200,1650,0,64506.236,345,0,816.745
KGJX20130830-3,KGJX20130830_115238_V06,8,3.120,1.200,1653,0,47890.850,333,0,2049.296
KGJX20130830-3,KGJX20130830_115238_V06,9,3.999,1.200,1653,0,3334.737,118,0,181.589
KGJX20130903-2,KGJX20130903_120321_V06,0,0.483,1.200,3533,0,306430.167,940,0,7633.194
KGJX20130904-7,KGJX20130904_135852_V06,0,0.483,1.200,5509,0,6902.987,225,0,354.385
KGJX20130904-7,KGJX20130904_135852_V06,2,1.494,1.200,5515,0,301.480,13,0,99.641
KGJX20130904-7,KGJX20130904_140833_V06,0,0.483,1.200,9460,0,6350.690,203,0,499.895
KGJX20130904-7,KGJX20130904_140833_V06,2,1.494,1.200,9470,0,1155.374,54,0,527.580
KGJX20130904-3,KGJX20130904_122205_V06,0,0.483,1.200,3691,0,10614.198,282,0,15.326
KGJX20130905-3,KGJX20130905_115610_V06,0,0.483,1.200,2803,0,11635.962,208,0,519.048
KGJX20130905-3,KGJX20130905_115610_V06,2,0.879,1.200,2799,0,4945.670,183,0,180.231
KGJX20130905-3,KGJX20130905_115610_V06,4,1.318,1.200,2807,0,1450.344,93,0,88.447
KGJX20130905-3,KGJX20130905_115610_V06,6,1.802,1.200,1398,0,65.783,2,0,37.065
KGJX20130905-5,KGJX20130905_120028_V06,0,0.483,1.200,5242,0,21053.817,991,0,9513.708
KGJX20130905-5,KGJX20130905_120028_V06,2,0.879,1.200,5244,0,20016.185,1021,0,6130.170
KGJX20130905-5,KGJX20130905_120028_V06,4,1.318,1.200,5244,0,19405.517,1045,0,5613.254
KGJX20130905-5,KGJX20130905_120028_V06,6,1.802,1.200,2630,0,6672.853,421,0,2382.426
KGJX20130905-5,KGJX20130905_120028_V06,7,2.417,1.200,2630,0,6712.614,603,0,2301.308
KGJX20130905-5,KGJX20130905_120028_V06,8,3.120,1.200,2626,0,5391.891,457,0,1853.530
KGJX20130905-5,KGJX20130905_120028_V06,9,3.999,1.200,2635,0,3486.295,253,0,551.925
KGJX20130908-11,KGJX20130908_132745_V06,0,0.483,1.200,3085,0,884376.859,1077,0,168929.737
KGJX20130908-11,KGJX20130908_132745_V06,2,0.879,1.200,3081,0,424747.032,1246,0,50090.369
KGJX20130908-11,KGJX20130908_132745_V06,4,1.318,1.200,3088,0,316965.618,1269,0,3198.936
KGJX20130908-11,KGJX20130908_132745_V06,6,1.802,1.200,1545,0,261448.194,439,0,3603.528
KGJX20130908-11,KGJX20130908_132745_V06,7,2.417,1.200,1544,0,113430.224,276,0,2840.028
KGJX20130911-2,KGJX20130911_120807_V06,0,0.483,1.200,2892,0,103011.854,553,0,3630.288
KGJX20130911-2,KGJX20130911_120807_V06,2,0.879,1.200,2894,0,5785.229,179,0,318.572
KGJX20130911-2,KGJX20130911_120807_V06,4,1.318,1.200,2892,0,9.440,0,0,9.440
KGJX20130911-2,KGJX20130911_120807_V06,6,1.802,1.200,1445,0,9.440,0,0,9.440
KGJX20130911-8,KGJX20130911_125742_V06,0,0.483,1.200,7058,0,21473.553,1702,0,6942.699
KGJX20130911-8,KGJX20130911_125742_V06,2,0.879,1.200,7058,0,13770.356,1667,0,1311.809
KGJX20130911-8,KGJX20130911_125742_V06,4,1.318,1.200,7062,0,7859.553,1485,0,756.081
KGJX20130911-8,KGJX20130911_125742_V06,6,1.802,1.200,3532,0,7190.019,417,0,786.511
KGJX20130911-8,KGJX20130911_125742_V06,7,2.417,1.200,3533,0,5973.069,284,0,701.887
KGJX20130911-8,KGJX20130911_125742_V06,8,3.120,1.200,3537,0,471.980,302,0,17.032
KGJX20130911-8,KGJX20130911_125742_V06,9,3.999,1.200,3542,0,55.991,183,0,8.718
KGJX20130911-8,KGJX20130911_125742_V06,10,5.098,1.200,3542,0,31.903,65,0,2.895
KGJX20130911-8,KGJX20130911_125742_V06,11,6.416,1.200,3549,0,12.946,22,0,3.243
KGJX20130911-8,KGJX20130911_125742_V06,12,7.998,1.200,3567,0,4.868,20,0,2.525
KGJX20130911-8,KGJX20130911_125742_V06,13,10.020,1.200,3588,0,4.220,13,0,2.961
KGJX20130911-11,KGJX20130911_131456_V06,0,0.483,1.200,5500,0,62282.351,614,0,819.837
KGJX20130911-11,KGJX20130911_131456_V06,2,0.879,1.200,5504,0,102260.740,671,0,466.600
KGJX20130911-11,KGJX20130911_131456_V06,4,1.318,1.200,5509,0,62374.916,579,0,673.330
KGJX20130911-11,KGJX20130911_131456_V06,6,1.802,1.200,2754,0,10870.354,131,0,425.050
KGJX20130912-3,KGJX20130912_125741_V06,0,0.483,1.200,2647,0,9244.811,298,0,8163.126
KGJX20130912-3,KGJX20130912_125741_V06,2,0.879,1.200,2648,0,1668.984,279,0,1373.439
KGJX20130912-3,KGJX20130912_125741_V06,4,1.318,1.200,2648,0,48.195,69,0,39.728
KGJX20130912-3,KGJX20130912_125741_V06,6,1.802,1.200,1327,0,5.078,6,0,4.113
KGJX20130912-3,KGJX20130912_125741_V06,7,2.417,1.200,1328,0,4.355,6,0,3.158
KGJX20130912-3,KGJX20130912_125741_V06,8,3.120,1.200,1330,0,4.083,5,0,2.658
KGJX20130912-3,KGJX20130912_125741_V06,9,3.999,1.200,1332,0,4.183,10,0,2.017
KGJX20130912-3,KGJX20130912_125741_V06,10,5.098,1.200,1329,0,1.822,0,0,1.822
KGJX20130912-3,KGJX20130912_125741_V06,11,6.416,1.200,1340,0,5.560,16,0,2.005
KGJX20130912-3,KGJX20130912_130200_V06,0,0.483,1.200,5046,0,16396.807,600,0,13733.329
KGJX20130912-3,KGJX20130912_130200_V06,2,0.879,1.200,5055,0,2715.121,496,0,2049.375
KGJX20130912-3,KGJX20130912_130200_V06,4,1.318,1.200,5060,0,89.112,144,0,73.851
KGJX20130912-3,KGJX20130912_130200_V06,6,1.802,1.200,2529,0,100.182,4,0,98.884
KGJX20130912-3,KGJX20130912_130200_V06,7,2.417,1.200,2531,0,40.000,12,0,37.999
KGJX20130912-3,KGJX20130912_130200_V06,8,3.120,1.200,2532,0,11.692,12,0,6.950
KGJX20130912-3,KGJX20130912_130200_V06,9,3.999,1.200,2533,0,11.941,14,0,7.607
KGJX20130912-3,KGJX20130912_130200_V06,10,5.098,1.200,2539,0,7.279,5,0,4.563
KGJX20130912-3,KGJX20130912_130200_V06,11,6.416,1.200,2544,0,6.232,9,0,4.790
KGJX20130912-3,KGJX20130912_130619_V06,0,0.483,1.200,8646,0,13093.037,949,0,11349.745
KGJX20130912-3,KGJX20130912_130619_V06,2,0.879,1.200,8645,0,1616.357,700,0,1080.037
KGJX20130912-3,KGJX20130912_130619_V06,4,1.318,1.200,8649,0,99.613,207,0,73.182
KGJX20130912-3,KGJX20130912_130619_V06,6,1.802,1.200,4322,0,28.919,18,0,25.505
KGJX20130912-3,KGJX20130912_130619_V06,7,2.417,1.200,4326,0,136.669,20,0,129.256
KGJX20130912-3,KGJX20130912_130619_V06,8,3.120,1.200,4329,0,78.288,7,0,76.381
KGJX20130912-3,KGJX20130912_130619_V06,9,3.999,1.200,4332,0,7.087,7,0,5.737
KGJX20130912-3,KGJX20130912_130619_V06,10,5.098,1.200,4347,0,5.666,6,0,4.265
KGJX20130912-3,KGJX20130912_130619_V06,11,6.416,1.200,4347,0,6.537,10,0,4.759
KGJX20130912-3,KGJX20130912_131037_V06,0,0.483,1.200,7484,0,9807.947,817,0,8405.418
KGJX20130912-3,KGJX20130912_131037_V06,2,0.879,1.200,7488,0,1104.205,412,0,723.412
KGJX20130912-3,KGJX20130912_131037_V06,4,1.318,1.200,7489,0,45.940,171,0,20.640
KGJX20130912-3,KGJX20130912_131037_V06,6,1.802,1.200,3734,0,22.247,8,0,20.286
KGJX20130912-3,KGJX20130912_131037_V06,7,2.417,1.200,3745,0,18.971,16,0,13.946
KGJX20130912-3,KGJX20130912_131037_V06,8,3.120,1.200,3746,0,114.349,17,0,109.752
KGJX20130912-3,KGJX20130912_131037_V06,9,3.999,1.200,3746,0,51.567,8,0,49.768
KGJX20130912-3,KGJX20130912_131037_V06,10,5.098,1.200,3747,0,6.714,11,0,4.527
KGJX20130912-3,KGJX20130912_131037_V06,11,6.416,1.200,3768,0,5.887,12,0,4.426
KGJX20130912-5,KGJX20130912_130619_V06,0,0.483,1.200,3674,0,10107.567,521,0,8836.226
KGJX20130912-5,KGJX20130912_130619_V06,2,0.879,1.200,3674,0,1116.236,373,0,801.070
KGJX20130912-5,KGJX20130912_130619_V06,4,1.318,1.200,3672,0,20.279,83,0,11.185
KGJX20130912-5,KGJX20130912_130619_V06,6,1.802,1.200,1815,0,9.510,6,0,8.686
KGJX20130912-5,KGJX20130912_130619_V06,7,2.417,1.200,1817,0,71.322,5,0,69.734
KGJX20130912-5,KGJX20130912_130619_V06,8,3.120,1.200,1817,0,45.856,5,0,44.479
KGJX20130912-5,KGJX20130912_130619_V06,9,3.999,1.200,1820,0,3.821,3,0,2.893
KGJX20130912-5,KGJX20130912_130619_V06,10,5.098,1.200,1824,0,3.491,4,0,2.717
KGJX20130912-5,KGJX20130912_130619_V06,11,6.416,1.200,1826,0,4.501,8,0,2.811
KGJX20130914-4,KGJX20130914_135256_V06,0,0.483,1.200,2560,0,7446.127,334,0,562.325
KGJX20130914-4,KGJX20130914_135256_V06,2,0.879,1.200,2560,0,10414.363,457,0,843.902
KGJX20130914-4,KGJX20130914_135256_V06,4,1.318,1.200,2566,0,9134.064,431,0,949.440
KGJX20130914-4,KGJX20130914_135256_V06,6,1.802,1.200,1300,0,1800.991,32,0,366.417
KGJX20130914-4,KGJX20130914_135256_V06,7,2.417,1.200,1312,0,5.700,0,0,5.700
KGJX20130919-1,KGJX20130919_140027_V06,0,0.483,1.200,1066,0,41864.235,60,0,41751.788
KGJX20130919-1,KGJX20130919_140027_V06,2,1.494,1.200,1063,0,9.912,7,0,8.512
KGJX20130919-1,KGJX20130919_140027_V06,4,2.505,1.200,528,0,6.506,3,0,3.741
KGJX20130919-1,KGJX20130919_140027_V06,5,3.516,1.200,528,0,14.724,1,0,14.291
KGJX20130919-1,KGJX20130919_140027_V06,6,4.482,1.200,535,0,14.424,9,0,5.233
KGJX20130919-2,KGJX20130919_140027_V06,0,0.483,1.200,2016,0,217197.536,63,0,210641.849
KGJX20130919-2,KGJX20130919_140027_V06,2,1.494,1.200,2020,0,1085.369,51,0,428.822
KGJX20130919-3,KGJX20130919_140027_V06,0,0.483,1.200,21620,0,11487.474,2818,0,9130.156
KGJX20130919-3,KGJX20130919_140027_V06,2,1.494,1.200,21637,0,695.057,1174,0,298.230
KGJX20130919-3,KGJX20130919_140027_V06,4,2.505,1.200,10821,0,321.940,192,0,182.864
KGJX20130919-3,KGJX20130919_140027_V06,5,3.516,1.200,10836,0,695.780,149,0,294.644
KGJX20130919-3,KGJX20130919_140027_V06,6,4.482,1.200,10850,0,353.507,87,0,205.105
KGJX20130922-1,KGJX20130922_124857_V06,0,0.483,1.200,5021,0,26532.649,245,0,6308.824
KGJX20130922-1,KGJX20130922_124857_V06,2,0.879,1.200,5010,0,6011.792,92,0,1902.746
KGJX20130922-1,KGJX20130922_124857_V06,4,1.318,1.200,5016,0,5248.647,56,0,2186.378
KGJX20130925-1,KGJX20130925_120626_V06,0,0.483,1.200,556,0,6791.329,9,0,6769.531
KGJX20130925-1,KGJX20130925_120626_V06,2,1.494,1.200,558,0,105.277,23,0,69.279
KGJX20130925-1,KGJX20130925_120626_V06,4,2.505,1.200,281,0,29.223,1,0,27.732
KGJX20130925-1,KGJX20130925_120626_V06,5,3.516,1.200,280,0,67.953,7,0,48.673
KGJX20130925-2,KGJX20130925_125656_V06,0,0.483,1.200,404,0,2375.842,1,0,2375.706
KGJX20130925-2,KGJX20130925_125656_V06,2,1.494,1.200,401,0,1.852,4,0,1.087
KGJX20130925-2,KGJX20130925_125656_V06,4,2.505,1.200,202,0,0.878,0,0,0.878
KGJX20130925-2,KGJX20130925_125656_V06,5,3.516,1.200,203,0,0.148,0,0,0.148
KGJX20130925-2,KGJX20130925_125656_V06,6,4.482,1.200,201,0,1.602,0,0,1.602
KGJX20130926-1,KGJX20130926_120535_V06,0,0.483,1.200,97,0,1268.185,4,0,1264.647
KGJX20130926-1,KGJX20130926_120535_V06,2,1.494,1.200,97,0,1.661,0,0,1.661
KGJX20130926-1,KGJX20130926_120535_V06,4,2.505,1.200,47,0,6.035,1,0,3.515
KGJX20130926-1,KGJX20130926_120535_V06,5,3.516,1.200,48,0,12.884,0,0,12.884
KGJX20130926-1,KGJX20130926_120535_V06,6,4.482,1.200,50,0,4.608,1,0,4.344
KGJX20130927-2,KGJX20130927_135241_V06,0,0.483,1.200,34480,0,361254.171,5712,0,26466.882
KGJX20130927-2,KGJX20130927_135241_V06,2,1.450,1.200,34499,0,88093.263,4160,0,3073.080
KGJX20130927-4,KGJX20130927_141006_V06,0,0.483,1.200,35250,0,180131.113,2894,0,8246.709
KGJX20130927-4,KGJX20130927_141006_V06,2,1.450,1.200,35289,0,33507.693,1624,0,2242.675
KGJX20130927-4,KGJX20130927_141555_V06,0,0.483,1.200,26921,0,115086.183,1837,0,11542.585
KGJX20130927-4,KGJX20130927_141555_V06,2,1.450,1.200,26933,0,3916.638,355,0,1281.477
KGJX20131010-3,KGJX20131010_125004_V06,0,0.483,1.200,19625,0,53975.258,1494,0,1485.072
KGJX20131010-3,KGJX20131010_125004_V06,2,0.879,1.200,19635,0,23843.499,969,0,1355.188
KGJX20131010-3,KGJX20131010_125004_V06,4,1.318,1.200,19641,0,30930.419,2037,0,4203.175
KGJX20131010-3,KGJX20131010_125004_V06,6,1.802,1.200,9825,0,14069.513,465,0,3678.101
KGJX20131010-7,KGJX20131010_134355_V06,0,0.483,1.200,20619,0,5552343.339,14561,0,87800.461
KGJX20131010-7,KGJX20131010_134355_V06,2,0.879,1.200,20640,0,1426771.819,10885,0,43209.611
KGJX20131010-7,KGJX20131010_134355_V06,4,1.318,1.200,20642,0,229337.350,4416,0,35534.472
KGJX20131010-7,KGJX20131010_134813_V06,0,0.483,1.200,16943,0,5171408.530,12922,0,34678.298
KGJX20131010-7,KGJX20131010_134813_V06,2,0.879,1.200,16943,0,1046975.945,8382,0,19079.615
KGJX20131010-7,KGJX20131010_134813_V06,4,1.318,1.200,16955,0,156305.873,3229,0,12227.063
KGJX20131011-4,KGJX20131011_141506_V06,0,0.483,1.200,6457,0,22760.701,904,0,1793.261
KGJX20131011-4,KGJX20131011_141506_V06,2,0.879,1.200,6457,0,8665.260,381,0,684.188
KGJX20131011-4,KGJX20131011_141506_V06,4,1.318,1.200,6466,0,662.530,55,0,58.792
KGJX20131011-4,KGJX20131011_141506_V06,6,1.802,1.200,3228,0,13.952,0,0,13.952
KGJX20131011-4,KGJX20131011_141506_V06,7,2.417,1.200,3219,0,13.931,0,0,13.931
KGJX20131104-5,KGJX20131104_150311_V06,0,0.483,1.200,13045,0,49269.479,1608,0,2400.281
KGJX20131104-5,KGJX20131104_150311_V06,2,1.494,1.200,13064,0,8899.643,618,0,4397.559
KGJX20131106-4,KGJX20131106_140705_V06,0,0.483,1.200,2524,0,18043.661,671,0,88.592
KGJX20131106-4,KGJX20131106_140705_V06,2,1.494,1.200,2526,0,10.519,0,0,10.519
KGJX20131116-4,KGJX20131116_145754_V06,0,0.483,1.200,12371,0,201249.894,2554,0,714.927
KGJX20131119-1,KGJX20131119_144150_V06,0,0.483,1.200,10783,0,272897.467,3680,0,1568.405
KGJX20131119-1,KGJX20131119_144150_V06,2,1.494,1.200,10794,0,18855.482,1188,0,4843.092
KGJX20131119-2,KGJX20131119_145132_V06,0,0.483,1.200,975,0,3274.727,19,0,3232.285
KGJX20131119-2,KGJX20131119_145132_V06,2,1.494,1.200,976,0,12.464,23,0,6.567
KGJX20131119-2,KGJX20131119_145132_V06,4,2.505,1.200,485,0,7.257,6,0,5.543
KGJX20131119-2,KGJX20131119_145132_V06,5,3.516,1.200,489,0,13.836,11,0,10.970
KGJX20131119-2,KGJX20131119_145132_V06,6,4.482,1.200,489,0,11.589,6,0,8.826
KGJX20131119-5,KGJX20131119_152037_V06,0,0.483,1.200,10939,0,103942.266,1480,0,86.703
KGJX20131121-2,KGJX20131121_130656_V06,0,0.483,1.200,825,0,44888.216,199,0,289.186
KGJX20131121-2,KGJX20131121_130656_V06,2,1.450,1.200,826,0,120.838,3,0,70.244
KGJX20131121-4,KGJX20131121_131245_V06,0,0.483,1.200,1833,0,10921.829,573,0,612.082
KGJX20131121-4,KGJX20131121_131245_V06,2,1.450,1.200,1841,0,618.813,105,0,82.550
KGJX20131121-4,KGJX20131121_131245_V06,4,2.417,1.200,916,0,72.622,7,0,36.633
KGJX20131121-4,KGJX20131121_131245_V06,5,3.384,1.200,918,0,11.371,1,0,2.104
KGJX20131122-4,KGJX20131122_134149_V06,0,0.483,1.200,4560,0,24232.086,538,0,516.778
KGJX20131122-4,KGJX20131122_134737_V06,0,0.483,1.200,7544,0,39101.543,895,0,549.921
KGJX20131122-4,KGJX20131122_135325_V06,0,0.483,1.200,10130,0,49141.567,1259,0,637.163
KGJX20131122-7,KGJX20131122_144541_V06,0,0.483,1.200,6088,0,119412.093,1566,0,1764.784
KGJX20131122-7,KGJX20131122_145129_V06,0,0.483,1.200,8895,0,225678.102,2869,0,2605.621
KGJX20131122-7,KGJX20131122_145717_V06,0,0.483,1.200,6764,0,180169.833,3009,0,2947.118
KGJX20131122-7,KGJX20131122_150305_V06,0,0.483,1.200,10103,0,380731.763,5198,0,4150.852
KGJX20131122-2,KGJX20131122_130700_V06,0,0.483,1.200,438,0,1210.263,4,0,1206.152
KGJX20131122-2,KGJX20131122_130700_V06,2,1.450,1.200,440,0,2.776,4,0,2.174
KGJX20131122-2,KGJX20131122_130700_V06,4,2.417,1.200,219,0,345.510,187,0,53.740
KGJX20131122-2,KGJX20131122_130700_V06,5,3.384,1.200,219,0,718.507,173,0,160.766
KGJX20131122-2,KGJX20131122_130700_V06,6,4.307,1.200,221,0,688.481,170,0,205.971
KGJX20131122-2,KGJX20131122_130700_V06,7,6.021,1.200,219,0,786.561,116,0,415.592
KGJX20131130-3,KGJX20131130_140546_V06,0,0.483,1.200,2400,0,4367.975,110,0,4112.157
KGJX20131130-3,KGJX20131130_140546_V06,2,1.494,1.200,2401,0,24.308,57,0,7.167
KGJX20131130-3,KGJX20131130_140546_V06,4,2.505,1.200,1200,0,19.923,11,0,14.950
KGJX20131130-3,KGJX20131130_140546_V06,5,3.516,1.200,1202,0,15.281,10,0,8.864
KGJX20131130-3,KGJX20131130_140546_V06,6,4.482,1.200,1202,0,23.559,15,0,10.509
KGJX20131203-3,KGJX20131203_143100_V06,0,0.483,1.200,1583,0,14565.400,574,0,4.203
KGJX20131203-3,KGJX20131203_143100_V06,2,1.494,1.200,1586,0,6.508,0,0,6.508
KGJX20131207-4,KGJX20131207_145805_V06,0,0.483,1.200,11387,0,38155.045,1231,0,92.907
KGJX20131207-4,KGJX20131207_150747_V06,0,0.483,1.200,18967,0,45045.276,1574,0,868.244
KGJX20131207-4,KGJX20131207_151338_V06,0,0.483,1.200,22970,0,65918.380,2407,0,1520.192
KGJX20131207-4,KGJX20131207_151928_V06,0,0.483,1.200,27016,0,78467.604,3149,0,1383.769
KGJX20131207-4,KGJX20131207_152519_V06,0,0.483,1.200,27495,0,72081.944,2915,0,979.085
KGJX20131207-4,KGJX20131207_153110_V06,0,0.483,1.200,29501,0,71959.040,2928,0,1367.863
KGJX20131207-4,KGJX20131207_153110_V06,2,1.450,1.200,29525,0,3551.812,232,0,519.785
KGJX20131207-4,KGJX20131207_153701_V06,0,0.483,1.200,31441,0,75720.834,3214,0,1105.450
KGJX20131207-4,KGJX20131207_153701_V06,2,1.450,1.200,31472,0,3761.858,299,0,652.172
KGJX20131207-4,KGJX20131207_154251_V06,0,0.483,1.200,33451,0,74105.438,3363,0,1300.610
KGJX20131207-4,KGJX20131207_154251_V06,2,1.450,1.200,33480,0,5305.728,485,0,860.485
KGJX20131207-4,KGJX20131207_154841_V06,0,0.483,1.200,34351,0,66606.304,3710,0,1796.048
KGJX20131207-4,KGJX20131207_154841_V06,2,1.450,1.200,34374,0,6708.563,760,0,1259.920
KGJX20131207-1,KGJX20131207_140932_V06,0,0.483,1.200,6035,0,20805.515,1135,0,3302.084
KGJX20131207-1,KGJX20131207_140932_V06,2,1.494,1.200,6043,0,1117.784,54,0,365.877
KGJX20131207-2,KGJX20131207_141914_V06,0,0.483,1.200,1498,0,8934.227,385,0,1162.228
KGJX20131207-2,KGJX20131207_141914_V06,2,1.494,1.200,1500,0,89.712,5,0,18.221
KGJX20131207-3,KGJX20131207_144822_V06,0,0.483,1.200,16449,0,200641.492,7517,0,13348.871
KGJX20131207-3,KGJX20131207_144822_V06,2,1.494,1.200,16465,0,25302.062,2090,0,2790.170
KGJX20131213-2,KGJX20131213_135215_V06,0,0.483,1.200,2057,0,13258.995,179,0,12568.995
KGJX20131213-2,KGJX20131213_135215_V06,2,1.494,1.200,2059,0,34.995,61,0,13.824
KGJX20131213-2,KGJX20131213_135215_V06,4,2.505,1.200,1026,0,9.769,14,0,6.122
KGJX20131213-2,KGJX20131213_135215_V06,5,3.516,1.200,1031,0,13.641,9,0,5.455
KGJX20131213-2,KGJX20131213_135215_V06,6,4.482,1.200,1036,0,10.620,9,0,7.960
KGJX20131217-3,KGJX20131217_134246_V06,0,0.483,1.200,578,0,1971.199,34,0,1920.429
KGJX20131217-3,KGJX20131217_134246_V06,2,1.494,1.200,580,0,2.545,5,0,1.706
KGJX20131217-3,KGJX20131217_134246_V06,4,2.505,1.200,291,0,3.632,1,0,3.468
KGJX20131217-3,KGJX20131217_134246_V06,5,3.516,1.200,287,0,1.884,0,0,1.884
KGJX20131217-3,KGJX20131217_134246_V06,6,4.482,1.200,291,0,6.771,4,0,4.782
KGJX20131219-1,KGJX20131219_144730_V06,0,0.483,1.200,18341,0,13493.294,606,0,104.817
KGJX20131219-1,KGJX20131219_145714_V06,0,0.483,1.200,27710,0,17319.777,872,0,167.488
KGJX20131219-1,KGJX20131219_145714_V06,2,1.494,1.200,27739,0,188.701,20,0,133.180
KGJX20131221-6,KGJX20131221_145111_V06,0,0.483,1.200,15716,0,52049.767,2925,0,11117.941
KGJX20131221-6,KGJX20131221_145111_V06,2,1.494,1.200,15727,0,597.412,199,0,206.344
KGJX20131221-6,KGJX20131221_145111_V06,4,2.505,1.200,7866,0,432.332,52,0,255.938
KGJX20131221-6,KGJX20131221_150054_V06,0,0.483,1.200,23169,0,133396.270,5517,0,32582.874
KGJX20131221-6,KGJX20131221_150054_V06,2,1.494,1.200,23181,0,1121.475,318,0,477.742
KGJX20131221-6,KGJX20131221_150054_V06,4,2.505,1.200,11595,0,850.877,97,0,502.139
KGJX20131221-3,KGJX20131221_141219_V06,0,0.483,1.200,15776,0,14269.986,1131,0,1004.487
KGJX20131221-3,KGJX20131221_141219_V06,2,1.494,1.200,15793,0,497.446,59,0,213.996
