track_id,filename,sweep_idx,sweep_angle,count_scaling,n_roost_pixels,n_refAbove40_pixels,n_refBelow40_animals,n_xcorrAbove0.95_pixels,n_xcorrBelow0.95_refAbove40_pixels,n_xcorrBelow0.95_refBelow40_animals
KNKX20150601-1,KNKX20150601_114245_V06,0,0.483,1.200,40,0,5914.704,2,0,5864.594
KNKX20150601-1,KNKX20150601_114245_V06,2,1.494,1.200,39,0,0.039,0,0,0.039
KNKX20150601-1,KNKX20150601_114245_V06,4,2.505,1.200,19,0,0.038,0,0,0.038
KNKX20150601-1,KNKX20150601_114245_V06,5,3.516,1.200,20,0,6.484,1,0,4.926
KNKX20150602-2,KNKX20150602_124218_V06,0,0.483,1.200,3063,0,14647.325,23,0,13670.373
KNKX20150602-2,KNKX20150602_124218_V06,2,1.494,1.200,3063,0,9.423,0,0,9.423
KNKX20150608-1,KNKX20150608_121844_V06,0,0.483,1.200,407,2,42959.003,26,2,31741.212
KNKX20150608-1,KNKX20150608_121844_V06,2,1.494,1.200,404,0,0.547,2,0,0.202
KNKX20150608-1,KNKX20150608_121844_V06,4,2.505,1.200,195,0,1.469,1,0,0.194
KNKX20150608-1,KNKX20150608_121844_V06,5,3.516,1.200,195,0,3.863,1,0,3.460
KNKX20150608-1,KNKX20150608_121844_V06,6,4.482,1.200,198,0,9.432,1,0,8.835
KNKX20150608-2,KNKX20150608_132547_V06,0,0.483,1.200,4605,0,38814.898,527,0,7276.785
KNKX20150608-3,KNKX20150608_132547_V06,0,0.483,1.200,424,11,104697.220,23,7,90531.978
KNKX20150608-3,KNKX20150608_132547_V06,2,1.494,1.200,428,0,129.758,45,0,49.591
KNKX20150608-3,KNKX20150608_132547_V06,4,2.505,1.200,206,0,25.225,2,0,24.534
KNKX20150608-3,KNKX20150608_132547_V06,5,3.516,1.200,206,0,22.147,3,0,18.743
KNKX20150608-3,KNKX20150608_132547_V06,6,4.482,1.200,204,0,6.112,0,0,6.112
KNKX20150609-4,KNKX20150609_120751_V06,0,0.483,1.200,2071,0,11458.216,582,0,5838.919
KNKX20150609-4,KNKX20150609_120751_V06,2,1.450,1.200,2068,0,44907.735,1415,0,1257.481
KNKX20150609-4,KNKX20150609_120751_V06,4,2.417,1.200,1026,0,186118.863,774,0,3044.218
KNKX20150609-4,KNKX20150609_120751_V06,5,3.340,1.200,1022,0,148498.912,843,0,4338.935
KNKX20150609-4,KNKX20150609_121242_V06,0,0.483,1.200,5175,0,41132.730,1345,0,12867.188
KNKX20150609-4,KNKX20150609_121242_V06,2,1.450,1.200,5181,0,212208.866,3237,0,3023.551
KNKX20150609-4,KNKX20150609_121242_V06,4,2.417,1.200,2598,0,585595.353,1883,0,16153.923
KNKX20150609-4,KNKX20150609_121242_V06,5,3.340,1.200,2602,0,402036.218,1920,0,20438.666
KNKX20150609-4,KNKX20150609_121734_V06,0,0.483,1.200,9669,0,117532.784,2692,0,22248.152
KNKX20150609-4,KNKX20150609_121734_V06,2,1.450,1.200,9674,0,569762.184,6238,0,7387.664
KNKX20150609-4,KNKX20150609_121734_V06,4,2.417,1.200,4843,0,1290676.553,3203,0,54789.780
KNKX20150609-4,KNKX20150609_121734_V06,5,3.340,1.200,4840,0,877367.065,3145,0,70074.296
KNKX20150609-4,KNKX20150609_122225_V06,0,0.483,1.200,7824,0,153855.965,2798,0,15575.361
KNKX20150609-4,KNKX20150609_122225_V06,2,1.450,1.200,7830,0,694339.190,5165,0,4900.657
KNKX20150609-4,KNKX20150609_122225_V06,4,2.417,1.200,3922,0,1138019.148,2532,0,49523.287
KNKX20150609-4,KNKX20150609_122225_V06,5,3.340,1.200,3916,0,852265.573,2260,0,122029.522
KNKX20150609-4,KNKX20150609_122715_V06,0,0.483,1.200,11158,0,266000.292,4218,0,32004.687
KNKX20150609-4,KNKX20150609_122715_V06,2,1.450,1.200,11163,0,1099418.713,6713,0,20549.430
KNKX20150609-4,KNKX20150609_122715_V06,4,2.417,1.200,5589,0,1770180.619,3125,0,127120.526
KNKX20150609-4,KNKX20150609_122715_V06,5,3.340,1.200,5594,0,1076783.793,2794,0,151708.164
KNKX20150609-5,KNKX20150609_120751_V06,0,0.483,1.200,8191,0,148503.143,1389,0,11246.386
KNKX20150609-5,KNKX20150609_120751_V06,2,1.450,1.200,8202,0,25327.098,790,0,2645.252
KNKX20150609-5,KNKX20150609_121242_V06,0,0.483,1.200,9730,0,178595.036,1470,0,8100.013
KNKX20150609-5,KNKX20150609_121242_V06,2,1.450,1.200,9732,0,37731.223,1062,0,3318.160
KNKX20150609-9,KNKX20150609_123206_V06,0,0.483,1.200,5003,0,9261.857,418,0,8205.383
KNKX20150609-9,KNKX20150609_123206_V06,2,1.450,1.200,5007,0,161.430,81,0,103.708
KNKX20150609-9,KNKX20150609_123206_V06,4,2.417,1.200,2508,0,437.832,37,0,79.125
KNKX20150609-9,KNKX20150609_123206_V06,5,3.340,1.200,2512,0,449.772,39,0,90.504
KNKX20150609-9,KNKX20150609_123206_V06,6,4.307,1.200,2515,0,147.507,32,0,79.832
KNKX20150609-9,KNKX20150609_123657_V06,0,0.483,1.200,8286,0,5758.959,843,0,4792.447
KNKX20150609-9,KNKX20150609_123657_V06,2,1.450,1.200,8290,0,906.819,398,0,280.950
KNKX20150609-9,KNKX20150609_123657_V06,4,2.417,1.200,4148,0,7469.181,353,0,163.235
KNKX20150609-9,KNKX20150609_123657_V06,5,3.340,1.200,4149,0,2558.457,193,0,516.175
KNKX20150609-9,KNKX20150609_123657_V06,6,4.307,1.200,4151,0,177.079,56,0,111.520
KNKX20150609-12,KNKX20150609_123657_V06,0,0.483,1.200,2942,0,11457.921,933,0,1513.336
KNKX20150609-12,KNKX20150609_123657_V06,2,1.450,1.200,2945,0,16305.057,1301,0,578.147
KNKX20150609-12,KNKX20150609_123657_V06,4,2.417,1.200,1474,0,12946.631,728,0,134.162
KNKX20150609-12,KNKX20150609_123657_V06,5,3.340,1.200,1472,0,9638.861,933,0,72.620
KNKX20150609-12,KNKX20150609_123657_V06,6,4.307,1.200,1474,0,8560.671,938,0,1332.667
KNKX20150609-12,KNKX20150609_123657_V06,7,6.021,1.200,1481,0,1425.690,591,0,191.723
KNKX20150609-12,KNKX20150609_124147_V06,0,0.483,1.200,6734,0,12734.944,1539,0,2982.581
KNKX20150609-12,KNKX20150609_124147_V06,2,1.450,1.200,6741,0,23355.918,2379,0,878.002
KNKX20150609-12,KNKX20150609_124147_V06,4,2.417,1.200,3371,0,19645.093,1066,0,325.582
KNKX20150609-12,KNKX20150609_124147_V06,5,3.340,1.200,3376,0,17156.358,1345,0,710.202
KNKX20150609-12,KNKX20150609_124147_V06,6,4.307,1.200,3385,0,9856.311,1783,0,1705.466
KNKX20150609-12,KNKX20150609_124147_V06,7,6.021,1.200,3388,0,6057.106,1428,0,1177.854
KNKX20150609-11,KNKX20150609_123206_V06,0,0.483,1.200,2690,0,7810.989,329,0,790.120
KNKX20150609-11,KNKX20150609_123206_V06,2,1.450,1.200,2690,0,66671.618,1043,0,1230.908
KNKX20150609-14,KNKX20150609_132857_V06,0,0.483,1.200,5077,0,4614.759,879,0,3565.384
KNKX20150609-14,KNKX20150609_132857_V06,2,1.450,1.200,5075,0,19557.397,1951,0,401.894
KNKX20150609-14,KNKX20150609_132857_V06,4,2.417,1.200,2539,0,74534.327,1176,0,256.852
KNKX20150609-14,KNKX20150609_132857_V06,5,3.340,1.200,2543,0,66648.520,1538,0,235.183
KNKX20150609-14,KNKX20150609_132857_V06,6,4.307,1.200,2543,0,25941.863,1705,0,643.204
KNKX20150613-1,KNKX20150613_115759_V06,0,0.483,1.200,254,0,8309.971,21,0,8222.784
KNKX20150613-1,KNKX20150613_115759_V06,2,0.879,1.200,254,0,6158.491,27,0,6044.163
KNKX20150613-1,KNKX20150613_115759_V06,4,1.318,1.200,254,0,921.232,33,0,847.845
KNKX20150613-1,KNKX20150613_115759_V06,8,1.802,1.200,130,0,49.176,6,0,37.029
KNKX20150613-1,KNKX20150613_115759_V06,9,2.417,1.200,130,0,0.150,0,0,0.150
KNKX20150613-1,KNKX20150613_115759_V06,10,3.120,1.200,129,0,0.149,0,0,0.149
KNKX20150613-1,KNKX20150613_115759_V06,11,3.999,1.200,132,0,11.154,1,0,9.613
KNKX20150613-1,KNKX20150613_115759_V06,12,5.098,1.200,131,0,2.520,0,0,2.520
KNKX20150614-1,KNKX20150614_114154_V06,0,0.483,1.200,96,0,1989.416,5,0,1917.360
KNKX20150614-1,KNKX20150614_114154_V06,2,0.879,1.200,95,0,2199.440,13,0,2063.877
KNKX20150614-1,KNKX20150614_114154_V06,4,1.318,1.200,95,0,330.445,16,0,293.362
KNKX20150614-1,KNKX20150614_114154_V06,8,1.802,1.200,54,0,7.614,2,0,1.272
KNKX20150614-1,KNKX20150614_114154_V06,9,2.417,1.200,54,0,0.063,0,0,0.063
KNKX20150614-1,KNKX20150614_114154_V06,10,3.120,1.200,55,0,0.064,0,0,0.064
KNKX20150614-1,KNKX20150614_114154_V06,11,3.999,1.200,52,0,0.061,0,0,0.061
KNKX20150614-1,KNKX20150614_114154_V06,12,5.098,1.200,52,0,4.187,0,0,4.187
KNKX20150615-1,KNKX20150615_122829_V06,0,0.483,1.200,4879,0,66848.438,86,0,61761.999
KNKX20150615-1,KNKX20150615_122829_V06,2,1.494,1.200,4888,0,15.598,0,0,15.598
KNKX20150616-1,KNKX20150616_115046_V06,0,0.483,1.200,144,3,298106.306,6,3,273921.763
KNKX20150616-1,KNKX20150616_115046_V06,2,1.494,1.200,144,0,2087.627,1,0,2077.978
KNKX20150616-3,KNKX20150616_130718_V06,0,0.483,1.200,5983,0,21018.708,308,0,19312.682
KNKX20150616-3,KNKX20150616_130718_V06,2,1.494,1.200,5994,0,329.246,98,0,201.018
KNKX20150616-3,KNKX20150616_130718_V06,4,2.505,1.200,2988,0,103.328,11,0,78.872
KNKX20150616-3,KNKX20150616_130718_V06,5,3.516,1.200,2986,0,88.618,12,0,65.784
KNKX20150616-3,KNKX20150616_130718_V06,6,4.482,1.200,2998,0,26.279,1,0,24.222
KNKX20150616-4,KNKX20150616_135510_V06,0,0.483,1.200,4805,6,115348.219,355,6,105883.706
KNKX20150616-4,KNKX20150616_135510_V06,2,1.494,1.200,4808,0,668.476,108,0,108.031
KNKX20150616-4,KNKX20150616_135510_V06,4,2.505,1.200,2409,0,177.726,18,0,133.568
KNKX20150616-4,KNKX20150616_135510_V06,5,3.516,1.200,2414,0,141.226,13,0,114.660
KNKX20150616-4,KNKX20150616_135510_V06,6,4.482,1.200,2419,0,52.522,6,0,41.093
KNKX20150617-1,KNKX20150617_121026_V06,0,0.483,1.200,94,0,734.124,29,0,559.048
KNKX20150617-1,KNKX20150617_121026_V06,2,1.494,1.200,94,0,3.595,2,0,1.325
KNKX20150617-1,KNKX20150617_121026_V06,4,2.505,1.200,49,0,0.063,0,0,0.063
KNKX20150617-1,KNKX20150617_121026_V06,5,3.516,1.200,49,0,0.064,0,0,0.064
KNKX20150617-1,KNKX20150617_121026_V06,6,4.482,1.200,48,0,0.062,0,0,0.062
KNKX20150617-2,KNKX20150617_122934_V06,0,0.483,1.200,3071,0,101676.563,251,0,92731.376
KNKX20150617-2,KNKX20150617_122934_V06,2,1.494,1.200,3071,0,354.916,47,0,204.609
KNKX20150617-2,KNKX20150617_122934_V06,4,2.505,1.200,1541,0,237.546,7,0,205.640
KNKX20150617-2,KNKX20150617_122934_V06,5,3.516,1.200,1541,0,431.696,23,0,289.088
KNKX20150619-2,KNKX20150619_120149_V06,0,0.483,1.200,2411,0,99372.030,5,0,99190.155
KNKX20150619-2,KNKX20150619_121123_V06,0,0.483,1.200,5942,0,658172.681,32,0,654128.431
KNKX20150619-2,KNKX20150619_122057_V06,0,0.483,1.200,4144,0,477329.823,27,0,473604.330
KNKX20150619-1,KNKX20150619_115215_V06,0,0.483,1.200,75,0,2547.399,1,0,2538.727
KNKX20150619-1,KNKX20150619_115215_V06,2,1.494,1.200,75,0,1.832,0,0,1.832
KNKX20150619-1,KNKX20150619_115215_V06,4,2.505,1.200,38,0,0.058,0,0,0.058
KNKX20150619-1,KNKX20150619_115215_V06,5,3.516,1.200,37,0,0.057,0,0,0.057
KNKX20150619-1,KNKX20150619_115215_V06,6,4.482,1.200,38,0,3.171,0,0,3.171
KNKX20150619-4,KNKX20150619_123031_V06,0,0.483,1.200,953,13,2391511.612,21,8,2291361.558
KNKX20150619-5,KNKX20150619_124938_V06,0,0.483,1.200,246,0,5568.244,56,0,3957.296
KNKX20150619-5,KNKX20150619_124938_V06,2,1.494,1.200,244,0,0.709,0,0,0.709
KNKX20150619-6,KNKX20150619_133727_V06,0,0.483,1.200,775,3,83624.995,11,3,81645.366
KNKX20150619-6,KNKX20150619_133727_V06,2,1.494,1.200,777,0,268.286,11,0,128.590
KNKX20150619-6,KNKX20150619_133727_V06,4,2.505,1.200,391,0,25.945,7,0,11.014
KNKX20150619-6,KNKX20150619_133727_V06,5,3.516,1.200,390,0,22.955,6,0,15.568
KNKX20150619-6,KNKX20150619_133727_V06,6,4.482,1.200,391,0,20.481,3,0,18.790
KNKX20150620-1,KNKX20150620_121932_V06,0,0.483,1.200,45,0,2020.401,0,0,2020.401
KNKX20150620-1,KNKX20150620_121932_V06,2,1.494,1.200,44,0,17.621,2,0,15.972
KNKX20150620-1,KNKX20150620_121932_V06,4,2.505,1.200,23,0,10.031,0,0,10.031
KNKX20150620-1,KNKX20150620_121932_V06,5,3.516,1.200,22,0,6.433,0,0,6.433
KNKX20150620-1,KNKX20150620_122906_V06,0,0.483,1.200,2891,0,17190.943,216,0,16280.780
KNKX20150620-1,KNKX20150620_122906_V06,2,1.494,1.200,2896,0,386.076,56,0,182.314
KNKX20150620-1,KNKX20150620_122906_V06,4,2.505,1.200,1450,0,205.592,10,0,120.151
KNKX20150620-1,KNKX20150620_122906_V06,5,3.516,1.200,1450,0,92.328,6,0,80.877
KNKX20150621-3,KNKX20150621_124741_V06,0,0.483,1.200,1388,0,137027.865,34,0,134463.339
KNKX20150621-3,KNKX20150621_124741_V06,2,1.494,1.200,1388,0,1122.414,17,0,584.862
KNKX20150621-3,KNKX20150621_125715_V06,0,0.483,1.200,3444,0,384216.430,103,0,364404.269
KNKX20150621-3,KNKX20150621_125715_V06,2,1.494,1.200,3448,0,2571.181,18,0,2095.686
KNKX20150621-1,KNKX20150621_121859_V06,0,0.483,1.200,82,0,8546.462,0,0,8546.462
KNKX20150621-1,KNKX20150621_121859_V06,2,1.494,1.200,81,0,0.071,0,0,0.071
KNKX20150621-1,KNKX20150621_121859_V06,4,2.505,1.200,41,0,0.072,0,0,0.072
KNKX20150621-1,KNKX20150621_121859_V06,5,3.516,1.200,41,0,9.790,0,0,9.790
KNKX20150623-1,KNKX20150623_114923_V06,0,0.483,1.200,2672,0,77443.324,14,0,76570.841
KNKX20150623-2,KNKX20150623_132502_V06,0,0.483,1.200,263,0,6050.361,64,0,4192.346
KNKX20150623-2,KNKX20150623_132502_V06,2,1.494,1.200,264,0,5.502,0,0,5.502
KNKX20150623-2,KNKX20150623_132502_V06,4,2.505,1.200,150,0,6.457,0,0,6.457
KNKX20150623-2,KNKX20150623_132502_V06,5,3.516,1.200,149,0,0.262,0,0,0.262
KNKX20150625-1,KNKX20150625_122729_V06,0,0.483,1.200,543,0,24917.773,56,0,22882.933
KNKX20150625-1,KNKX20150625_122729_V06,2,1.494,1.200,541,0,28.655,7,0,16.353
KNKX20150625-1,KNKX20150625_122729_V06,4,2.505,1.200,273,0,50.274,3,0,36.281
KNKX20150625-1,KNKX20150625_122729_V06,5,3.516,1.200,274,0,24.495,2,0,20.463
KNKX20150626-3,KNKX20150626_123703_V06,0,0.483,1.200,462,0,117799.563,9,0,111728.391
KNKX20150627-1,KNKX20150627_121618_V06,0,0.483,1.200,10758,2,4440611.847,922,2,3983850.272
KNKX20150627-1,KNKX20150627_121618_V06,2,1.494,1.200,10765,0,2844492.459,2514,0,843733.693
KNKX20150628-1,KNKX20150628_114653_V06,0,0.483,1.200,1190,0,40461.458,114,0,37689.334
KNKX20150628-1,KNKX20150628_114653_V06,2,0.879,1.200,1191,0,8876.934,114,0,8162.231
KNKX20150628-1,KNKX20150628_114653_V06,4,1.318,1.200,1190,0,1074.898,94,0,348.593
KNKX20150628-1,KNKX20150628_114653_V06,6,1.802,1.200,598,0,189.348,4,0,94.016
KNKX20150628-1,KNKX20150628_114653_V06,7,2.417,1.200,601,0,43.776,0,0,43.776
KNKX20150628-1,KNKX20150628_114653_V06,10,3.120,1.200,602,0,180.170,2,0,159.431
KNKX20150628-2,KNKX20150628_134919_V06,0,0.483,1.200,3854,0,328295.972,151,0,287153.159
KNKX20150628-2,KNKX20150628_134919_V06,2,0.879,1.200,3858,0,15987.022,24,0,13432.613
KNKX20150701-11,KNKX20150701_122852_V06,0,0.483,1.200,20362,9,41009.544,4307,8,24793.204
KNKX20150701-11,KNKX20150701_122852_V06,2,0.879,1.200,20372,5,37478.017,4755,5,19902.433
KNKX20150701-11,KNKX20150701_122852_V06,4,1.318,1.200,20373,3,30369.060,5530,3,10655.033
KNKX20150701-11,KNKX20150701_122852_V06,6,1.802,1.200,10196,1,26089.342,2026,1,7052.964
KNKX20150701-11,KNKX20150701_122852_V06,7,2.417,1.200,10193,0,21673.280,2136,0,4582.332
KNKX20150701-11,KNKX20150701_122852_V06,8,3.120,1.200,10193,0,17172.521,2245,0,1103.111
KNKX20150701-11,KNKX20150701_122852_V06,11,3.999,1.200,10217,0,7190.022,2016,0,446.714
KNKX20150701-11,KNKX20150701_122852_V06,12,5.098,1.200,10227,0,2941.338,1487,0,183.306
KNKX20150701-11,KNKX20150701_122852_V06,13,6.416,1.200,10253,0,1100.211,1228,0,176.309
KNKX20150701-11,KNKX20150701_122852_V06,14,7.998,1.200,10282,0,622.495,1356,0,177.536
KNKX20150701-11,KNKX20150701_122852_V06,15,10.020,1.200,10332,0,453.649,1517,0,115.621
KNKX20150701-11,KNKX20150701_122852_V06,16,12.480,1.200,10432,0,1993.508,1992,0,253.083
KNKX20150701-11,KNKX20150701_122852_V06,17,15.601,1.200,10579,0,4333.471,2633,0,183.143
KNKX20150701-11,KNKX20150701_123342_V06,0,0.483,1.200,34669,32,78242.278,7420,30,57171.852
KNKX20150701-11,KNKX20150701_123342_V06,2,0.879,1.200,34675,11,50761.990,8029,10,31901.493
KNKX20150701-11,KNKX20150701_123342_V06,4,1.318,1.200,34687,4,41392.549,8640,4,23103.184
KNKX20150701-11,KNKX20150701_123342_V06,6,1.802,1.200,17351,1,24245.891,4317,1,9220.473
KNKX20150701-11,KNKX20150701_123342_V06,7,2.417,1.200,17364,0,18666.584,4283,0,4436.496
KNKX20150701-11,KNKX20150701_123342_V06,10,3.120,1.200,17371,0,10967.194,4026,0,574.651
KNKX20150701-11,KNKX20150701_123342_V06,11,3.999,1.200,17403,0,12835.503,3733,0,535.856
KNKX20150701-11,KNKX20150701_123342_V06,12,5.098,1.200,17432,0,8257.796,2766,0,368.464
KNKX20150701-11,KNKX20150701_123342_V06,13,6.416,1.200,17475,0,7035.219,2479,0,576.269
KNKX20150701-11,KNKX20150701_123342_V06,14,7.998,1.200,17535,0,9908.899,2898,0,1639.340
KNKX20150701-11,KNKX20150701_123342_V06,15,10.020,1.200,17643,0,3350.391,3434,0,444.181
KNKX20150701-11,KNKX20150701_123342_V06,16,12.480,1.200,17823,0,11028.110,4511,0,719.939
KNKX20150701-15,KNKX20150701_132137_V06,0,0.483,1.200,9018,0,366338.049,2021,0,14801.343
KNKX20150701-15,KNKX20150701_132137_V06,2,0.879,1.200,9028,0,895406.118,4056,0,22909.418
KNKX20150701-15,KNKX20150701_132137_V06,4,1.318,1.200,9027,1,3073365.262,5789,0,190761.885
KNKX20150701-15,KNKX20150701_132137_V06,8,1.802,1.200,4495,1,2893252.535,2853,0,246346.641
KNKX20150701-15,KNKX20150701_132606_V06,0,0.483,1.200,11964,0,375330.931,2225,0,26910.562
KNKX20150701-15,KNKX20150701_132606_V06,2,0.879,1.200,11976,0,1183435.245,5005,0,70351.403
KNKX20150701-15,KNKX20150701_132606_V06,4,1.318,1.200,11979,0,3208946.636,7090,0,293226.798
KNKX20150701-15,KNKX20150701_132606_V06,8,1.802,1.200,6008,3,3266889.854,3706,0,162994.108
KNKX20150701-15,KNKX20150701_133035_V06,0,0.483,1.200,8325,0,273918.629,1598,0,9464.932
KNKX20150701-15,KNKX20150701_133035_V06,2,0.879,1.200,8302,0,780168.083,3035,0,25202.255
KNKX20150701-15,KNKX20150701_133035_V06,4,1.318,1.200,8333,0,1922011.950,4660,0,141578.409
KNKX20150701-15,KNKX20150701_133035_V06,8,1.802,1.200,4129,0,1806786.665,2552,0,71451.296
KNKX20150701-3,KNKX20150701_120330_V06,0,0.483,1.200,9926,0,2510.991,2341,0,464.345
KNKX20150701-3,KNKX20150701_120330_V06,2,0.879,1.200,9923,0,2418.506,2253,0,628.282
KNKX20150701-3,KNKX20150701_120330_V06,4,1.318,1.200,9933,0,2155.582,2090,0,902.341
KNKX20150701-3,KNKX20150701_120330_V06,6,1.802,1.200,4961,0,1110.443,642,0,162.390
KNKX20150701-3,KNKX20150701_120330_V06,7,2.417,1.200,4965,0,1254.279,809,0,189.303
KNKX20150701-3,KNKX20150701_120330_V06,8,3.120,1.200,4967,0,1861.355,962,0,180.449
KNKX20150701-3,KNKX20150701_120330_V06,11,3.999,1.200,4974,0,3659.864,929,0,153.783
KNKX20150701-3,KNKX20150701_120330_V06,12,5.098,1.200,4985,0,8394.747,930,0,850.558
KNKX20150701-3,KNKX20150701_120330_V06,13,6.416,1.200,4994,0,12887.184,1040,0,877.977
KNKX20150701-3,KNKX20150701_120330_V06,14,7.998,1.200,5024,0,16210.143,2050,0,147.914
KNKX20150701-4,KNKX20150701_120330_V06,0,0.483,1.200,5529,0,754469.359,2023,0,96865.577
KNKX20150701-4,KNKX20150701_120330_V06,2,0.879,1.200,5527,0,7508896.541,3960,0,766460.643
KNKX20150701-4,KNKX20150701_120330_V06,4,1.318,1.200,5531,0,12369948.189,4773,0,772494.435
KNKX20150701-6,KNKX20150701_120330_V06,0,0.483,1.200,1918,0,3343.353,291,0,1103.406
KNKX20150701-6,KNKX20150701_120330_V06,2,0.879,1.200,1917,0,3430.965,342,0,753.976
KNKX20150701-6,KNKX20150701_120330_V06,4,1.318,1.200,1920,0,1212.117,193,0,237.226
KNKX20150701-6,KNKX20150701_120330_V06,6,1.802,1.200,960,0,244.186,20,0,61.515
KNKX20150701-6,KNKX20150701_120330_V06,7,2.417,1.200,962,0,212.389,17,0,38.227
KNKX20150701-6,KNKX20150701_120330_V06,8,3.120,1.200,958,0,1376.858,90,0,99.788
KNKX20150701-6,KNKX20150701_120330_V06,11,3.999,1.200,962,0,4917.449,281,0,207.560
KNKX20150701-7,KNKX20150701_120834_V06,0,0.483,1.200,5414,0,13549.096,50,0,10764.172
KNKX20150701-7,KNKX20150701_120834_V06,2,0.879,1.200,5422,0,22.089,0,0,22.089
KNKX20150701-7,KNKX20150701_120834_V06,4,1.318,1.200,5422,0,123.039,2,0,22.102
KNKX20150701-8,KNKX20150701_121843_V06,0,0.483,1.200,6585,0,1471407.249,2560,0,177654.676
KNKX20150701-8,KNKX20150701_121843_V06,2,0.879,1.200,6586,0,11110170.818,4955,0,1162639.050
KNKX20150701-8,KNKX20150701_121843_V06,4,1.318,1.200,6589,0,13816072.052,5581,0,1258131.311
KNKX20150701-10,KNKX20150701_122852_V06,0,0.483,1.200,2633,0,4520.396,107,0,2921.814
KNKX20150701-10,KNKX20150701_122852_V06,2,0.879,1.200,2637,0,4.521,0,0,4.521
KNKX20150701-10,KNKX20150701_122852_V06,4,1.318,1.200,2640,0,25.030,2,0,4.526
KNKX20150701-10,KNKX20150701_122852_V06,6,1.802,1.200,1295,0,104.832,0,0,104.832
KNKX20150701-10,KNKX20150701_122852_V06,7,2.417,1.200,1305,0,113.013,0,0,113.013
KNKX20150701-12,KNKX20150701_123818_V06,0,0.483,1.200,2755,0,18239.206,1005,0,5612.728
KNKX20150701-12,KNKX20150701_123818_V06,2,0.879,1.200,2758,0,26304.961,1161,0,5416.978
KNKX20150701-12,KNKX20150701_123818_V06,4,1.318,1.200,2756,0,28993.909,1536,0,2612.595
KNKX20150701-12,KNKX20150701_123818_V06,6,1.802,1.200,1380,0,32700.599,935,0,1006.180
KNKX20150701-12,KNKX20150701_123818_V06,9,2.417,1.200,1378,0,35496.314,1051,0,469.939
KNKX20150701-12,KNKX20150701_123818_V06,10,3.120,1.200,1382,0,44282.191,1104,0,360.407
KNKX20150701-12,KNKX20150701_123818_V06,11,3.999,1.200,1383,0,52766.528,1112,0,254.724
KNKX20150701-12,KNKX20150701_123818_V06,12,5.098,1.200,1379,0,51963.555,1126,0,267.048
KNKX20150701-12,KNKX20150701_123818_V06,13,6.416,1.200,1387,0,119501.150,1023,0,8464.939
KNKX20150701-12,KNKX20150701_123818_V06,14,7.998,1.200,1395,8,268368.262,1022,0,9853.326
KNKX20150702-1,KNKX20150702_123923_V06,0,0.483,1.200,1101,0,55439.696,90,0,47051.727
KNKX20150702-1,KNKX20150702_123923_V06,2,0.879,1.200,1099,0,14707.947,24,0,13784.907
KNKX20150702-1,KNKX20150702_123923_V06,4,1.318,1.200,1103,0,3.257,0,0,3.257
KNKX20150702-1,KNKX20150702_123923_V06,8,1.802,1.200,550,0,3.249,0,0,3.249
KNKX20150703-1,KNKX20150703_122349_V06,0,0.483,1.200,12782,0,41038.103,5,0,40905.621
KNKX20150703-1,KNKX20150703_122349_V06,2,1.494,1.200,12791,0,49.604,0,0,49.604
KNKX20150703-3,KNKX20150703_125231_V06,0,0.483,1.200,6208,0,46775.544,3,0,46552.730
KNKX20150704-1,KNKX20150704_121413_V06,0,0.483,1.200,5473,0,9518.577,5,0,9318.940
KNKX20150704-2,KNKX20150704_134016_V06,0,0.483,1.200,1466,0,2866.856,50,0,1541.800
KNKX20150704-2,KNKX20150704_134016_V06,2,1.494,1.200,1464,0,49.804,3,0,23.036
KNKX20150706-1,KNKX20150706_131922_V06,0,0.483,1.200,9063,0,10754.691,314,0,9398.934
KNKX20150706-1,KNKX20150706_131922_V06,2,1.494,1.200,9066,0,400.681,88,0,278.021
KNKX20150706-1,KNKX20150706_131922_V06,4,2.505,1.200,4529,0,135.516,5,0,120.934
KNKX20150706-1,KNKX20150706_131922_V06,5,3.516,1.200,4532,0,118.167,7,0,105.692
KNKX20150710-1,KNKX20150710_114808_V06,0,0.483,1.200,44,0,7547.972,0,0,7547.972
KNKX20150710-1,KNKX20150710_114808_V06,2,1.494,1.200,43,0,0.056,0,0,0.056
KNKX20150710-1,KNKX20150710_114808_V06,4,2.505,1.200,20,0,16.984,0,0,16.984
KNKX20150710-2,KNKX20150710_115742_V06,0,0.483,1.200,152,0,17863.848,0,0,17863.848
KNKX20150710-2,KNKX20150710_115742_V06,2,1.494,1.200,151,0,231.831,6,0,226.350
KNKX20150710-2,KNKX20150710_115742_V06,4,2.505,1.200,74,0,0.084,0,0,0.084
KNKX20150710-2,KNKX20150710_115742_V06,5,3.516,1.200,75,0,0.829,0,0,0.829
KNKX20150710-2,KNKX20150710_115742_V06,6,4.482,1.200,76,0,3.952,0,0,3.952
KNKX20150710-4,KNKX20150710_130444_V06,0,0.483,1.200,117,0,12947.820,1,0,12946.607
KNKX20150710-4,KNKX20150710_130444_V06,2,1.494,1.200,118,0,306.221,0,0,306.221
KNKX20150710-4,KNKX20150710_130444_V06,4,2.505,1.200,61,0,2.451,0,0,2.451
KNKX20150710-4,KNKX20150710_130444_V06,5,3.516,1.200,60,0,0.929,0,0,0.929
KNKX20150710-4,KNKX20150710_130444_V06,6,4.482,1.200,60,0,10.020,0,0,10.020
KNKX20150713-1,KNKX20150713_115153_V06,0,0.483,1.200,2463,0,61791.734,730,0,36842.644
KNKX20150713-1,KNKX20150713_115153_V06,2,1.494,1.200,2464,0,3884.044,513,0,2684.952
KNKX20150713-1,KNKX20150713_115153_V06,4,2.505,1.200,1233,0,94.882,3,0,74.279
KNKX20150713-1,KNKX20150713_115153_V06,5,3.516,1.200,1231,0,32.303,2,0,29.432
KNKX20150713-1,KNKX20150713_115153_V06,6,4.482,1.200,1232,0,24.984,2,0,15.838
KNKX20150713-1,KNKX20150713_120127_V06,0,0.483,1.200,7502,0,82000.406,2240,0,49678.148
KNKX20150713-1,KNKX20150713_120127_V06,2,1.494,1.200,7512,0,18153.686,1603,0,11130.299
KNKX20150713-1,KNKX20150713_120127_V06,4,2.505,1.200,3766,0,73.145,6,0,60.572
KNKX20150713-1,KNKX20150713_120127_V06,5,3.516,1.200,3769,0,85.643,7,0,37.032
KNKX20150713-1,KNKX20150713_120127_V06,6,4.482,1.200,3770,0,67.136,4,0,61.709
KNKX20150713-1,KNKX20150713_121100_V06,0,0.483,1.200,7048,0,72666.988,2215,0,47318.806
KNKX20150713-1,KNKX20150713_121100_V06,2,1.494,1.200,7055,0,7092.273,1245,0,3905.873
KNKX20150713-1,KNKX20150713_121100_V06,4,2.505,1.200,3550,0,89.143,6,0,78.074
KNKX20150713-1,KNKX20150713_121100_V06,5,3.516,1.200,3557,0,42.196,4,0,38.398
KNKX20150713-1,KNKX20150713_121100_V06,6,4.482,1.200,3567,0,37.727,5,0,19.602
KNKX20150713-2,KNKX20150713_130826_V06,0,0.483,1.200,1814,0,172088.538,2,0,172042.121
KNKX20150713-2,KNKX20150713_131801_V06,0,0.483,1.200,4815,0,24226.601,11,0,23749.016
KNKX20150713-3,KNKX20150713_132735_V06,0,0.483,1.200,1775,0,2513.255,5,0,2479.119
KNKX20150713-3,KNKX20150713_132735_V06,2,1.494,1.200,1778,0,29.037,0,0,29.037
KNKX20150713-4,KNKX20150713_133709_V06,0,0.483,1.200,17635,0,139356.431,66,0,137489.106
KNKX20150713-4,KNKX20150713_133709_V06,2,1.494,1.200,17648,0,6555.932,108,0,3388.293
KNKX20150714-1,KNKX20150714_115202_V06,0,0.483,1.200,2004,0,43749.105,3,0,43646.028
KNKX20150714-1,KNKX20150714_115202_V06,2,1.494,1.200,2012,0,4.695,0,0,4.695
KNKX20150716-1,KNKX20150716_124726_V06,0,0.483,1.200,52,0,954.213,20,0,404.136
KNKX20150716-1,KNKX20150716_124726_V06,2,1.494,1.200,51,0,72.129,16,0,35.343
KNKX20150716-1,KNKX20150716_124726_V06,4,2.505,1.200,28,0,0.036,0,0,0.036
KNKX20150716-1,KNKX20150716_124726_V06,5,3.516,1.200,32,0,0.041,0,0,0.041
KNKX20150716-1,KNKX20150716_124726_V06,6,4.482,1.200,31,0,0.039,0,0,0.039
KNKX20150725-2,KNKX20150725_133810_V06,0,0.483,1.200,4500,0,29962.196,22,0,28156.326
KNKX20150725-2,KNKX20150725_134745_V06,0,0.483,1.200,6750,0,25142.396,15,0,18582.341
KNKX20150725-1,KNKX20150725_121206_V06,0,0.483,1.200,353,4,567173.705,21,0,223096.835
KNKX20150725-1,KNKX20150725_121206_V06,2,1.494,1.200,356,0,685.904,8,0,297.639
KNKX20150725-3,KNKX20150725_141626_V06,0,0.483,1.200,1110,0,77698.495,6,0,75297.523
KNKX20150728-1,KNKX20150728_125250_V06,0,0.483,1.200,217,0,71009.631,10,0,69340.413
KNKX20150728-1,KNKX20150728_125250_V06,2,1.494,1.200,221,0,620.884,3,0,462.131
KNKX20150801-1,KNKX20150801_125055_V06,0,0.483,1.200,8374,0,23106.516,14,0,22480.975
KNKX20150801-1,KNKX20150801_130026_V06,0,0.483,1.200,12551,0,42829.333,16,0,41150.337
KNKX20150801-1,KNKX20150801_130957_V06,0,0.483,1.200,17803,0,55018.719,36,0,53639.078
KNKX20150801-1,KNKX20150801_131929_V06,0,0.483,1.200,15340,0,131199.519,40,0,128887.107
KNKX20150801-1,KNKX20150801_131929_V06,2,1.494,1.200,15350,0,58.526,0,0,58.526
KNKX20150804-1,KNKX20150804_140654_V06,0,0.483,1.200,3216,0,11298.354,1,0,11290.575
KNKX20150804-1,KNKX20150804_140654_V06,2,1.494,1.200,3212,0,7.079,0,0,7.079
KNKX20150805-1,KNKX20150805_120909_V06,0,0.483,1.200,84,0,6669.339,10,0,3229.434
KNKX20150805-1,KNKX20150805_120909_V06,2,1.494,1.200,83,0,0.036,0,0,0.036
KNKX20150805-1,KNKX20150805_120909_V06,4,2.505,1.200,33,0,0.029,0,0,0.029
KNKX20150805-1,KNKX20150805_120909_V06,5,3.516,1.200,33,0,5.279,1,0,4.777
KNKX20150805-1,KNKX20150805_120909_V06,6,4.482,1.200,33,0,4.677,1,0,4.439
KNKX20150805-2,KNKX20150805_121842_V06,0,0.483,1.200,1173,1,2440420.502,14,1,2421412.756
KNKX20150805-2,KNKX20150805_121842_V06,2,1.494,1.200,1174,0,2.632,0,0,2.632
KNKX20150805-3,KNKX20150805_135625_V06,0,0.483,1.200,6819,174,30362211.818,15,173,30354984.114
KNKX20150805-3,KNKX20150805_135625_V06,2,1.494,1.200,6818,0,77.849,8,0,32.546
KNKX20150806-3,KNKX20150806_121659_V06,0,0.483,1.200,481,3,51807.001,48,2,43296.322
KNKX20150806-3,KNKX20150806_121659_V06,2,0.879,1.200,482,0,366.037,50,0,233.963
KNKX20150806-3,KNKX20150806_121659_V06,4,1.318,1.200,482,0,92.136,48,0,34.904
KNKX20150806-3,KNKX20150806_121659_V06,6,1.802,1.200,242,0,11.073,0,0,11.073
KNKX20150806-3,KNKX20150806_121659_V06,7,2.417,1.200,244,0,16.225,0,0,16.225
KNKX20150806-3,KNKX20150806_121659_V06,8,3.120,1.200,242,0,3.430,0,0,3.430
KNKX20150806-3,KNKX20150806_121659_V06,9,3.999,1.200,240,0,5.878,0,0,5.878
KNKX20150806-3,KNKX20150806_121659_V06,10,5.098,1.200,242,0,5.086,0,0,5.086
KNKX20150806-3,KNKX20150806_122009_V06,0,0.483,1.200,1696,4,64104.422,137,2,56700.883
KNKX20150806-3,KNKX20150806_122009_V06,2,0.879,1.200,1695,0,1188.846,131,0,1006.525
KNKX20150806-3,KNKX20150806_122009_V06,4,1.318,1.200,1698,0,279.073,140,0,118.449
KNKX20150806-3,KNKX20150806_122009_V06,6,1.802,1.200,856,0,56.723,7,0,47.000
KNKX20150806-3,KNKX20150806_122009_V06,7,2.417,1.200,856,0,34.835,8,0,27.481
KNKX20150806-3,KNKX20150806_122009_V06,8,3.120,1.200,857,0,14.468,0,0,14.468
KNKX20150806-3,KNKX20150806_122009_V06,9,3.999,1.200,845,0,12.669,0,0,12.669
KNKX20150806-3,KNKX20150806_122009_V06,10,5.098,1.200,856,0,11.399,2,0,9.163
KNKX20150806-3,KNKX20150806_122318_V06,0,0.483,1.200,359,1,85074.599,33,1,83572.557
KNKX20150806-3,KNKX20150806_122318_V06,2,0.879,1.200,370,0,762.499,40,0,571.211
KNKX20150806-3,KNKX20150806_122318_V06,4,1.318,1.200,372,0,81.953,42,0,53.896
KNKX20150806-3,KNKX20150806_122318_V06,6,1.802,1.200,190,0,5.543,2,0,3.967
KNKX20150806-3,KNKX20150806_122318_V06,7,2.417,1.200,191,0,8.632,1,0,7.672
KNKX20150806-3,KNKX20150806_122318_V06,8,3.120,1.200,194,0,1.488,0,0,1.488
KNKX20150806-3,KNKX20150806_122318_V06,9,3.999,1.200,194,0,1.543,2,0,0.179
KNKX20150806-3,KNKX20150806_122318_V06,10,5.098,1.200,196,0,0.767,0,0,0.767
KNKX20150806-5,KNKX20150806_123555_V06,0,0.483,1.200,389,5,64261.593,41,3,42705.059
KNKX20150806-5,KNKX20150806_123555_V06,2,0.879,1.200,391,0,962.734,35,0,902.697
KNKX20150806-5,KNKX20150806_123555_V06,4,1.318,1.200,392,0,146.566,53,0,54.851
KNKX20150806-5,KNKX20150806_123555_V06,6,1.802,1.200,208,0,44.835,4,0,3.742
KNKX20150806-5,KNKX20150806_123555_V06,7,2.417,1.200,209,0,21.264,5,0,6.215
KNKX20150806-5,KNKX20150806_123555_V06,8,3.120,1.200,208,0,1.011,0,0,1.011
KNKX20150806-5,KNKX20150806_123555_V06,9,3.999,1.200,213,0,33.539,0,0,33.539
KNKX20150806-5,KNKX20150806_123555_V06,10,5.098,1.200,211,0,0.199,0,0,0.199
KNKX20150806-6,KNKX20150806_130419_V06,0,0.483,1.200,928,0,37224.420,90,0,35339.428
KNKX20150806-6,KNKX20150806_130419_V06,2,0.879,1.200,928,0,447.141,69,0,321.878
KNKX20150806-6,KNKX20150806_130419_V06,4,1.318,1.200,932,0,105.181,42,0,68.197
KNKX20150806-6,KNKX20150806_130419_V06,6,1.802,1.200,457,0,26.631,6,0,8.224
KNKX20150806-6,KNKX20150806_130419_V06,7,2.417,1.200,460,0,4.561,2,0,3.135
KNKX20150806-6,KNKX20150806_130419_V06,8,3.120,1.200,465,0,16.433,3,0,12.557
KNKX20150806-6,KNKX20150806_130419_V06,9,3.999,1.200,466,0,9.512,1,0,8.692
KNKX20150806-6,KNKX20150806_130419_V06,10,5.098,1.200,463,0,3.011,0,0,3.011
KNKX20150806-6,KNKX20150806_130728_V06,0,0.483,1.200,2417,2,51174.689,196,2,44177.079
KNKX20150806-6,KNKX20150806_130728_V06,2,0.879,1.200,2419,0,1171.984,217,0,812.500
KNKX20150806-6,KNKX20150806_130728_V06,4,1.318,1.200,2419,0,182.194,133,0,90.197
KNKX20150806-6,KNKX20150806_130728_V06,6,1.802,1.200,1216,0,37.078,10,0,25.185
KNKX20150806-6,KNKX20150806_130728_V06,7,2.417,1.200,1220,0,54.572,3,0,51.300
KNKX20150806-6,KNKX20150806_130728_V06,8,3.120,1.200,1221,0,10.855,0,0,10.855
KNKX20150806-6,KNKX20150806_130728_V06,9,3.999,1.200,1219,0,27.067,1,0,26.280
KNKX20150806-6,KNKX20150806_130728_V06,10,5.098,1.200,1226,0,9.257,3,0,5.647
KNKX20150806-6,KNKX20150806_131038_V06,0,0.483,1.200,1009,2,49322.969,96,1,37656.384
KNKX20150806-6,KNKX20150806_131038_V06,2,0.879,1.200,1007,0,2914.251,73,0,1357.104
KNKX20150806-6,KNKX20150806_131038_V06,4,1.318,1.200,1014,0,170.942,113,0,50.398
KNKX20150806-6,KNKX20150806_131038_V06,6,1.802,1.200,498,0,15.607,6,0,9.724
KNKX20150806-6,KNKX20150806_131038_V06,7,2.417,1.200,498,0,39.906,6,0,33.012
KNKX20150806-6,KNKX20150806_131038_V06,8,3.120,1.200,497,0,7.268,0,0,7.268
KNKX20150806-6,KNKX20150806_131038_V06,9,3.999,1.200,502,0,15.130,3,0,9.911
KNKX20150806-6,KNKX20150806_131038_V06,10,5.098,1.200,499,0,12.502,2,0,11.469
KNKX20150806-10,KNKX20150806_141900_V06,0,0.483,1.200,1859,1,11746.418,140,1,11139.674
KNKX20150806-10,KNKX20150806_141900_V06,2,0.879,1.200,1856,0,333.383,150,0,203.441
KNKX20150806-10,KNKX20150806_141900_V06,4,1.318,1.200,1858,0,141.321,104,0,71.677
KNKX20150806-10,KNKX20150806_141900_V06,6,1.802,1.200,934,0,41.912,12,0,29.859
KNKX20150806-10,KNKX20150806_141900_V06,7,2.417,1.200,939,0,48.028,0,0,48.028
KNKX20150806-10,KNKX20150806_141900_V06,8,3.120,1.200,933,0,26.011,6,0,20.399
KNKX20150806-10,KNKX20150806_141900_V06,9,3.999,1.200,938,0,21.793,2,0,19.224
KNKX20150806-10,KNKX20150806_141900_V06,10,5.098,1.200,937,0,24.690,2,0,22.704
KNKX20150807-1,KNKX20150807_125433_V06,0,0.483,1.200,217,4,218062.279,23,0,66855.492
KNKX20150807-1,KNKX20150807_125433_V06,2,1.494,1.200,209,0,2545.881,13,0,982.962
KNKX20150807-2,KNKX20150807_131334_V06,0,0.483,1.200,8388,0,55550.527,20,0,54865.691
KNKX20150808-1,KNKX20150808_121538_V06,0,0.483,1.200,485,0,972.715,2,0,940.860
KNKX20150808-1,KNKX20150808_121538_V06,2,1.494,1.200,485,0,1.518,0,0,1.518
KNKX20150812-1,KNKX20150812_121039_V06,0,0.483,1.200,250,24,1090333.723,3,22,1090046.794
KNKX20150812-2,KNKX20150812_130806_V06,0,0.483,1.200,601,0,53562.987,1,0,53435.102
KNKX20150812-2,KNKX20150812_130806_V06,2,1.494,1.200,602,0,2.016,0,0,2.016
KNKX20150812-3,KNKX20150812_140534_V06,0,0.483,1.200,10882,0,91011.471,64,0,68793.696
KNKX20150813-1,KNKX20150813_122053_V06,0,0.483,1.200,1191,1,11320.010,289,1,9626.106
KNKX20150813-1,KNKX20150813_122053_V06,2,1.494,1.200,1191,0,836.518,438,0,535.780
KNKX20150813-1,KNKX20150813_122053_V06,4,2.505,1.200,597,0,23.256,3,0,22.315
KNKX20150813-1,KNKX20150813_122053_V06,5,3.516,1.200,598,0,43.125,6,0,34.133
KNKX20150813-1,KNKX20150813_122053_V06,6,4.482,1.200,600,0,42.287,4,0,35.517
KNKX20150815-1,KNKX20150815_124957_V06,0,0.483,1.200,3768,1,1917739.624,9,1,1916577.091
KNKX20150815-1,KNKX20150815_124957_V06,2,1.494,1.200,3777,0,8.883,0,0,8.883
KNKX20150816-1,KNKX20150816_123844_V06,0,0.483,1.200,8063,3,98240.272,355,3,95726.100
KNKX20150816-1,KNKX20150816_123844_V06,2,1.494,1.200,8065,0,326.725,109,0,185.754
KNKX20150816-1,KNKX20150816_123844_V06,4,2.505,1.200,4036,0,100.683,10,0,86.346
KNKX20150816-1,KNKX20150816_123844_V06,5,3.516,1.200,4048,0,98.230,7,0,87.136
KNKX20150816-1,KNKX20150816_123844_V06,6,4.482,1.200,4054,0,55.486,5,0,49.864
KNKX20150817-2,KNKX20150817_134149_V06,0,0.483,1.200,1138,0,84175.729,7,0,84014.939
KNKX20150817-2,KNKX20150817_134149_V06,2,1.494,1.200,1140,0,2.632,0,0,2.632
KNKX20150817-2,KNKX20150817_135122_V06,0,0.483,1.200,4220,0,54810.035,11,0,54657.986
KNKX20150817-2,KNKX20150817_135122_V06,2,1.494,1.200,4227,0,9.286,0,0,9.286
KNKX20150817-1,KNKX20150817_132242_V06,0,0.483,1.200,2799,0,34012.800,27,0,32193.555
KNKX20150817-1,KNKX20150817_132242_V06,2,1.494,1.200,2805,0,5.647,0,0,5.647
KNKX20150817-1,KNKX20150817_132242_V06,4,2.505,1.200,1405,0,5.669,0,0,5.669
KNKX20150818-1,KNKX20150818_123213_V06,0,0.483,1.200,612,7,701378.952,20,6,605926.574
KNKX20150825-1,KNKX20150825_123015_V06,0,0.483,1.200,1994,0,9729.016,49,0,6204.479
KNKX20150825-1,KNKX20150825_123015_V06,2,0.879,1.200,1998,0,8.568,0,0,8.568
KNKX20150825-1,KNKX20150825_123015_V06,4,1.318,1.200,1997,0,8.573,0,0,8.573
KNKX20150828-1,KNKX20150828_144611_V06,0,0.483,1.200,1345,2,38443.321,185,1,30174.619
KNKX20150828-1,KNKX20150828_144611_V06,2,0.879,1.200,1344,0,346.059,162,0,212.299
KNKX20150828-1,KNKX20150828_144611_V06,4,1.318,1.200,1344,0,153.566,85,0,89.294
KNKX20150828-1,KNKX20150828_144611_V06,6,1.802,1.200,673,0,175.346,14,0,38.307
KNKX20150828-1,KNKX20150828_144611_V06,7,2.417,1.200,667,0,97.419,5,0,88.588
KNKX20150828-1,KNKX20150828_144611_V06,8,3.120,1.200,665,0,8.533,0,0,8.533
KNKX20150828-1,KNKX20150828_144611_V06,9,3.999,1.200,670,0,6.186,1,0,5.174
KNKX20150828-1,KNKX20150828_144611_V06,10,5.098,1.200,665,0,16.146,2,0,13.786
KNKX20150828-1,KNKX20150828_144920_V06,0,0.483,1.200,2817,1,29975.907,328,0,18877.132
KNKX20150828-1,KNKX20150828_144920_V06,2,0.879,1.200,2812,0,571.788,275,0,257.496
KNKX20150828-1,KNKX20150828_144920_V06,4,1.318,1.200,2818,0,228.089,188,0,136.299
KNKX20150828-1,KNKX20150828_144920_V06,6,1.802,1.200,1422,0,120.348,9,0,100.111
KNKX20150828-1,KNKX20150828_144920_V06,7,2.417,1.200,1421,0,225.837,24,0,113.645
KNKX20150828-1,KNKX20150828_144920_V06,8,3.120,1.200,1421,0,37.270,5,0,31.158
KNKX20150828-1,KNKX20150828_144920_V06,9,3.999,1.200,1423,0,30.176,2,0,29.068
KNKX20150828-1,KNKX20150828_144920_V06,10,5.098,1.200,1423,0,25.176,4,0,17.507
KNKX20150829-2,KNKX20150829_141258_V06,0,0.483,1.200,439,7,66852.523,9,7,66541.237
KNKX20150829-2,KNKX20150829_141258_V06,2,1.494,1.200,440,0,103.035,27,0,18.891
KNKX20150829-2,KNKX20150829_141258_V06,4,2.505,1.200,220,0,50.228,10,0,5.731
KNKX20150829-2,KNKX20150829_141258_V06,5,3.516,1.200,220,0,18.275,4,0,5.973
KNKX20150829-2,KNKX20150829_141258_V06,6,4.482,1.200,221,0,14.485,10,0,7.381
KNKX20150830-1,KNKX20150830_122443_V06,0,0.483,1.200,5031,0,150068.113,32,0,149478.736
KNKX20150830-1,KNKX20150830_122443_V06,2,1.494,1.200,5039,0,17.329,0,0,17.329
KNKX20150830-2,KNKX20150830_123415_V06,0,0.483,1.200,510,1,507348.653,29,0,411990.561
KNKX20150830-3,KNKX20150830_143823_V06,0,0.483,1.200,13995,0,450469.236,17,0,450421.048
KNKX20150830-3,KNKX20150830_143823_V06,2,1.494,1.200,14000,0,124.386,37,0,69.305
KNKX20150830-3,KNKX20150830_143823_V06,4,2.505,1.200,7002,0,60.817,6,0,57.708
KNKX20150830-3,KNKX20150830_143823_V06,5,3.516,1.200,7013,0,18.482,0,0,18.482
KNKX20150831-1,KNKX20150831_141723_V06,0,0.483,1.200,346,13,1016320.217,23,13,970907.491
KNKX20150831-1,KNKX20150831_142657_V06,0,0.483,1.200,2596,17,2340437.171,173,10,2240266.596
KNKX20150831-1,KNKX20150831_143630_V06,0,0.483,1.200,1038,9,1488564.656,68,2,1462152.618
KNKX20150831-1,KNKX20150831_143630_V06,2,1.494,1.200,1037,0,1114.569,10,0,731.391
KNKX20150904-1,KNKX20150904_133153_V06,0,0.483,1.200,284,0,5658.358,2,0,5654.797
KNKX20150904-1,KNKX20150904_133153_V06,2,1.494,1.200,283,0,313.182,21,0,267.803
KNKX20150904-1,KNKX20150904_133153_V06,4,2.505,1.200,137,0,7.121,1,0,6.059
KNKX20150904-1,KNKX20150904_133153_V06,5,3.516,1.200,140,0,13.259,2,0,11.920
KNKX20150904-1,KNKX20150904_133153_V06,6,4.482,1.200,140,0,25.689,1,0,18.034
KNKX20150914-1,KNKX20150914_125700_V06,0,0.483,1.200,11253,0,187000.203,920,0,178121.899
KNKX20150914-1,KNKX20150914_125700_V06,2,1.494,1.200,11253,0,6329.120,351,0,5316.604
KNKX20150914-1,KNKX20150914_125700_V06,4,2.505,1.200,5635,0,47.885,25,0,41.010
KNKX20150914-1,KNKX20150914_125700_V06,5,3.516,1.200,5641,0,27.669,4,0,26.446
KNKX20150914-1,KNKX20150914_125700_V06,6,4.482,1.200,5646,0,18.917,2,0,16.969
KNKX20150914-1,KNKX20150914_130635_V06,0,0.483,1.200,19274,0,204791.461,1756,0,187501.054
KNKX20150914-1,KNKX20150914_130635_V06,2,1.494,1.200,19282,0,22528.712,982,0,18134.025
KNKX20150914-1,KNKX20150914_130635_V06,4,2.505,1.200,9660,0,119.741,37,0,105.339
KNKX20150914-1,KNKX20150914_130635_V06,5,3.516,1.200,9665,0,35.431,11,0,30.998
KNKX20150914-1,KNKX20150914_130635_V06,6,4.482,1.200,9686,0,34.269,6,0,33.450
KNKX20150915-1,KNKX20150915_123716_V06,0,0.483,1.200,1110,0,4111.446,91,0,4032.998
KNKX20150915-1,KNKX20150915_123716_V06,2,0.879,1.200,1111,0,29835.839,171,0,29622.482
KNKX20150915-1,KNKX20150915_123716_V06,4,1.318,1.200,1109,0,50147.186,294,0,49859.293
KNKX20150915-1,KNKX20150915_123716_V06,6,1.802,1.200,560,0,19775.752,124,0,19529.897
KNKX20150915-1,KNKX20150915_123716_V06,7,2.417,1.200,557,0,409.473,115,0,285.866
KNKX20150915-1,KNKX20150915_123716_V06,8,3.120,1.200,554,0,16.513,8,0,12.982
KNKX20150915-1,KNKX20150915_123716_V06,9,3.999,1.200,554,0,2.523,0,0,2.523
KNKX20150915-1,KNKX20150915_123716_V06,10,5.098,1.200,562,0,3.255,0,0,3.255
KNKX20150915-1,KNKX20150915_123716_V06,11,6.416,1.200,564,0,3.974,0,0,3.974
KNKX20150915-2,KNKX20150915_123716_V06,0,0.483,1.200,4940,5,768168.763,1975,0,65947.493
KNKX20150915-2,KNKX20150915_123716_V06,2,0.879,1.200,4937,3,688506.309,1896,0,50753.521
KNKX20150915-2,KNKX20150915_123716_V06,4,1.318,1.200,4934,1,475213.921,1704,0,33732.486
KNKX20150915-2,KNKX20150915_123716_V06,6,1.802,1.200,2470,0,264756.666,655,0,8913.343
KNKX20150915-2,KNKX20150915_123716_V06,7,2.417,1.200,2475,0,96343.883,338,0,4963.220
KNKX20150915-2,KNKX20150915_123716_V06,8,3.120,1.200,2473,0,54616.985,194,0,766.636
KNKX20150915-2,KNKX20150915_123716_V06,9,3.999,1.200,2474,0,4983.361,119,0,366.674
KNKX20150915-2,KNKX20150915_123716_V06,10,5.098,1.200,2480,0,3.661,0,0,3.661
KNKX20150919-1,KNKX20150919_125344_V06,0,0.483,1.200,259,0,4954.694,43,0,4269.417
KNKX20150919-1,KNKX20150919_125344_V06,2,1.494,1.200,257,0,0.606,0,0,0.606
KNKX20150919-1,KNKX20150919_130319_V06,0,0.483,1.200,1093,0,16774.874,124,0,14648.638
KNKX20150919-1,KNKX20150919_130319_V06,2,1.494,1.200,1090,0,2.553,0,0,2.553
KNKX20150920-1,KNKX20150920_130214_V06,0,0.483,1.200,139,0,2165.199,17,0,1800.990
KNKX20150920-1,KNKX20150920_130214_V06,2,1.494,1.200,142,0,28.803,1,0,6.020
KNKX20150921-1,KNKX20150921_135739_V06,0,0.483,1.200,6377,0,52668.642,532,0,43650.849
KNKX20150921-1,KNKX20150921_135739_V06,2,0.879,1.200,6381,0,7233.511,301,0,3843.252
KNKX20150921-1,KNKX20150921_135739_V06,4,1.318,1.200,6387,0,2455.984,182,0,990.730
KNKX20150921-1,KNKX20150921_135739_V06,6,1.802,1.200,3194,0,153.997,0,0,153.997
KNKX20150921-1,KNKX20150921_135739_V06,7,2.417,1.200,3192,0,12.620,0,0,12.620
KNKX20150921-2,KNKX20150921_141011_V06,0,0.483,1.200,11263,0,34492.369,261,0,16527.060
KNKX20150921-2,KNKX20150921_141011_V06,2,0.879,1.200,11262,0,1652.552,27,0,930.769
KNKX20150921-2,KNKX20150921_141011_V06,4,1.318,1.200,11271,0,342.073,6,0,154.274
KNKX20150923-1,KNKX20150923_133752_V06,0,0.483,1.200,745,15,2635022.395,34,10,2086537.763
KNKX20150923-1,KNKX20150923_133752_V06,2,1.494,1.200,744,0,107716.502,11,0,106689.803
KNKX20150923-2,KNKX20150923_134727_V06,0,0.483,1.200,4076,0,435920.890,46,0,426749.585
KNKX20150923-2,KNKX20150923_134727_V06,2,1.494,1.200,4075,0,60.833,0,0,60.833
KNKX20150923-3,KNKX20150923_144453_V06,0,0.483,1.200,2840,0,53840.542,44,0,51554.401
KNKX20150924-1,KNKX20150924_123802_V06,0,0.483,1.200,213,1,578231.267,4,1,491945.643
KNKX20150924-1,KNKX20150924_124736_V06,0,0.483,1.200,1038,18,554193.365,21,14,550594.284
KNKX20150924-2,KNKX20150924_135640_V06,0,0.483,1.200,751,29,1973009.146,61,12,1168520.137
KNKX20150924-3,KNKX20150924_145403_V06,0,0.483,1.200,351,8,1574312.375,6,8,1536113.066
KNKX20150925-1,KNKX20150925_135457_V06,0,0.483,1.200,1226,1,68119.427,148,0,22837.165
KNKX20150925-1,KNKX20150925_135457_V06,2,1.494,1.200,1232,0,493.578,34,0,210.832
KNKX20150925-1,KNKX20150925_135457_V06,4,2.505,1.200,612,0,76.320,0,0,76.320
KNKX20150925-1,KNKX20150925_135457_V06,5,3.516,1.200,615,0,168.293,6,0,139.725
KNKX20150926-1,KNKX20150926_144348_V06,0,0.483,1.200,3659,0,21763.708,5,0,21642.249
KNKX20150927-1,KNKX20150927_135349_V06,0,0.483,1.200,2731,0,315639.467,52,0,314097.568
KNKX20150927-1,KNKX20150927_135349_V06,2,1.494,1.200,2732,0,222.299,56,0,149.279
KNKX20150927-1,KNKX20150927_135349_V06,4,2.505,1.200,1364,0,48.588,3,0,46.486
KNKX20150927-1,KNKX20150927_135349_V06,5,3.516,1.200,1369,0,9.598,0,0,9.598
KNKX20150927-1,KNKX20150927_135349_V06,6,4.482,1.200,1369,0,1.558,0,0,1.558
KNKX20150927-2,KNKX20150927_135349_V06,0,0.483,1.200,3307,1,101617.244,578,1,98504.156
KNKX20150927-2,KNKX20150927_135349_V06,2,1.494,1.200,3310,0,1336.888,315,0,695.491
KNKX20150927-2,KNKX20150927_135349_V06,4,2.505,1.200,1655,0,498.335,74,0,325.740
KNKX20150927-2,KNKX20150927_135349_V06,5,3.516,1.200,1655,0,323.676,33,0,228.950
KNKX20150927-2,KNKX20150927_135349_V06,6,4.482,1.200,1663,0,55.530,6,0,51.770
KNKX20150927-3,KNKX20150927_141256_V06,0,0.483,1.200,1650,0,49360.893,48,0,41749.817
KNKX20150927-3,KNKX20150927_141256_V06,2,1.494,1.200,1649,0,472.556,63,0,374.223
KNKX20150927-3,KNKX20150927_141256_V06,4,2.505,1.200,828,0,146.847,6,0,122.597
KNKX20150927-3,KNKX20150927_141256_V06,5,3.516,1.200,826,0,62.504,0,0,62.504
KNKX20150928-3,KNKX20150928_134232_V06,0,0.483,1.200,10727,0,27444.706,1650,0,21290.993
KNKX20150928-3,KNKX20150928_134232_V06,2,1.494,1.200,10733,0,17188.213,1113,0,15679.153
KNKX20150928-3,KNKX20150928_134232_V06,4,2.505,1.200,5367,0,6533.372,402,0,5472.430
KNKX20150928-3,KNKX20150928_134232_V06,5,3.516,1.200,5377,0,1771.122,515,0,1071.697
KNKX20150928-3,KNKX20150928_134232_V06,6,4.482,1.200,5381,0,605.050,439,0,234.535
KNKX20150928-3,KNKX20150928_135206_V06,0,0.483,1.200,20739,0,37800.660,3536,0,28115.022
KNKX20150928-3,KNKX20150928_135206_V06,2,1.494,1.200,20753,0,19374.569,2755,0,17279.075
KNKX20150928-3,KNKX20150928_135206_V06,4,2.505,1.200,10376,0,6805.703,863,0,5809.185
KNKX20150928-3,KNKX20150928_135206_V06,5,3.516,1.200,10390,0,2607.402,693,0,1944.454
KNKX20150928-3,KNKX20150928_135206_V06,6,4.482,1.200,10403,0,1471.227,777,0,849.370
KNKX20150928-3,KNKX20150928_140140_V06,0,0.483,1.200,10633,0,24487.419,1391,0,18108.929
KNKX20150928-3,KNKX20150928_140140_V06,2,1.494,1.200,10640,0,11663.887,1054,0,10366.827
KNKX20150928-3,KNKX20150928_140140_V06,4,2.505,1.200,5324,0,2427.189,202,0,2221.239
KNKX20150928-3,KNKX20150928_140140_V06,5,3.516,1.200,5336,0,464.708,183,0,216.271
KNKX20150928-3,KNKX20150928_140140_V06,6,4.482,1.200,5341,0,158.333,63,0,145.468
KNKX20150928-1,KNKX20150928_125445_V06,0,0.483,1.200,398,0,29936.581,19,0,28899.384
KNKX20150928-1,KNKX20150928_125445_V06,2,1.494,1.200,395,0,43.088,24,0,23.390
KNKX20150928-1,KNKX20150928_125445_V06,4,2.505,1.200,185,0,0.165,0,0,0.165
KNKX20150928-1,KNKX20150928_125445_V06,5,3.516,1.200,186,0,3.141,0,0,3.141
KNKX20150928-1,KNKX20150928_125445_V06,6,4.482,1.200,186,0,15.073,0,0,15.073
KNKX20150928-2,KNKX20150928_132325_V06,0,0.483,1.200,1790,1,101053.651,330,1,91191.988
KNKX20150928-2,KNKX20150928_132325_V06,2,1.494,1.200,1793,0,162.268,92,0,83.724
KNKX20150928-2,KNKX20150928_132325_V06,4,2.505,1.200,897,0,16.977,4,0,14.802
KNKX20150928-2,KNKX20150928_132325_V06,5,3.516,1.200,900,0,17.565,1,0,17.328
KNKX20150928-2,KNKX20150928_132325_V06,6,4.482,1.200,903,0,33.944,2,0,31.795
KNKX20150928-5,KNKX20150928_145903_V06,0,0.483,1.200,205,0,17191.415,5,0,16743.694
KNKX20150928-5,KNKX20150928_145903_V06,2,1.494,1.200,204,0,2.508,0,0,2.508
KNKX20150928-5,KNKX20150928_145903_V06,4,2.505,1.200,105,0,0.797,0,0,0.797
KNKX20150928-5,KNKX20150928_145903_V06,5,3.516,1.200,107,0,1.912,0,0,1.912
KNKX20150928-5,KNKX20150928_145903_V06,6,4.482,1.200,105,0,0.854,0,0,0.854
KNKX20150929-1,KNKX20150929_130156_V06,0,0.483,1.200,3138,0,442141.956,23,0,441565.677
KNKX20150929-1,KNKX20150929_130156_V06,2,1.494,1.200,3149,0,1862.009,18,0,468.342
KNKX20150929-1,KNKX20150929_131130_V06,0,0.483,1.200,5964,0,4187075.227,44,0,4174305.919
KNKX20150929-1,KNKX20150929_131130_V06,2,1.494,1.200,5964,0,1803.627,46,0,661.106
KNKX20150929-1,KNKX20150929_132104_V06,0,0.483,1.200,9885,48,12181286.602,75,48,12152569.311
KNKX20150929-1,KNKX20150929_132104_V06,2,1.494,1.200,9893,0,6061.953,128,0,2241.178
KNKX20150929-1,KNKX20150929_133038_V06,0,0.483,1.200,14826,4,7283681.537,77,1,7152292.422
KNKX20150929-1,KNKX20150929_133038_V06,2,1.494,1.200,14834,0,4469.838,88,0,2158.602
KNKX20150929-1,KNKX20150929_134012_V06,0,0.483,1.200,14774,2,5498202.929,129,2,5478726.343
KNKX20150929-1,KNKX20150929_134012_V06,2,1.494,1.200,14791,0,5539.054,138,0,1955.371
KNKX20150929-1,KNKX20150929_134945_V06,0,0.483,1.200,13532,0,3925524.745,209,0,3889879.360
KNKX20150929-1,KNKX20150929_134945_V06,2,1.494,1.200,13553,0,8402.708,173,0,2819.516
KNKX20150929-3,KNKX20150929_141827_V06,0,0.483,1.200,4307,13,1131225.754,77,12,1127174.731
KNKX20150929-3,KNKX20150929_141827_V06,2,1.494,1.200,4317,0,7653.381,109,0,2721.390
KNKX20150929-4,KNKX20150929_143734_V06,0,0.483,1.200,4855,3,1561210.750,236,2,1450662.200
KNKX20150929-4,KNKX20150929_143734_V06,2,1.494,1.200,4860,0,93.386,7,0,72.457
KNKX20150929-4,KNKX20150929_143734_V06,4,2.505,1.200,2429,0,17.829,0,0,17.829
KNKX20150930-3,KNKX20150930_144717_V06,0,0.483,1.200,2169,0,11522.275,223,0,7377.743
KNKX20150930-3,KNKX20150930_144717_V06,2,1.494,1.200,2162,0,102.078,5,0,68.867
KNKX20150930-3,KNKX20150930_145652_V06,0,0.483,1.200,5788,0,13985.916,209,0,11326.017
KNKX20150930-3,KNKX20150930_145652_V06,2,1.494,1.200,5795,0,291.213,19,0,178.361
KNKX20150930-1,KNKX20150930_133043_V06,0,0.483,1.200,6104,0,29236.459,17,0,28351.854
KNKX20150930-2,KNKX20150930_142809_V06,0,0.483,1.200,7325,0,57261.842,192,0,35415.181
KNKX20150930-2,KNKX20150930_142809_V06,2,1.494,1.200,7337,0,3844.165,53,0,1876.134
KNKX20151001-1,KNKX20151001_125203_V06,0,0.483,1.200,1108,22,1886854.532,4,22,1886434.512
KNKX20151001-1,KNKX20151001_125203_V06,2,1.494,1.200,1112,0,3.644,0,0,3.644
KNKX20151001-1,KNKX20151001_125203_V06,4,2.505,1.200,555,0,1.341,0,0,1.341
KNKX20151001-2,KNKX20151001_130137_V06,0,0.483,1.200,3639,17,3302360.313,219,16,3095646.602
KNKX20151001-2,KNKX20151001_130137_V06,2,1.494,1.200,3636,0,23.028,0,0,23.028
KNKX20151001-2,KNKX20151001_130137_V06,4,2.505,1.200,1817,0,4.285,0,0,4.285
KNKX20151001-2,KNKX20151001_130137_V06,5,3.516,1.200,1821,0,4.303,0,0,4.303
KNKX20151001-3,KNKX20151001_132045_V06,0,0.483,1.200,5912,245,15620736.579,3,245,15616621.358
KNKX20151001-3,KNKX20151001_132045_V06,2,1.494,1.200,5916,0,173.587,3,0,161.858
KNKX20151001-3,KNKX20151001_132045_V06,4,2.505,1.200,2965,0,9.604,0,0,9.604
KNKX20151001-4,KNKX20151001_144649_V06,0,0.483,1.200,766,0,83312.585,45,0,66262.085
KNKX20151001-4,KNKX20151001_144649_V06,2,1.494,1.200,769,0,20.692,21,0,4.934
KNKX20151001-4,KNKX20151001_144649_V06,4,2.505,1.200,387,0,37.470,3,0,21.763
KNKX20151001-4,KNKX20151001_144649_V06,5,3.516,1.200,385,0,24.243,3,0,19.803
KNKX20151001-4,KNKX20151001_144649_V06,6,4.482,1.200,383,0,28.710,4,0,20.148
KNKX20151004-7,KNKX20151004_142906_V06,0,0.483,1.200,604,0,5703.977,78,0,840.180
KNKX20151005-2,KNKX20151005_131512_V06,0,0.483,1.200,2426,0,18721.568,672,0,950.709
KNKX20151005-2,KNKX20151005_131512_V06,2,1.450,1.200,2425,0,4920.351,647,0,46.536
KNKX20151005-2,KNKX20151005_131512_V06,4,2.417,1.200,1214,0,924.406,106,0,91.980
KNKX20151005-2,KNKX20151005_131512_V06,5,3.384,1.200,1209,0,137.479,28,0,25.492
KNKX20151005-2,KNKX20151005_131512_V06,6,4.307,1.200,1218,0,2.934,0,0,2.934
KNKX20151005-2,KNKX20151005_131512_V06,7,6.021,1.200,1219,0,1.013,0,0,1.013
KNKX20151005-3,KNKX20151005_141705_V06,0,0.483,1.200,3912,0,1100436.177,588,0,4264.761
KNKX20151005-3,KNKX20151005_142157_V06,0,0.483,1.200,11118,0,610661.234,555,0,3277.429
KNKX20151005-3,KNKX20151005_142157_V06,2,1.450,1.200,11129,0,79.854,1,0,64.454
KNKX20151009-1,KNKX20151009_130330_V06,0,0.483,1.200,203,2,247942.331,7,0,247843.029
KNKX20151009-2,KNKX20151009_131303_V06,0,0.483,1.200,528,0,332838.945,14,0,277472.885
KNKX20151009-2,KNKX20151009_131303_V06,2,1.494,1.200,527,0,480.059,6,0,301.756
KNKX20151022-1,KNKX20151022_144842_V06,0,0.483,1.200,3867,0,245537.439,15,0,244448.025
KNKX20151024-1,KNKX20151024_133159_V06,0,0.483,1.200,207,0,2542.914,5,0,2518.099
KNKX20151024-1,KNKX20151024_133159_V06,2,1.494,1.200,206,0,33.032,2,0,21.997
KNKX20151024-1,KNKX20151024_133159_V06,4,2.505,1.200,105,0,0.365,0,0,0.365
KNKX20151026-1,KNKX20151026_130217_V06,0,0.483,1.200,170,2,136325.450,13,0,65996.118
KNKX20151027-1,KNKX20151027_131138_V06,0,0.483,1.200,11939,0,38343.022,37,0,36886.896
KNKX20151027-1,KNKX20151027_131138_V06,2,1.494,1.200,11943,0,168.038,4,0,64.385
KNKX20151027-1,KNKX20151027_132112_V06,0,0.483,1.200,17935,0,165028.690,101,0,157644.062
KNKX20151027-1,KNKX20151027_132112_V06,2,1.494,1.200,17947,0,252.990,5,0,116.405
KNKX20151028-1,KNKX20151028_132056_V06,0,0.483,1.200,885,0,6673.287,44,0,4148.485
KNKX20151028-1,KNKX20151028_132056_V06,2,1.494,1.200,885,0,39.718,29,0,14.115
KNKX20151028-1,KNKX20151028_132056_V06,4,2.505,1.200,440,0,24.139,10,0,17.253
KNKX20151028-1,KNKX20151028_132056_V06,5,3.516,1.200,440,0,21.309,3,0,15.893
KNKX20151028-1,KNKX20151028_132056_V06,6,4.482,1.200,436,0,90.998,31,0,29.864
KNKX20151028-3,KNKX20151028_135911_V06,0,0.483,1.200,2148,0,257346.418,25,0,255861.717
KNKX20151028-3,KNKX20151028_135911_V06,2,1.494,1.200,2149,0,1441.835,14,0,786.904
KNKX20151030-1,KNKX20151030_131216_V06,0,0.483,1.200,93,0,23149.941,7,0,20389.714
KNKX20151030-1,KNKX20151030_131216_V06,2,1.494,1.200,95,0,1.973,2,0,0.326
KNKX20151030-1,KNKX20151030_131216_V06,4,2.505,1.200,49,0,1.419,0,0,1.419
KNKX20151030-1,KNKX20151030_131216_V06,5,3.516,1.200,52,0,1.336,0,0,1.336
KNKX20151030-1,KNKX20151030_131216_V06,6,4.482,1.200,48,0,0.042,0,0,0.042
KNKX20151030-3,KNKX20151030_135032_V06,0,0.483,1.200,2177,0,99776.314,21,0,96072.273
KNKX20151102-1,KNKX20151102_140721_V06,0,0.483,1.200,1087,0,4070.821,65,0,3805.467
KNKX20151102-1,KNKX20151102_140721_V06,2,1.494,1.200,1087,0,43.190,18,0,20.345
KNKX20151102-1,KNKX20151102_140721_V06,4,2.505,1.200,545,0,32.022,0,0,32.022
KNKX20151102-1,KNKX20151102_140721_V06,5,3.516,1.200,549,0,0.868,0,0,0.868
KNKX20151102-2,KNKX20151102_150445_V06,0,0.483,1.200,8229,0,6941292.152,36,0,6891010.316
KNKX20151102-2,KNKX20151102_150445_V06,2,1.494,1.200,8233,0,49.991,1,0,44.483
KNKX20151109-1,KNKX20151109_143202_V06,0,0.483,1.200,4582,0,13057.642,258,0,2300.559
KNKX20151109-1,KNKX20151109_143202_V06,2,1.494,1.200,4588,0,18.600,0,0,18.600
KNKX20151109-1,KNKX20151109_144137_V06,0,0.483,1.200,7557,0,36545.990,442,0,2879.101
KNKX20151109-1,KNKX20151109_144137_V06,2,1.494,1.200,7566,0,227.350,9,0,40.569
KNKX20151109-3,KNKX20151109_152933_V06,0,0.483,1.200,15805,0,179790.434,752,0,3057.813
KNKX20151109-3,KNKX20151109_152933_V06,2,1.494,1.200,15817,0,309.892,8,0,188.299
KNKX20151109-3,KNKX20151109_153909_V06,0,0.483,1.200,20919,0,97613.434,615,0,5216.301
KNKX20151109-3,KNKX20151109_153909_V06,2,0.879,1.200,20933,0,9778.295,178,0,2988.577
KNKX20151109-3,KNKX20151109_153909_V06,4,1.318,1.200,20926,0,86.935,0,0,86.935
KNKX20151109-3,KNKX20151109_153909_V06,6,1.802,1.200,10470,0,238.241,0,0,238.241
KNKX20151109-2,KNKX20151109_151022_V06,0,0.483,1.200,10621,0,126287.662,709,0,2180.744
KNKX20151109-2,KNKX20151109_151022_V06,2,1.494,1.200,10627,0,168.322,4,0,82.643
KNKX20151115-1,KNKX20151115_131834_V06,0,0.483,1.200,114,0,12796.823,13,0,12260.567
KNKX20151115-1,KNKX20151115_131834_V06,2,0.879,1.200,113,0,9775.914,12,0,9450.671
KNKX20151115-1,KNKX20151115_131834_V06,4,1.318,1.200,115,0,5628.571,41,0,4011.580
KNKX20151115-1,KNKX20151115_131834_V06,6,1.802,1.200,47,0,5392.635,38,0,523.780
KNKX20151115-1,KNKX20151115_131834_V06,7,2.417,1.200,47,0,9585.920,22,0,2403.672
KNKX20151115-1,KNKX20151115_131834_V06,8,3.120,1.200,53,0,14048.404,28,0,6540.485
KNKX20151115-1,KNKX20151115_131834_V06,9,3.999,1.200,45,0,9107.905,33,0,960.762
KNKX20151115-1,KNKX20151115_131834_V06,10,5.098,1.200,47,0,1060.994,25,0,207.216
KNKX20151116-6,KNKX20151116_150549_V06,0,0.483,1.200,85,0,5886.859,4,0,5867.654
KNKX20151116-6,KNKX20151116_150549_V06,2,0.879,1.200,83,0,4102.844,1,0,4101.403
KNKX20151116-6,KNKX20151116_150549_V06,4,1.318,1.200,85,0,189.356,8,0,162.670
KNKX20151116-6,KNKX20151116_150549_V06,6,1.802,1.200,52,0,25.725,1,0,22.274
KNKX20151116-6,KNKX20151116_150549_V06,7,2.417,1.200,51,0,0.059,0,0,0.059
KNKX20151116-6,KNKX20151116_150549_V06,8,3.120,1.200,51,0,0.059,0,0,0.059
KNKX20151116-6,KNKX20151116_150549_V06,9,3.999,1.200,51,0,3.266,0,0,3.266
KNKX20151116-6,KNKX20151116_150549_V06,10,5.098,1.200,51,0,3.082,0,0,3.082
KNKX20151116-6,KNKX20151116_150858_V06,0,0.483,1.200,650,0,10717.120,45,0,10549.810
KNKX20151116-6,KNKX20151116_150858_V06,2,0.879,1.200,647,0,9470.048,40,0,9357.241
KNKX20151116-6,KNKX20151116_150858_V06,4,1.318,1.200,646,0,1367.808,62,0,1280.326
KNKX20151116-6,KNKX20151116_150858_V06,6,1.802,1.200,327,0,42.989,1,0,41.433
KNKX20151116-6,KNKX20151116_150858_V06,7,2.417,1.200,308,0,4.581,0,0,4.581
KNKX20151116-6,KNKX20151116_150858_V06,8,3.120,1.200,309,0,0.359,0,0,0.359
KNKX20151116-6,KNKX20151116_150858_V06,9,3.999,1.200,323,0,10.916,1,0,8.975
KNKX20151116-6,KNKX20151116_150858_V06,10,5.098,1.200,322,0,21.099,1,0,20.058
KNKX20151116-1,KNKX20151116_132102_V06,0,0.483,1.200,259,0,6542.201,17,0,6380.597
KNKX20151116-1,KNKX20151116_132102_V06,2,0.879,1.200,257,0,4819.757,21,0,4740.199
KNKX20151116-1,KNKX20151116_132102_V06,4,1.318,1.200,249,0,535.560,10,0,516.617
KNKX20151116-1,KNKX20151116_132102_V06,6,1.802,1.200,129,0,4.804,0,0,4.804
KNKX20151116-1,KNKX20151116_132102_V06,7,2.417,1.200,128,0,0.149,0,0,0.149
KNKX20151116-1,KNKX20151116_132102_V06,8,3.120,1.200,129,0,3.223,0,0,3.223
KNKX20151116-1,KNKX20151116_132102_V06,9,3.999,1.200,131,0,2.170,0,0,2.170
KNKX20151116-1,KNKX20151116_132102_V06,10,5.098,1.200,131,0,20.877,1,0,19.131
KNKX20151116-2,KNKX20151116_134617_V06,0,0.483,1.200,137,0,4282.913,10,0,4227.086
KNKX20151116-2,KNKX20151116_134617_V06,2,0.879,1.200,135,0,2338.373,20,0,2294.803
KNKX20151116-2,KNKX20151116_134617_V06,4,1.318,1.200,137,0,116.184,6,0,100.684
KNKX20151116-2,KNKX20151116_134617_V06,6,1.802,1.200,63,0,17.466,1,0,10.643
KNKX20151116-2,KNKX20151116_134617_V06,7,2.417,1.200,64,0,5.713,0,0,5.713
KNKX20151116-2,KNKX20151116_134617_V06,8,3.120,1.200,63,0,0.072,0,0,0.072
KNKX20151116-2,KNKX20151116_134617_V06,9,3.999,1.200,63,0,1.770,0,0,1.770
KNKX20151116-2,KNKX20151116_134617_V06,10,5.098,1.200,62,0,15.935,1,0,14.477
KNKX20151116-7,KNKX20151116_151516_V06,0,0.483,1.200,759,0,43973.860,232,0,11639.163
KNKX20151116-7,KNKX20151116_151516_V06,2,0.879,1.200,763,0,32427.671,267,0,8589.849
KNKX20151116-7,KNKX20151116_151516_V06,4,1.318,1.200,758,0,14533.012,258,0,1312.819
KNKX20151116-7,KNKX20151116_151516_V06,6,1.802,1.200,382,0,9200.698,91,0,129.812
KNKX20151116-7,KNKX20151116_151516_V06,7,2.417,1.200,384,0,9409.244,96,0,247.160
KNKX20151116-7,KNKX20151116_151516_V06,8,3.120,1.200,385,0,28987.979,99,0,77.804
KNKX20151116-7,KNKX20151116_151516_V06,9,3.999,1.200,382,0,17308.417,99,0,116.459
KNKX20151116-7,KNKX20151116_151516_V06,10,5.098,1.200,385,0,7.191,0,0,7.191
KNKX20151116-7,KNKX20151116_151516_V06,11,6.416,1.200,383,0,6.541,0,0,6.541
KNKX20151120-1,KNKX20151120_140724_V06,0,0.483,1.200,13159,3,807.721,4106,3,510.257
KNKX20151120-1,KNKX20151120_140724_V06,2,1.494,1.200,13162,3,592.549,4406,3,544.410
KNKX20151120-1,KNKX20151120_140724_V06,4,2.505,1.200,6591,0,21.590,1349,0,3.043
KNKX20151120-1,KNKX20151120_140724_V06,5,3.516,1.200,6595,0,5.209,1257,0,1.162
KNKX20151120-1,KNKX20151120_140724_V06,6,4.482,1.200,6599,0,5.813,1213,0,3.233
KNKX20151122-1,KNKX20151122_142537_V06,0,0.483,1.200,105,0,948.725,14,0,820.442
KNKX20151122-1,KNKX20151122_142537_V06,2,1.494,1.200,107,0,33.915,4,0,17.735
KNKX20151122-1,KNKX20151122_142537_V06,4,2.505,1.200,52,0,50.286,4,0,34.834
KNKX20151122-1,KNKX20151122_142537_V06,5,3.516,1.200,54,0,0.109,0,0,0.109
KNKX20151124-2,KNKX20151124_142518_V06,0,0.483,1.200,498,0,6727.844,21,0,6446.338
KNKX20151124-2,KNKX20151124_142518_V06,2,1.494,1.200,500,0,3.216,4,0,1.411
KNKX20151124-2,KNKX20151124_142518_V06,4,2.505,1.200,251,0,4.381,0,0,4.381
KNKX20151124-2,KNKX20151124_142518_V06,5,3.516,1.200,251,0,17.615,2,0,16.712
KNKX20151124-2,KNKX20151124_142518_V06,6,4.482,1.200,253,0,22.967,5,0,18.415
KNKX20151124-2,KNKX20151124_143452_V06,0,0.483,1.200,3619,0,27634.374,134,0,24229.473
KNKX20151124-2,KNKX20151124_143452_V06,2,1.494,1.200,3616,0,58.118,62,0,26.209
KNKX20151124-2,KNKX20151124_143452_V06,4,2.505,1.200,1817,0,46.753,11,0,34.625
KNKX20151124-2,KNKX20151124_143452_V06,5,3.516,1.200,1824,0,34.929,6,0,29.316
KNKX20151124-2,KNKX20151124_143452_V06,6,4.482,1.200,1825,0,38.463,11,0,29.656
KNKX20151124-1,KNKX20151124_135633_V06,0,0.483,1.200,6815,0,157513.318,1418,0,45026.780
KNKX20151124-1,KNKX20151124_135633_V06,2,1.494,1.200,6827,0,2989.036,65,0,882.299
KNKX20151124-3,KNKX20151124_142518_V06,0,0.483,1.200,954,0,9461.694,60,0,8460.815
KNKX20151124-3,KNKX20151124_142518_V06,2,1.494,1.200,960,0,125.272,9,0,90.947
KNKX20151124-3,KNKX20151124_142518_V06,4,2.505,1.200,477,0,14.467,0,0,14.467
KNKX20151124-3,KNKX20151124_142518_V06,5,3.516,1.200,477,0,85.337,1,0,82.760
KNKX20151124-4,KNKX20151124_150336_V06,0,0.483,1.200,416,1,28687.344,14,1,25188.986
KNKX20151124-4,KNKX20151124_150336_V06,2,1.494,1.200,417,0,61.027,6,0,0.989
KNKX20151124-4,KNKX20151124_150336_V06,4,2.505,1.200,209,0,34.089,0,0,34.089
KNKX20151124-4,KNKX20151124_150336_V06,5,3.516,1.200,209,0,12.842,0,0,12.842
KNKX20151124-4,KNKX20151124_150336_V06,6,4.482,1.200,209,0,10.458,4,0,7.707
KNKX20151124-4,KNKX20151124_151311_V06,0,0.483,1.200,6069,0,19926.769,187,0,19086.271
KNKX20151124-4,KNKX20151124_151311_V06,2,1.494,1.200,6068,0,89.287,95,0,48.549
KNKX20151124-4,KNKX20151124_151311_V06,4,2.505,1.200,3035,0,26.058,5,0,22.246
KNKX20151124-4,KNKX20151124_151311_V06,5,3.516,1.200,3034,0,22.700,5,0,17.334
KNKX20151124-4,KNKX20151124_151311_V06,6,4.482,1.200,3042,0,14.738,4,0,12.283
KNKX20151124-4,KNKX20151124_152245_V06,0,0.483,1.200,2742,0,3721.467,115,0,3454.033
KNKX20151124-4,KNKX20151124_152245_V06,2,1.494,1.200,2746,0,39.785,45,0,19.517
KNKX20151124-4,KNKX20151124_152245_V06,4,2.505,1.200,1382,0,8.603,2,0,8.074
KNKX20151124-4,KNKX20151124_152245_V06,5,3.516,1.200,1382,0,36.439,2,0,34.957
KNKX20151124-4,KNKX20151124_152245_V06,6,4.482,1.200,1375,0,32.112,6,0,24.731
KNKX20151124-4,KNKX20151124_153219_V06,0,0.483,1.200,12138,5,52465.052,712,0,34089.924
KNKX20151124-4,KNKX20151124_153219_V06,2,1.494,1.200,12139,0,149.306,204,0,71.548
KNKX20151124-4,KNKX20151124_153219_V06,4,2.505,1.200,6073,0,160.104,16,0,83.393
KNKX20151124-4,KNKX20151124_153219_V06,5,3.516,1.200,6082,0,21.787,5,0,19.131
KNKX20151124-4,KNKX20151124_153219_V06,6,4.482,1.200,6096,0,18.885,3,0,17.417
KNKX20151124-4,KNKX20151124_154154_V06,0,0.483,1.200,1528,0,1930.953,35,0,783.835
KNKX20151124-4,KNKX20151124_154154_V06,2,1.494,1.200,1529,0,43.531,33,0,19.971
KNKX20151124-4,KNKX20151124_154154_V06,4,2.505,1.200,763,0,171.712,5,0,169.402
KNKX20151124-4,KNKX20151124_154154_V06,5,3.516,1.200,768,0,16.022,2,0,13.530
KNKX20151124-4,KNKX20151124_154154_V06,6,4.482,1.200,762,0,7.391,0,0,7.391
KNKX20151124-7,KNKX20151124_152245_V06,0,0.483,1.200,6636,0,136680.693,318,0,117406.927
KNKX20151127-3,KNKX20151127_135346_V06,0,0.483,1.200,9374,28,751534.606,4552,2,64981.735
KNKX20151127-3,KNKX20151127_135346_V06,2,0.879,1.200,9368,40,1085937.703,4577,8,126813.792
KNKX20151127-3,KNKX20151127_135346_V06,4,1.318,1.200,9372,117,2003399.820,4036,29,577529.362
KNKX20151127-3,KNKX20151127_135346_V06,6,1.802,1.200,4706,122,2569210.158,1962,7,374921.768
KNKX20151127-3,KNKX20151127_135346_V06,7,2.417,1.200,4687,47,1523193.178,2364,2,111728.361
KNKX20151127-3,KNKX20151127_135346_V06,8,3.120,1.200,4687,0,612570.361,2633,0,8678.986
KNKX20151127-3,KNKX20151127_135346_V06,9,3.999,1.200,4707,0,217734.155,2160,0,978.800
KNKX20151127-3,KNKX20151127_135346_V06,10,5.098,1.200,4701,0,15030.297,1033,0,885.228
KNKX20151127-3,KNKX20151127_135346_V06,11,6.416,1.200,4711,0,105.307,54,0,88.655
KNKX20151127-12,KNKX20151127_145730_V06,0,0.483,1.200,5005,0,930347.056,1708,0,70588.509
KNKX20151127-12,KNKX20151127_145730_V06,2,0.879,1.200,4996,0,477330.082,1884,0,13956.487
KNKX20151127-12,KNKX20151127_145730_V06,4,1.318,1.200,4998,0,162616.297,1756,0,703.608
KNKX20151127-12,KNKX20151127_145730_V06,6,1.802,1.200,2499,0,13047.543,281,0,2020.854
KNKX20151127-12,KNKX20151127_145730_V06,7,2.417,1.200,2501,0,7.400,0,0,7.400
KNKX20151127-13,KNKX20151127_145730_V06,0,0.483,1.200,18331,0,226707.576,4680,0,64195.628
KNKX20151127-13,KNKX20151127_145730_V06,2,0.879,1.200,18332,4,563352.355,5413,0,103554.816
KNKX20151127-13,KNKX20151127_145730_V06,4,1.318,1.200,18343,22,1101122.596,5632,0,231928.341
KNKX20151127-13,KNKX20151127_145730_V06,6,1.802,1.200,9170,36,1425579.181,2410,1,177363.215
KNKX20151127-13,KNKX20151127_145730_V06,7,2.417,1.200,9180,52,870164.339,2401,2,81672.808
KNKX20151127-13,KNKX20151127_145730_V06,8,3.120,1.200,9181,41,480775.100,2441,0,27870.829
KNKX20151127-13,KNKX20151127_145730_V06,9,3.999,1.200,9187,4,203713.549,2098,0,8005.662
KNKX20151127-13,KNKX20151127_145730_V06,10,5.098,1.200,9201,2,100793.587,2003,0,3441.310
KNKX20151127-13,KNKX20151127_145730_V06,11,6.416,1.200,9221,0,28930.043,1740,0,1321.703
KNKX20151127-13,KNKX20151127_145730_V06,12,7.998,1.200,9266,0,9966.534,1631,0,306.696
KNKX20151127-13,KNKX20151127_145730_V06,13,10.020,1.200,9312,0,1010.049,1013,0,51.608
KNKX20151127-18,KNKX20151127_152315_V06,0,0.483,1.200,3020,0,144791.490,767,0,1862.264
KNKX20151127-18,KNKX20151127_152315_V06,2,0.879,1.200,3016,0,80160.335,667,0,969.137
KNKX20151127-18,KNKX20151127_152315_V06,4,1.318,1.200,3022,0,5110.932,194,0,499.066
KNKX20151127-18,KNKX20151127_152315_V06,6,1.802,1.200,1511,0,7.199,0,0,7.199
KNKX20151127-19,KNKX20151127_152733_V06,0,0.483,1.200,3820,0,164498.545,859,0,13321.904
KNKX20151127-19,KNKX20151127_152733_V06,2,0.879,1.200,3824,0,172166.160,1018,0,4771.742
KNKX20151127-19,KNKX20151127_152733_V06,4,1.318,1.200,3820,0,82178.523,952,0,346.035
KNKX20151127-19,KNKX20151127_152733_V06,6,1.802,1.200,1913,0,10950.449,204,0,178.812
KNKX20151127-19,KNKX20151127_152733_V06,7,2.417,1.200,1913,0,14.475,0,0,14.475
KNKX20151127-19,KNKX20151127_152733_V06,8,3.120,1.200,1910,0,4.166,0,0,4.166
KNKX20151128-4,KNKX20151128_154910_V06,0,0.483,1.200,306,1,14079.838,36,0,2480.559
KNKX20151128-4,KNKX20151128_154910_V06,2,0.879,1.200,305,0,91.270,31,0,60.681
KNKX20151128-4,KNKX20151128_154910_V06,4,1.318,1.200,307,0,15.077,19,0,9.418
KNKX20151128-4,KNKX20151128_154910_V06,6,1.802,1.200,155,0,5.216,2,0,3.613
KNKX20151128-4,KNKX20151128_154910_V06,7,2.417,1.200,155,0,32.125,2,0,17.267
KNKX20151128-4,KNKX20151128_154910_V06,8,3.120,1.200,158,0,16.551,4,0,6.537
KNKX20151128-4,KNKX20151128_154910_V06,9,3.999,1.200,154,0,0.138,0,0,0.138
KNKX20151128-4,KNKX20151128_154910_V06,10,5.098,1.200,155,0,10.308,3,0,3.656
KNKX20151202-1,KNKX20151202_134217_V06,0,0.483,1.200,7905,4,334.294,1448,4,279.995
KNKX20151202-1,KNKX20151202_134217_V06,2,1.494,1.200,7910,0,55.631,1339,0,15.480
KNKX20151202-1,KNKX20151202_134217_V06,4,2.505,1.200,3963,0,36.242,308,0,9.426
KNKX20151202-1,KNKX20151202_134217_V06,5,3.516,1.200,3964,0,2.731,244,0,1.642
KNKX20151202-1,KNKX20151202_134217_V06,6,4.482,1.200,3969,0,2.256,227,0,1.066
KNKX20151202-1,KNKX20151202_135153_V06,0,0.483,1.200,22960,2,1697.837,3146,2,881.801
KNKX20151202-1,KNKX20151202_135153_V06,2,1.494,1.200,22972,3,984.771,2823,3,732.562
KNKX20151202-1,KNKX20151202_135153_V06,4,2.505,1.200,11494,0,85.553,965,0,56.185
KNKX20151202-1,KNKX20151202_135153_V06,5,3.516,1.200,11506,0,170.383,1310,0,10.012
KNKX20151202-1,KNKX20151202_135153_V06,6,4.482,1.200,11528,0,69.469,1585,0,3.866
KNKX20151205-1,KNKX20151205_134232_V06,0,0.483,1.200,74,0,984.651,0,0,984.651
KNKX20151205-1,KNKX20151205_134232_V06,2,1.494,1.200,73,0,5.996,0,0,5.996
KNKX20151205-1,KNKX20151205_134232_V06,4,2.505,1.200,35,0,0.041,0,0,0.041
KNKX20151205-1,KNKX20151205_134232_V06,5,3.516,1.200,36,0,0.042,0,0,0.042
KNKX20151205-1,KNKX20151205_134232_V06,6,4.482,1.200,35,0,0.041,0,0,0.041
KNKX20151206-4,KNKX20151206_155027_V06,0,0.483,1.200,4155,0,120949.310,36,0,119276.258
KNKX20151206-4,KNKX20151206_155027_V06,2,1.494,1.200,4161,0,1004.123,19,0,623.091
KNKX20151206-4,KNKX20151206_160002_V06,0,0.483,1.200,6370,0,104432.798,115,0,90234.212
KNKX20151206-4,KNKX20151206_160002_V06,2,1.494,1.200,6376,0,2016.982,42,0,1053.683
KNKX20151208-1,KNKX20151208_144728_V06,0,0.483,1.200,1201,0,8712.147,14,0,8342.785
KNKX20151208-1,KNKX20151208_144728_V06,2,1.494,1.200,1200,0,3.430,0,0,3.430
KNKX20151209-1,KNKX20151209_145928_V06,0,0.483,1.200,7389,0,9463.524,2,0,9391.369
KNKX20151210-1,KNKX20151210_154856_V06,0,0.483,1.200,21333,0,328335.265,1356,0,268475.028
KNKX20151210-1,KNKX20151210_154856_V06,2,1.494,1.200,21353,0,100.687,2,0,71.469
KNKX20151211-7,KNKX20151211_151417_V06,0,0.483,1.200,4392,0,208881.172,334,0,3677.700
KNKX20151212-1,KNKX20151212_134126_V06,0,0.483,1.200,396,1,14947.982,43,0,13021.610
KNKX20151212-1,KNKX20151212_134126_V06,2,0.879,1.200,391,0,67.876,45,0,25.879
KNKX20151212-1,KNKX20151212_134126_V06,4,1.318,1.200,392,0,19.299,9,0,16.278
KNKX20151212-1,KNKX20151212_134126_V06,6,1.802,1.200,183,0,21.068,0,0,21.068
KNKX20151212-1,KNKX20151212_134126_V06,7,2.417,1.200,184,0,6.922,2,0,5.226
KNKX20151212-1,KNKX20151212_134126_V06,8,3.120,1.200,185,0,3.273,2,0,0.857
KNKX20151212-1,KNKX20151212_134126_V06,9,3.999,1.200,185,0,10.368,2,0,8.796
KNKX20151212-1,KNKX20151212_134126_V06,10,5.098,1.200,184,0,12.121,0,0,12.121
KNKX20151212-2,KNKX20151212_134126_V06,0,0.483,1.200,95,0,5360.854,2,0,5339.415
KNKX20151212-2,KNKX20151212_134126_V06,2,0.879,1.200,94,0,3080.039,1,0,3076.385
KNKX20151212-2,KNKX20151212_134126_V06,4,1.318,1.200,95,0,272.224,11,0,246.966
KNKX20151212-2,KNKX20151212_134126_V06,6,1.802,1.200,40,0,10.114,0,0,10.114
KNKX20151212-2,KNKX20151212_134126_V06,7,2.417,1.200,40,0,4.588,0,0,4.588
KNKX20151212-2,KNKX20151212_134126_V06,8,3.120,1.200,40,0,0.047,0,0,0.047
KNKX20151212-2,KNKX20151212_134126_V06,9,3.999,1.200,40,0,3.514,0,0,3.514
KNKX20151212-2,KNKX20151212_134126_V06,10,5.098,1.200,40,0,6.827,1,0,5.968
KNKX20151212-5,KNKX20151212_152751_V06,0,0.483,1.200,898,0,11337.387,86,0,11103.816
KNKX20151212-5,KNKX20151212_152751_V06,2,0.879,1.200,898,0,521.894,94,0,435.797
KNKX20151212-5,KNKX20151212_152751_V06,4,1.318,1.200,901,0,35.964,35,0,21.412
KNKX20151212-5,KNKX20151212_152751_V06,6,1.802,1.200,453,0,49.130,4,0,44.254
KNKX20151212-5,KNKX20151212_152751_V06,7,2.417,1.200,457,0,25.327,5,0,18.337
KNKX20151212-5,KNKX20151212_152751_V06,8,3.120,1.200,455,0,38.576,1,0,37.648
KNKX20151212-5,KNKX20151212_152751_V06,9,3.999,1.200,450,0,4.978,0,0,4.978
KNKX20151212-5,KNKX20151212_152751_V06,10,5.098,1.200,455,0,8.779,4,0,3.037
KNKX20151215-1,KNKX20151215_135127_V06,0,0.483,1.200,134,0,8309.016,0,0,8309.016
KNKX20151215-1,KNKX20151215_135127_V06,2,1.494,1.200,128,0,49.211,6,0,36.200
KNKX20151215-1,KNKX20151215_135127_V06,4,2.505,1.200,64,0,2.494,2,0,1.421
KNKX20151215-1,KNKX20151215_135127_V06,5,3.516,1.200,64,0,0.075,0,0,0.075
KNKX20151215-1,KNKX20151215_135127_V06,6,4.482,1.200,64,0,18.549,3,0,15.047
KNKX20151219-1,KNKX20151219_144934_V06,0,0.483,1.200,1554,0,70019.656,42,0,69735.989
KNKX20151219-1,KNKX20151219_144934_V06,2,1.494,1.200,1554,0,339.930,36,0,250.325
KNKX20151219-1,KNKX20151219_144934_V06,4,2.505,1.200,776,0,83.593,5,0,63.311
KNKX20151219-1,KNKX20151219_144934_V06,5,3.516,1.200,779,0,207.610,5,0,166.405
KNKX20151220-1,KNKX20151220_134732_V06,0,0.483,1.200,68,0,1134.659,3,0,1129.733
KNKX20151220-1,KNKX20151220_134732_V06,2,0.879,1.200,65,0,111.129,9,0,96.987
KNKX20151220-1,KNKX20151220_134732_V06,4,1.318,1.200,66,0,37.486,12,0,24.495
KNKX20151220-1,KNKX20151220_134732_V06,6,1.802,1.200,34,0,1.167,0,0,1.167
KNKX20151220-1,KNKX20151220_134732_V06,7,2.417,1.200,35,0,0.035,0,0,0.035
KNKX20151220-1,KNKX20151220_134732_V06,8,3.120,1.200,34,0,0.034,0,0,0.034
KNKX20151220-1,KNKX20151220_134732_V06,9,3.999,1.200,31,0,1.599,1,0,0.030
KNKX20151220-1,KNKX20151220_134732_V06,10,5.098,1.200,33,0,1.640,0,0,1.640
KNKX20151220-2,KNKX20151220_135041_V06,0,0.483,1.200,100,0,2105.109,6,0,2063.970
KNKX20151220-2,KNKX20151220_135041_V06,2,0.879,1.200,92,0,3429.378,5,0,3382.917
KNKX20151220-2,KNKX20151220_135041_V06,4,1.318,1.200,101,0,193.786,15,0,168.932
KNKX20151220-2,KNKX20151220_135041_V06,6,1.802,1.200,53,0,0.061,0,0,0.061
KNKX20151220-2,KNKX20151220_135041_V06,7,2.417,1.200,53,0,5.270,0,0,5.270
KNKX20151220-2,KNKX20151220_135041_V06,8,3.120,1.200,53,0,0.061,0,0,0.061
KNKX20151220-2,KNKX20151220_135041_V06,9,3.999,1.200,54,0,0.063,0,0,0.063
KNKX20151220-2,KNKX20151220_135041_V06,10,5.098,1.200,53,0,5.335,0,0,5.335
KNKX20151225-2,KNKX20151225_135257_V06,0,0.483,1.200,430,0,4357.832,18,0,4334.171
KNKX20151225-2,KNKX20151225_135257_V06,2,1.450,1.200,430,0,222.716,0,0,222.716
KNKX20151225-2,KNKX20151225_135257_V06,4,2.417,1.200,209,0,7.185,0,0,7.185
KNKX20151225-2,KNKX20151225_135257_V06,5,3.384,1.200,206,0,12.463,0,0,12.463
KNKX20151225-2,KNKX20151225_135257_V06,6,4.307,1.200,206,0,12.590,0,0,12.590
KNKX20151226-2,KNKX20151226_145008_V06,0,0.483,1.200,180,0,3877.911,0,0,3877.911
KNKX20151226-2,KNKX20151226_145008_V06,2,1.450,1.200,180,0,3.863,0,0,3.863
KNKX20151226-2,KNKX20151226_145008_V06,4,2.417,1.200,84,0,3.451,0,0,3.451
KNKX20151226-2,KNKX20151226_145008_V06,5,3.384,1.200,86,0,0.099,0,0,0.099
KNKX20151226-2,KNKX20151226_145008_V06,6,4.307,1.200,85,0,26.333,1,0,21.852
KNKX20151229-1,KNKX20151229_145043_V06,0,0.483,1.200,89,0,1996.612,1,0,1944.515
KNKX20151229-1,KNKX20151229_145043_V06,2,1.494,1.200,89,0,96.611,0,0,96.611
KNKX20151229-1,KNKX20151229_145043_V06,4,2.505,1.200,37,0,0.043,0,0,0.043
KNKX20151229-1,KNKX20151229_145043_V06,5,3.516,1.200,39,0,0.046,0,0,0.046
KNKX20151229-1,KNKX20151229_145043_V06,6,4.482,1.200,39,0,2.632,0,0,2.632
KNKX20151230-1,KNKX20151230_140004_V06,0,0.483,1.200,149,0,1735.787,10,0,1211.399
KNKX20151230-1,KNKX20151230_140004_V06,2,1.494,1.200,154,0,0.558,0,0,0.558
KNKX20151231-1,KNKX20151231_140624_V06,0,0.483,1.200,131,0,5671.584,0,0,5671.584
KNKX20151231-1,KNKX20151231_140624_V06,2,1.494,1.200,131,0,31.570,0,0,31.570
KNKX20151231-1,KNKX20151231_140624_V06,4,2.505,1.200,62,0,0.072,0,0,0.072
KNKX20151231-1,KNKX20151231_140624_V06,5,3.516,1.200,61,0,1.087,1,0,0.639
KNKX20151231-1,KNKX20151231_140624_V06,6,4.482,1.200,62,0,7.961,0,0,7.961
