track_id,filename,sweep_idx,sweep_angle,count_scaling,n_roost_pixels,n_refAbove40_pixels,n_refBelow40_animals,n_xcorrAbove0.95_pixels,n_xcorrBelow0.95_refAbove40_pixels,n_xcorrBelow0.95_refBelow40_animals
KMQT20150601-1,KMQT20150601_103103_V06,0,0.483,1.200,1088,0,7820.073,10,0,7648.614
KMQT20150601-1,KMQT20150601_103103_V06,2,1.494,1.200,1090,0,3.051,0,0,3.051
KMQT20150601-1,KMQT20150601_104045_V06,0,0.483,1.200,2870,0,2371.963,19,0,1978.831
KMQT20150601-1,KMQT20150601_104045_V06,2,1.494,1.200,2881,0,8.414,0,0,8.414
KMQT20150601-2,KMQT20150601_103103_V06,0,0.483,1.200,1183,0,8048.004,10,0,7868.396
KMQT20150601-2,KMQT20150601_103103_V06,2,1.494,1.200,1184,0,239.682,7,0,40.229
KMQT20150607-8,KMQT20150607_095131_V06,0,0.483,1.200,1873,0,118605.352,660,0,14511.888
KMQT20150607-8,KMQT20150607_095131_V06,2,1.450,1.200,1873,0,977935.767,960,0,174787.665
KMQT20150608-3,KMQT20150608_110537_V06,0,0.483,1.200,7538,0,853314.451,1589,0,66780.286
KMQT20150608-3,KMQT20150608_111517_V06,0,0.483,1.200,10008,1,1730004.230,1839,0,334548.617
KMQT20150611-1,KMQT20150611_104107_V06,0,0.483,1.200,1889,0,38730.588,290,0,6288.329
KMQT20150617-3,KMQT20150617_090232_V06,0,0.483,1.200,1940,0,266176.859,651,0,44687.295
KMQT20150617-3,KMQT20150617_090232_V06,2,1.450,1.200,1938,0,170053.897,714,0,1738.393
KMQT20150617-6,KMQT20150617_091833_V06,0,0.483,1.200,5735,0,72519.527,875,0,13276.455
KMQT20150617-6,KMQT20150617_091833_V06,2,1.450,1.200,5733,0,31070.767,517,0,2520.627
KMQT20150617-9,KMQT20150617_093828_V06,0,0.483,1.200,20361,0,1033296.804,5929,0,289874.810
KMQT20150617-9,KMQT20150617_093828_V06,2,1.450,1.200,20371,0,844667.291,3542,0,78969.499
KMQT20150617-10,KMQT20150617_094313_V06,0,0.483,1.200,1009,0,267485.463,415,0,50368.216
KMQT20150617-20,KMQT20150617_105253_V06,0,0.483,1.200,6032,0,104470.459,1741,0,32924.486
KMQT20150617-20,KMQT20150617_105253_V06,2,1.450,1.200,6013,0,109179.490,3875,0,14010.343
KMQT20150617-20,KMQT20150617_105253_V06,4,2.417,1.200,2991,0,23828.189,392,0,5381.424
KMQT20150617-21,KMQT20150617_105737_V06,0,0.483,1.200,14918,0,1292597.250,3296,0,227096.935
KMQT20150617-21,KMQT20150617_105737_V06,2,1.450,1.200,14915,0,102386.766,1331,0,45518.382
KMQT20150617-21,KMQT20150617_110221_V06,0,0.483,1.200,19449,0,1752432.836,4693,0,233038.187
KMQT20150617-21,KMQT20150617_110221_V06,2,1.450,1.200,19439,0,150879.576,2018,0,55740.492
KMQT20150617-21,KMQT20150617_110737_V06,0,0.483,1.200,3490,0,69369.159,765,0,25822.175
KMQT20150617-21,KMQT20150617_110737_V06,2,1.450,1.200,3486,0,8698.896,250,0,1966.245
KMQT20150620-5,KMQT20150620_095317_V06,0,0.483,1.200,13765,0,4569930.820,5535,0,42787.986
KMQT20150620-5,KMQT20150620_095317_V06,2,1.494,1.200,13778,1,4578267.100,6726,0,403505.371
KMQT20150620-5,KMQT20150620_100257_V06,0,0.483,1.200,18790,0,8162604.695,7343,0,257792.077
KMQT20150620-5,KMQT20150620_100257_V06,2,1.450,1.200,18815,5,5331106.600,7879,0,470396.614
KMQT20150620-7,KMQT20150620_100257_V06,0,0.483,1.200,4650,0,42728.150,45,0,20642.048
KMQT20150620-7,KMQT20150620_100257_V06,2,1.450,1.200,4652,0,444.884,11,0,107.344
KMQT20150620-11,KMQT20150620_105950_V06,0,0.483,1.200,61,0,20416.749,2,0,12212.968
KMQT20150620-11,KMQT20150620_105950_V06,2,1.450,1.200,59,0,0.139,0,0,0.139
KMQT20150621-3,KMQT20150621_105855_V06,0,0.483,1.200,1004,0,2044.296,35,0,49.307
KMQT20150621-3,KMQT20150621_105855_V06,2,1.494,1.200,1000,0,2.294,0,0,2.294
KMQT20150625-5,KMQT20150625_093230_V06,0,0.483,1.200,856,0,135703.017,250,0,10294.113
KMQT20150625-5,KMQT20150625_093230_V06,2,0.879,1.200,860,0,119778.700,221,0,15175.488
KMQT20150625-5,KMQT20150625_093230_V06,4,1.318,1.200,854,0,17865.304,145,0,1080.677
KMQT20150625-5,KMQT20150625_093628_V06,0,0.483,1.200,1608,0,210441.431,299,0,15024.168
KMQT20150625-5,KMQT20150625_093628_V06,2,0.879,1.200,1597,0,192156.411,296,0,14879.202
KMQT20150625-5,KMQT20150625_093628_V06,4,1.318,1.200,1600,0,26153.726,186,0,3063.989
KMQT20150625-5,KMQT20150625_094040_V06,0,0.483,1.200,2171,0,321533.506,330,0,42251.047
KMQT20150625-5,KMQT20150625_094040_V06,2,0.879,1.200,2168,0,262106.253,371,0,23120.211
KMQT20150625-5,KMQT20150625_094040_V06,4,1.318,1.200,2166,0,32383.908,238,0,3110.091
KMQT20150625-5,KMQT20150625_094450_V06,0,0.483,1.200,2780,0,349964.631,437,0,69182.505
KMQT20150625-5,KMQT20150625_094450_V06,2,0.879,1.200,2783,0,379114.100,515,0,48720.274
KMQT20150625-5,KMQT20150625_094450_V06,4,1.318,1.200,2786,0,77190.941,421,0,5217.428
KMQT20150625-5,KMQT20150625_094902_V06,0,0.483,1.200,2740,0,399747.443,493,0,70213.557
KMQT20150625-5,KMQT20150625_094902_V06,2,0.879,1.200,2743,0,412765.914,566,0,62522.795
KMQT20150625-5,KMQT20150625_094902_V06,4,1.318,1.200,2741,0,66880.465,440,0,7341.116
KMQT20150625-5,KMQT20150625_095326_V06,0,0.483,1.200,2999,0,259596.648,504,0,29082.251
KMQT20150625-5,KMQT20150625_095326_V06,2,0.879,1.200,2993,0,347643.471,638,0,54231.630
KMQT20150625-5,KMQT20150625_095326_V06,4,1.318,1.200,2999,0,78251.276,550,0,9295.707
KMQT20150625-5,KMQT20150625_095738_V06,0,0.483,1.200,2999,0,264518.054,598,0,28147.365
KMQT20150625-5,KMQT20150625_095738_V06,2,0.879,1.200,3000,0,287005.719,672,0,40077.485
KMQT20150625-5,KMQT20150625_095738_V06,4,1.318,1.200,3010,0,87517.243,605,0,8399.480
KMQT20150625-5,KMQT20150625_100149_V06,0,0.483,1.200,3810,0,241214.643,657,0,35130.233
KMQT20150625-5,KMQT20150625_100149_V06,2,0.879,1.200,3811,0,310969.435,749,0,58684.809
KMQT20150625-5,KMQT20150625_100149_V06,4,1.318,1.200,3813,0,83132.660,675,0,7549.061
KMQT20150625-5,KMQT20150625_100600_V06,0,0.483,1.200,1508,0,290252.815,530,0,33997.697
KMQT20150625-5,KMQT20150625_100600_V06,2,0.879,1.200,1505,0,391585.250,540,0,66901.556
KMQT20150625-5,KMQT20150625_100600_V06,4,1.318,1.200,1504,0,129302.093,473,0,15986.604
KMQT20150625-5,KMQT20150625_101010_V06,0,0.483,1.200,2614,0,345997.332,643,0,64750.310
KMQT20150625-5,KMQT20150625_101010_V06,2,0.879,1.200,2610,0,502247.798,687,0,106886.739
KMQT20150625-5,KMQT20150625_101010_V06,4,1.318,1.200,2613,0,149912.887,656,0,21075.331
KMQT20150625-5,KMQT20150625_101433_V06,0,0.483,1.200,2129,0,167645.826,638,0,16842.797
KMQT20150625-5,KMQT20150625_101433_V06,2,0.879,1.200,2127,0,437927.454,701,0,96429.925
KMQT20150625-5,KMQT20150625_101433_V06,4,1.318,1.200,2130,0,148678.425,564,0,23714.093
KMQT20150625-5,KMQT20150625_101433_V06,6,1.802,1.200,1060,0,8059.639,0,0,8059.639
KMQT20150625-5,KMQT20150625_101858_V06,0,0.483,1.200,3367,0,260871.500,855,0,37753.601
KMQT20150625-5,KMQT20150625_101858_V06,2,0.879,1.200,3369,0,372423.358,901,0,85795.373
KMQT20150625-5,KMQT20150625_101858_V06,4,1.318,1.200,3371,0,125675.140,656,0,20918.862
KMQT20150625-5,KMQT20150625_101858_V06,6,1.802,1.200,1680,0,8047.862,2,0,7949.660
KMQT20150625-17,KMQT20150625_101010_V06,0,0.483,1.200,3999,0,60912.686,1291,0,1623.226
KMQT20150625-17,KMQT20150625_101010_V06,2,0.879,1.200,4001,0,314793.126,2126,0,11741.295
KMQT20150625-17,KMQT20150625_101010_V06,4,1.318,1.200,4002,0,635740.166,2200,0,36723.570
KMQT20150625-17,KMQT20150625_101010_V06,8,1.802,1.200,1996,0,198471.016,616,0,8956.085
KMQT20150625-17,KMQT20150625_101010_V06,9,2.417,1.200,1994,0,5449.203,154,0,1423.705
KMQT20150625-17,KMQT20150625_101010_V06,10,3.120,1.200,2009,0,20.387,0,0,20.387
KMQT20150625-17,KMQT20150625_101433_V06,0,0.483,1.200,6117,0,63025.332,1321,0,1742.406
KMQT20150625-17,KMQT20150625_101433_V06,2,0.879,1.200,6121,0,313122.987,2306,0,11899.248
KMQT20150625-17,KMQT20150625_101433_V06,4,1.318,1.200,6123,0,555380.089,2256,0,37132.598
KMQT20150625-17,KMQT20150625_101433_V06,6,1.802,1.200,3069,0,173141.454,638,0,12011.126
KMQT20150625-17,KMQT20150625_101433_V06,9,2.417,1.200,3068,0,13335.275,262,0,2795.277
KMQT20150625-17,KMQT20150625_101433_V06,10,3.120,1.200,3064,0,140.739,4,0,92.066
KMQT20150625-4,KMQT20150625_093230_V06,0,0.483,1.200,3620,0,140412.473,1131,0,3083.886
KMQT20150625-4,KMQT20150625_093230_V06,2,0.879,1.200,3623,0,654935.830,1696,0,56114.922
KMQT20150625-4,KMQT20150625_093230_V06,4,1.318,1.200,3617,0,723959.541,1691,0,73325.794
KMQT20150625-4,KMQT20150625_093230_V06,8,1.802,1.200,1807,0,142197.975,550,0,9078.761
KMQT20150625-4,KMQT20150625_093230_V06,9,2.417,1.200,1814,0,4642.777,129,0,2193.227
KMQT20150625-4,KMQT20150625_093628_V06,0,0.483,1.200,5995,0,194704.254,1413,0,6429.507
KMQT20150625-4,KMQT20150625_093628_V06,2,0.879,1.200,5989,0,844295.230,2163,0,76306.204
KMQT20150625-4,KMQT20150625_093628_V06,4,1.318,1.200,5996,0,1192044.581,2242,0,74278.300
KMQT20150625-4,KMQT20150625_093628_V06,8,1.802,1.200,2996,0,190829.788,615,0,12806.433
KMQT20150625-4,KMQT20150625_093628_V06,9,2.417,1.200,2995,0,11840.836,237,0,3667.326
KMQT20150625-4,KMQT20150625_094040_V06,0,0.483,1.200,4293,0,153136.641,1419,0,4104.095
KMQT20150625-4,KMQT20150625_094040_V06,2,0.879,1.200,4289,0,693722.271,1889,0,42586.582
KMQT20150625-4,KMQT20150625_094040_V06,4,1.318,1.200,4292,0,1026677.750,1934,0,81655.681
KMQT20150625-4,KMQT20150625_094040_V06,8,1.802,1.200,2147,0,277727.928,588,0,10865.097
KMQT20150625-4,KMQT20150625_094040_V06,9,2.417,1.200,2149,0,4884.207,150,0,1381.983
KMQT20150625-12,KMQT20150625_100600_V06,0,0.483,1.200,762,0,76883.614,91,0,36.366
KMQT20150625-12,KMQT20150625_100600_V06,2,0.879,1.200,762,0,167003.186,111,0,17.485
KMQT20150625-12,KMQT20150625_100600_V06,4,1.318,1.200,759,0,67076.216,125,0,56.051
KMQT20150625-12,KMQT20150625_100600_V06,8,1.802,1.200,375,0,19162.943,44,0,125.287
KMQT20150625-12,KMQT20150625_100600_V06,9,2.417,1.200,371,0,1106.749,21,0,128.690
KMQT20150626-1,KMQT20150626_100820_V06,0,0.483,1.200,8578,0,714.696,1660,0,615.514
KMQT20150626-1,KMQT20150626_100820_V06,2,1.494,1.200,8583,0,67.811,2094,0,47.440
KMQT20150626-1,KMQT20150626_100820_V06,4,2.505,1.200,4293,0,25.106,746,0,12.631
KMQT20150626-1,KMQT20150626_100820_V06,5,3.516,1.200,4296,0,43.926,1542,0,19.328
KMQT20150626-1,KMQT20150626_100820_V06,6,4.482,1.200,4297,0,43.146,1637,0,16.767
KMQT20150702-1,KMQT20150702_091149_V06,0,0.483,1.200,468,0,63450.078,2,0,63434.042
KMQT20150702-1,KMQT20150702_091149_V06,2,1.494,1.200,471,0,108.189,1,0,54.166
KMQT20150702-2,KMQT20150702_100008_V06,0,0.483,1.200,5160,0,76851.141,65,0,74080.493
KMQT20150702-2,KMQT20150702_100008_V06,2,1.494,1.200,5167,0,958.715,31,0,240.677
KMQT20150706-6,KMQT20150706_101044_V06,0,0.483,1.200,24043,0,4963194.780,5698,0,333048.306
KMQT20150706-6,KMQT20150706_101044_V06,2,1.450,1.200,24055,0,10328246.767,9615,0,1164338.387
KMQT20150706-6,KMQT20150706_101529_V06,0,0.483,1.200,28158,0,5342138.117,6284,0,646738.682
KMQT20150706-6,KMQT20150706_101529_V06,2,1.450,1.200,28183,0,11112645.335,10858,0,1281363.690
KMQT20150706-6,KMQT20150706_102014_V06,0,0.483,1.200,32918,0,6368757.703,6727,0,763852.915
KMQT20150706-6,KMQT20150706_102014_V06,2,1.450,1.200,32952,0,12533219.289,11910,0,1727184.593
KMQT20150706-6,KMQT20150706_102457_V06,0,0.483,1.200,21591,0,1527004.586,3799,0,102425.544
KMQT20150712-1,KMQT20150712_094057_V06,0,0.483,1.200,280,0,1519.958,31,0,1387.828
KMQT20150712-1,KMQT20150712_094057_V06,2,1.450,1.200,279,0,0.219,0,0,0.219
KMQT20150712-1,KMQT20150712_094057_V06,4,2.417,1.200,141,0,0.221,0,0,0.221
KMQT20150712-1,KMQT20150712_094057_V06,5,3.384,1.200,139,0,0.219,0,0,0.219
KMQT20150712-1,KMQT20150712_094057_V06,6,4.307,1.200,139,0,0.219,0,0,0.219
KMQT20150714-13,KMQT20150714_101513_V06,0,0.483,1.200,16623,0,54709.789,2901,0,199.880
KMQT20150714-13,KMQT20150714_101513_V06,2,1.450,1.200,16642,0,207331.987,4269,0,503.232
KMQT20150714-13,KMQT20150714_101513_V06,4,2.417,1.200,8314,0,65089.648,1303,0,264.559
KMQT20150714-13,KMQT20150714_101513_V06,5,3.384,1.200,8325,0,19563.356,512,0,199.351
KMQT20150714-13,KMQT20150714_101513_V06,6,4.307,1.200,8333,0,5090.967,272,0,38.180
KMQT20150714-13,KMQT20150714_101949_V06,0,0.483,1.200,24865,0,92865.175,5988,0,399.770
KMQT20150714-13,KMQT20150714_101949_V06,2,1.450,1.200,24881,0,318576.226,7934,0,696.380
KMQT20150714-13,KMQT20150714_101949_V06,4,2.417,1.200,12399,0,129266.567,2694,0,554.802
KMQT20150714-13,KMQT20150714_101949_V06,5,3.384,1.200,12410,0,53496.940,1499,0,183.224
KMQT20150714-13,KMQT20150714_101949_V06,6,4.307,1.200,12434,0,27112.274,917,0,30.822
KMQT20150714-11,KMQT20150714_101031_V06,0,0.483,1.200,5557,0,9829.566,1811,0,4227.750
KMQT20150714-11,KMQT20150714_101031_V06,2,1.450,1.200,5565,0,2059.466,1098,0,604.464
KMQT20150714-11,KMQT20150714_101031_V06,4,2.417,1.200,2779,0,47.035,22,0,38.357
KMQT20150714-11,KMQT20150714_101031_V06,5,3.384,1.200,2784,0,15.969,0,0,15.969
KMQT20150714-11,KMQT20150714_101031_V06,6,4.307,1.200,2791,0,13.661,15,0,8.560
KMQT20150714-11,KMQT20150714_101031_V06,7,6.021,1.200,2796,0,17.089,0,0,17.089
KMQT20150715-1,KMQT20150715_100749_V06,0,0.483,1.200,5979,0,30595.587,261,0,4756.988
KMQT20150716-1,KMQT20150716_091315_V06,0,0.483,1.200,726,0,59142.173,15,0,58506.847
KMQT20150716-1,KMQT20150716_091315_V06,2,1.450,1.200,725,0,224.529,4,0,90.855
KMQT20150717-15,KMQT20150717_105650_V06,0,0.483,1.200,7799,0,42641.961,492,0,520.249
KMQT20150717-15,KMQT20150717_105650_V06,2,1.450,1.200,7809,0,4863.050,229,0,264.943
KMQT20150727-1,KMQT20150727_100241_V06,0,0.483,1.200,68,0,1302.972,1,0,1295.686
KMQT20150727-1,KMQT20150727_100241_V06,2,1.494,1.200,66,0,3.475,4,0,0.049
KMQT20150727-1,KMQT20150727_100241_V06,4,2.505,1.200,36,0,0.057,0,0,0.057
KMQT20150727-1,KMQT20150727_100241_V06,5,3.516,1.200,36,0,0.057,0,0,0.057
KMQT20150801-2,KMQT20150801_093531_V06,0,0.483,1.200,1340,0,99530.324,326,0,6079.403
KMQT20150801-2,KMQT20150801_093531_V06,2,1.450,1.200,1342,0,78414.719,489,0,1661.444
KMQT20150802-22,KMQT20150802_105714_V06,0,0.483,1.200,11706,0,629776.718,2324,0,89423.189
KMQT20150802-22,KMQT20150802_105714_V06,2,0.879,1.200,11721,0,1436645.654,3969,0,109391.536
KMQT20150802-22,KMQT20150802_105714_V06,4,1.318,1.200,11722,0,874216.706,4155,0,48053.506
KMQT20150802-22,KMQT20150802_110219_V06,0,0.483,1.200,15560,0,839433.662,2211,0,104819.428
KMQT20150802-22,KMQT20150802_110219_V06,2,0.879,1.200,15553,0,1860866.080,3956,0,174462.197
KMQT20150802-22,KMQT20150802_110219_V06,4,1.318,1.200,15563,0,1056670.562,4262,0,56683.397
KMQT20150802-21,KMQT20150802_105208_V06,0,0.483,1.200,5075,0,663790.338,1485,0,99172.814
KMQT20150802-21,KMQT20150802_105208_V06,2,0.879,1.200,5084,0,903467.357,2244,0,88317.430
KMQT20150802-21,KMQT20150802_105208_V06,4,1.318,1.200,5080,0,358158.389,2017,0,23126.300
KMQT20150804-6,KMQT20150804_093441_V06,0,0.483,1.200,168,0,12341.689,59,0,1370.692
KMQT20150804-6,KMQT20150804_093441_V06,2,1.450,1.200,169,0,741.957,27,0,51.899
KMQT20150804-6,KMQT20150804_093926_V06,0,0.483,1.200,946,0,15962.035,99,0,1017.228
KMQT20150804-6,KMQT20150804_093926_V06,2,1.450,1.200,945,0,474.334,17,0,90.580
KMQT20150804-6,KMQT20150804_094412_V06,0,0.483,1.200,2355,0,25991.541,97,0,2981.415
KMQT20150804-6,KMQT20150804_094412_V06,2,1.450,1.200,2357,0,297.903,12,0,7.303
KMQT20150804-6,KMQT20150804_094928_V06,0,0.483,1.200,1846,0,21382.714,115,0,2290.789
KMQT20150804-6,KMQT20150804_094928_V06,2,1.450,1.200,1847,0,225.306,6,0,114.530
KMQT20150804-6,KMQT20150804_095413_V06,0,0.483,1.200,3268,0,18132.136,103,0,1475.998
KMQT20150804-6,KMQT20150804_095413_V06,2,1.450,1.200,3266,0,114.127,3,0,36.617
KMQT20150808-3,KMQT20150808_105522_V06,0,0.483,1.200,1947,0,63067.228,515,0,148.043
KMQT20150808-3,KMQT20150808_105522_V06,2,1.450,1.200,1951,0,210728.631,590,0,17738.288
KMQT20150808-3,KMQT20150808_105522_V06,4,2.417,1.200,975,0,108284.782,273,0,8396.218
KMQT20150808-3,KMQT20150808_105522_V06,5,3.384,1.200,980,0,285.451,23,0,103.001
KMQT20150808-4,KMQT20150808_105522_V06,0,0.483,1.200,28660,0,422556.423,6776,0,141.007
KMQT20150808-4,KMQT20150808_105522_V06,2,1.450,1.200,28668,0,459657.186,8941,0,315.455
KMQT20150808-4,KMQT20150808_105522_V06,4,2.417,1.200,14346,0,416482.597,3980,0,227.140
KMQT20150808-4,KMQT20150808_105522_V06,5,3.384,1.200,14362,0,487201.724,3524,0,16579.953
KMQT20150808-4,KMQT20150808_105522_V06,6,4.307,1.200,14383,2,850917.234,2688,0,124780.421
KMQT20150808-4,KMQT20150808_105522_V06,7,6.021,1.200,14420,0,104917.767,1813,0,9979.207
KMQT20150810-4,KMQT20150810_101008_V06,0,0.483,1.200,6333,0,113833.534,2950,0,33119.265
KMQT20150810-4,KMQT20150810_101008_V06,2,0.879,1.200,6339,0,92840.187,3070,0,10495.022
KMQT20150810-4,KMQT20150810_101008_V06,4,1.318,1.200,6346,0,93851.422,3312,0,2305.850
KMQT20150810-4,KMQT20150810_101008_V06,6,1.802,1.200,3174,0,74636.519,1277,0,824.705
KMQT20150810-4,KMQT20150810_101008_V06,7,2.417,1.200,3173,0,76806.721,1269,0,289.341
KMQT20150810-4,KMQT20150810_101008_V06,8,3.120,1.200,3179,0,85756.872,1371,0,225.127
KMQT20150810-4,KMQT20150810_101008_V06,9,3.999,1.200,3178,0,216354.755,1523,0,25571.262
KMQT20150810-4,KMQT20150810_101008_V06,10,5.098,1.200,3184,0,70972.712,1744,0,3318.764
KMQT20150810-4,KMQT20150810_101008_V06,11,6.416,1.200,3194,0,18267.540,1484,0,1659.173
KMQT20150810-4,KMQT20150810_101008_V06,12,7.998,1.200,3206,0,20477.455,1220,0,1602.606
KMQT20150812-4,KMQT20150812_104942_V06,0,0.483,1.200,12340,0,134854.970,1657,0,41576.400
KMQT20150812-6,KMQT20150812_110845_V06,0,0.483,1.200,12704,0,52081.799,587,0,14886.937
KMQT20150817-2,KMQT20150817_101200_V06,0,0.483,1.200,101747,15,2101097.032,45803,12,699430.728
KMQT20150817-2,KMQT20150817_101200_V06,2,0.879,1.200,101756,4,2451918.178,57477,4,251414.522
KMQT20150817-2,KMQT20150817_101200_V06,4,1.318,1.200,101780,0,2634342.290,70553,0,52824.991
KMQT20150817-2,KMQT20150817_101200_V06,6,1.802,1.200,50896,0,2612509.146,39239,0,12783.253
KMQT20150817-2,KMQT20150817_101200_V06,7,2.417,1.200,50931,0,2868168.188,41711,0,21892.099
KMQT20150817-2,KMQT20150817_101200_V06,8,3.120,1.200,50964,0,3458076.396,43198,0,135936.014
KMQT20150817-2,KMQT20150817_101200_V06,9,3.999,1.200,51011,0,3192614.873,43118,0,169679.994
KMQT20150817-2,KMQT20150817_101200_V06,10,5.098,1.200,51097,6,2953548.096,41094,0,176813.450
KMQT20150817-2,KMQT20150817_101200_V06,11,6.416,1.200,51243,14,2550828.888,40220,0,267258.887
KMQT20150817-2,KMQT20150817_101200_V06,12,7.998,1.200,51421,14,1948035.564,39938,0,161118.637
KMQT20150817-2,KMQT20150817_101200_V06,13,10.020,1.200,51754,5,835178.301,38200,0,46743.970
KMQT20150817-2,KMQT20150817_101638_V06,0,0.483,1.200,117590,7,2356637.007,53131,7,854087.423
KMQT20150817-2,KMQT20150817_101638_V06,2,0.879,1.200,117614,5,2703047.453,66912,2,319314.514
KMQT20150817-2,KMQT20150817_101638_V06,4,1.318,1.200,117634,1,3114691.614,83335,0,73248.635
KMQT20150817-2,KMQT20150817_101638_V06,6,1.802,1.200,58838,0,2868249.587,44421,0,17622.115
KMQT20150817-2,KMQT20150817_101638_V06,7,2.417,1.200,58868,0,2946904.139,47773,0,32423.021
KMQT20150817-2,KMQT20150817_101638_V06,8,3.120,1.200,58915,2,3959492.171,49494,0,273680.701
KMQT20150817-2,KMQT20150817_101638_V06,9,3.999,1.200,58979,0,3534349.347,49806,0,162032.205
KMQT20150817-2,KMQT20150817_101638_V06,10,5.098,1.200,59062,8,3318739.754,47403,0,245814.462
KMQT20150817-2,KMQT20150817_101638_V06,11,6.416,1.200,59214,37,3171720.341,44676,0,319391.082
KMQT20150817-2,KMQT20150817_101638_V06,12,7.998,1.200,59443,8,1735319.108,44186,1,111327.043
KMQT20150817-2,KMQT20150817_101638_V06,13,10.020,1.200,59793,7,1113786.193,42549,3,75577.748
KMQT20150817-2,KMQT20150817_101638_V06,14,12.480,1.200,60356,14,623619.730,38235,0,29509.069
KMQT20150817-10,KMQT20150817_120451_V06,0,0.483,1.200,4099,0,7170.112,1514,0,1337.509
KMQT20150817-10,KMQT20150817_120451_V06,2,0.879,1.200,4100,0,6088.701,1487,0,385.961
KMQT20150817-10,KMQT20150817_120451_V06,4,1.318,1.200,4099,0,5876.376,1452,0,82.102
KMQT20150817-10,KMQT20150817_120451_V06,6,1.802,1.200,2047,0,5916.708,539,0,199.017
KMQT20150817-10,KMQT20150817_120451_V06,7,2.417,1.200,2045,0,9474.876,716,0,153.708
KMQT20150817-10,KMQT20150817_120451_V06,8,3.120,1.200,2046,0,14212.566,912,0,276.375
KMQT20150817-10,KMQT20150817_120451_V06,9,3.999,1.200,2051,0,34018.799,942,0,3650.961
KMQT20150817-10,KMQT20150817_120451_V06,10,5.098,1.200,2059,0,26571.188,711,0,2021.934
KMQT20150817-10,KMQT20150817_120451_V06,11,6.416,1.200,2068,0,273.561,152,0,54.092
KMQT20150818-1,KMQT20150818_100711_V06,0,0.483,1.200,2580,0,110710.109,999,0,10055.859
KMQT20150818-1,KMQT20150818_101222_V06,0,0.483,1.200,4152,0,143088.350,1059,0,9759.374
KMQT20150818-1,KMQT20150818_101739_V06,0,0.483,1.200,3176,0,112893.011,934,0,8750.372
KMQT20150821-1,KMQT20150821_111041_V06,0,0.483,1.200,5466,38,262804.582,195,37,248811.468
KMQT20150821-1,KMQT20150821_111041_V06,2,1.494,1.200,5477,0,11011.825,28,0,6780.824
KMQT20150823-1,KMQT20150823_100041_V06,0,0.483,1.200,1617,0,239261.761,503,0,12814.089
KMQT20150823-1,KMQT20150823_100041_V06,2,1.450,1.200,1625,0,271447.223,512,0,12250.930
KMQT20150823-1,KMQT20150823_100516_V06,0,0.483,1.200,3239,0,256832.783,639,0,6750.269
KMQT20150823-1,KMQT20150823_100516_V06,2,1.450,1.200,3243,0,323548.794,643,0,10093.476
KMQT20150823-1,KMQT20150823_100952_V06,0,0.483,1.200,5791,0,191278.908,694,0,3936.001
KMQT20150823-1,KMQT20150823_100952_V06,2,1.450,1.200,5794,0,427459.587,802,0,20757.781
KMQT20150823-1,KMQT20150823_101430_V06,0,0.483,1.200,6339,0,161740.370,715,0,2581.632
KMQT20150823-1,KMQT20150823_101430_V06,2,1.450,1.200,6342,0,711775.076,793,0,63012.043
KMQT20150823-1,KMQT20150823_101906_V06,0,0.483,1.200,5213,0,164406.775,728,0,1293.188
KMQT20150823-1,KMQT20150823_101906_V06,2,1.450,1.200,5223,0,806237.349,779,0,59909.619
KMQT20150824-2,KMQT20150824_101219_V06,0,0.483,1.200,31822,0,1451280.633,7496,0,93864.449
KMQT20150824-2,KMQT20150824_101219_V06,2,1.494,1.200,31847,1,3304931.822,5674,0,665345.800
KMQT20150824-2,KMQT20150824_101219_V06,4,2.505,1.200,15933,0,251862.080,2062,0,1901.382
KMQT20150824-2,KMQT20150824_101219_V06,5,3.516,1.200,15949,0,27522.561,1030,0,413.763
KMQT20150824-4,KMQT20150824_104553_V06,0,0.483,1.200,18857,0,63663.868,1381,0,3982.009
KMQT20150824-4,KMQT20150824_104553_V06,2,1.450,1.200,18862,0,89.077,2,0,76.810
KMQT20150824-6,KMQT20150824_113837_V06,0,0.483,1.200,2594,0,23697.676,873,0,1022.057
KMQT20150824-6,KMQT20150824_113837_V06,2,1.450,1.200,2595,0,1010.200,180,0,139.673
KMQT20150824-6,KMQT20150824_113837_V06,4,2.417,1.200,1292,0,1027.229,60,0,437.866
KMQT20150825-6,KMQT20150825_110223_V06,0,0.483,1.200,844,0,6250.755,225,0,2084.295
KMQT20150825-6,KMQT20150825_110223_V06,2,1.494,1.200,850,0,5653.865,348,0,1028.169
KMQT20150825-6,KMQT20150825_111203_V06,0,0.483,1.200,2728,0,7720.692,332,0,3002.072
KMQT20150825-6,KMQT20150825_111203_V06,2,1.494,1.200,2731,0,6076.612,457,0,1458.281
KMQT20150825-12,KMQT20150825_120021_V06,0,0.483,1.200,11752,0,107958.052,1965,0,27305.831
KMQT20150825-12,KMQT20150825_120021_V06,2,1.494,1.200,11761,0,31087.442,1455,0,8993.000
KMQT20150829-10,KMQT20150829_112158_V06,0,0.483,1.200,15172,0,747291.884,1901,0,102584.191
KMQT20150829-10,KMQT20150829_112158_V06,2,0.879,1.200,15175,0,1042895.845,2625,0,155668.542
KMQT20150829-10,KMQT20150829_112158_V06,4,1.318,1.200,15177,0,372152.481,2713,0,47589.827
KMQT20150829-10,KMQT20150829_112556_V06,0,0.483,1.200,17311,0,525999.376,2146,0,78289.263
KMQT20150829-10,KMQT20150829_113534_V06,0,0.483,1.200,16632,0,193021.835,1553,0,45065.101
KMQT20150829-10,KMQT20150829_113534_V06,2,1.494,1.200,16645,0,84341.447,1633,0,14346.365
KMQT20150829-10,KMQT20150829_114512_V06,0,0.483,1.200,16911,0,47975.720,715,0,23865.954
KMQT20150829-10,KMQT20150829_114512_V06,2,1.494,1.200,16925,0,42053.084,1005,0,8206.896
KMQT20150829-10,KMQT20150829_115449_V06,0,0.483,1.200,23584,0,34868.736,296,0,23885.643
KMQT20150829-10,KMQT20150829_115449_V06,2,1.494,1.200,23600,0,28875.697,762,0,5458.952
KMQT20150829-9,KMQT20150829_111401_V06,0,0.483,1.200,15578,0,1026817.041,2141,0,97460.521
KMQT20150829-9,KMQT20150829_111401_V06,2,0.879,1.200,15575,0,1404205.600,3249,0,128886.765
KMQT20150829-9,KMQT20150829_111401_V06,4,1.318,1.200,15581,0,486847.799,3179,0,41958.499
KMQT20150829-9,KMQT20150829_111759_V06,0,0.483,1.200,18871,0,744495.482,1912,0,85765.497
KMQT20150829-9,KMQT20150829_111759_V06,2,0.879,1.200,18873,0,1195167.299,3127,0,154961.876
KMQT20150829-9,KMQT20150829_111759_V06,4,1.318,1.200,18884,0,502151.177,3308,0,52094.463
KMQT20150829-2,KMQT20150829_100634_V06,0,0.483,1.200,1848,0,3520.991,356,0,638.228
KMQT20150829-2,KMQT20150829_100634_V06,2,0.879,1.200,1846,0,7417.079,590,0,1186.263
KMQT20150829-2,KMQT20150829_100634_V06,4,1.318,1.200,1848,0,11301.741,819,0,1443.474
KMQT20150829-2,KMQT20150829_100634_V06,8,1.802,1.200,927,0,16647.934,374,0,3396.184
KMQT20150829-2,KMQT20150829_100634_V06,9,2.417,1.200,927,0,18125.611,408,0,3067.115
KMQT20150829-2,KMQT20150829_100634_V06,10,3.120,1.200,926,0,1854.126,122,0,417.873
KMQT20150829-7,KMQT20150829_102625_V06,0,0.483,1.200,4059,0,10651.754,493,0,677.877
KMQT20150829-7,KMQT20150829_102625_V06,2,0.879,1.200,4063,0,105336.213,1444,0,1152.864
KMQT20150829-7,KMQT20150829_102625_V06,4,1.318,1.200,4067,0,229465.217,1623,0,2700.224
KMQT20150829-7,KMQT20150829_102625_V06,8,1.802,1.200,2040,0,126825.059,585,0,2934.654
KMQT20150829-7,KMQT20150829_102625_V06,9,2.417,1.200,2036,0,41588.954,195,0,1614.699
KMQT20150829-7,KMQT20150829_102625_V06,10,3.120,1.200,2040,0,1824.921,55,0,87.461
KMQT20150831-3,KMQT20150831_112204_V06,0,0.483,1.200,1755,0,98764.484,153,0,81477.511
KMQT20150831-3,KMQT20150831_112204_V06,2,1.494,1.200,1749,0,108.112,4,0,55.819
KMQT20150831-3,KMQT20150831_113143_V06,0,0.483,1.200,5981,0,234336.766,501,0,188510.851
KMQT20150831-3,KMQT20150831_113143_V06,2,1.494,1.200,5987,0,19.112,0,0,19.112
KMQT20150831-3,KMQT20150831_114122_V06,0,0.483,1.200,5817,0,165627.095,526,0,116467.453
KMQT20150831-3,KMQT20150831_114122_V06,2,1.494,1.200,5817,0,156.920,4,0,115.782
KMQT20150831-3,KMQT20150831_115100_V06,0,0.483,1.200,5030,0,131919.390,501,0,92420.297
KMQT20150831-3,KMQT20150831_115100_V06,2,1.494,1.200,5034,0,114.312,7,0,52.604
KMQT20150831-1,KMQT20150831_101432_V06,0,0.483,1.200,1246,0,319576.430,47,0,315551.661
KMQT20150831-1,KMQT20150831_101432_V06,2,1.494,1.200,1249,0,416.175,16,0,331.294
KMQT20150831-1,KMQT20150831_101432_V06,4,2.505,1.200,660,0,440.268,9,0,254.724
KMQT20150831-2,KMQT20150831_105307_V06,0,0.483,1.200,396,0,7979.098,2,0,7733.619
KMQT20150831-2,KMQT20150831_105307_V06,2,1.494,1.200,395,0,684.145,22,0,518.609
KMQT20150902-1,KMQT20150902_104648_V06,0,0.483,1.200,446,0,26444.422,102,0,12773.963
KMQT20150902-1,KMQT20150902_105124_V06,0,0.483,1.200,1329,0,27625.802,129,0,13054.958
KMQT20150902-1,KMQT20150902_105600_V06,0,0.483,1.200,1471,0,30901.551,151,0,11921.454
KMQT20150902-1,KMQT20150902_110037_V06,0,0.483,1.200,1511,0,17725.395,99,0,6701.738
KMQT20150902-1,KMQT20150902_110037_V06,2,1.450,1.200,1507,0,95400.390,688,0,9505.585
KMQT20150902-1,KMQT20150902_110543_V06,0,0.483,1.200,1728,0,8066.086,77,0,2784.981
KMQT20150902-1,KMQT20150902_110543_V06,2,1.450,1.200,1727,0,123774.397,745,0,8405.655
KMQT20150902-1,KMQT20150902_111020_V06,0,0.483,1.200,2594,0,11478.318,112,0,5462.966
KMQT20150902-1,KMQT20150902_111020_V06,2,1.450,1.200,2596,0,240832.320,1231,0,12948.493
KMQT20150902-1,KMQT20150902_111459_V06,0,0.483,1.200,2422,0,7325.813,85,0,2194.611
KMQT20150902-1,KMQT20150902_111459_V06,2,1.450,1.200,2420,0,239861.331,1209,0,13818.717
KMQT20150902-1,KMQT20150902_111939_V06,0,0.483,1.200,2560,0,28562.860,158,0,5626.165
KMQT20150902-1,KMQT20150902_111939_V06,2,1.450,1.200,2561,0,341845.708,1432,0,11314.816
KMQT20150902-1,KMQT20150902_112418_V06,0,0.483,1.200,2702,0,94886.647,178,0,30997.299
KMQT20150902-1,KMQT20150902_112418_V06,2,1.450,1.200,2707,0,450710.375,1601,0,9610.424
KMQT20150902-1,KMQT20150902_112854_V06,0,0.483,1.200,2839,0,143537.107,326,0,12956.846
KMQT20150902-1,KMQT20150902_112854_V06,2,1.450,1.200,2847,0,503293.967,1956,0,7216.571
KMQT20150902-1,KMQT20150902_113330_V06,0,0.483,1.200,2990,0,152735.177,491,0,16374.528
KMQT20150902-1,KMQT20150902_113330_V06,2,1.450,1.200,2988,0,565841.775,2244,0,10086.038
KMQT20150902-1,KMQT20150902_113807_V06,0,0.483,1.200,3131,0,164346.633,579,0,23765.496
KMQT20150902-1,KMQT20150902_113807_V06,2,1.450,1.200,3134,0,585541.059,2482,0,10786.767
KMQT20150902-1,KMQT20150902_114244_V06,0,0.483,1.200,3285,0,253766.482,609,0,28883.221
KMQT20150902-1,KMQT20150902_114244_V06,2,1.450,1.200,3288,0,616954.300,2704,0,10852.855
KMQT20150902-1,KMQT20150902_114720_V06,0,0.483,1.200,3442,0,447872.714,740,0,68566.104
KMQT20150902-1,KMQT20150902_114720_V06,2,1.450,1.200,3443,0,686747.362,2883,0,10295.815
KMQT20150902-1,KMQT20150902_115159_V06,0,0.483,1.200,3590,0,180418.667,722,0,35046.341
KMQT20150902-1,KMQT20150902_115159_V06,2,1.450,1.200,3602,0,617608.720,3074,0,13739.539
KMQT20150902-1,KMQT20150902_115636_V06,0,0.483,1.200,6784,0,302242.320,1581,0,63656.845
KMQT20150902-1,KMQT20150902_115636_V06,2,1.450,1.200,6789,0,1509498.220,5781,0,25934.767
KMQT20150902-1,KMQT20150902_120121_V06,0,0.483,1.200,7548,0,390073.625,1813,0,85365.065
KMQT20150902-1,KMQT20150902_120121_V06,2,1.450,1.200,7552,0,1812361.843,6366,0,30075.198
KMQT20150902-1,KMQT20150902_120606_V06,0,0.483,1.200,7165,0,333768.652,1556,0,58275.521
KMQT20150902-2,KMQT20150902_123634_V06,0,0.483,1.200,2039,0,2517245.743,1570,0,218963.817
KMQT20150902-2,KMQT20150902_123634_V06,2,0.879,1.200,2035,0,4781322.964,1598,0,414734.333
KMQT20150902-2,KMQT20150902_123634_V06,4,1.318,1.200,2034,0,5208242.220,1991,0,9782.114
KMQT20150906-1,KMQT20150906_113238_V06,0,0.483,1.200,2820,0,1092064.636,1471,0,173130.240
KMQT20150906-1,KMQT20150906_113713_V06,0,0.483,1.200,4293,0,2051211.406,2289,0,347845.363
KMQT20150906-1,KMQT20150906_114154_V06,0,0.483,1.200,6177,0,3486562.610,3487,0,499734.183
KMQT20150906-1,KMQT20150906_114632_V06,0,0.483,1.200,6782,0,3779126.878,3751,0,477485.939
KMQT20150908-6,KMQT20150908_104956_V06,0,0.483,1.200,10578,0,2890471.616,7085,0,509076.318
KMQT20150908-6,KMQT20150908_104956_V06,2,1.450,1.200,10592,0,1387565.951,8568,0,112682.239
KMQT20150908-6,KMQT20150908_105441_V06,0,0.483,1.200,13776,0,2569817.175,7666,0,514309.648
KMQT20150908-6,KMQT20150908_105441_V06,2,1.450,1.200,13787,0,1690475.240,10846,0,132727.835
KMQT20150908-6,KMQT20150908_105948_V06,0,0.483,1.200,14093,0,2950546.941,8134,0,586259.690
KMQT20150908-6,KMQT20150908_105948_V06,2,1.450,1.200,14110,0,2055839.605,11336,0,210994.216
KMQT20150908-2,KMQT20150908_103102_V06,0,0.483,1.200,5074,0,410389.209,2255,0,70658.625
KMQT20150908-2,KMQT20150908_103102_V06,2,1.450,1.200,5079,0,738363.050,4507,0,36860.578
KMQT20150908-2,KMQT20150908_103537_V06,0,0.483,1.200,7537,0,1911489.870,4591,0,333355.863
KMQT20150908-2,KMQT20150908_103537_V06,2,1.450,1.200,7545,0,1071506.382,6584,0,58276.279
KMQT20150908-2,KMQT20150908_104044_V06,0,0.483,1.200,10048,0,2283471.545,6096,0,368298.081
KMQT20150908-2,KMQT20150908_104044_V06,2,1.450,1.200,10057,0,1261650.091,8525,0,76525.409
KMQT20150911-11,KMQT20150911_113331_V06,0,0.483,1.200,4125,0,1491.350,632,0,72.945
KMQT20150911-11,KMQT20150911_113331_V06,2,1.494,1.200,4125,0,1341.566,1235,0,142.042
KMQT20150911-11,KMQT20150911_113331_V06,4,2.505,1.200,2065,0,2.150,0,0,2.150
KMQT20150911-11,KMQT20150911_113331_V06,5,3.516,1.200,2066,0,2.155,0,0,2.155
KMQT20150911-11,KMQT20150911_113331_V06,6,4.482,1.200,2070,0,2.166,0,0,2.166
KMQT20150911-12,KMQT20150911_114310_V06,0,0.483,1.200,1261,0,4733.089,424,0,674.059
KMQT20150911-12,KMQT20150911_114310_V06,2,1.494,1.200,1264,0,358.964,166,0,45.401
KMQT20150911-12,KMQT20150911_114310_V06,4,2.505,1.200,633,0,3.897,0,0,3.897
KMQT20150911-12,KMQT20150911_114310_V06,5,3.516,1.200,633,0,0.571,0,0,0.571
KMQT20150911-12,KMQT20150911_114310_V06,6,4.482,1.200,636,0,0.575,0,0,0.575
KMQT20150911-19,KMQT20150911_123133_V06,0,0.483,1.200,8791,0,37460.493,1255,0,377.986
KMQT20150911-19,KMQT20150911_123133_V06,2,1.494,1.200,8787,0,24082.789,1920,0,160.501
KMQT20150911-19,KMQT20150911_123133_V06,4,2.505,1.200,4399,0,313.483,172,0,21.105
KMQT20150911-19,KMQT20150911_123133_V06,5,3.516,1.200,4409,0,5.899,0,0,5.899
KMQT20150911-19,KMQT20150911_123133_V06,6,4.482,1.200,4410,0,5.005,0,0,5.005
KMQT20150911-24,KMQT20150911_124114_V06,0,0.483,1.200,11160,0,4049.059,1118,0,121.206
KMQT20150911-24,KMQT20150911_124114_V06,2,1.494,1.200,11165,0,12074.595,2140,0,445.153
KMQT20150911-24,KMQT20150911_124114_V06,4,2.505,1.200,5592,0,495.777,241,0,34.770
KMQT20150911-24,KMQT20150911_124114_V06,5,3.516,1.200,5595,0,6.534,0,0,6.534
KMQT20150911-24,KMQT20150911_124114_V06,6,4.482,1.200,5593,0,6.555,0,0,6.555
KMQT20150916-3,KMQT20150916_104638_V06,0,0.483,1.200,2328,0,5285.710,1046,0,97.411
KMQT20150916-3,KMQT20150916_104638_V06,2,1.450,1.200,2337,0,80189.354,1562,0,43.900
KMQT20150916-3,KMQT20150916_104638_V06,4,2.417,1.200,1139,0,124060.797,839,0,8.262
KMQT20150916-3,KMQT20150916_104638_V06,5,3.384,1.200,1143,3,414338.949,942,0,152059.356
KMQT20150916-3,KMQT20150916_104638_V06,6,4.307,1.200,1142,0,392418.720,947,0,12717.132
KMQT20150916-3,KMQT20150916_104638_V06,7,6.021,1.200,1147,0,298227.477,1092,0,436.665
KMQT20150917-1,KMQT20150917_105015_V06,0,0.483,1.200,13369,0,5365.714,3955,0,3488.055
KMQT20150917-1,KMQT20150917_105015_V06,2,1.450,1.200,13374,0,286.299,3296,0,181.857
KMQT20150917-1,KMQT20150917_105015_V06,4,2.417,1.200,6690,0,38.713,537,0,28.366
KMQT20150917-1,KMQT20150917_105015_V06,5,3.384,1.200,6693,0,19.583,398,0,11.985
KMQT20150917-1,KMQT20150917_105015_V06,6,4.307,1.200,6697,0,10.597,325,0,7.806
KMQT20150917-1,KMQT20150917_105015_V06,7,6.021,1.200,6716,0,7.190,284,0,4.956
KMQT20150917-1,KMQT20150917_105015_V06,8,9.888,1.200,6789,0,3.097,91,0,2.130
KMQT20150917-2,KMQT20150917_120930_V06,0,0.483,1.200,6724,0,19168.916,244,0,1455.169
KMQT20150917-2,KMQT20150917_120930_V06,2,1.450,1.200,6737,0,159980.663,1704,0,9424.096
KMQT20150918-1,KMQT20150918_113010_V06,0,0.483,1.200,974,0,37832.605,51,0,36081.559
KMQT20150918-1,KMQT20150918_113010_V06,2,0.879,1.200,975,0,1176.458,17,0,896.281
KMQT20150918-1,KMQT20150918_113010_V06,4,1.318,1.200,972,0,2.534,0,0,2.534
KMQT20150918-1,KMQT20150918_113010_V06,8,1.802,1.200,489,0,2.551,0,0,2.551
KMQT20150918-1,KMQT20150918_113427_V06,0,0.483,1.200,1941,0,49795.025,49,0,46880.721
KMQT20150918-1,KMQT20150918_113427_V06,2,0.879,1.200,1942,0,1494.142,8,0,1339.132
KMQT20150918-1,KMQT20150918_113427_V06,4,1.318,1.200,1940,0,22.192,2,0,5.069
KMQT20150918-1,KMQT20150918_113427_V06,8,1.802,1.200,972,0,5.091,0,0,5.091
KMQT20150918-1,KMQT20150918_113839_V06,0,0.483,1.200,771,0,54636.864,42,0,51082.382
KMQT20150918-1,KMQT20150918_113839_V06,2,0.879,1.200,766,0,7246.972,29,0,6536.686
KMQT20150918-1,KMQT20150918_113839_V06,4,1.318,1.200,771,0,2.113,0,0,2.113
KMQT20150918-1,KMQT20150918_113839_V06,8,1.802,1.200,385,0,2.108,0,0,2.108
KMQT20150919-5,KMQT20150919_121022_V06,0,0.483,1.200,5157,0,29340.608,751,0,13509.396
KMQT20150919-5,KMQT20150919_121022_V06,2,1.450,1.200,5158,0,8958.805,1302,0,392.488
KMQT20150919-5,KMQT20150919_121022_V06,4,2.417,1.200,2584,0,3083.865,499,0,392.210
KMQT20150919-5,KMQT20150919_121022_V06,5,3.384,1.200,2584,0,226.969,82,0,35.720
KMQT20150919-5,KMQT20150919_121022_V06,6,4.307,1.200,2591,0,2.252,0,0,2.252
KMQT20150919-5,KMQT20150919_121022_V06,7,6.021,1.200,2598,0,2.271,0,0,2.271
KMQT20150919-7,KMQT20150919_122410_V06,0,0.483,1.200,5817,0,31726.953,613,0,16350.570
KMQT20150919-7,KMQT20150919_122410_V06,2,1.450,1.200,5825,0,10722.841,707,0,3185.800
KMQT20150919-7,KMQT20150919_122410_V06,4,2.417,1.200,2921,0,1088.704,135,0,139.494
KMQT20150919-7,KMQT20150919_122410_V06,5,3.384,1.200,2923,0,29.150,4,0,3.735
KMQT20150919-7,KMQT20150919_122410_V06,6,4.307,1.200,2930,0,3.757,0,0,3.757
KMQT20150924-3,KMQT20150924_114050_V06,0,0.483,1.200,8029,0,5757088.833,5113,0,524664.803
KMQT20150928-15,KMQT20150928_124411_V06,0,0.483,1.200,5470,0,1508050.079,1255,0,255460.803
KMQT20151011-1,KMQT20151011_121440_V06,0,0.483,1.200,20866,0,955.610,3059,0,530.267
KMQT20151011-1,KMQT20151011_121440_V06,2,1.494,1.200,20871,0,17.804,5660,0,8.120
KMQT20151011-1,KMQT20151011_121440_V06,4,2.505,1.200,10452,0,6.429,1999,0,4.101
KMQT20151011-1,KMQT20151011_121440_V06,5,3.516,1.200,10463,0,10.868,1869,0,1.442
KMQT20151011-1,KMQT20151011_121440_V06,6,4.482,1.200,10480,0,3.195,1479,0,2.918
KMQT20151011-1,KMQT20151011_122418_V06,0,0.483,1.200,54121,8,2954.787,4378,7,1917.120
KMQT20151011-1,KMQT20151011_122418_V06,2,1.494,1.200,54140,0,340.106,10682,0,51.668
KMQT20151011-1,KMQT20151011_122418_V06,4,2.505,1.200,27093,0,340.818,3437,0,27.924
KMQT20151011-1,KMQT20151011_122418_V06,5,3.516,1.200,27121,0,78.322,2732,0,37.330
KMQT20151011-1,KMQT20151011_122418_V06,6,4.482,1.200,27165,0,13.287,2159,0,11.017
KMQT20151011-1,KMQT20151011_123357_V06,0,0.483,1.200,15303,0,666.236,2935,0,478.596
KMQT20151011-1,KMQT20151011_123357_V06,2,1.494,1.200,15313,0,7.902,5319,0,4.493
KMQT20151011-1,KMQT20151011_123357_V06,4,2.505,1.200,7657,0,2.384,1829,0,1.548
KMQT20151011-1,KMQT20151011_123357_V06,5,3.516,1.200,7666,0,11.944,1133,0,11.763
KMQT20151011-1,KMQT20151011_123357_V06,6,4.482,1.200,7675,0,2.412,768,0,2.378
KMQT20151011-1,KMQT20151011_124336_V06,0,0.483,1.200,48057,9,3238.093,4759,6,1789.763
KMQT20151011-1,KMQT20151011_124336_V06,2,1.494,1.200,48080,0,279.705,11746,0,53.578
KMQT20151011-1,KMQT20151011_124336_V06,4,2.505,1.200,24053,0,17.853,3465,0,16.093
KMQT20151011-1,KMQT20151011_124336_V06,5,3.516,1.200,24074,0,49.496,2401,0,45.666
KMQT20151011-1,KMQT20151011_124336_V06,6,4.482,1.200,24107,0,4.000,2036,0,2.627
KMQT20151011-1,KMQT20151011_125315_V06,0,0.483,1.200,15351,0,627.963,3523,0,433.818
KMQT20151011-1,KMQT20151011_125315_V06,2,1.494,1.200,15354,0,30.772,6398,0,6.751
KMQT20151011-1,KMQT20151011_125315_V06,4,2.505,1.200,7685,0,10.609,2024,0,9.844
KMQT20151011-1,KMQT20151011_125315_V06,5,3.516,1.200,7690,0,1.454,1642,0,1.289
KMQT20151011-1,KMQT20151011_125315_V06,6,4.482,1.200,7700,0,5.819,1215,0,1.256
KMQT20151013-1,KMQT20151013_111735_V06,0,0.483,1.200,32167,0,49369.675,5792,0,20241.840
KMQT20151013-1,KMQT20151013_111735_V06,2,1.450,1.200,32184,0,151048.748,11682,0,10096.730
KMQT20151013-1,KMQT20151013_111735_V06,4,2.417,1.200,16095,0,11144.874,3333,0,601.669
KMQT20151013-1,KMQT20151013_111735_V06,5,3.384,1.200,16119,0,1160.643,822,0,164.530
KMQT20151013-1,KMQT20151013_111735_V06,6,4.307,1.200,16144,0,668.975,286,0,24.035
KMQT20151015-5,KMQT20151015_115026_V06,0,0.483,1.200,4659,0,217782.436,928,0,19543.318
KMQT20151015-5,KMQT20151015_115026_V06,2,1.450,1.200,4666,0,131.877,2,0,42.719
KMQT20151015-5,KMQT20151015_115505_V06,0,0.483,1.200,6609,0,153572.431,828,0,30312.941
KMQT20151015-5,KMQT20151015_115505_V06,2,1.450,1.200,6619,0,554.396,15,0,62.753
KMQT20151015-5,KMQT20151015_115950_V06,0,0.483,1.200,7663,0,128710.701,844,0,29570.075
KMQT20151015-5,KMQT20151015_115950_V06,2,1.450,1.200,7676,0,1223.706,32,0,240.434
KMQT20151015-5,KMQT20151015_120434_V06,0,0.483,1.200,9116,0,96148.082,811,0,22553.968
KMQT20151015-5,KMQT20151015_120434_V06,2,1.450,1.200,9118,0,3395.886,68,0,328.369
KMQT20151015-5,KMQT20151015_120918_V06,0,0.483,1.200,2800,0,51045.909,494,0,11308.283
KMQT20151015-5,KMQT20151015_120918_V06,2,1.450,1.200,2800,0,5184.039,72,0,440.879
KMQT20151015-13,KMQT20151015_130020_V06,0,0.483,1.200,8501,0,558.441,1689,0,260.660
KMQT20151015-13,KMQT20151015_130020_V06,2,1.450,1.200,8502,0,24.167,2202,0,8.354
KMQT20151015-13,KMQT20151015_130020_V06,4,2.417,1.200,4251,0,6.112,1348,0,3.617
KMQT20151015-13,KMQT20151015_130020_V06,5,3.384,1.200,4251,0,2.742,1601,0,1.226
KMQT20151015-13,KMQT20151015_130020_V06,6,4.307,1.200,4256,0,1.286,1637,0,0.370
KMQT20151015-13,KMQT20151015_130020_V06,7,6.021,1.200,4273,0,0.853,1375,0,0.505
KMQT20151015-13,KMQT20151015_130020_V06,8,9.888,1.200,4320,0,0.217,835,0,0.111
KMQT20151016-4,KMQT20151016_113207_V06,0,0.483,1.200,4974,0,33930.752,1224,0,4838.398
KMQT20151016-4,KMQT20151016_113207_V06,2,1.494,1.200,4971,0,95.250,35,0,37.528
KMQT20151016-4,KMQT20151016_113207_V06,4,2.505,1.200,2494,0,5.659,0,0,5.659
KMQT20151016-4,KMQT20151016_113207_V06,5,3.516,1.200,2494,0,5.672,0,0,5.672
KMQT20151016-4,KMQT20151016_114145_V06,0,0.483,1.200,3576,0,17293.239,808,0,2165.099
KMQT20151016-4,KMQT20151016_114145_V06,2,1.494,1.200,3583,0,33.802,9,0,4.847
KMQT20151016-4,KMQT20151016_114145_V06,4,2.505,1.200,1790,0,4.856,0,0,4.856
KMQT20151017-3,KMQT20151017_114145_V06,0,0.483,1.200,10218,0,529179.542,2114,0,26682.965
KMQT20151017-3,KMQT20151017_114145_V06,2,1.494,1.200,10222,0,268933.180,3308,0,310.692
KMQT20151017-3,KMQT20151017_114145_V06,4,2.505,1.200,5109,0,9734.977,679,0,121.782
KMQT20151017-3,KMQT20151017_114145_V06,5,3.516,1.200,5124,0,9.503,2,0,8.507
KMQT20151017-3,KMQT20151017_114145_V06,6,4.482,1.200,5117,0,6.724,0,0,6.724
KMQT20151021-6,KMQT20151021_133527_V06,0,0.483,1.200,1130,0,75030.164,307,0,6605.984
KMQT20151024-1,KMQT20151024_120501_V06,0,0.483,1.200,11124,0,1155269.050,2237,0,53607.218
KMQT20151024-1,KMQT20151024_121038_V06,0,0.483,1.200,13757,0,1212591.227,2270,0,47599.334
KMQT20151025-15,KMQT20151025_134608_V06,0,0.483,1.200,2857,0,3598.634,585,0,155.084
KMQT20151025-15,KMQT20151025_134608_V06,2,1.450,1.200,2860,0,478.256,182,0,96.949
KMQT20151025-15,KMQT20151025_134608_V06,4,2.417,1.200,1429,0,2.526,0,0,2.526
KMQT20151025-15,KMQT20151025_134608_V06,5,3.384,1.200,1426,0,2.530,0,0,2.530
KMQT20151025-15,KMQT20151025_135052_V06,0,0.483,1.200,5388,0,7252.449,875,0,155.481
KMQT20151025-15,KMQT20151025_135052_V06,2,1.450,1.200,5394,0,1184.057,591,0,121.941
KMQT20151025-15,KMQT20151025_135052_V06,4,2.417,1.200,2702,0,4.727,0,0,4.727
KMQT20151025-15,KMQT20151025_135052_V06,5,3.384,1.200,2708,0,4.745,0,0,4.745
KMQT20151025-5,KMQT20151025_123017_V06,0,0.483,1.200,12041,0,14938.777,931,0,2599.745
KMQT20151025-5,KMQT20151025_123017_V06,2,1.450,1.200,12039,0,19089.379,834,0,4845.224
KMQT20151025-5,KMQT20151025_123017_V06,4,2.417,1.200,6026,0,37.717,0,0,37.717
KMQT20151025-10,KMQT20151025_132711_V06,0,0.483,1.200,1041,1,85075.423,376,1,47468.588
KMQT20151025-10,KMQT20151025_132711_V06,2,1.450,1.200,1039,0,4534.738,393,0,396.055
KMQT20151025-10,KMQT20151025_132711_V06,4,2.417,1.200,519,0,26.004,5,0,23.069
KMQT20151025-10,KMQT20151025_132711_V06,5,3.384,1.200,520,0,2.109,0,0,2.109
KMQT20151025-10,KMQT20151025_132711_V06,6,4.307,1.200,522,0,2.401,1,0,1.610
KMQT20151025-10,KMQT20151025_132711_V06,7,6.021,1.200,520,0,1.044,0,0,1.044
KMQT20151027-3,KMQT20151027_124101_V06,0,0.483,1.200,12478,0,40223.155,673,0,6504.999
KMQT20151027-7,KMQT20151027_133854_V06,0,0.483,1.200,21056,2,521.926,4479,1,417.071
KMQT20151027-7,KMQT20151027_133854_V06,2,1.494,1.200,21059,0,703.569,5426,0,511.434
KMQT20151027-7,KMQT20151027_133854_V06,4,2.505,1.200,10544,0,2.551,1290,0,1.537
KMQT20151027-7,KMQT20151027_133854_V06,5,3.516,1.200,10550,0,5.861,958,0,0.783
KMQT20151027-7,KMQT20151027_133854_V06,6,4.482,1.200,10568,0,1.695,709,0,0.962
KMQT20151029-11,KMQT20151029_122325_V06,0,0.483,1.200,21084,0,1186784.165,5725,0,35894.874
KMQT20151029-11,KMQT20151029_122325_V06,2,1.450,1.200,21111,0,126622.859,3007,0,18287.750
KMQT20151029-11,KMQT20151029_122842_V06,0,0.483,1.200,25166,0,1376479.530,6547,0,42238.240
KMQT20151029-11,KMQT20151029_122842_V06,2,1.450,1.200,25197,0,132735.379,3436,0,22602.968
KMQT20151029-11,KMQT20151029_123327_V06,0,0.483,1.200,29620,0,1355491.974,7328,0,53413.176
KMQT20151029-11,KMQT20151029_123327_V06,2,1.450,1.200,29637,0,144227.076,3849,0,25075.930
KMQT20151029-11,KMQT20151029_123843_V06,0,0.483,1.200,35075,0,1415638.401,8947,0,55613.512
KMQT20151029-11,KMQT20151029_123843_V06,2,1.450,1.200,35100,0,208776.423,5822,0,31072.070
KMQT20151029-11,KMQT20151029_124327_V06,0,0.483,1.200,40499,0,1396936.534,12806,0,65718.754
KMQT20151029-11,KMQT20151029_124327_V06,2,1.494,1.200,40520,0,302496.537,10534,0,41037.511
KMQT20151029-11,KMQT20151029_125305_V06,0,0.483,1.200,36590,0,1178026.539,11877,0,77010.236
KMQT20151029-11,KMQT20151029_125305_V06,2,1.494,1.200,36615,0,362318.061,11916,0,47239.870
KMQT20151029-11,KMQT20151029_130243_V06,0,0.483,1.200,42468,0,977822.708,14528,0,84673.669
KMQT20151029-11,KMQT20151029_130243_V06,2,1.494,1.200,42506,0,540131.401,16964,0,51667.532
KMQT20151029-11,KMQT20151029_131222_V06,0,0.483,1.200,38314,0,876154.774,15955,0,74768.573
KMQT20151029-11,KMQT20151029_131222_V06,2,1.494,1.200,38342,0,599181.854,18045,0,42721.665
KMQT20151029-11,KMQT20151029_132201_V06,0,0.483,1.200,51477,0,915821.871,19537,0,70241.627
KMQT20151029-11,KMQT20151029_132201_V06,2,1.450,1.200,51516,0,1058435.476,23281,0,49489.099
KMQT20151029-11,KMQT20151029_132645_V06,0,0.483,1.200,49791,0,969228.635,21451,0,77597.713
KMQT20151029-11,KMQT20151029_132645_V06,2,1.450,1.200,49822,0,1140312.208,23005,0,42654.019
KMQT20151029-7,KMQT20151029_120913_V06,0,0.483,1.200,7590,0,180919.072,713,0,10213.709
KMQT20151029-7,KMQT20151029_121357_V06,0,0.483,1.200,10452,0,303919.474,1042,0,11958.093
KMQT20151029-7,KMQT20151029_121842_V06,0,0.483,1.200,10145,0,349238.476,1287,0,11500.939
KMQT20151029-7,KMQT20151029_122325_V06,0,0.483,1.200,10722,0,412261.059,1802,0,16452.185
KMQT20151029-7,KMQT20151029_122842_V06,0,0.483,1.200,11423,0,490729.010,2387,0,20039.080
KMQT20151029-7,KMQT20151029_123327_V06,0,0.483,1.200,12073,0,528790.023,2663,0,23206.296
KMQT20151029-7,KMQT20151029_123843_V06,0,0.483,1.200,12830,0,640551.736,3200,0,23786.071
KMQT20151029-7,KMQT20151029_124327_V06,0,0.483,1.200,13550,0,691115.414,4138,0,27245.911
KMQT20151029-7,KMQT20151029_125305_V06,0,0.483,1.200,15103,0,743723.299,5435,0,38976.106
KMQT20151029-7,KMQT20151029_125305_V06,2,1.494,1.200,15123,0,192680.771,5342,0,28890.510
KMQT20151029-7,KMQT20151029_130243_V06,0,0.483,1.200,16815,0,652688.428,7111,0,45566.029
KMQT20151029-7,KMQT20151029_130243_V06,2,1.494,1.200,16823,0,250875.668,7226,0,29925.945
KMQT20151029-7,KMQT20151029_131222_V06,0,0.483,1.200,18685,0,613059.601,9174,0,49530.973
KMQT20151029-7,KMQT20151029_131222_V06,2,1.494,1.200,18704,0,326704.878,9072,0,26452.773
KMQT20151029-7,KMQT20151029_132201_V06,0,0.483,1.200,20725,0,505328.412,8578,0,43078.391
KMQT20151029-7,KMQT20151029_132201_V06,2,1.450,1.200,20744,0,439722.172,9896,0,29311.269
KMQT20151029-7,KMQT20151029_132645_V06,0,0.483,1.200,21794,0,573428.832,10038,0,47045.839
KMQT20151029-7,KMQT20151029_132645_V06,2,1.450,1.200,21805,0,536120.729,10828,0,28141.000
KMQT20151029-7,KMQT20151029_133126_V06,0,0.483,1.200,22890,0,558414.674,10763,0,44331.931
KMQT20151029-7,KMQT20151029_133126_V06,2,1.450,1.200,22893,0,578740.255,11563,0,23769.432
KMQT20151029-7,KMQT20151029_133606_V06,0,0.483,1.200,23975,0,568124.689,11694,0,43778.956
KMQT20151029-7,KMQT20151029_133606_V06,2,1.450,1.200,23993,0,597153.894,12244,0,22239.944
KMQT20151029-7,KMQT20151029_134048_V06,0,0.483,1.200,25149,0,657690.068,12411,0,45252.992
KMQT20151029-7,KMQT20151029_134048_V06,2,1.450,1.200,25212,0,626452.546,12838,0,21866.730
KMQT20151029-7,KMQT20151029_134529_V06,0,0.483,1.200,26398,0,748346.895,13166,0,44776.808
KMQT20151029-7,KMQT20151029_134529_V06,2,1.450,1.200,26418,0,606816.586,13432,0,19830.175
KMQT20151029-7,KMQT20151029_135011_V06,0,0.483,1.200,32442,0,935713.316,14357,0,53189.308
KMQT20151029-7,KMQT20151029_135011_V06,2,1.450,1.200,32462,0,512936.071,13226,0,19828.637
KMQT20151029-7,KMQT20151029_135448_V06,0,0.483,1.200,32911,0,1013298.128,17742,0,51381.407
KMQT20151029-7,KMQT20151029_135448_V06,2,1.494,1.200,32933,0,398595.673,14489,0,15794.046
KMQT20151029-9,KMQT20151029_121842_V06,0,0.483,1.200,1105,0,2007.410,167,0,193.555
KMQT20151029-9,KMQT20151029_121842_V06,2,1.450,1.200,1110,0,3378.454,291,0,346.890
KMQT20151029-9,KMQT20151029_121842_V06,4,2.417,1.200,554,0,2247.472,131,0,335.701
KMQT20151029-9,KMQT20151029_121842_V06,5,3.384,1.200,555,0,1.150,0,0,1.150
KMQT20151029-9,KMQT20151029_122325_V06,0,0.483,1.200,2684,0,2041.443,269,0,200.426
KMQT20151029-9,KMQT20151029_122325_V06,2,1.450,1.200,2685,0,5427.512,630,0,673.022
KMQT20151029-9,KMQT20151029_122325_V06,4,2.417,1.200,1348,0,3936.667,205,0,880.292
KMQT20151029-9,KMQT20151029_122325_V06,5,3.384,1.200,1344,0,2.741,0,0,2.741
KMQT20151029-18,KMQT20151029_123843_V06,0,0.483,1.200,22005,0,1392148.827,8945,0,55034.236
KMQT20151029-18,KMQT20151029_123843_V06,2,1.450,1.200,22040,0,158711.642,4126,0,23848.307
KMQT20151029-18,KMQT20151029_124327_V06,0,0.483,1.200,28574,0,1365366.839,12379,0,61605.264
KMQT20151029-18,KMQT20151029_124327_V06,2,1.494,1.200,28604,0,221380.164,7282,0,32299.347
KMQT20151029-28,KMQT20151029_132645_V06,0,0.483,1.200,17914,0,727433.466,8035,0,168407.844
KMQT20151029-28,KMQT20151029_132645_V06,2,1.450,1.200,17917,0,62726.910,10031,0,1965.480
KMQT20151029-28,KMQT20151029_132645_V06,4,2.417,1.200,8976,0,4625.399,1320,0,217.472
KMQT20151029-28,KMQT20151029_132645_V06,5,3.384,1.200,8976,0,215.938,302,0,44.415
KMQT20151029-28,KMQT20151029_132645_V06,6,4.307,1.200,8996,0,21.346,64,0,12.154
KMQT20151029-28,KMQT20151029_132645_V06,7,6.021,1.200,9019,0,8.467,0,0,8.467
KMQT20151029-28,KMQT20151029_133126_V06,0,0.483,1.200,27001,0,1169312.083,12202,0,249571.684
KMQT20151029-28,KMQT20151029_133126_V06,2,1.450,1.200,27006,0,71625.130,13990,0,3509.863
KMQT20151029-28,KMQT20151029_133126_V06,4,2.417,1.200,13504,0,4827.049,2366,0,397.520
KMQT20151029-28,KMQT20151029_133126_V06,5,3.384,1.200,13524,0,742.542,570,0,152.161
KMQT20151029-28,KMQT20151029_133126_V06,6,4.307,1.200,13543,0,67.461,127,0,16.829
KMQT20151029-28,KMQT20151029_133126_V06,7,6.021,1.200,13585,0,12.584,8,0,12.027
KMQT20151029-28,KMQT20151029_133606_V06,0,0.483,1.200,38351,0,1233826.795,17136,0,226358.527
KMQT20151029-28,KMQT20151029_133606_V06,2,1.450,1.200,38362,0,75231.113,17865,0,4864.004
KMQT20151029-28,KMQT20151029_133606_V06,4,2.417,1.200,19197,0,8944.451,4184,0,802.617
KMQT20151029-28,KMQT20151029_133606_V06,5,3.384,1.200,19212,0,1764.523,1297,0,278.243
KMQT20151029-28,KMQT20151029_133606_V06,6,4.307,1.200,19246,0,221.166,363,0,49.923
KMQT20151029-28,KMQT20151029_133606_V06,7,6.021,1.200,19300,0,27.406,78,0,22.402
KMQT20151029-28,KMQT20151029_134048_V06,0,0.483,1.200,36156,0,630286.716,13071,0,161576.773
KMQT20151029-28,KMQT20151029_134048_V06,2,1.450,1.200,36177,0,39977.837,13259,0,3108.634
KMQT20151029-28,KMQT20151029_134048_V06,4,2.417,1.200,18104,0,5675.440,2667,0,712.246
KMQT20151029-28,KMQT20151029_134048_V06,5,3.384,1.200,18121,0,1115.517,428,0,215.543
KMQT20151029-28,KMQT20151029_134048_V06,6,4.307,1.200,18141,0,72.599,37,0,36.797
KMQT20151029-32,KMQT20151029_134048_V06,0,0.483,1.200,27006,0,694337.146,12606,0,52759.083
KMQT20151029-32,KMQT20151029_134048_V06,2,1.450,1.200,27032,0,550227.436,11763,0,22387.939
KMQT20151029-32,KMQT20151029_134529_V06,0,0.483,1.200,31312,0,832151.461,13992,0,56909.226
KMQT20151029-32,KMQT20151029_134529_V06,2,1.450,1.200,31327,0,569174.393,13106,0,22948.213
KMQT20151029-2,KMQT20151029_113630_V06,0,0.483,1.200,19141,0,360401.740,2728,0,37356.993
KMQT20151029-2,KMQT20151029_114106_V06,0,0.483,1.200,23654,0,497702.051,3634,0,42818.923
KMQT20151029-2,KMQT20151029_114542_V06,0,0.483,1.200,16371,0,497174.159,3860,0,43190.811
KMQT20151029-8,KMQT20151029_121357_V06,0,0.483,1.200,5180,0,342089.928,906,0,9336.395
KMQT20151029-20,KMQT20151029_124327_V06,0,0.483,1.200,2107,0,7917.523,710,0,344.512
KMQT20151029-20,KMQT20151029_124327_V06,2,1.494,1.200,2104,0,62218.441,1791,0,577.525
KMQT20151029-20,KMQT20151029_124327_V06,4,2.505,1.200,1057,0,3193.216,264,0,297.260
KMQT20151029-27,KMQT20151029_132201_V06,0,0.483,1.200,97530,3,83110.804,28842,2,20552.664
KMQT20151029-27,KMQT20151029_132201_V06,2,1.450,1.200,97563,0,93032.595,30541,0,33198.743
KMQT20151029-27,KMQT20151029_132201_V06,4,2.417,1.200,48807,0,15844.400,11225,0,1880.362
KMQT20151029-27,KMQT20151029_132201_V06,5,3.384,1.200,48851,0,3363.515,9949,0,84.862
KMQT20151029-27,KMQT20151029_132201_V06,6,4.307,1.200,48914,0,2185.629,8496,0,84.967
KMQT20151029-27,KMQT20151029_132201_V06,7,6.021,1.200,49079,0,1354.907,6537,0,81.742
KMQT20151029-27,KMQT20151029_132201_V06,8,9.888,1.200,49585,0,235.528,2950,0,28.744
KMQT20151029-31,KMQT20151029_133606_V06,0,0.483,1.200,36616,0,1061447.618,13710,0,212856.151
KMQT20151029-31,KMQT20151029_133606_V06,2,1.450,1.200,36632,0,66402.294,14506,0,3188.064
KMQT20151029-31,KMQT20151029_133606_V06,4,2.417,1.200,18329,0,5740.549,2408,0,566.088
KMQT20151029-31,KMQT20151029_133606_V06,5,3.384,1.200,18342,0,1173.342,417,0,211.872
KMQT20151029-31,KMQT20151029_133606_V06,6,4.307,1.200,18371,0,69.833,32,0,42.940
KMQT20151029-33,KMQT20151029_134048_V06,0,0.483,1.200,15309,0,369737.336,6000,0,6576.025
KMQT20151029-33,KMQT20151029_134048_V06,2,1.450,1.200,15322,0,1395225.673,11723,0,3964.377
KMQT20151029-33,KMQT20151029_134048_V06,4,2.417,1.200,7671,0,188352.366,3333,0,4076.030
KMQT20151029-34,KMQT20151029_134529_V06,0,0.483,1.200,98368,3,400792.284,32607,0,39678.907
KMQT20151029-34,KMQT20151029_134529_V06,2,1.450,1.200,98394,0,504715.417,33638,0,49094.309
KMQT20151029-34,KMQT20151029_134529_V06,4,2.417,1.200,49233,0,135576.416,14758,0,3120.243
KMQT20151029-34,KMQT20151029_134529_V06,5,3.384,1.200,49284,0,34518.470,10581,0,2165.713
KMQT20151029-34,KMQT20151029_134529_V06,6,4.307,1.200,49353,0,6731.276,7126,0,703.120
KMQT20151029-36,KMQT20151029_135011_V06,0,0.483,1.200,1599,0,81711.539,444,0,2085.349
KMQT20151029-36,KMQT20151029_135011_V06,2,1.450,1.200,1602,0,16777.515,264,0,2302.834
KMQT20151101-3,KMQT20151101_121206_V06,0,0.483,1.200,158384,2,309934.981,33831,1,54330.297
KMQT20151101-3,KMQT20151101_121206_V06,2,1.494,1.200,158462,0,119452.510,45056,0,5287.714
KMQT20151101-3,KMQT20151101_121206_V06,4,2.505,1.200,79283,0,24608.573,16865,0,2388.718
KMQT20151101-3,KMQT20151101_121206_V06,5,3.516,1.200,79367,0,2090.103,12469,0,736.052
KMQT20151101-3,KMQT20151101_121206_V06,6,4.482,1.200,79490,0,260.835,10171,0,208.879
KMQT20151102-1,KMQT20151102_115716_V06,0,0.483,1.200,10339,0,133112.205,1054,0,23731.676
KMQT20151102-1,KMQT20151102_120654_V06,0,0.483,1.200,14114,0,113494.758,1077,0,23946.170
KMQT20151105-1,KMQT20151105_121526_V06,0,0.483,1.200,7796,0,23617.828,939,0,8987.067
KMQT20151105-1,KMQT20151105_121526_V06,2,1.494,1.200,7801,0,10731.073,733,0,2194.503
KMQT20151105-1,KMQT20151105_121526_V06,4,2.505,1.200,3907,0,7.342,0,0,7.342
KMQT20151105-1,KMQT20151105_121526_V06,5,3.516,1.200,3903,0,7.350,0,0,7.350
KMQT20151105-1,KMQT20151105_122504_V06,0,0.483,1.200,17068,0,16006.281,1058,0,6387.430
KMQT20151105-1,KMQT20151105_122504_V06,2,1.494,1.200,17085,0,18853.998,969,0,3122.092
KMQT20151105-1,KMQT20151105_122504_V06,4,2.505,1.200,8550,0,22.070,1,0,21.421
KMQT20151105-1,KMQT20151105_122504_V06,5,3.516,1.200,8564,0,15.250,0,0,15.250
KMQT20151106-8,KMQT20151106_120004_V06,0,0.483,1.200,13078,0,21666.284,1286,0,6817.307
KMQT20151106-8,KMQT20151106_120004_V06,2,1.450,1.200,13086,0,26699.193,1122,0,254.653
KMQT20151106-8,KMQT20151106_120004_V06,4,2.417,1.200,6547,0,36561.374,695,0,517.058
KMQT20151106-8,KMQT20151106_120004_V06,5,3.384,1.200,6551,0,24571.861,508,0,555.707
KMQT20151106-8,KMQT20151106_120004_V06,6,4.307,1.200,6560,0,12238.243,154,0,133.909
KMQT20151106-18,KMQT20151106_131920_V06,0,0.483,1.200,5477,0,11818.417,1650,0,6302.010
KMQT20151106-18,KMQT20151106_131920_V06,2,1.450,1.200,5474,0,612.590,1515,0,62.441
KMQT20151106-18,KMQT20151106_131920_V06,4,2.417,1.200,2742,0,1.881,3,0,1.667
KMQT20151106-18,KMQT20151106_131920_V06,5,3.384,1.200,2745,0,1.407,0,0,1.407
KMQT20151106-18,KMQT20151106_131920_V06,6,4.307,1.200,2747,0,1.840,0,0,1.840
KMQT20151106-18,KMQT20151106_131920_V06,7,6.021,1.200,2758,0,1.426,0,0,1.426
KMQT20151107-1,KMQT20151107_122459_V06,0,0.483,1.200,4430,0,236564.929,1392,0,6178.556
KMQT20151107-1,KMQT20151107_122459_V06,2,1.494,1.200,4434,0,17.488,0,0,17.488
KMQT20151111-5,KMQT20151111_135615_V06,0,0.483,1.200,14921,1,993.753,3106,0,623.713
KMQT20151111-5,KMQT20151111_135615_V06,2,1.494,1.200,14926,0,52.049,4355,0,29.586
KMQT20151111-5,KMQT20151111_135615_V06,4,2.505,1.200,7468,0,0.796,1077,0,0.683
KMQT20151111-5,KMQT20151111_135615_V06,5,3.516,1.200,7477,0,1.361,474,0,0.723
KMQT20151111-5,KMQT20151111_135615_V06,6,4.482,1.200,7495,0,0.532,225,0,0.216
KMQT20151111-5,KMQT20151111_140553_V06,0,0.483,1.200,32871,1,1597.058,3871,0,1152.797
KMQT20151111-5,KMQT20151111_140553_V06,2,1.494,1.200,32882,0,75.969,5171,0,28.152
KMQT20151111-5,KMQT20151111_140553_V06,4,2.505,1.200,16448,0,2.123,804,0,1.305
KMQT20151111-5,KMQT20151111_140553_V06,5,3.516,1.200,16472,0,1.646,452,0,1.410
KMQT20151111-5,KMQT20151111_140553_V06,6,4.482,1.200,16504,0,5.750,214,0,5.674
KMQT20151111-3,KMQT20151111_123902_V06,0,0.483,1.200,45426,4,4380.305,7727,0,2761.251
KMQT20151111-3,KMQT20151111_123902_V06,2,1.494,1.200,45446,0,340.560,9239,0,270.128
KMQT20151111-3,KMQT20151111_123902_V06,4,2.505,1.200,22743,0,5.827,2800,0,4.348
KMQT20151111-3,KMQT20151111_123902_V06,5,3.516,1.200,22759,0,6.071,1504,0,5.351
KMQT20151111-3,KMQT20151111_123902_V06,6,4.482,1.200,22798,0,6.209,1232,0,3.664
KMQT20151111-4,KMQT20151111_133657_V06,0,0.483,1.200,14965,1,1455.510,3303,0,1069.124
KMQT20151111-4,KMQT20151111_133657_V06,2,1.494,1.200,14972,0,95.296,4764,0,28.034
KMQT20151111-4,KMQT20151111_133657_V06,4,2.505,1.200,7497,0,2.963,1179,0,0.637
KMQT20151111-4,KMQT20151111_133657_V06,5,3.516,1.200,7504,0,0.608,711,0,0.508
KMQT20151111-4,KMQT20151111_133657_V06,6,4.482,1.200,7514,0,0.471,391,0,0.389
KMQT20151112-10,KMQT20151112_135903_V06,0,0.483,1.200,12872,0,948711.055,7166,0,57895.306
KMQT20151112-10,KMQT20151112_135903_V06,2,1.450,1.200,12887,0,152996.820,3760,0,16892.394
KMQT20151112-10,KMQT20151112_140348_V06,0,0.483,1.200,15936,0,893031.938,7949,0,61781.093
KMQT20151112-10,KMQT20151112_140348_V06,2,1.450,1.200,15940,0,190656.780,4483,0,21040.134
KMQT20151112-10,KMQT20151112_140834_V06,0,0.483,1.200,16026,0,712108.760,7198,0,57345.718
KMQT20151112-10,KMQT20151112_140834_V06,2,1.450,1.200,16050,0,155953.905,4063,0,18217.009
KMQT20151112-10,KMQT20151112_141320_V06,0,0.483,1.200,15239,0,565271.665,6318,0,46327.020
KMQT20151112-10,KMQT20151112_141320_V06,2,1.450,1.200,15262,0,130714.436,3674,0,16570.238
KMQT20151113-2,KMQT20151113_131318_V06,0,0.483,1.200,97404,0,2397473.540,66463,0,155340.982
KMQT20151113-2,KMQT20151113_131318_V06,2,1.494,1.200,97479,0,1222724.920,69771,0,70885.831
KMQT20151113-2,KMQT20151113_131318_V06,4,2.505,1.200,48788,0,230337.930,22661,0,16085.553
KMQT20151113-2,KMQT20151113_132257_V06,0,0.483,1.200,101631,0,2207121.098,69361,0,151397.639
KMQT20151113-2,KMQT20151113_132257_V06,2,1.494,1.200,101678,0,1259938.757,68789,0,81728.787
KMQT20151113-2,KMQT20151113_132257_V06,4,2.505,1.200,50903,0,221397.359,23231,0,17449.150
KMQT20151113-2,KMQT20151113_133236_V06,0,0.483,1.200,107175,0,1947009.863,69615,0,154760.646
KMQT20151113-2,KMQT20151113_133236_V06,2,1.494,1.200,107247,0,1175398.084,68854,0,84723.871
KMQT20151113-2,KMQT20151113_134216_V06,0,0.483,1.200,100600,0,1747245.035,66857,0,167042.716
KMQT20151113-2,KMQT20151113_134216_V06,2,1.494,1.200,100670,0,1089791.439,67071,0,86957.625
KMQT20151113-2,KMQT20151113_134216_V06,4,2.505,1.200,50389,0,199292.900,24566,0,20218.353
KMQT20151113-2,KMQT20151113_135155_V06,0,0.483,1.200,97755,0,1584725.214,63399,0,165227.340
KMQT20151113-2,KMQT20151113_135155_V06,2,1.494,1.200,97823,0,1008966.462,65044,0,96260.353
KMQT20151113-2,KMQT20151113_135155_V06,4,2.505,1.200,48959,0,180205.956,23017,0,17951.106
KMQT20151113-2,KMQT20151113_140135_V06,0,0.483,1.200,95975,0,1614463.451,61917,0,162330.312
KMQT20151113-2,KMQT20151113_140135_V06,2,1.494,1.200,96029,0,917004.050,62123,0,94793.894
KMQT20151113-2,KMQT20151113_140135_V06,4,2.505,1.200,48073,0,181931.945,21274,0,17678.695
KMQT20151113-1,KMQT20151113_121523_V06,0,0.483,1.200,15387,0,960621.997,11467,0,128911.084
KMQT20151113-1,KMQT20151113_121523_V06,2,1.494,1.200,15404,0,215650.387,7283,0,33374.202
KMQT20151118-1,KMQT20151118_120146_V06,0,0.483,1.200,18079,0,5739279.591,10033,0,427992.096
KMQT20151118-1,KMQT20151118_120146_V06,2,1.450,1.200,18095,0,1725628.683,14246,0,105996.680
KMQT20151118-4,KMQT20151118_122250_V06,0,0.483,1.200,1821,0,55393.698,677,0,10288.945
KMQT20151119-1,KMQT20151119_122048_V06,0,0.483,1.200,26322,0,2241340.481,8224,0,17614.906
KMQT20151119-1,KMQT20151119_122048_V06,2,1.494,1.200,26348,0,19335.189,808,0,2705.712
KMQT20151119-1,KMQT20151119_123027_V06,0,0.483,1.200,36445,0,2631391.841,10863,0,19299.401
KMQT20151119-1,KMQT20151119_123027_V06,2,1.494,1.200,36472,0,55368.346,1974,0,3664.290
KMQT20151119-1,KMQT20151119_124006_V06,0,0.483,1.200,43616,0,2631840.894,14482,0,20601.702
KMQT20151119-1,KMQT20151119_124006_V06,2,1.494,1.200,43632,0,156588.623,4381,0,5000.135
KMQT20151119-3,KMQT20151119_125924_V06,0,0.483,1.200,13087,0,2213.479,1500,0,1193.591
KMQT20151119-3,KMQT20151119_125924_V06,2,1.494,1.200,13099,0,1821.367,3826,0,90.455
KMQT20151119-3,KMQT20151119_125924_V06,4,2.505,1.200,6552,0,1126.607,1238,0,22.917
KMQT20151119-3,KMQT20151119_125924_V06,5,3.516,1.200,6558,0,96.316,443,0,9.406
KMQT20151119-3,KMQT20151119_125924_V06,6,4.482,1.200,6568,0,4.142,123,0,2.150
KMQT20151119-5,KMQT20151119_130903_V06,0,0.483,1.200,14546,0,81446.333,1398,0,2754.185
KMQT20151119-5,KMQT20151119_130903_V06,2,1.494,1.200,14555,0,6890.875,197,0,543.904
KMQT20151122-4,KMQT20151122_121145_V06,0,0.483,1.200,3169,0,10792.444,1233,0,430.549
KMQT20151122-4,KMQT20151122_121145_V06,2,1.494,1.200,3168,0,169.099,88,0,38.922
KMQT20151122-4,KMQT20151122_121145_V06,4,2.505,1.200,1586,0,3.142,0,0,3.142
KMQT20151122-4,KMQT20151122_121145_V06,5,3.516,1.200,1589,0,3.156,0,0,3.156
KMQT20151206-3,KMQT20151206_132738_V06,0,0.483,1.200,15566,0,220919.684,1801,0,13204.789
KMQT20151206-3,KMQT20151206_132738_V06,2,1.494,1.200,15580,0,336796.298,3529,0,12087.089
KMQT20151206-3,KMQT20151206_133717_V06,0,0.483,1.200,22132,0,165588.648,1789,0,10631.388
KMQT20151206-3,KMQT20151206_133717_V06,2,1.494,1.200,22130,0,335974.353,3923,0,9815.482
KMQT20151206-3,KMQT20151206_134655_V06,0,0.483,1.200,17163,0,109243.909,1457,0,8164.624
KMQT20151206-3,KMQT20151206_134655_V06,2,1.494,1.200,17177,0,280536.455,3525,0,7060.832
KMQT20151206-3,KMQT20151206_135634_V06,0,0.483,1.200,27620,0,93874.371,1395,0,9841.858
KMQT20151206-3,KMQT20151206_135634_V06,2,1.494,1.200,27638,0,241705.907,4052,0,8628.055
KMQT20151206-3,KMQT20151206_140613_V06,0,0.483,1.200,21700,0,44748.179,903,0,6249.766
KMQT20151206-3,KMQT20151206_140613_V06,2,1.494,1.200,21713,0,128454.418,2837,0,6024.993
KMQT20151206-2,KMQT20151206_130820_V06,0,0.483,1.200,5299,0,180140.251,1329,0,12655.437
KMQT20151209-6,KMQT20151209_132937_V06,0,0.483,1.200,945,0,1363.655,179,0,411.345
KMQT20151209-6,KMQT20151209_132937_V06,2,1.494,1.200,945,0,243.591,143,0,58.969
KMQT20151209-6,KMQT20151209_132937_V06,4,2.505,1.200,469,0,0.387,0,0,0.387
KMQT20151209-6,KMQT20151209_132937_V06,5,3.516,1.200,474,0,0.392,0,0,0.392
KMQT20151209-6,KMQT20151209_132937_V06,6,4.482,1.200,473,0,5.508,0,0,5.508
KMQT20151210-2,KMQT20151210_144243_V06,0,0.483,1.200,2408,0,9786.138,172,0,2747.845
KMQT20151210-2,KMQT20151210_145222_V06,0,0.483,1.200,6148,0,60114.892,1168,0,10481.394
KMQT20151213-6,KMQT20151213_141742_V06,0,0.483,1.200,5385,0,394426.513,1857,0,52229.455
KMQT20151213-7,KMQT20151213_142330_V06,0,0.483,1.200,7420,0,14850.136,734,0,3805.704
KMQT20151213-7,KMQT20151213_142330_V06,2,1.450,1.200,7440,0,142990.227,6083,0,8821.772
KMQT20151213-7,KMQT20151213_142330_V06,4,2.417,1.200,3742,0,215308.122,3322,0,5064.054
KMQT20151216-6,KMQT20151216_142723_V06,0,0.483,1.200,11005,0,6283833.398,9851,0,15226.036
KMQT20151216-6,KMQT20151216_142723_V06,2,1.494,1.200,11012,0,1847480.171,7659,0,16327.645
KMQT20151222-1,KMQT20151222_125434_V06,0,0.483,1.200,13421,0,159227.658,2628,0,24375.340
KMQT20151222-1,KMQT20151222_130413_V06,0,0.483,1.200,18027,0,230388.866,3738,0,32570.043
KMQT20151222-1,KMQT20151222_131352_V06,0,0.483,1.200,24504,0,163234.434,3772,0,25933.256
KMQT20151222-1,KMQT20151222_131352_V06,2,1.494,1.200,24523,0,23778.396,1855,0,5443.573
KMQT20151223-1,KMQT20151223_131600_V06,0,0.483,1.200,5873,0,70610.563,1287,0,11651.632
KMQT20151223-1,KMQT20151223_132538_V06,0,0.483,1.200,12458,0,68862.869,1115,0,6811.446
KMQT20151223-1,KMQT20151223_132538_V06,2,1.494,1.200,12468,0,47926.416,2044,0,6945.447
KMQT20151223-3,KMQT20151223_132538_V06,0,0.483,1.200,2700,0,36943.442,495,0,6588.160
KMQT20151223-5,KMQT20151223_143312_V06,0,0.483,1.200,14344,0,1571922.780,5864,0,26542.061
KMQT20151224-3,KMQT20151224_124115_V06,0,0.483,1.200,265,0,1585.631,11,0,1562.890
KMQT20151224-3,KMQT20151224_124115_V06,2,1.494,1.200,260,0,30.935,3,0,28.328
KMQT20151224-3,KMQT20151224_124115_V06,4,2.505,1.200,132,0,24.080,0,0,24.080
KMQT20151224-3,KMQT20151224_124115_V06,5,3.516,1.200,133,0,16.536,0,0,16.536
KMQT20151227-5,KMQT20151227_142802_V06,0,0.483,1.200,358,0,1249.638,82,0,167.414
KMQT20151227-5,KMQT20151227_142802_V06,2,1.494,1.200,362,0,0.952,0,0,0.952
KMQT20151228-4,KMQT20151228_131020_V06,0,0.483,1.200,12675,0,24091.517,4597,0,1569.855
KMQT20151228-4,KMQT20151228_131020_V06,2,1.494,1.200,12675,0,13715.111,4561,0,59.179
KMQT20151228-4,KMQT20151228_131020_V06,4,2.505,1.200,6360,0,691.721,234,0,9.717
KMQT20151228-4,KMQT20151228_131020_V06,5,3.516,1.200,6362,0,5.296,0,0,5.296
KMQT20151228-4,KMQT20151228_131020_V06,6,4.482,1.200,6368,0,5.255,0,0,5.255
KMQT20151228-4,KMQT20151228_132000_V06,0,0.483,1.200,27252,0,72042.117,11646,0,4052.643
KMQT20151228-4,KMQT20151228_132000_V06,2,1.494,1.200,27262,0,113034.375,10974,0,122.012
KMQT20151228-4,KMQT20151228_132000_V06,4,2.505,1.200,13643,0,17730.978,2071,0,19.236
KMQT20151228-4,KMQT20151228_132000_V06,5,3.516,1.200,13658,0,134.064,819,0,17.235
KMQT20151228-4,KMQT20151228_132000_V06,6,4.482,1.200,13672,0,11.813,0,0,11.813
KMQT20151228-9,KMQT20151228_141758_V06,0,0.483,1.200,12791,0,33883.887,2790,0,3754.965
KMQT20151228-9,KMQT20151228_141758_V06,2,1.494,1.200,12796,0,12288.335,5455,0,26.528
KMQT20151228-9,KMQT20151228_141758_V06,4,2.505,1.200,6408,0,92.533,641,0,8.290
KMQT20151228-9,KMQT20151228_141758_V06,5,3.516,1.200,6409,0,2.892,7,0,2.855
KMQT20151228-9,KMQT20151228_141758_V06,6,4.482,1.200,6420,0,2.774,0,0,2.774
KMQT20151230-1,KMQT20151230_144001_V06,0,0.483,1.200,5410,0,36753.463,603,0,4927.282
KMQT20151230-1,KMQT20151230_144941_V06,0,0.483,1.200,8565,0,124035.730,1560,0,10900.332
KMQT20151230-1,KMQT20151230_144941_V06,2,1.494,1.200,8569,0,41661.099,861,0,5891.852
KMQT20151230-2,KMQT20151230_144941_V06,0,0.483,1.200,5428,0,21650.327,731,0,3884.163
KMQT20151230-2,KMQT20151230_144941_V06,2,1.494,1.200,5431,0,93284.280,2085,0,6624.728
KMQT20151231-1,KMQT20151231_125316_V06,0,0.483,1.200,9375,0,20431.401,520,0,7025.171
KMQT20151231-1,KMQT20151231_125316_V06,2,1.494,1.200,9384,0,39.240,0,0,39.240
KMQT20151231-1,KMQT20151231_130256_V06,0,0.483,1.200,15064,0,16008.534,477,0,5147.908
KMQT20151231-1,KMQT20151231_130256_V06,2,1.494,1.200,15075,0,63.204,0,0,63.204
KMQT20151231-1,KMQT20151231_131235_V06,0,0.483,1.200,15499,0,6609.824,219,0,2762.200
KMQT20151231-1,KMQT20151231_131235_V06,2,1.494,1.200,15511,0,64.157,0,0,64.157
