track_id,filename,sweep_idx,sweep_angle,count_scaling,n_roost_pixels,n_refAbove40_pixels,n_refBelow40_animals,n_xcorrAbove0.95_pixels,n_xcorrBelow0.95_refAbove40_pixels,n_xcorrBelow0.95_refBelow40_animals
KVTX20220603-1,KVTX20220603_122135_V06,0,0.483,1.200,7910,0,2677.210,36,0,2361.530
KVTX20220603-1,KVTX20220603_123230_V06,0,0.483,1.200,15837,0,5013.977,53,0,4603.240
KVTX20220603-1,KVTX20220603_124213_V06,0,0.483,1.200,15051,0,39036.379,105,0,37821.135
KVTX20220603-1,KVTX20220603_130137_V06,0,0.483,1.200,24886,0,163550.365,154,0,162038.985
KVTX20220603-1,KVTX20220603_130137_V06,2,1.494,1.200,24908,0,1748.697,111,0,840.147
KVTX20220603-2,KVTX20220603_123230_V06,0,0.483,1.200,293,0,10.419,27,0,3.577
KVTX20220603-2,KVTX20220603_123230_V06,2,1.494,1.200,292,0,0.213,0,0,0.213
KVTX20220603-2,KVTX20220603_123230_V06,4,2.505,1.200,151,0,0.222,0,0,0.222
KVTX20220603-2,KVTX20220603_123230_V06,5,3.516,1.200,150,0,0.221,0,0,0.221
KVTX20220603-2,KVTX20220603_123230_V06,6,4.482,1.200,148,0,0.218,0,0,0.218
KVTX20220603-4,KVTX20220603_134027_V06,0,0.483,1.200,16380,0,2018.867,38,0,1652.679
KVTX20220603-4,KVTX20220603_134027_V06,2,1.494,1.200,16392,0,33156.310,1579,0,8231.809
KVTX20220612-1,KVTX20220612_130532_V06,0,0.483,1.200,15768,0,371.822,3792,0,279.467
KVTX20220612-1,KVTX20220612_130532_V06,2,1.494,1.200,15775,0,41.230,1425,0,30.004
KVTX20220612-1,KVTX20220612_130532_V06,4,2.505,1.200,7892,0,23.610,78,0,18.495
KVTX20220612-1,KVTX20220612_130532_V06,5,3.516,1.200,7897,0,24.447,68,0,19.496
KVTX20220612-1,KVTX20220612_130532_V06,6,4.482,1.200,7906,0,16.259,63,0,13.079
KVTX20220613-2,KVTX20220613_134359_V06,0,0.483,1.200,2718,0,428.055,632,0,109.948
KVTX20220613-2,KVTX20220613_134359_V06,2,1.494,1.200,2714,0,12.445,15,0,6.242
KVTX20220613-2,KVTX20220613_134359_V06,4,2.505,1.200,1361,0,2.742,0,0,2.742
KVTX20220613-2,KVTX20220613_134359_V06,5,3.516,1.200,1367,0,2.762,0,0,2.762
KVTX20220614-2,KVTX20220614_121523_V06,0,0.483,1.200,1854,0,33452.431,86,0,33221.056
KVTX20220614-2,KVTX20220614_121523_V06,2,1.494,1.200,1856,0,652.934,58,0,468.660
KVTX20220614-2,KVTX20220614_121523_V06,4,2.505,1.200,931,0,30.796,2,0,23.626
KVTX20220614-3,KVTX20220614_134356_V06,0,0.483,1.200,4425,0,12834.520,227,0,9374.400
KVTX20220614-3,KVTX20220614_134356_V06,2,1.494,1.200,4421,0,33.546,3,0,21.396
KVTX20220615-1,KVTX20220615_121525_V06,0,0.483,1.200,4312,0,99542.891,132,0,96857.970
KVTX20220615-1,KVTX20220615_121525_V06,2,1.494,1.200,4312,0,45.814,2,0,18.401
KVTX20220615-2,KVTX20220615_134358_V06,0,0.483,1.200,12162,0,178147.369,203,0,174734.021
KVTX20220615-2,KVTX20220615_134358_V06,2,1.494,1.200,12167,0,634.225,24,0,354.016
KVTX20220621-1,KVTX20220621_123556_V06,0,0.483,1.200,11803,0,3135.030,808,0,2879.493
KVTX20220621-1,KVTX20220621_123556_V06,2,1.494,1.200,11807,0,146.073,465,0,80.468
KVTX20220621-1,KVTX20220621_123556_V06,4,2.505,1.200,5911,0,35.449,8,0,30.705
KVTX20220621-1,KVTX20220621_123556_V06,5,3.516,1.200,5914,0,46.316,10,0,39.880
KVTX20220621-1,KVTX20220621_123556_V06,6,4.482,1.200,5926,0,47.298,6,0,44.855
KVTX20220628-1,KVTX20220628_120102_V06,0,0.483,1.200,4708,0,11967.191,65,0,10296.415
KVTX20220628-3,KVTX20220628_133804_V06,0,0.483,1.200,4291,0,693.104,384,0,401.737
KVTX20220628-3,KVTX20220628_133804_V06,2,1.494,1.200,4291,0,425.153,349,0,240.485
KVTX20220628-3,KVTX20220628_133804_V06,4,2.505,1.200,2144,0,61.993,2,0,55.330
KVTX20220628-3,KVTX20220628_133804_V06,5,3.516,1.200,2146,0,83.864,6,0,68.300
KVTX20220629-1,KVTX20220629_123039_V06,0,0.483,1.200,6730,0,19695.429,123,0,17755.569
KVTX20220630-1,KVTX20220630_122301_V06,0,0.483,1.200,747,0,72222.658,36,0,72100.367
KVTX20220630-1,KVTX20220630_122301_V06,2,1.494,1.200,750,0,42.002,2,0,34.417
KVTX20220630-2,KVTX20220630_122301_V06,0,0.483,1.200,1317,0,3245.931,104,0,2571.034
KVTX20220630-2,KVTX20220630_122301_V06,2,1.494,1.200,1316,0,123.549,5,0,70.957
KVTX20220701-1,KVTX20220701_132213_V06,0,0.483,1.200,4288,0,9601.945,125,0,9041.830
KVTX20220701-1,KVTX20220701_132213_V06,2,1.494,1.200,4293,0,994.054,109,0,504.707
KVTX20220701-1,KVTX20220701_132213_V06,4,2.505,1.200,2145,0,195.122,7,0,81.541
KVTX20220701-2,KVTX20220701_133155_V06,0,0.483,1.200,1214,0,23177.373,40,0,23039.330
KVTX20220701-2,KVTX20220701_133155_V06,2,1.494,1.200,1216,0,79.619,12,0,64.332
KVTX20220701-2,KVTX20220701_133155_V06,4,2.505,1.200,609,0,2.464,0,0,2.464
KVTX20220702-1,KVTX20220702_122450_V06,0,0.483,1.200,25939,0,43249.434,1461,0,38230.291
KVTX20220702-1,KVTX20220702_122450_V06,2,1.494,1.200,25949,0,982.717,922,0,613.825
KVTX20220702-1,KVTX20220702_122450_V06,4,2.505,1.200,12992,0,170.421,48,0,131.422
KVTX20220702-1,KVTX20220702_122450_V06,5,3.516,1.200,13016,0,110.733,75,0,92.594
KVTX20220705-1,KVTX20220705_121809_V06,0,0.483,1.200,1976,0,31.844,214,0,29.213
KVTX20220705-1,KVTX20220705_121809_V06,2,1.494,1.200,1977,0,9.013,98,0,7.998
KVTX20220705-1,KVTX20220705_121809_V06,4,2.505,1.200,991,0,4.061,8,0,3.954
KVTX20220705-1,KVTX20220705_121809_V06,5,3.516,1.200,987,0,8.842,7,0,8.582
KVTX20220705-1,KVTX20220705_121809_V06,6,4.482,1.200,989,0,3.617,11,0,2.970
KVTX20220706-1,KVTX20220706_121859_V06,0,0.483,1.200,1529,0,5.449,136,0,4.001
KVTX20220706-1,KVTX20220706_121859_V06,2,1.494,1.200,1526,0,4.338,82,0,3.286
KVTX20220706-1,KVTX20220706_121859_V06,4,2.505,1.200,760,0,1.243,5,0,1.054
KVTX20220706-1,KVTX20220706_121859_V06,5,3.516,1.200,759,0,15.968,18,0,15.424
KVTX20220706-1,KVTX20220706_121859_V06,6,4.482,1.200,764,0,0.667,3,0,0.571
KVTX20220714-1,KVTX20220714_120224_V06,0,0.483,1.200,1038,0,4.347,114,0,3.213
KVTX20220714-1,KVTX20220714_120224_V06,2,1.494,1.200,1035,0,4.200,77,0,3.227
KVTX20220714-1,KVTX20220714_120224_V06,4,2.505,1.200,518,0,1.225,1,0,1.120
KVTX20220714-1,KVTX20220714_120224_V06,5,3.516,1.200,521,0,8.119,107,0,3.093
KVTX20220714-1,KVTX20220714_120224_V06,6,4.482,1.200,526,0,1.238,17,0,0.654
KVTX20220715-1,KVTX20220715_122156_V06,0,0.483,1.200,13190,0,115002.266,317,0,110996.452
KVTX20220715-1,KVTX20220715_122156_V06,2,1.494,1.200,13204,0,595.260,26,0,401.532
KVTX20220715-1,KVTX20220715_123138_V06,0,0.483,1.200,18444,0,167426.450,414,0,160637.436
KVTX20220715-1,KVTX20220715_123138_V06,2,1.494,1.200,18459,0,986.378,46,0,659.033
KVTX20220715-1,KVTX20220715_124120_V06,0,0.483,1.200,13170,0,238116.787,233,0,234372.403
KVTX20220715-1,KVTX20220715_124120_V06,2,1.494,1.200,13181,0,1447.834,43,0,1021.596
KVTX20220715-3,KVTX20220715_130047_V06,0,0.483,1.200,516,0,23701.213,51,0,23331.689
KVTX20220715-3,KVTX20220715_130047_V06,2,1.494,1.200,514,0,115.371,15,0,60.709
KVTX20220715-3,KVTX20220715_130047_V06,4,2.505,1.200,254,0,62.244,3,0,28.240
KVTX20220716-1,KVTX20220716_134934_V06,0,0.483,1.200,7488,0,26839.434,159,0,24771.688
KVTX20220716-1,KVTX20220716_134934_V06,2,1.494,1.200,7497,0,193.404,11,0,145.583
KVTX20220720-1,KVTX20220720_125313_V06,0,0.483,1.200,3679,0,75028.901,430,0,35801.000
KVTX20220720-1,KVTX20220720_125313_V06,2,0.879,1.200,3678,0,137.117,2,0,66.725
KVTX20220720-1,KVTX20220720_125313_V06,4,1.318,1.200,3677,0,16.458,0,0,16.458
KVTX20220722-2,KVTX20220722_131729_V06,0,0.483,1.200,4010,0,35361.630,119,0,34310.611
KVTX20220722-2,KVTX20220722_131729_V06,2,1.494,1.200,4009,0,15.555,0,0,15.555
KVTX20220722-2,KVTX20220722_132711_V06,0,0.483,1.200,6630,0,60461.540,163,0,58922.228
KVTX20220722-2,KVTX20220722_132711_V06,2,1.494,1.200,6628,0,88.711,4,0,61.050
KVTX20220722-2,KVTX20220722_133653_V06,0,0.483,1.200,6378,0,50931.271,148,0,49309.591
KVTX20220722-2,KVTX20220722_133653_V06,2,1.494,1.200,6379,0,55.552,2,0,34.805
KVTX20220722-1,KVTX20220722_131729_V06,0,0.483,1.200,4704,0,13770.693,39,0,12625.097
KVTX20220723-1,KVTX20220723_141506_V06,0,0.483,1.200,1782,0,1374031.336,8,0,1373825.746
KVTX20220723-1,KVTX20220723_141506_V06,2,1.494,1.200,1786,0,14263.936,36,0,6100.083
KVTX20220728-1,KVTX20220728_141232_V06,0,0.483,1.200,4110,0,155.474,286,0,94.026
KVTX20220728-1,KVTX20220728_141232_V06,2,1.494,1.200,4112,0,127.216,250,0,81.442
KVTX20220728-1,KVTX20220728_141232_V06,4,2.505,1.200,2059,0,23.340,17,0,13.901
KVTX20220728-1,KVTX20220728_141232_V06,5,3.516,1.200,2062,0,7.171,3,0,4.926
KVTX20220728-1,KVTX20220728_141232_V06,6,4.482,1.200,2068,0,5.530,0,0,5.530
KVTX20220729-1,KVTX20220729_123505_V06,0,0.483,1.200,6703,0,1182.949,833,0,750.276
KVTX20220729-1,KVTX20220729_123505_V06,2,1.494,1.200,6698,0,67.000,73,0,29.429
KVTX20220729-1,KVTX20220729_123505_V06,4,2.505,1.200,3359,0,6.166,0,0,6.166
KVTX20220729-1,KVTX20220729_123505_V06,5,3.516,1.200,3361,0,10.523,1,0,9.668
KVTX20220729-1,KVTX20220729_124446_V06,0,0.483,1.200,17259,0,3036.464,1916,0,1907.720
KVTX20220729-1,KVTX20220729_124446_V06,2,1.494,1.200,17264,0,406.978,557,0,219.998
KVTX20220729-1,KVTX20220729_124446_V06,4,2.505,1.200,8644,0,69.384,20,0,54.794
KVTX20220729-1,KVTX20220729_124446_V06,5,3.516,1.200,8656,0,62.641,11,0,50.827
KVTX20220729-1,KVTX20220729_130410_V06,0,0.483,1.200,8976,0,4286.228,1994,0,2338.476
KVTX20220729-1,KVTX20220729_130410_V06,2,1.494,1.200,8986,0,434.700,455,0,251.622
KVTX20220729-1,KVTX20220729_130410_V06,4,2.505,1.200,4488,0,58.792,19,0,39.222
KVTX20220729-1,KVTX20220729_130410_V06,5,3.516,1.200,4495,0,47.257,14,0,33.234
KVTX20220729-2,KVTX20220729_124446_V06,0,0.483,1.200,2097,0,4635.189,74,0,3259.107
KVTX20220729-2,KVTX20220729_124446_V06,2,1.494,1.200,2102,0,8.238,0,0,8.238
KVTX20220729-4,KVTX20220729_134259_V06,0,0.483,1.200,4254,0,422647.559,133,0,412208.001
KVTX20220802-1,KVTX20220802_122257_V06,0,0.483,1.200,2425,0,7.202,143,0,5.278
KVTX20220802-1,KVTX20220802_122257_V06,2,1.494,1.200,2422,0,3.762,70,0,2.874
KVTX20220802-1,KVTX20220802_122257_V06,4,2.505,1.200,1211,0,78.663,10,0,77.551
KVTX20220802-1,KVTX20220802_122257_V06,5,3.516,1.200,1214,0,511.633,89,0,443.458
KVTX20220802-1,KVTX20220802_122257_V06,6,4.482,1.200,1211,0,59.373,149,0,20.782
KVTX20220802-3,KVTX20220802_132221_V06,0,0.483,1.200,698,0,353.665,149,0,208.542
KVTX20220802-3,KVTX20220802_132221_V06,2,1.494,1.200,698,0,29.904,47,0,20.100
KVTX20220802-3,KVTX20220802_132221_V06,4,2.505,1.200,349,0,2.156,1,0,1.868
KVTX20220802-3,KVTX20220802_132221_V06,5,3.516,1.200,355,0,5.206,3,0,3.301
KVTX20220802-3,KVTX20220802_132221_V06,6,4.482,1.200,351,0,27.456,4,0,13.131
KVTX20220803-1,KVTX20220803_121227_V06,0,0.483,1.200,2315,0,7.058,135,0,5.374
KVTX20220803-1,KVTX20220803_121227_V06,2,1.494,1.200,2316,0,5.218,77,0,4.077
KVTX20220803-1,KVTX20220803_121227_V06,4,2.505,1.200,1164,0,133.152,18,0,131.675
KVTX20220803-1,KVTX20220803_121227_V06,5,3.516,1.200,1164,0,1057.839,137,0,823.155
KVTX20220803-1,KVTX20220803_121227_V06,6,4.482,1.200,1165,0,377.685,183,0,134.315
KVTX20220805-1,KVTX20220805_121203_V06,0,0.483,1.200,116,0,9.264,23,0,6.206
KVTX20220805-1,KVTX20220805_121203_V06,2,0.879,1.200,116,0,9.704,35,0,5.648
KVTX20220805-1,KVTX20220805_121203_V06,4,1.318,1.200,116,0,8.851,36,0,3.716
KVTX20220805-1,KVTX20220805_121203_V06,6,1.802,1.200,58,0,0.631,2,0,0.033
KVTX20220805-1,KVTX20220805_121203_V06,7,2.417,1.200,60,0,0.035,0,0,0.035
KVTX20220805-1,KVTX20220805_121203_V06,8,3.120,1.200,58,0,0.034,0,0,0.034
KVTX20220805-1,KVTX20220805_121203_V06,9,3.999,1.200,59,0,0.035,0,0,0.035
KVTX20220805-1,KVTX20220805_121203_V06,10,5.098,1.200,61,0,0.510,1,0,0.301
KVTX20220805-1,KVTX20220805_121203_V06,11,6.416,1.200,59,0,0.035,0,0,0.035
KVTX20220806-1,KVTX20220806_130328_V06,0,0.483,1.200,13728,0,127297.523,663,0,104399.831
KVTX20220806-1,KVTX20220806_130328_V06,2,0.879,1.200,13735,0,4815.732,106,0,3619.313
KVTX20220806-1,KVTX20220806_130328_V06,4,1.318,1.200,13730,0,1408.167,53,0,891.666
KVTX20220806-3,KVTX20220806_140950_V06,0,0.483,1.200,2211,7,3397572.422,423,4,2812670.920
KVTX20220806-3,KVTX20220806_140950_V06,2,0.879,1.200,2216,0,132872.050,469,0,99551.678
KVTX20220806-3,KVTX20220806_140950_V06,4,1.318,1.200,2216,0,6045.246,103,0,4065.401
KVTX20220806-3,KVTX20220806_140950_V06,6,1.802,1.200,1108,0,78.601,2,0,6.929
KVTX20220807-1,KVTX20220807_124644_V06,0,0.483,1.200,1312,0,10829.819,230,0,7068.731
KVTX20220807-1,KVTX20220807_124644_V06,2,0.879,1.200,1312,0,32.965,2,0,27.866
KVTX20220807-1,KVTX20220807_124644_V06,4,1.318,1.200,1309,0,106.113,12,0,64.337
KVTX20220807-1,KVTX20220807_124644_V06,6,1.802,1.200,655,0,62.337,2,0,25.878
KVTX20220807-2,KVTX20220807_141629_V06,0,0.483,1.200,5286,0,36716.072,642,0,29935.287
KVTX20220807-2,KVTX20220807_141629_V06,2,1.494,1.200,5291,0,117.098,16,0,84.264
KVTX20220808-1,KVTX20220808_132550_V06,0,0.483,1.200,2807,0,24145.114,305,0,19455.514
KVTX20220808-1,KVTX20220808_132550_V06,2,1.494,1.200,2810,0,45.903,3,0,34.067
KVTX20220811-2,KVTX20220811_124536_V06,0,0.483,1.200,1399,0,37506.873,235,0,30092.511
KVTX20220811-2,KVTX20220811_124536_V06,2,1.494,1.200,1400,0,58.628,4,0,43.200
KVTX20220811-2,KVTX20220811_130500_V06,0,0.483,1.200,4128,0,70927.227,419,0,59583.107
KVTX20220811-2,KVTX20220811_130500_V06,2,1.494,1.200,4130,0,262.861,15,0,141.476
KVTX20220811-1,KVTX20220811_122613_V06,0,0.483,1.200,3320,0,5057.441,75,0,4184.558
KVTX20220811-1,KVTX20220811_122613_V06,2,1.494,1.200,3324,0,458.381,15,0,218.384
KVTX20220812-2,KVTX20220812_124514_V06,0,0.483,1.200,3405,0,4658.801,113,0,3318.756
KVTX20220812-2,KVTX20220812_124514_V06,2,1.494,1.200,3405,0,1025.879,32,0,525.275
KVTX20220812-2,KVTX20220812_130439_V06,0,0.483,1.200,8291,0,2283.722,127,0,1370.405
KVTX20220812-2,KVTX20220812_130439_V06,2,1.494,1.200,8292,0,1610.290,83,0,762.364
KVTX20220812-2,KVTX20220812_131420_V06,0,0.483,1.200,7371,0,6913.090,241,0,4586.896
KVTX20220812-2,KVTX20220812_131420_V06,2,1.494,1.200,7380,0,699.913,16,0,430.729
KVTX20220812-1,KVTX20220812_122551_V06,0,0.483,1.200,7007,0,18844.688,407,0,15651.954
KVTX20220812-1,KVTX20220812_122551_V06,2,1.494,1.200,7012,0,171.448,34,0,116.785
KVTX20220813-2,KVTX20220813_123506_V06,0,0.483,1.200,6758,0,2.617,2303,0,1.095
KVTX20220813-2,KVTX20220813_123506_V06,2,1.494,1.200,6760,0,1.855,2519,0,0.786
KVTX20220813-2,KVTX20220813_123506_V06,4,2.505,1.200,3381,0,1.675,924,0,0.818
KVTX20220813-2,KVTX20220813_123506_V06,5,3.516,1.200,3386,0,2.577,881,0,1.576
KVTX20220813-2,KVTX20220813_123506_V06,6,4.482,1.200,3387,0,1.403,869,0,0.451
KVTX20220819-1,KVTX20220819_132108_V06,0,0.483,1.200,46208,0,34426.091,6381,0,27552.459
KVTX20220819-1,KVTX20220819_132108_V06,2,1.494,1.200,46233,0,3071.994,5737,0,1847.010
KVTX20220819-1,KVTX20220819_132108_V06,4,2.505,1.200,23136,0,628.430,1642,0,394.752
KVTX20220819-1,KVTX20220819_132108_V06,5,3.516,1.200,23162,0,385.330,1278,0,222.952
KVTX20220819-1,KVTX20220819_132108_V06,6,4.482,1.200,23205,0,430.935,1021,0,258.918
KVTX20220819-1,KVTX20220819_133050_V06,0,0.483,1.200,66157,0,52696.256,10383,0,40404.816
KVTX20220819-1,KVTX20220819_133050_V06,2,1.494,1.200,66195,0,4321.920,9402,0,2733.200
KVTX20220819-1,KVTX20220819_133050_V06,4,2.505,1.200,33125,0,1120.953,2593,0,779.414
KVTX20220819-1,KVTX20220819_133050_V06,5,3.516,1.200,33168,0,584.713,2668,0,346.778
KVTX20220819-1,KVTX20220819_133050_V06,6,4.482,1.200,33199,0,409.646,2317,0,261.970
KVTX20220820-1,KVTX20220820_140913_V06,0,0.483,1.200,5529,0,7093.496,493,0,3788.522
KVTX20220820-1,KVTX20220820_140913_V06,2,1.494,1.200,5542,0,1039.424,86,0,675.025
KVTX20220820-1,KVTX20220820_140913_V06,4,2.505,1.200,2775,0,245.894,4,0,216.736
KVTX20220820-2,KVTX20220820_140913_V06,0,0.483,1.200,8138,0,4902.027,75,0,3944.941
KVTX20220820-2,KVTX20220820_141855_V06,0,0.483,1.200,15166,0,6873.998,63,0,6298.201
KVTX20220820-2,KVTX20220820_142836_V06,0,0.483,1.200,11189,0,1081.659,40,0,692.955
KVTX20220820-2,KVTX20220820_142836_V06,2,1.494,1.200,11196,0,574.709,24,0,350.347
KVTX20220823-1,KVTX20220823_124016_V06,0,0.483,1.200,1957,0,67428.294,59,0,66763.459
KVTX20220823-1,KVTX20220823_124016_V06,2,1.494,1.200,1959,0,962.175,76,0,574.655
KVTX20220823-2,KVTX20220823_133829_V06,0,0.483,1.200,15704,0,32355.270,1896,0,18330.244
KVTX20220823-2,KVTX20220823_133829_V06,2,1.494,1.200,15710,0,2607.722,373,0,1796.583
KVTX20220823-2,KVTX20220823_133829_V06,4,2.505,1.200,7858,0,873.943,18,0,468.345
KVTX20220826-1,KVTX20220826_141500_V06,0,0.483,1.200,9836,0,28786.390,167,0,26737.485
KVTX20220826-1,KVTX20220826_141500_V06,2,0.879,1.200,9832,0,2218.115,62,0,701.211
KVTX20220826-1,KVTX20220826_141500_V06,4,1.318,1.200,9835,0,1767.668,35,0,1114.983
KVTX20220826-1,KVTX20220826_142207_V06,0,0.483,1.200,15618,0,32453.890,251,0,30370.604
KVTX20220826-1,KVTX20220826_142207_V06,2,0.879,1.200,15600,0,2520.958,64,0,1113.544
KVTX20220826-1,KVTX20220826_142207_V06,4,1.318,1.200,15628,0,1929.556,67,0,1159.202
KVTX20220826-1,KVTX20220826_142912_V06,0,0.483,1.200,5881,0,43574.763,119,0,41691.296
KVTX20220826-1,KVTX20220826_142912_V06,2,0.879,1.200,5886,0,36.204,0,0,36.204
KVTX20220826-1,KVTX20220826_142912_V06,4,1.318,1.200,5888,0,23.259,0,0,23.259
KVTX20220901-1,KVTX20220901_134207_V06,0,0.483,1.200,633,0,355.644,208,0,229.085
KVTX20220901-1,KVTX20220901_134207_V06,2,0.879,1.200,636,0,99.268,114,0,60.391
KVTX20220901-1,KVTX20220901_134207_V06,4,1.318,1.200,637,0,17.189,28,0,7.345
KVTX20220901-1,KVTX20220901_134207_V06,6,1.802,1.200,316,0,0.315,0,0,0.315
KVTX20220901-1,KVTX20220901_134207_V06,7,2.417,1.200,318,0,0.317,0,0,0.317
KVTX20220901-1,KVTX20220901_134207_V06,8,3.120,1.200,317,0,0.317,0,0,0.317
KVTX20220901-1,KVTX20220901_134207_V06,9,3.999,1.200,318,0,0.319,0,0,0.319
KVTX20220901-1,KVTX20220901_134207_V06,10,5.098,1.200,318,0,0.319,0,0,0.319
KVTX20220907-1,KVTX20220907_140552_V06,0,0.483,1.200,30159,0,22371.863,5305,0,15027.109
KVTX20220907-1,KVTX20220907_140552_V06,2,1.494,1.200,30174,0,4679.536,3855,0,2905.979
KVTX20220907-1,KVTX20220907_140552_V06,4,2.505,1.200,15087,0,887.947,391,0,625.987
KVTX20220907-1,KVTX20220907_140552_V06,5,3.516,1.200,15103,0,221.774,143,0,181.115
KVTX20220907-1,KVTX20220907_140552_V06,6,4.482,1.200,15126,0,268.992,90,0,231.092
KVTX20220908-1,KVTX20220908_134314_V06,0,0.483,1.200,11229,0,105169.001,2243,0,84195.308
KVTX20220908-1,KVTX20220908_134314_V06,2,0.879,1.200,11230,0,43065.744,2249,0,31108.874
KVTX20220908-1,KVTX20220908_134314_V06,4,1.318,1.200,11229,0,9131.422,2006,0,5839.893
KVTX20220908-1,KVTX20220908_134314_V06,6,1.802,1.200,5619,0,635.913,123,0,341.941
KVTX20220908-1,KVTX20220908_134314_V06,7,2.417,1.200,5619,0,111.930,33,0,63.224
KVTX20220908-1,KVTX20220908_134314_V06,8,3.120,1.200,5620,0,121.549,43,0,59.480
KVTX20220908-1,KVTX20220908_134314_V06,9,3.999,1.200,5627,0,70.435,20,0,36.561
KVTX20220908-1,KVTX20220908_134815_V06,0,0.483,1.200,19863,0,134697.241,3799,0,104574.620
KVTX20220908-1,KVTX20220908_134815_V06,2,0.879,1.200,19867,0,87555.703,3849,0,64503.064
KVTX20220908-1,KVTX20220908_134815_V06,4,1.318,1.200,19875,0,28085.557,3519,0,18378.621
KVTX20220908-1,KVTX20220908_134815_V06,6,1.802,1.200,9935,0,2263.150,322,0,1501.989
KVTX20220908-1,KVTX20220908_134815_V06,7,2.417,1.200,9940,0,363.508,142,0,189.561
KVTX20220908-1,KVTX20220908_134815_V06,8,3.120,1.200,9943,0,371.574,115,0,234.563
KVTX20220908-1,KVTX20220908_134815_V06,9,3.999,1.200,9966,0,184.873,91,0,99.293
KVTX20220908-1,KVTX20220908_135324_V06,0,0.483,1.200,31478,0,163561.350,6645,0,123004.335
KVTX20220908-1,KVTX20220908_135324_V06,2,0.879,1.200,31487,0,143958.747,6731,0,109007.403
KVTX20220908-1,KVTX20220908_135324_V06,4,1.318,1.200,31494,0,69779.800,6607,0,46165.010
KVTX20220908-1,KVTX20220908_135324_V06,6,1.802,1.200,15736,0,13022.830,1420,0,8275.248
KVTX20220908-1,KVTX20220908_135324_V06,7,2.417,1.200,15747,0,8501.501,1071,0,4116.579
KVTX20220908-1,KVTX20220908_135324_V06,8,3.120,1.200,15754,0,5083.394,854,0,2927.614
KVTX20220908-1,KVTX20220908_135324_V06,9,3.999,1.200,15775,0,1319.683,650,0,587.330
KVTX20220908-1,KVTX20220908_140307_V06,0,0.483,1.200,40258,0,195385.827,8912,0,147446.919
KVTX20220908-1,KVTX20220908_140307_V06,2,0.879,1.200,40259,0,226881.178,9943,0,172796.568
KVTX20220908-1,KVTX20220908_140307_V06,4,1.318,1.200,40265,0,131227.701,10349,0,87103.109
KVTX20220908-1,KVTX20220908_140307_V06,6,1.802,1.200,20141,0,30338.657,2948,0,18053.841
KVTX20220908-1,KVTX20220908_140307_V06,7,2.417,1.200,20157,0,19664.726,2376,0,10044.477
KVTX20220908-1,KVTX20220908_140307_V06,8,3.120,1.200,20173,0,8773.584,1628,0,5057.309
KVTX20220908-1,KVTX20220908_140307_V06,9,3.999,1.200,20203,0,6125.987,995,0,3111.495
KVTX20220908-1,KVTX20220908_140753_V06,0,0.483,1.200,39974,0,160518.559,9477,0,110374.426
KVTX20220908-1,KVTX20220908_140753_V06,2,0.879,1.200,39983,0,198013.511,10798,0,140035.300
KVTX20220908-1,KVTX20220908_140753_V06,4,1.318,1.200,39980,0,130988.131,11195,0,81009.023
KVTX20220908-1,KVTX20220908_140753_V06,6,1.802,1.200,19991,0,34148.525,3295,0,19404.101
KVTX20220908-1,KVTX20220908_140753_V06,7,2.417,1.200,20000,0,21395.694,2561,0,11750.713
KVTX20220908-1,KVTX20220908_140753_V06,8,3.120,1.200,20025,0,10300.033,1807,0,6228.684
KVTX20220908-1,KVTX20220908_140753_V06,9,3.999,1.200,20047,0,6260.399,1054,0,3526.377
KVTX20220908-6,KVTX20220908_144726_V06,0,0.483,1.200,12313,9,259939.149,3763,0,12900.965
KVTX20220908-6,KVTX20220908_144726_V06,2,0.879,1.200,12308,2,229305.449,4103,0,10465.985
KVTX20220908-6,KVTX20220908_144726_V06,4,1.318,1.200,12313,0,128622.671,4032,0,7236.818
KVTX20220908-6,KVTX20220908_144726_V06,6,1.802,1.200,6162,0,142152.709,1021,0,8531.388
KVTX20220908-6,KVTX20220908_144726_V06,7,2.417,1.200,6164,0,159502.830,864,0,6729.395
KVTX20220908-6,KVTX20220908_144726_V06,8,3.120,1.200,6167,0,118353.511,1005,0,2299.427
KVTX20220908-6,KVTX20220908_144726_V06,9,3.999,1.200,6171,0,168028.388,1206,0,555.501
KVTX20220908-6,KVTX20220908_145227_V06,0,0.483,1.200,17934,0,166031.259,5040,0,21503.531
KVTX20220908-6,KVTX20220908_145227_V06,2,0.879,1.200,17944,0,309646.892,5641,0,17208.233
KVTX20220908-6,KVTX20220908_145227_V06,4,1.318,1.200,17943,0,341066.239,5558,0,18210.943
KVTX20220908-6,KVTX20220908_145227_V06,6,1.802,1.200,8970,0,420224.329,1433,0,20072.093
KVTX20220908-6,KVTX20220908_145227_V06,7,2.417,1.200,8977,0,229145.121,1107,0,6869.570
KVTX20220908-6,KVTX20220908_145227_V06,8,3.120,1.200,8983,0,263187.977,1215,0,7110.934
KVTX20220908-6,KVTX20220908_145227_V06,9,3.999,1.200,8994,0,243194.402,1385,0,435.377
KVTX20220908-6,KVTX20220908_150345_V06,0,0.483,1.200,20696,0,223321.129,5391,0,18707.110
KVTX20220908-6,KVTX20220908_150345_V06,2,0.879,1.200,20700,1,304890.950,5935,0,9286.146
KVTX20220908-6,KVTX20220908_150345_V06,4,1.318,1.200,20702,0,298508.777,6234,0,9838.635
KVTX20220908-6,KVTX20220908_150345_V06,6,1.802,1.200,10355,0,305583.099,1421,0,9593.768
KVTX20220908-6,KVTX20220908_150345_V06,7,2.417,1.200,10358,0,365300.148,919,0,14891.138
KVTX20220908-6,KVTX20220908_150345_V06,8,3.120,1.200,10369,0,286279.994,1043,0,364.687
KVTX20220908-6,KVTX20220908_150345_V06,9,3.999,1.200,10383,0,259357.837,1234,0,264.300
KVTX20220908-6,KVTX20220908_150345_V06,10,5.098,1.200,10398,0,86883.973,1157,0,665.544
KVTX20220908-4,KVTX20220908_143206_V06,0,0.483,1.200,33407,47,4526642.162,7572,0,178178.700
KVTX20220908-4,KVTX20220908_143206_V06,2,0.879,1.200,33411,30,4525593.858,8751,0,80955.828
KVTX20220908-4,KVTX20220908_143206_V06,4,1.318,1.200,33419,30,4096870.648,8001,0,130576.553
KVTX20220908-4,KVTX20220908_143206_V06,6,1.802,1.200,16716,8,2889884.080,2150,0,36161.360
KVTX20220908-4,KVTX20220908_143206_V06,7,2.417,1.200,16723,7,2426251.072,2113,0,58239.972
KVTX20220908-4,KVTX20220908_143206_V06,8,3.120,1.200,16747,2,1190064.765,2173,0,4213.939
KVTX20220908-4,KVTX20220908_143707_V06,0,0.483,1.200,42713,12,4287321.793,9886,0,130516.310
KVTX20220908-4,KVTX20220908_143707_V06,2,0.879,1.200,42722,13,4477665.902,10867,0,128281.116
KVTX20220908-4,KVTX20220908_143707_V06,4,1.318,1.200,42740,9,4551586.849,10398,0,46622.117
KVTX20220908-4,KVTX20220908_143707_V06,6,1.802,1.200,21374,0,3789384.102,2829,0,35166.299
KVTX20220908-4,KVTX20220908_143707_V06,7,2.417,1.200,21389,0,2739186.702,2692,0,20401.514
KVTX20220908-4,KVTX20220908_143707_V06,8,3.120,1.200,21404,8,1215852.363,2659,0,28185.264
KVTX20220908-2,KVTX20220908_135324_V06,0,0.483,1.200,14303,0,124526.182,2706,0,94501.614
KVTX20220908-2,KVTX20220908_135324_V06,2,0.879,1.200,14303,0,112231.190,2781,0,87534.162
KVTX20220908-2,KVTX20220908_135324_V06,4,1.318,1.200,14310,0,50291.907,2642,0,34303.850
KVTX20220908-2,KVTX20220908_135324_V06,6,1.802,1.200,7156,0,4160.048,277,0,2920.619
KVTX20220908-2,KVTX20220908_135324_V06,7,2.417,1.200,7160,0,238.199,63,0,136.697
KVTX20220908-2,KVTX20220908_135324_V06,8,3.120,1.200,7162,0,197.542,39,0,107.374
KVTX20220908-2,KVTX20220908_135324_V06,9,3.999,1.200,7176,0,137.693,27,0,69.574
KVTX20220909-3,KVTX20220909_133241_V06,0,0.483,1.200,10429,0,26272.492,2699,0,18598.754
KVTX20220909-3,KVTX20220909_133241_V06,2,0.879,1.200,10433,0,11090.397,2559,0,6759.800
KVTX20220909-3,KVTX20220909_133241_V06,4,1.318,1.200,10437,0,4006.022,1718,0,1879.726
KVTX20220909-3,KVTX20220909_133241_V06,8,1.802,1.200,5218,0,229.574,73,0,107.572
KVTX20220909-3,KVTX20220909_133241_V06,9,2.417,1.200,5226,0,141.046,16,0,96.647
KVTX20220909-3,KVTX20220909_133241_V06,10,3.120,1.200,5229,0,155.088,16,0,105.815
KVTX20220909-3,KVTX20220909_133241_V06,11,3.999,1.200,5230,0,113.810,22,0,54.314
KVTX20220909-3,KVTX20220909_133816_V06,0,0.483,1.200,17131,0,52458.344,4355,0,39867.042
KVTX20220909-3,KVTX20220909_133816_V06,2,0.879,1.200,17138,0,24950.189,4192,0,16496.444
KVTX20220909-3,KVTX20220909_133816_V06,4,1.318,1.200,17140,0,8058.734,2956,0,4271.778
KVTX20220909-3,KVTX20220909_133816_V06,8,1.802,1.200,8571,0,851.803,194,0,482.388
KVTX20220909-3,KVTX20220909_133816_V06,9,2.417,1.200,8581,0,290.743,62,0,178.872
KVTX20220909-3,KVTX20220909_133816_V06,10,3.120,1.200,8591,0,162.094,25,0,103.550
KVTX20220909-3,KVTX20220909_133816_V06,11,3.999,1.200,8597,0,142.415,14,0,97.901
KVTX20220909-3,KVTX20220909_134352_V06,0,0.483,1.200,25726,0,85918.455,6567,0,67988.393
KVTX20220909-3,KVTX20220909_134352_V06,2,0.879,1.200,25737,0,44170.205,6014,0,31133.312
KVTX20220909-3,KVTX20220909_134352_V06,4,1.318,1.200,25732,0,20566.217,4753,0,11439.904
KVTX20220909-3,KVTX20220909_134352_V06,8,1.802,1.200,12866,0,5176.454,509,0,3692.332
KVTX20220909-3,KVTX20220909_134352_V06,9,2.417,1.200,12873,0,2596.704,329,0,1689.623
KVTX20220909-3,KVTX20220909_134352_V06,10,3.120,1.200,12884,0,1016.072,230,0,616.176
KVTX20220909-3,KVTX20220909_134352_V06,11,3.999,1.200,12899,0,161.372,74,0,105.808
KVTX20220909-3,KVTX20220909_134928_V06,0,0.483,1.200,27214,0,116799.561,6231,0,92105.550
KVTX20220909-3,KVTX20220909_134928_V06,2,0.879,1.200,27208,0,75146.414,5611,0,54855.857
KVTX20220909-3,KVTX20220909_134928_V06,4,1.318,1.200,27218,0,41354.007,4533,0,28387.133
KVTX20220909-3,KVTX20220909_134928_V06,8,1.802,1.200,13633,0,14596.452,653,0,10657.018
KVTX20220909-3,KVTX20220909_134928_V06,9,2.417,1.200,13643,0,5664.685,459,0,4069.629
KVTX20220909-3,KVTX20220909_134928_V06,10,3.120,1.200,13649,0,1627.194,318,0,963.024
KVTX20220909-3,KVTX20220909_140038_V06,0,0.483,1.200,36032,0,138438.172,7216,0,98032.796
KVTX20220909-3,KVTX20220909_140038_V06,2,0.879,1.200,36031,0,116068.947,7007,0,80256.234
KVTX20220909-3,KVTX20220909_140038_V06,4,1.318,1.200,36051,0,71945.441,6446,0,45811.088
KVTX20220909-3,KVTX20220909_140038_V06,8,1.802,1.200,18025,0,35792.881,1243,0,26285.285
KVTX20220909-3,KVTX20220909_140038_V06,9,2.417,1.200,18031,0,21398.257,1056,0,12842.820
KVTX20220909-3,KVTX20220909_140038_V06,10,3.120,1.200,18055,0,4307.605,667,0,2400.252
KVTX20220909-1,KVTX20220909_123643_V06,0,0.483,1.200,295,0,3980.824,45,0,2130.949
KVTX20220909-1,KVTX20220909_123643_V06,2,0.879,1.200,296,0,1.387,0,0,1.387
KVTX20220909-1,KVTX20220909_123643_V06,4,1.318,1.200,295,0,1.382,0,0,1.382
KVTX20220909-4,KVTX20220909_134928_V06,0,0.483,1.200,1545,0,47572.895,312,0,38825.076
KVTX20220909-4,KVTX20220909_134928_V06,2,0.879,1.200,1547,0,9417.232,357,0,5809.202
KVTX20220909-4,KVTX20220909_134928_V06,4,1.318,1.200,1551,0,768.285,51,0,348.100
KVTX20220909-4,KVTX20220909_134928_V06,8,1.802,1.200,775,0,53.671,1,0,37.047
KVTX20220910-2,KVTX20220910_125044_V06,0,0.483,1.200,11480,0,6492.547,2782,0,1960.368
KVTX20220910-2,KVTX20220910_125044_V06,2,0.879,1.200,11483,0,9675.230,4599,0,1524.465
KVTX20220910-2,KVTX20220910_125044_V06,4,1.318,1.200,11486,0,16248.575,6292,0,1438.163
KVTX20220910-2,KVTX20220910_125044_V06,6,1.802,1.200,5739,0,12072.866,2468,0,1118.685
KVTX20220910-2,KVTX20220910_125044_V06,9,2.417,1.200,5746,0,1191.714,605,0,237.362
KVTX20220910-2,KVTX20220910_125044_V06,10,3.120,1.200,5749,0,37.552,19,0,18.761
KVTX20220910-2,KVTX20220910_125044_V06,11,3.999,1.200,5756,0,14.537,0,0,14.537
KVTX20220913-2,KVTX20220913_134025_V06,0,0.483,1.200,10744,0,56011.764,2663,0,38515.504
KVTX20220913-2,KVTX20220913_134025_V06,2,0.879,1.200,10743,0,8952.221,2401,0,5009.177
KVTX20220913-2,KVTX20220913_134025_V06,4,1.318,1.200,10750,0,2744.846,1554,0,1443.730
KVTX20220913-2,KVTX20220913_134025_V06,6,1.802,1.200,5380,0,246.668,85,0,134.519
KVTX20220913-2,KVTX20220913_134025_V06,7,2.417,1.200,5383,0,124.826,38,0,70.673
KVTX20220913-2,KVTX20220913_134025_V06,8,3.120,1.200,5384,0,104.604,25,0,42.730
KVTX20220913-2,KVTX20220913_134025_V06,9,3.999,1.200,5395,0,114.825,16,0,67.270
KVTX20220913-2,KVTX20220913_134454_V06,0,0.483,1.200,15544,0,89499.795,3710,0,58860.444
KVTX20220913-2,KVTX20220913_134454_V06,2,0.879,1.200,15551,0,15751.478,3463,0,9256.085
KVTX20220913-2,KVTX20220913_134454_V06,4,1.318,1.200,15557,0,4580.195,2306,0,2309.354
KVTX20220913-2,KVTX20220913_134454_V06,6,1.802,1.200,7783,0,388.619,112,0,228.072
KVTX20220913-2,KVTX20220913_134454_V06,7,2.417,1.200,7783,0,184.182,51,0,124.548
KVTX20220913-2,KVTX20220913_134454_V06,8,3.120,1.200,7790,0,173.831,35,0,122.894
KVTX20220913-2,KVTX20220913_134454_V06,9,3.999,1.200,7801,0,111.273,17,0,77.638
KVTX20220913-2,KVTX20220913_134932_V06,0,0.483,1.200,20205,0,122538.482,4815,0,71015.656
KVTX20220913-2,KVTX20220913_134932_V06,2,0.879,1.200,20210,0,25739.793,4367,0,14438.980
KVTX20220913-2,KVTX20220913_134932_V06,4,1.318,1.200,20209,0,6882.757,3114,0,3559.685
KVTX20220913-2,KVTX20220913_134932_V06,6,1.802,1.200,10119,0,443.407,182,0,201.736
KVTX20220913-2,KVTX20220913_134932_V06,7,2.417,1.200,10118,0,197.833,104,0,77.385
KVTX20220913-2,KVTX20220913_134932_V06,8,3.120,1.200,10127,0,131.265,56,0,86.711
KVTX20220913-2,KVTX20220913_134932_V06,9,3.999,1.200,10143,0,89.110,33,0,56.913
KVTX20220913-2,KVTX20220913_135411_V06,0,0.483,1.200,26095,0,119268.331,6063,0,62272.128
KVTX20220913-2,KVTX20220913_135411_V06,2,0.879,1.200,26097,0,35662.056,5104,0,20591.183
KVTX20220913-2,KVTX20220913_135411_V06,4,1.318,1.200,26108,0,11673.588,3667,0,6227.524
KVTX20220913-2,KVTX20220913_135411_V06,6,1.802,1.200,13062,0,764.421,300,0,345.816
KVTX20220913-2,KVTX20220913_135411_V06,7,2.417,1.200,13071,0,306.786,207,0,159.544
KVTX20220913-2,KVTX20220913_135411_V06,8,3.120,1.200,13085,0,254.611,149,0,130.381
KVTX20220913-2,KVTX20220913_135411_V06,9,3.999,1.200,13095,0,107.647,96,0,50.492
KVTX20220913-2,KVTX20220913_140330_V06,0,0.483,1.200,35775,0,106312.208,8508,0,55239.336
KVTX20220913-2,KVTX20220913_140330_V06,2,0.879,1.200,35780,0,46628.233,7543,0,26646.736
KVTX20220913-2,KVTX20220913_140330_V06,4,1.318,1.200,35793,0,16441.180,6244,0,8783.315
KVTX20220913-2,KVTX20220913_140330_V06,6,1.802,1.200,17897,0,3461.274,1117,0,1984.741
KVTX20220913-2,KVTX20220913_140330_V06,7,2.417,1.200,17907,0,1646.967,951,0,758.215
KVTX20220913-2,KVTX20220913_140330_V06,8,3.120,1.200,17918,0,801.463,791,0,347.828
KVTX20220913-2,KVTX20220913_140330_V06,9,3.999,1.200,17937,0,402.442,500,0,177.128
KVTX20220913-2,KVTX20220913_140808_V06,0,0.483,1.200,40128,0,110112.501,9836,0,53184.858
KVTX20220913-2,KVTX20220913_140808_V06,2,0.879,1.200,40137,0,42778.230,8259,0,23927.972
KVTX20220913-2,KVTX20220913_140808_V06,4,1.318,1.200,40141,0,18062.147,6933,0,9428.807
KVTX20220913-2,KVTX20220913_140808_V06,6,1.802,1.200,20066,0,4769.262,1502,0,2707.094
KVTX20220913-2,KVTX20220913_140808_V06,7,2.417,1.200,20075,0,2360.601,1181,0,1319.645
KVTX20220913-2,KVTX20220913_140808_V06,8,3.120,1.200,20089,0,1189.361,1060,0,628.768
KVTX20220913-2,KVTX20220913_140808_V06,9,3.999,1.200,20112,0,438.973,686,0,234.361
KVTX20220913-6,KVTX20220913_145005_V06,0,0.483,1.200,5127,0,71429.340,2159,0,35412.446
KVTX20220913-6,KVTX20220913_145005_V06,2,0.879,1.200,5127,0,21119.327,1861,0,10172.754
KVTX20220913-6,KVTX20220913_145005_V06,4,1.318,1.200,5130,0,9612.659,1516,0,4700.928
KVTX20220913-6,KVTX20220913_145005_V06,6,1.802,1.200,2566,0,1967.900,292,0,918.737
KVTX20220913-6,KVTX20220913_145005_V06,7,2.417,1.200,2571,0,141.877,34,0,77.198
KVTX20220913-6,KVTX20220913_145005_V06,8,3.120,1.200,2573,0,36.884,5,0,18.323
KVTX20220913-6,KVTX20220913_145005_V06,9,3.999,1.200,2573,0,29.324,7,0,8.032
KVTX20220913-6,KVTX20220913_145445_V06,0,0.483,1.200,9100,0,121855.045,3810,0,59964.916
KVTX20220913-6,KVTX20220913_145445_V06,2,0.879,1.200,9105,0,36386.902,3075,0,17584.846
KVTX20220913-6,KVTX20220913_145445_V06,4,1.318,1.200,9106,0,16307.737,2389,0,7514.880
KVTX20220913-6,KVTX20220913_145445_V06,6,1.802,1.200,4559,0,3443.845,425,0,1925.856
KVTX20220913-6,KVTX20220913_145445_V06,7,2.417,1.200,4557,0,288.190,67,0,179.804
KVTX20220913-6,KVTX20220913_145445_V06,8,3.120,1.200,4569,0,28.509,0,0,28.509
KVTX20220913-6,KVTX20220913_145445_V06,9,3.999,1.200,4565,0,72.500,11,0,31.040
KVTX20220913-6,KVTX20220913_150403_V06,0,0.483,1.200,9616,0,116922.939,3957,0,55512.043
KVTX20220913-6,KVTX20220913_150403_V06,2,0.879,1.200,9615,0,36520.422,3000,0,16861.372
KVTX20220913-6,KVTX20220913_150403_V06,4,1.318,1.200,9621,0,16696.743,2278,0,7958.116
KVTX20220913-6,KVTX20220913_150403_V06,6,1.802,1.200,4804,0,2593.748,353,0,1498.085
KVTX20220913-6,KVTX20220913_150403_V06,7,2.417,1.200,4808,0,169.240,53,0,70.298
KVTX20220913-6,KVTX20220913_150403_V06,8,3.120,1.200,4813,0,188.654,16,0,96.885
KVTX20220913-1,KVTX20220913_132703_V06,0,0.483,1.200,7032,0,229082.977,509,0,127589.789
KVTX20220913-1,KVTX20220913_132703_V06,2,0.879,1.200,7031,0,382.412,3,0,285.229
KVTX20220913-1,KVTX20220913_132703_V06,4,1.318,1.200,7041,0,33.511,0,0,33.511
KVTX20220913-4,KVTX20220913_135411_V06,0,0.483,1.200,47920,0,134068.837,10387,0,72302.890
KVTX20220913-4,KVTX20220913_135411_V06,2,0.879,1.200,47925,0,47409.473,9569,0,28715.047
KVTX20220913-4,KVTX20220913_135411_V06,4,1.318,1.200,47943,0,17887.365,8163,0,10028.910
KVTX20220913-4,KVTX20220913_135411_V06,6,1.802,1.200,23977,0,2966.521,1370,0,1791.460
KVTX20220913-4,KVTX20220913_135411_V06,7,2.417,1.200,23997,0,2013.003,1351,0,1181.407
KVTX20220913-4,KVTX20220913_135411_V06,8,3.120,1.200,24006,0,951.492,1259,0,547.597
KVTX20220913-4,KVTX20220913_135411_V06,9,3.999,1.200,24032,0,380.991,878,0,199.101
KVTX20220913-4,KVTX20220913_135411_V06,10,5.098,1.200,24073,0,272.212,565,0,163.208
KVTX20220913-5,KVTX20220913_143606_V06,0,0.483,1.200,4228,0,57794.352,1739,0,31746.187
KVTX20220913-5,KVTX20220913_143606_V06,2,0.879,1.200,4227,0,16636.399,1542,0,7852.669
KVTX20220913-5,KVTX20220913_143606_V06,4,1.318,1.200,4232,0,5442.306,1060,0,2514.247
KVTX20220913-5,KVTX20220913_143606_V06,6,1.802,1.200,2116,0,995.875,163,0,524.115
KVTX20220913-5,KVTX20220913_143606_V06,7,2.417,1.200,2115,0,48.181,8,0,27.678
KVTX20220913-5,KVTX20220913_143606_V06,8,3.120,1.200,2115,0,10.306,2,0,6.387
KVTX20220913-5,KVTX20220913_143606_V06,9,3.999,1.200,2116,0,3.859,0,0,3.859
KVTX20220918-1,KVTX20220918_125032_V06,0,0.483,1.200,944,0,4.663,123,0,3.449
KVTX20220918-1,KVTX20220918_125032_V06,2,1.494,1.200,943,0,3.460,60,0,2.777
KVTX20220918-1,KVTX20220918_125032_V06,4,2.505,1.200,473,0,1.047,2,0,0.922
KVTX20220918-1,KVTX20220918_125032_V06,5,3.516,1.200,473,0,0.426,2,0,0.303
KVTX20220918-1,KVTX20220918_125032_V06,6,4.482,1.200,473,0,0.461,1,0,0.444
KVTX20220918-1,KVTX20220918_130957_V06,0,0.483,1.200,5639,0,8.070,215,0,5.902
KVTX20220918-1,KVTX20220918_130957_V06,2,1.494,1.200,5643,0,10.004,207,0,7.429
KVTX20220918-1,KVTX20220918_130957_V06,4,2.505,1.200,2819,0,14.963,109,0,6.290
KVTX20220918-1,KVTX20220918_130957_V06,5,3.516,1.200,2825,0,38.906,430,0,20.837
KVTX20220918-1,KVTX20220918_130957_V06,6,4.482,1.200,2825,0,4.464,73,0,3.534
KVTX20220924-1,KVTX20220924_142811_V06,0,0.483,1.200,7482,0,6272.779,39,0,5850.033
KVTX20220927-1,KVTX20220927_134929_V06,0,0.483,1.200,7645,0,7335.259,1463,0,4559.462
KVTX20220927-1,KVTX20220927_134929_V06,2,0.879,1.200,7645,0,3598.475,1242,0,1995.075
KVTX20220927-1,KVTX20220927_134929_V06,4,1.318,1.200,7647,0,1377.633,851,0,598.696
KVTX20220927-1,KVTX20220927_134929_V06,6,1.802,1.200,3823,0,147.510,34,0,75.992
KVTX20220927-1,KVTX20220927_134929_V06,7,2.417,1.200,3823,0,58.376,4,0,46.441
KVTX20220927-1,KVTX20220927_134929_V06,8,3.120,1.200,3829,0,15.707,0,0,15.707
KVTX20220928-1,KVTX20220928_131352_V06,0,0.483,1.200,87,0,7599.483,2,0,7567.156
KVTX20220928-1,KVTX20220928_131352_V06,2,1.494,1.200,86,0,154.342,9,0,126.914
KVTX20220928-1,KVTX20220928_131352_V06,4,2.505,1.200,43,0,0.046,0,0,0.046
KVTX20220928-1,KVTX20220928_131352_V06,5,3.516,1.200,43,0,7.382,0,0,7.382
KVTX20220928-1,KVTX20220928_131352_V06,6,4.482,1.200,42,0,0.045,0,0,0.045
KVTX20220928-2,KVTX20220928_140222_V06,0,0.483,1.200,11413,0,35456.407,1457,0,31757.030
KVTX20220928-2,KVTX20220928_140222_V06,2,1.494,1.200,11422,0,10321.062,1674,0,8177.658
KVTX20220928-2,KVTX20220928_140222_V06,4,2.505,1.200,5718,0,329.119,57,0,259.199
KVTX20220928-2,KVTX20220928_140222_V06,5,3.516,1.200,5721,0,138.834,21,0,112.283
KVTX20220928-2,KVTX20220928_140222_V06,6,4.482,1.200,5730,0,227.265,25,0,166.544
KVTX20220929-1,KVTX20220929_140139_V06,0,0.483,1.200,8435,0,8808.612,2563,0,5413.400
KVTX20220929-1,KVTX20220929_140139_V06,2,1.494,1.200,8438,0,3402.591,2791,0,2057.662
KVTX20220929-1,KVTX20220929_140139_V06,4,2.505,1.200,4220,0,2379.783,1274,0,1458.949
KVTX20220929-1,KVTX20220929_140139_V06,5,3.516,1.200,4220,0,1555.261,1161,0,885.367
KVTX20220929-1,KVTX20220929_140139_V06,6,4.482,1.200,4230,0,1035.162,1021,0,515.321
KVTX20220930-1,KVTX20220930_134136_V06,0,0.483,1.200,2834,0,5885.243,148,0,4814.328
KVTX20220930-1,KVTX20220930_134136_V06,2,1.494,1.200,2836,0,7.086,0,0,7.086
KVTX20220930-1,KVTX20220930_140101_V06,0,0.483,1.200,4726,0,33766.287,249,0,32215.587
KVTX20220930-1,KVTX20220930_140101_V06,2,1.494,1.200,4731,0,62.715,4,0,46.494
KVTX20220930-2,KVTX20220930_140101_V06,0,0.483,1.200,1059,0,8761.526,188,0,6230.449
KVTX20220930-2,KVTX20220930_140101_V06,2,1.494,1.200,1061,0,292.809,31,0,180.086
KVTX20220930-2,KVTX20220930_140101_V06,4,2.505,1.200,534,0,96.375,3,0,75.954
KVTX20221003-1,KVTX20221003_140613_V06,0,0.483,1.200,30171,0,35683.637,4978,0,24785.369
KVTX20221003-1,KVTX20221003_140613_V06,2,1.494,1.200,30195,0,10064.203,3860,0,6884.216
KVTX20221003-1,KVTX20221003_140613_V06,4,2.505,1.200,15108,0,1185.442,429,0,808.467
KVTX20221003-1,KVTX20221003_140613_V06,5,3.516,1.200,15136,0,423.972,292,0,288.427
KVTX20221003-1,KVTX20221003_140613_V06,6,4.482,1.200,15156,0,330.185,156,0,215.748
KVTX20221003-1,KVTX20221003_141555_V06,0,0.483,1.200,41743,0,38360.049,7416,0,22827.566
KVTX20221003-1,KVTX20221003_141555_V06,2,1.494,1.200,41761,0,19290.144,6370,0,12539.573
KVTX20221003-1,KVTX20221003_141555_V06,4,2.505,1.200,20894,0,4007.070,1276,0,2292.872
KVTX20221003-1,KVTX20221003_141555_V06,5,3.516,1.200,20928,0,2610.954,878,0,1739.509
KVTX20221003-1,KVTX20221003_141555_V06,6,4.482,1.200,20950,0,1538.059,572,0,919.283
KVTX20221004-1,KVTX20221004_140608_V06,0,0.483,1.200,12878,0,84160.754,1774,0,66004.356
KVTX20221004-1,KVTX20221004_140608_V06,2,1.494,1.200,12882,0,9228.084,1630,0,6124.295
KVTX20221004-1,KVTX20221004_140608_V06,4,2.505,1.200,6446,0,305.840,26,0,216.049
KVTX20221004-1,KVTX20221004_140608_V06,5,3.516,1.200,6453,0,265.709,16,0,94.631
KVTX20221004-1,KVTX20221004_140608_V06,6,4.482,1.200,6465,0,222.332,20,0,172.518
KVTX20221004-1,KVTX20221004_141551_V06,0,0.483,1.200,28092,0,67214.843,4934,0,47001.523
KVTX20221004-1,KVTX20221004_141551_V06,2,1.494,1.200,28111,0,26144.036,3841,0,20277.970
KVTX20221004-1,KVTX20221004_141551_V06,4,2.505,1.200,14061,0,1838.180,452,0,1237.780
KVTX20221004-1,KVTX20221004_141551_V06,5,3.516,1.200,14076,0,333.769,160,0,210.389
KVTX20221004-1,KVTX20221004_141551_V06,6,4.482,1.200,14092,0,241.012,104,0,189.540
KVTX20221004-1,KVTX20221004_142533_V06,0,0.483,1.200,38526,0,65290.163,6890,0,42632.214
KVTX20221004-1,KVTX20221004_142533_V06,2,1.494,1.200,38542,0,32270.727,6799,0,22516.771
KVTX20221004-1,KVTX20221004_142533_V06,4,2.505,1.200,19283,0,3160.875,941,0,1979.731
KVTX20221004-1,KVTX20221004_142533_V06,5,3.516,1.200,19309,0,478.836,345,0,334.083
KVTX20221004-1,KVTX20221004_142533_V06,6,4.482,1.200,19333,0,322.190,175,0,221.782
KVTX20221005-1,KVTX20221005_141529_V06,0,0.483,1.200,7577,0,1860.854,752,0,1043.691
KVTX20221005-1,KVTX20221005_141529_V06,2,1.494,1.200,7582,0,377.299,345,0,189.244
KVTX20221005-1,KVTX20221005_141529_V06,4,2.505,1.200,3796,0,74.020,17,0,56.022
KVTX20221005-1,KVTX20221005_141529_V06,5,3.516,1.200,3795,0,33.169,8,0,28.608
KVTX20221005-1,KVTX20221005_141529_V06,6,4.482,1.200,3805,0,21.357,2,0,13.434
KVTX20221008-2,KVTX20221008_140347_V06,0,0.483,1.200,11460,0,72456.359,2097,0,64784.508
KVTX20221008-2,KVTX20221008_140347_V06,2,1.494,1.200,11470,0,2062.989,1250,0,1209.059
KVTX20221008-2,KVTX20221008_140347_V06,4,2.505,1.200,5736,0,118.948,23,0,93.041
KVTX20221008-2,KVTX20221008_140347_V06,5,3.516,1.200,5746,0,112.658,13,0,99.591
KVTX20221008-2,KVTX20221008_140347_V06,6,4.482,1.200,5754,0,210.079,26,0,138.437
KVTX20221008-2,KVTX20221008_141330_V06,0,0.483,1.200,26702,0,90836.327,5619,0,75717.476
KVTX20221008-2,KVTX20221008_141330_V06,2,1.494,1.200,26717,0,9794.608,3960,0,6902.565
KVTX20221008-2,KVTX20221008_141330_V06,4,2.505,1.200,13375,0,1889.740,471,0,1385.870
KVTX20221008-2,KVTX20221008_141330_V06,5,3.516,1.200,13390,0,1129.304,446,0,730.424
KVTX20221008-2,KVTX20221008_141330_V06,6,4.482,1.200,13407,0,627.394,260,0,380.606
KVTX20221008-2,KVTX20221008_142314_V06,0,0.483,1.200,42025,0,113931.141,7533,0,88467.999
KVTX20221008-2,KVTX20221008_142314_V06,2,1.494,1.200,42046,0,39133.331,6789,0,28428.435
KVTX20221008-2,KVTX20221008_142314_V06,4,2.505,1.200,21042,0,9413.870,1430,0,7162.584
KVTX20221008-2,KVTX20221008_142314_V06,5,3.516,1.200,21067,0,4352.638,1293,0,2675.525
KVTX20221008-2,KVTX20221008_142314_V06,6,4.482,1.200,21091,0,2555.616,831,0,1441.653
KVTX20221008-2,KVTX20221008_143258_V06,0,0.483,1.200,48216,0,159589.598,9139,0,120245.287
KVTX20221008-2,KVTX20221008_143258_V06,2,1.494,1.200,48239,0,40272.434,8435,0,27713.904
KVTX20221008-2,KVTX20221008_143258_V06,4,2.505,1.200,24138,0,12200.322,2183,0,8807.884
KVTX20221008-2,KVTX20221008_143258_V06,5,3.516,1.200,24160,0,6832.293,1935,0,4057.642
KVTX20221008-2,KVTX20221008_143258_V06,6,4.482,1.200,24209,0,4012.840,1307,0,2309.294
KVTX20221008-1,KVTX20221008_133437_V06,0,0.483,1.200,8465,0,55346.950,1048,0,49081.149
KVTX20221008-1,KVTX20221008_133437_V06,2,1.494,1.200,8474,0,423.158,384,0,259.920
KVTX20221008-1,KVTX20221008_133437_V06,4,2.505,1.200,4239,0,12.295,1,0,12.037
KVTX20221008-1,KVTX20221008_133437_V06,5,3.516,1.200,4239,0,7.732,0,0,7.732
KVTX20221008-4,KVTX20221008_151310_V06,0,0.483,1.200,4438,0,3177.808,53,0,1852.544
KVTX20221010-3,KVTX20221010_142251_V06,0,0.483,1.200,33752,0,176450.708,7335,0,98573.526
KVTX20221010-3,KVTX20221010_142251_V06,2,0.879,1.200,33760,0,98234.452,7339,0,59287.524
KVTX20221010-3,KVTX20221010_142251_V06,4,1.318,1.200,33770,0,55244.973,6895,0,31065.352
KVTX20221010-3,KVTX20221010_142251_V06,8,1.802,1.200,16890,0,19581.642,1648,0,11236.731
KVTX20221010-3,KVTX20221010_142251_V06,9,2.417,1.200,16895,0,10755.746,1150,0,5062.228
KVTX20221010-3,KVTX20221010_142251_V06,10,3.120,1.200,16908,0,3179.220,854,0,1620.429
KVTX20221010-3,KVTX20221010_142251_V06,11,3.999,1.200,16925,0,523.255,643,0,270.508
KVTX20221010-3,KVTX20221010_142826_V06,0,0.483,1.200,42693,0,193521.873,9937,0,109990.221
KVTX20221010-3,KVTX20221010_142826_V06,2,0.879,1.200,42701,0,138204.730,9816,0,79968.047
KVTX20221010-3,KVTX20221010_142826_V06,4,1.318,1.200,42715,0,81972.728,9738,0,42276.807
KVTX20221010-3,KVTX20221010_142826_V06,8,1.802,1.200,21366,0,29538.534,2520,0,15505.820
KVTX20221010-3,KVTX20221010_142826_V06,9,2.417,1.200,21371,0,17702.823,2085,0,9027.286
KVTX20221010-3,KVTX20221010_142826_V06,10,3.120,1.200,21388,0,5982.466,1566,0,2845.682
KVTX20221010-3,KVTX20221010_142826_V06,11,3.999,1.200,21414,0,2252.187,1238,0,864.042
KVTX20221010-3,KVTX20221010_143401_V06,0,0.483,1.200,38839,0,225260.322,9611,0,119999.170
KVTX20221010-3,KVTX20221010_143401_V06,2,0.879,1.200,38839,0,162061.687,9191,0,91103.413
KVTX20221010-3,KVTX20221010_143401_V06,4,1.318,1.200,38852,0,88190.446,8646,0,44111.951
KVTX20221010-3,KVTX20221010_143401_V06,8,1.802,1.200,19411,0,30153.401,2223,0,15432.026
KVTX20221010-3,KVTX20221010_143401_V06,9,2.417,1.200,19421,0,17592.221,1666,0,8087.423
KVTX20221010-3,KVTX20221010_143401_V06,10,3.120,1.200,19437,0,5637.142,1133,0,2549.201
KVTX20221010-3,KVTX20221010_143401_V06,11,3.999,1.200,19456,0,1585.716,831,0,855.068
KVTX20221010-1,KVTX20221010_141141_V06,0,0.483,1.200,1133,0,25502.395,207,0,17727.236
KVTX20221010-1,KVTX20221010_141141_V06,2,0.879,1.200,1135,0,18536.141,284,0,12071.250
KVTX20221010-1,KVTX20221010_141141_V06,4,1.318,1.200,1135,0,1837.775,294,0,1146.287
KVTX20221010-1,KVTX20221010_141141_V06,8,1.802,1.200,571,0,321.447,47,0,206.164
KVTX20221010-1,KVTX20221010_141141_V06,9,2.417,1.200,571,0,44.760,16,0,32.959
KVTX20221010-1,KVTX20221010_141141_V06,10,3.120,1.200,572,0,6.028,6,0,2.057
KVTX20221010-1,KVTX20221010_141141_V06,11,3.999,1.200,568,0,2.000,1,0,1.349
KVTX20221010-1,KVTX20221010_141141_V06,12,5.098,1.200,573,0,8.041,4,0,5.126
KVTX20221010-4,KVTX20221010_142826_V06,0,0.483,1.200,15722,0,95199.603,1225,0,74816.004
KVTX20221010-4,KVTX20221010_142826_V06,2,0.879,1.200,15728,0,52568.307,1658,0,35703.595
KVTX20221010-4,KVTX20221010_142826_V06,4,1.318,1.200,15730,0,14036.402,1693,0,8174.273
KVTX20221010-4,KVTX20221010_142826_V06,8,1.802,1.200,7862,0,3521.590,362,0,2154.372
KVTX20221010-4,KVTX20221010_142826_V06,9,2.417,1.200,7871,0,597.682,127,0,385.366
KVTX20221010-4,KVTX20221010_142826_V06,10,3.120,1.200,7878,0,301.312,60,0,178.171
KVTX20221010-4,KVTX20221010_142826_V06,11,3.999,1.200,7886,0,77.865,21,0,45.349
KVTX20221011-2,KVTX20221011_142122_V06,0,0.483,1.200,12631,0,48181.382,2668,0,30544.253
KVTX20221011-2,KVTX20221011_142122_V06,2,0.879,1.200,12629,0,25031.335,2552,0,16428.411
KVTX20221011-2,KVTX20221011_142122_V06,4,1.318,1.200,12641,0,8838.427,1986,0,5023.326
KVTX20221011-2,KVTX20221011_142122_V06,6,1.802,1.200,6324,0,1145.501,118,0,709.518
KVTX20221011-2,KVTX20221011_142122_V06,7,2.417,1.200,6324,0,5185.276,181,0,399.591
KVTX20221011-2,KVTX20221011_142122_V06,8,3.120,1.200,6323,0,887.356,80,0,218.145
KVTX20221011-2,KVTX20221011_142122_V06,9,3.999,1.200,6336,0,54.204,2,0,48.526
KVTX20221011-2,KVTX20221011_142458_V06,0,0.483,1.200,28459,0,83715.059,7533,0,50080.284
KVTX20221011-2,KVTX20221011_142458_V06,2,0.879,1.200,28464,0,43856.435,6486,0,26630.149
KVTX20221011-2,KVTX20221011_142458_V06,4,1.318,1.200,28467,0,21836.843,5491,0,11168.488
KVTX20221011-2,KVTX20221011_142458_V06,6,1.802,1.200,14263,0,5907.266,948,0,2659.139
KVTX20221011-2,KVTX20221011_142458_V06,7,2.417,1.200,14272,0,14132.254,1169,0,1574.887
KVTX20221011-2,KVTX20221011_142458_V06,8,3.120,1.200,14282,0,2376.508,767,0,861.680
KVTX20221011-2,KVTX20221011_142458_V06,9,3.999,1.200,14293,0,540.600,324,0,304.515
KVTX20221012-3,KVTX20221012_134900_V06,0,0.483,1.200,8066,119,1184511.321,3612,0,7896.378
KVTX20221012-3,KVTX20221012_134900_V06,2,0.879,1.200,8068,121,1217543.540,3189,0,7584.016
KVTX20221012-3,KVTX20221012_134900_V06,4,1.318,1.200,8076,131,1376016.755,2832,0,35935.241
KVTX20221012-3,KVTX20221012_134900_V06,6,1.802,1.200,4052,68,1842707.967,1333,0,66800.344
KVTX20221012-3,KVTX20221012_134900_V06,7,2.417,1.200,4052,28,1814984.967,1839,0,16094.925
KVTX20221012-3,KVTX20221012_134900_V06,8,3.120,1.200,4056,28,2131570.774,2574,0,689.768
KVTX20221012-3,KVTX20221012_134900_V06,9,3.999,1.200,4062,21,2972628.456,2993,0,1108.111
KVTX20221016-1,KVTX20221016_141106_V06,0,0.483,1.200,9673,0,21378.471,1145,0,18925.293
KVTX20221016-1,KVTX20221016_141106_V06,2,1.494,1.200,9682,0,4589.415,1138,0,3714.673
KVTX20221016-1,KVTX20221016_141106_V06,4,2.505,1.200,4844,0,174.520,50,0,140.224
KVTX20221016-1,KVTX20221016_141106_V06,5,3.516,1.200,4843,0,30.233,12,0,22.549
KVTX20221016-1,KVTX20221016_141106_V06,6,4.482,1.200,4854,0,50.671,17,0,35.701
KVTX20221018-1,KVTX20221018_130929_V06,0,0.483,1.200,810,0,932.802,101,0,835.966
KVTX20221018-1,KVTX20221018_130929_V06,2,1.494,1.200,813,0,726.322,79,0,593.365
KVTX20221018-1,KVTX20221018_130929_V06,4,2.505,1.200,405,0,51.583,28,0,46.133
KVTX20221018-1,KVTX20221018_130929_V06,5,3.516,1.200,406,0,5.492,23,0,1.508
KVTX20221018-1,KVTX20221018_130929_V06,6,4.482,1.200,407,0,0.379,5,0,0.309
KVTX20221021-1,KVTX20221021_140951_V06,0,0.483,1.200,6882,0,3901.279,630,0,3025.110
KVTX20221021-1,KVTX20221021_140951_V06,2,1.494,1.200,6890,0,3539.339,1158,0,2813.307
KVTX20221021-1,KVTX20221021_140951_V06,4,2.505,1.200,3446,0,174.694,69,0,118.990
KVTX20221021-1,KVTX20221021_140951_V06,5,3.516,1.200,3453,0,3.717,0,0,3.717
KVTX20221021-1,KVTX20221021_140951_V06,6,4.482,1.200,3457,0,3.728,0,0,3.728
KVTX20221024-1,KVTX20221024_144707_V06,0,0.483,1.200,5023,0,2174.017,753,0,1511.498
KVTX20221024-1,KVTX20221024_144707_V06,2,1.494,1.200,5033,0,99.824,233,0,62.580
KVTX20221024-1,KVTX20221024_144707_V06,4,2.505,1.200,2519,0,2.897,0,0,2.897
KVTX20221024-1,KVTX20221024_144707_V06,5,3.516,1.200,2520,0,2.905,0,0,2.905
KVTX20221024-1,KVTX20221024_144707_V06,6,4.482,1.200,2529,0,2.923,0,0,2.923
KVTX20221026-3,KVTX20221026_150336_V06,0,0.483,1.200,1181,0,4282.622,69,0,4219.246
KVTX20221026-3,KVTX20221026_150336_V06,2,1.494,1.200,1181,0,175.623,58,0,133.512
KVTX20221026-3,KVTX20221026_150336_V06,4,2.505,1.200,590,0,11.990,0,0,11.990
KVTX20221026-3,KVTX20221026_151322_V06,0,0.483,1.200,3068,0,14780.850,172,0,14558.175
KVTX20221026-3,KVTX20221026_151322_V06,2,1.494,1.200,3065,0,410.953,87,0,349.585
KVTX20221026-3,KVTX20221026_151322_V06,4,2.505,1.200,1536,0,27.773,0,0,27.773
KVTX20221026-3,KVTX20221026_152307_V06,0,0.483,1.200,5629,0,30098.648,319,0,29651.878
KVTX20221026-3,KVTX20221026_152307_V06,2,1.494,1.200,5627,0,1041.360,272,0,816.058
KVTX20221026-3,KVTX20221026_152307_V06,4,2.505,1.200,2815,0,126.955,2,0,122.177
KVTX20221026-3,KVTX20221026_152307_V06,5,3.516,1.200,2820,0,69.495,8,0,57.846
KVTX20221026-1,KVTX20221026_141451_V06,0,0.483,1.200,14323,0,34497.910,352,0,33019.626
KVTX20221026-1,KVTX20221026_141451_V06,2,1.494,1.200,14343,0,1662.292,232,0,928.501
KVTX20221026-1,KVTX20221026_141451_V06,4,2.505,1.200,7178,0,96.977,1,0,95.386
KVTX20221026-1,KVTX20221026_142436_V06,0,0.483,1.200,25775,0,28413.739,675,0,26575.841
KVTX20221026-1,KVTX20221026_142436_V06,2,1.494,1.200,25789,0,2883.776,430,0,1430.494
KVTX20221026-1,KVTX20221026_142436_V06,4,2.505,1.200,12912,0,768.227,20,0,374.147
KVTX20221026-1,KVTX20221026_143421_V06,0,0.483,1.200,17151,0,27194.486,368,0,26073.996
KVTX20221026-1,KVTX20221026_143421_V06,2,1.494,1.200,17171,0,2317.586,189,0,1640.686
KVTX20221026-1,KVTX20221026_143421_V06,4,2.505,1.200,8595,0,300.540,8,0,194.187
KVTX20221026-4,KVTX20221026_151322_V06,0,0.483,1.200,3301,0,12857.415,218,0,11903.918
KVTX20221026-4,KVTX20221026_151322_V06,2,1.494,1.200,3299,0,1423.999,121,0,743.742
KVTX20221026-4,KVTX20221026_151322_V06,4,2.505,1.200,1651,0,228.218,4,0,167.443
KVTX20221027-1,KVTX20221027_140812_V06,0,0.483,1.200,1206,0,5.801,117,0,4.059
KVTX20221027-1,KVTX20221027_140812_V06,2,1.494,1.200,1208,0,4.545,81,0,3.446
KVTX20221027-1,KVTX20221027_140812_V06,4,2.505,1.200,603,0,1.518,8,0,1.187
KVTX20221027-1,KVTX20221027_140812_V06,5,3.516,1.200,605,0,0.703,4,0,0.634
KVTX20221027-1,KVTX20221027_140812_V06,6,4.482,1.200,601,0,0.665,2,0,0.646
KVTX20221102-1,KVTX20221102_134211_V06,0,0.483,1.200,8107,0,68532.211,2070,0,14507.245
KVTX20221102-1,KVTX20221102_134211_V06,2,0.879,1.200,8108,0,136802.905,3774,0,21925.411
KVTX20221102-1,KVTX20221102_134735_V06,0,0.483,1.200,10025,0,78816.556,2561,0,16810.599
KVTX20221102-1,KVTX20221102_134735_V06,2,0.879,1.200,10030,0,172751.044,5076,0,27681.066
KVTX20221102-1,KVTX20221102_134735_V06,4,1.318,1.200,10036,0,106855.892,3892,0,18112.515
KVTX20221102-4,KVTX20221102_142914_V06,0,0.483,1.200,3490,0,62809.290,1428,0,8471.941
KVTX20221102-4,KVTX20221102_142914_V06,2,0.879,1.200,3495,0,115550.919,2344,0,12018.220
KVTX20221102-4,KVTX20221102_142914_V06,4,1.318,1.200,3494,0,70142.434,1650,0,9740.297
KVTX20221102-4,KVTX20221102_143334_V06,0,0.483,1.200,4970,0,63721.724,1662,0,9088.525
KVTX20221102-4,KVTX20221102_143334_V06,2,0.879,1.200,4973,0,138327.645,3199,0,15554.090
KVTX20221102-4,KVTX20221102_143334_V06,4,1.318,1.200,4974,0,88808.725,2274,0,9631.424
KVTX20221102-2,KVTX20221102_141602_V06,0,0.483,1.200,8678,0,37420.122,1417,0,7456.729
KVTX20221102-2,KVTX20221102_141602_V06,2,0.879,1.200,8683,0,121159.309,4191,0,19820.346
KVTX20221102-2,KVTX20221102_141602_V06,4,1.318,1.200,8694,0,90256.793,3597,0,13657.626
KVTX20221102-2,KVTX20221102_142026_V06,0,0.483,1.200,5768,0,36176.592,965,0,6456.230
KVTX20221102-2,KVTX20221102_142026_V06,2,0.879,1.200,5776,0,82038.793,2234,0,12542.004
KVTX20221105-1,KVTX20221105_150322_V06,0,0.483,1.200,5591,0,5.419,950,0,3.610
KVTX20221105-1,KVTX20221105_150322_V06,2,1.494,1.200,5591,0,2.046,1387,0,1.165
KVTX20221105-1,KVTX20221105_150322_V06,4,2.505,1.200,2801,0,2.610,451,0,1.122
KVTX20221105-1,KVTX20221105_150322_V06,5,3.516,1.200,2801,0,2.666,323,0,1.003
KVTX20221105-1,KVTX20221105_150322_V06,6,4.482,1.200,2801,0,1.792,472,0,0.461
KVTX20221107-10,KVTX20221107_150942_V06,0,0.483,1.200,15978,0,66803.220,2836,0,10272.501
KVTX20221107-10,KVTX20221107_150942_V06,2,0.879,1.200,15989,0,2871.030,252,0,753.469
KVTX20221107-10,KVTX20221107_150942_V06,4,1.318,1.200,15994,0,1951.433,37,0,791.693
KVTX20221107-10,KVTX20221107_151512_V06,0,0.483,1.200,19003,0,82745.864,4010,0,10478.492
KVTX20221107-10,KVTX20221107_151512_V06,2,0.879,1.200,19015,0,5809.471,554,0,1861.674
KVTX20221107-10,KVTX20221107_151512_V06,4,1.318,1.200,19023,0,2188.016,38,0,1138.072
KVTX20221107-9,KVTX20221107_144140_V06,0,0.483,1.200,2145,0,10285.467,239,0,1666.757
KVTX20221107-9,KVTX20221107_144140_V06,2,0.879,1.200,2146,0,36.588,0,0,36.588
KVTX20221107-9,KVTX20221107_144140_V06,4,1.318,1.200,2147,0,7.816,0,0,7.816
KVTX20221109-2,KVTX20221109_132630_V06,0,0.483,1.200,1205,0,20617.203,229,0,103.879
KVTX20221109-2,KVTX20221109_132630_V06,2,0.879,1.200,1206,0,2969.870,161,0,71.155
KVTX20221109-2,KVTX20221109_132630_V06,4,1.318,1.200,1202,0,628.078,99,0,47.459
KVTX20221109-2,KVTX20221109_132630_V06,6,1.802,1.200,605,0,1.637,0,0,1.637
KVTX20221109-2,KVTX20221109_132630_V06,9,2.417,1.200,603,0,9.870,0,0,9.870
KVTX20221109-2,KVTX20221109_132630_V06,10,3.120,1.200,607,0,1.647,0,0,1.647
KVTX20221109-5,KVTX20221109_134059_V06,0,0.483,1.200,758,0,8048.323,268,0,138.596
KVTX20221109-5,KVTX20221109_134059_V06,2,0.879,1.200,761,0,1119.685,149,0,76.056
KVTX20221109-5,KVTX20221109_134059_V06,4,1.318,1.200,760,0,73.768,28,0,33.371
KVTX20221109-5,KVTX20221109_134059_V06,6,1.802,1.200,381,0,7.805,0,0,7.805
KVTX20221109-5,KVTX20221109_134059_V06,9,2.417,1.200,378,0,30.750,1,0,26.129
KVTX20221109-5,KVTX20221109_134059_V06,10,3.120,1.200,381,0,38.470,1,0,36.075
KVTX20221117-1,KVTX20221117_133339_V06,0,0.483,1.200,461,0,51395.269,20,0,51386.651
KVTX20221117-1,KVTX20221117_133339_V06,2,1.494,1.200,463,0,42.077,29,0,31.867
KVTX20221117-1,KVTX20221117_133339_V06,4,2.505,1.200,232,0,1.947,0,0,1.947
KVTX20221117-1,KVTX20221117_133339_V06,5,3.516,1.200,234,0,5.021,0,0,5.021
KVTX20221117-1,KVTX20221117_133339_V06,6,4.482,1.200,231,0,8.171,3,0,6.011
KVTX20221125-1,KVTX20221125_150231_V06,0,0.483,1.200,1209,0,84.049,348,0,45.689
KVTX20221125-1,KVTX20221125_150231_V06,2,1.494,1.200,1211,0,6.112,66,0,3.493
KVTX20221125-1,KVTX20221125_150231_V06,4,2.505,1.200,609,0,0.638,0,0,0.638
KVTX20221125-1,KVTX20221125_150231_V06,5,3.516,1.200,611,0,0.664,0,0,0.664
KVTX20221125-1,KVTX20221125_150231_V06,6,4.482,1.200,614,0,0.698,0,0,0.698
KVTX20221126-2,KVTX20221126_151419_V06,0,0.483,1.200,4709,0,2919.164,67,0,2193.442
KVTX20221126-2,KVTX20221126_151419_V06,2,1.494,1.200,4711,0,745.311,52,0,356.844
KVTX20221201-16,KVTX20221201_152149_V06,0,0.483,1.200,9465,0,141489.744,3172,0,16317.311
KVTX20221201-16,KVTX20221201_152149_V06,2,0.879,1.200,9466,0,371362.662,6363,0,22770.285
KVTX20221201-16,KVTX20221201_152149_V06,4,1.318,1.200,9472,0,333941.380,7226,0,22579.152
KVTX20221201-16,KVTX20221201_153010_V06,0,0.483,1.200,14565,0,455094.315,5153,0,23060.243
KVTX20221201-16,KVTX20221201_153010_V06,2,0.879,1.200,14571,0,678605.021,9326,0,31361.996
KVTX20221201-16,KVTX20221201_153010_V06,4,1.318,1.200,14576,0,504391.331,11084,0,36691.344
KVTX20221201-16,KVTX20221201_153831_V06,0,0.483,1.200,18618,0,899494.585,7317,0,25154.425
KVTX20221201-16,KVTX20221201_153831_V06,2,0.879,1.200,18631,0,878516.553,11583,0,34036.512
KVTX20221201-16,KVTX20221201_153831_V06,4,1.318,1.200,18644,0,589810.903,13842,0,39937.267
KVTX20221201-16,KVTX20221201_154652_V06,0,0.483,1.200,23144,0,886965.768,8599,0,30497.955
KVTX20221201-16,KVTX20221201_154652_V06,2,0.879,1.200,23152,0,1027517.737,13324,0,40648.995
KVTX20221201-16,KVTX20221201_154652_V06,4,1.318,1.200,23164,0,757840.389,15751,0,43252.510
KVTX20221201-16,KVTX20221201_160038_V06,0,0.483,1.200,17309,0,565264.280,7659,0,50829.609
KVTX20221201-16,KVTX20221201_160038_V06,2,0.879,1.200,17325,0,670164.389,10607,0,50072.132
KVTX20221201-16,KVTX20221201_160038_V06,4,1.318,1.200,17326,0,529770.038,10679,0,34360.035
KVTX20221201-16,KVTX20221201_160549_V06,0,0.483,1.200,21550,0,593961.648,8116,0,56770.111
KVTX20221201-16,KVTX20221201_160549_V06,2,0.879,1.200,21557,0,620569.479,11283,0,58630.314
KVTX20221201-16,KVTX20221201_160549_V06,4,1.318,1.200,21569,0,472885.428,11434,0,38652.902
KVTX20221201-8,KVTX20221201_143140_V06,0,0.483,1.200,25951,0,145583.210,3518,0,20310.138
KVTX20221201-8,KVTX20221201_143140_V06,2,0.879,1.200,25963,0,302954.630,8954,0,40214.720
KVTX20221201-8,KVTX20221201_143140_V06,4,1.318,1.200,25962,0,363548.940,14791,0,49970.349
KVTX20221201-8,KVTX20221201_144002_V06,0,0.483,1.200,32109,0,306525.822,5248,0,39989.352
KVTX20221201-8,KVTX20221201_144002_V06,2,0.879,1.200,32118,0,459915.236,10811,0,63980.650
KVTX20221201-8,KVTX20221201_144002_V06,4,1.318,1.200,32134,0,435997.575,16570,0,53876.391
KVTX20221201-8,KVTX20221201_144823_V06,0,0.483,1.200,14765,0,163977.732,4133,0,26528.873
KVTX20221201-8,KVTX20221201_144823_V06,2,0.879,1.200,14771,0,348346.332,8031,0,43102.051
KVTX20221201-8,KVTX20221201_144823_V06,4,1.318,1.200,14777,0,345503.925,9862,0,39119.688
KVTX20221201-2,KVTX20221201_134955_V06,0,0.483,1.200,275,0,22.944,45,0,10.210
KVTX20221201-2,KVTX20221201_134955_V06,2,0.879,1.200,275,0,4.080,8,0,0.769
KVTX20221201-2,KVTX20221201_134955_V06,4,1.318,1.200,275,0,0.239,0,0,0.239
KVTX20221201-2,KVTX20221201_134955_V06,8,1.802,1.200,152,0,0.265,0,0,0.265
KVTX20221201-2,KVTX20221201_134955_V06,9,2.417,1.200,152,0,0.265,0,0,0.265
KVTX20221201-2,KVTX20221201_134955_V06,10,3.120,1.200,152,0,0.265,0,0,0.265
KVTX20221201-2,KVTX20221201_134955_V06,11,3.999,1.200,155,0,0.272,0,0,0.272
KVTX20221201-4,KVTX20221201_140638_V06,0,0.483,1.200,11969,0,152270.734,2927,0,16812.885
KVTX20221201-4,KVTX20221201_140638_V06,2,0.879,1.200,11968,0,408682.895,6463,0,32763.372
KVTX20221201-4,KVTX20221201_140638_V06,4,1.318,1.200,11970,0,409361.267,8166,0,30263.519
KVTX20221202-1,KVTX20221202_145145_V06,0,0.483,1.200,2408,0,1093.669,70,0,280.771
KVTX20221202-1,KVTX20221202_145145_V06,2,0.879,1.200,2414,0,59.867,2,0,47.783
KVTX20221202-1,KVTX20221202_145145_V06,4,1.318,1.200,2418,0,9.807,0,0,9.807
KVTX20221202-1,KVTX20221202_150246_V06,0,0.483,1.200,8856,0,2479.269,234,0,573.176
KVTX20221202-1,KVTX20221202_150246_V06,2,0.879,1.200,8864,0,523.641,29,0,166.337
KVTX20221202-1,KVTX20221202_150246_V06,4,1.318,1.200,8868,0,85.761,0,0,85.761
KVTX20221202-1,KVTX20221202_150809_V06,0,0.483,1.200,8797,0,2965.237,235,0,570.317
KVTX20221202-1,KVTX20221202_150809_V06,2,0.879,1.200,8798,0,510.244,42,0,94.906
KVTX20221202-1,KVTX20221202_150809_V06,4,1.318,1.200,8803,0,83.522,4,0,61.360
KVTX20221202-1,KVTX20221202_151339_V06,0,0.483,1.200,11489,0,3219.612,297,0,756.800
KVTX20221202-1,KVTX20221202_151339_V06,2,0.879,1.200,11495,0,916.527,95,0,149.627
KVTX20221202-1,KVTX20221202_151339_V06,4,1.318,1.200,11494,0,215.412,18,0,89.833
KVTX20221202-1,KVTX20221202_151901_V06,0,0.483,1.200,14068,0,4277.634,448,0,616.907
KVTX20221202-1,KVTX20221202_151901_V06,2,0.879,1.200,14072,0,1417.043,136,0,226.323
KVTX20221202-1,KVTX20221202_151901_V06,4,1.318,1.200,14085,0,296.401,23,0,114.313
KVTX20221202-1,KVTX20221202_152423_V06,0,0.483,1.200,17239,0,9005.581,711,0,1567.016
KVTX20221202-1,KVTX20221202_152423_V06,2,0.879,1.200,17249,0,2290.664,232,0,732.274
KVTX20221202-1,KVTX20221202_152423_V06,4,1.318,1.200,17249,0,674.358,26,0,411.101
KVTX20221202-1,KVTX20221202_152423_V06,8,1.802,1.200,8634,0,89.295,0,0,89.295
KVTX20221202-1,KVTX20221202_152946_V06,0,0.483,1.200,16889,0,12870.257,907,0,2073.539
KVTX20221202-1,KVTX20221202_152946_V06,2,0.879,1.200,16890,0,3365.092,377,0,877.803
KVTX20221202-1,KVTX20221202_152946_V06,4,1.318,1.200,16910,0,648.971,39,0,404.658
KVTX20221202-1,KVTX20221202_152946_V06,8,1.802,1.200,8445,0,207.620,5,0,83.378
KVTX20221202-1,KVTX20221202_153509_V06,0,0.483,1.200,17944,0,16732.464,1052,0,1766.388
KVTX20221202-1,KVTX20221202_153509_V06,2,0.879,1.200,17956,0,4817.087,493,0,724.705
KVTX20221202-1,KVTX20221202_153509_V06,4,1.318,1.200,17966,0,894.242,78,0,499.675
KVTX20221202-1,KVTX20221202_153509_V06,8,1.802,1.200,8983,0,144.332,0,0,144.332
KVTX20221202-1,KVTX20221202_154047_V06,0,0.483,1.200,22988,0,22449.824,1486,0,2510.770
KVTX20221202-1,KVTX20221202_154047_V06,2,0.879,1.200,23000,0,8026.444,819,0,1168.699
KVTX20221202-1,KVTX20221202_154047_V06,4,1.318,1.200,23004,0,1801.468,248,0,618.075
KVTX20221202-1,KVTX20221202_154047_V06,6,1.802,1.200,11503,0,95.733,0,0,95.733
KVTX20221202-2,KVTX20221202_150809_V06,0,0.483,1.200,5680,0,633.458,1604,0,273.147
KVTX20221202-2,KVTX20221202_150809_V06,2,0.879,1.200,5678,0,272.967,1297,0,132.207
KVTX20221202-2,KVTX20221202_150809_V06,4,1.318,1.200,5682,0,220.871,1140,0,124.045
KVTX20221202-2,KVTX20221202_150809_V06,8,1.802,1.200,2860,0,59.288,144,0,42.925
KVTX20221202-2,KVTX20221202_150809_V06,9,2.417,1.200,2863,0,44.000,62,0,33.385
KVTX20221202-2,KVTX20221202_150809_V06,10,3.120,1.200,2866,0,25.291,72,0,18.182
KVTX20221202-2,KVTX20221202_150809_V06,11,3.999,1.200,2870,0,19.672,87,0,10.841
KVTX20221202-2,KVTX20221202_150809_V06,12,5.098,1.200,2870,0,26.706,128,0,15.179
KVTX20221202-2,KVTX20221202_150809_V06,13,6.416,1.200,2881,0,17.000,132,0,9.592
KVTX20221211-4,KVTX20221211_140541_V06,0,0.483,1.200,4810,0,351458.935,1072,0,56261.011
KVTX20221211-4,KVTX20221211_140541_V06,2,0.879,1.200,4808,0,18645.031,417,0,3296.803
KVTX20221211-4,KVTX20221211_140541_V06,4,1.318,1.200,4811,0,62.723,2,0,46.042
KVTX20221212-8,KVTX20221212_144737_V06,0,0.483,1.200,957,0,406914.483,631,0,1122.384
KVTX20221212-8,KVTX20221212_144737_V06,2,0.879,1.200,954,0,160743.379,526,0,818.226
KVTX20221212-8,KVTX20221212_144737_V06,4,1.318,1.200,952,0,21735.183,281,0,848.764
KVTX20221212-8,KVTX20221212_145200_V06,0,0.483,1.200,1815,0,487887.260,725,0,1218.171
KVTX20221212-8,KVTX20221212_145200_V06,2,0.879,1.200,1816,0,166147.803,603,0,1487.829
KVTX20221212-8,KVTX20221212_145200_V06,4,1.318,1.200,1813,0,21998.568,320,0,730.083
KVTX20221212-11,KVTX20221212_150509_V06,0,0.483,1.200,3316,0,622194.660,987,0,7681.408
KVTX20221212-11,KVTX20221212_150509_V06,2,0.879,1.200,3316,0,256893.277,723,0,1893.690
KVTX20221212-11,KVTX20221212_150509_V06,4,1.318,1.200,3317,0,20471.355,324,0,1499.915
KVTX20221212-11,KVTX20221212_150933_V06,0,0.483,1.200,4732,0,852860.652,1160,0,4489.341
KVTX20221212-11,KVTX20221212_150933_V06,2,0.879,1.200,4746,0,324645.195,844,0,1603.131
KVTX20221212-11,KVTX20221212_150933_V06,4,1.318,1.200,4749,0,32935.780,350,0,1431.517
KVTX20221212-11,KVTX20221212_151355_V06,0,0.483,1.200,6556,0,926894.412,1424,0,6274.893
KVTX20221212-11,KVTX20221212_151355_V06,2,0.879,1.200,6557,0,381641.081,1010,0,2350.952
KVTX20221212-11,KVTX20221212_151355_V06,4,1.318,1.200,6555,0,40526.428,394,0,1226.082
KVTX20221212-11,KVTX20221212_151818_V06,0,0.483,1.200,3830,0,736922.116,1151,0,5851.401
KVTX20221212-11,KVTX20221212_151818_V06,2,0.879,1.200,3833,0,252743.660,947,0,2076.676
KVTX20221212-11,KVTX20221212_151818_V06,4,1.318,1.200,3838,0,39828.680,419,0,698.833
KVTX20221212-11,KVTX20221212_152241_V06,0,0.483,1.200,5359,0,817368.625,1357,0,4180.192
KVTX20221212-11,KVTX20221212_152241_V06,2,0.879,1.200,5363,0,309963.020,1111,0,2051.242
KVTX20221212-11,KVTX20221212_152241_V06,4,1.318,1.200,5367,0,60707.400,571,0,1252.996
KVTX20221216-1,KVTX20221216_140136_V06,0,0.483,1.200,67,0,147.611,14,0,144.740
KVTX20221216-1,KVTX20221216_140136_V06,2,0.879,1.200,66,0,26.457,5,0,21.552
KVTX20221216-1,KVTX20221216_140136_V06,4,1.318,1.200,66,0,10.252,17,0,4.267
KVTX20221216-1,KVTX20221216_140136_V06,8,1.802,1.200,33,0,0.024,0,0,0.024
KVTX20221216-1,KVTX20221216_140136_V06,9,2.417,1.200,35,0,0.025,0,0,0.025
KVTX20221216-1,KVTX20221216_140136_V06,10,3.120,1.200,35,0,0.376,0,0,0.376
KVTX20221216-1,KVTX20221216_140136_V06,11,3.999,1.200,34,0,0.319,0,0,0.319
KVTX20221216-1,KVTX20221216_140136_V06,12,5.098,1.200,33,0,0.719,1,0,0.467
KVTX20221216-1,KVTX20221216_140136_V06,13,6.416,1.200,34,0,2.594,3,0,2.038
KVTX20221222-1,KVTX20221222_141735_V06,0,0.483,1.200,76,0,385.231,14,0,322.170
KVTX20221222-1,KVTX20221222_141735_V06,2,1.494,1.200,77,0,5.928,9,0,3.935
KVTX20221222-1,KVTX20221222_141735_V06,4,2.505,1.200,39,0,7.262,2,0,0.921
KVTX20221222-1,KVTX20221222_141735_V06,5,3.516,1.200,39,0,0.028,0,0,0.028
KVTX20221222-1,KVTX20221222_141735_V06,6,4.482,1.200,39,0,0.028,0,0,0.028
KVTX20221222-2,KVTX20221222_150622_V06,0,0.483,1.200,1002,0,8.099,122,0,5.758
KVTX20221222-2,KVTX20221222_150622_V06,2,1.494,1.200,1004,0,8.020,120,0,5.792
KVTX20221222-2,KVTX20221222_150622_V06,4,2.505,1.200,499,0,5.433,17,0,4.519
KVTX20221222-2,KVTX20221222_150622_V06,5,3.516,1.200,499,0,2.517,8,0,2.095
KVTX20221222-2,KVTX20221222_150622_V06,6,4.482,1.200,502,0,3.768,25,0,2.799
KVTX20221224-3,KVTX20221224_152600_V06,0,0.483,1.200,14522,0,165.764,2435,0,153.806
KVTX20221224-3,KVTX20221224_152600_V06,2,1.494,1.200,14529,0,180.782,2974,0,177.148
KVTX20221224-3,KVTX20221224_152600_V06,4,2.505,1.200,7266,0,13.474,423,0,12.744
KVTX20221224-3,KVTX20221224_152600_V06,5,3.516,1.200,7282,0,2.532,575,0,1.402
KVTX20221224-3,KVTX20221224_152600_V06,6,4.482,1.200,7287,0,1.908,758,0,1.139
KVTX20221225-1,KVTX20221225_144052_V06,0,0.483,1.200,15137,0,7.077,3796,0,3.801
KVTX20221225-1,KVTX20221225_144052_V06,2,1.494,1.200,15142,0,5.775,3763,0,3.311
KVTX20221225-1,KVTX20221225_144052_V06,4,2.505,1.200,7579,0,4.896,1415,0,2.444
KVTX20221225-1,KVTX20221225_144052_V06,5,3.516,1.200,7583,0,5.286,1501,0,2.923
KVTX20221225-1,KVTX20221225_144052_V06,6,4.482,1.200,7599,0,6.763,1456,0,3.800
KVTX20221227-1,KVTX20221227_161651_V06,0,0.483,1.200,6525,0,2608.716,88,0,671.391
KVTX20221227-1,KVTX20221227_161651_V06,2,1.494,1.200,6532,0,28250.578,1793,0,6870.775
KVTX20221228-1,KVTX20221228_161841_V06,0,0.483,1.200,1027,0,58317.320,23,0,58286.215
KVTX20221228-1,KVTX20221228_161841_V06,2,1.494,1.200,1026,0,999.331,42,0,969.683
KVTX20221228-1,KVTX20221228_161841_V06,4,2.505,1.200,517,0,264.510,1,0,262.946
KVTX20221228-1,KVTX20221228_162827_V06,0,0.483,1.200,5467,0,137162.441,235,0,136611.105
KVTX20221228-1,KVTX20221228_162827_V06,2,1.494,1.200,5466,0,3156.528,306,0,2816.395
KVTX20221228-1,KVTX20221228_162827_V06,4,2.505,1.200,2737,0,245.341,12,0,188.290
KVTX20221229-17,KVTX20221229_153037_V06,0,0.483,1.200,38826,0,2679848.761,14432,0,876720.081
KVTX20221229-17,KVTX20221229_153037_V06,2,0.879,1.200,38837,13,6215539.052,15457,1,1152096.457
KVTX20221229-17,KVTX20221229_153037_V06,4,1.318,1.200,38834,84,7597993.012,15862,0,529606.743
KVTX20221229-17,KVTX20221229_153037_V06,6,1.802,1.200,19431,2,3384790.926,7103,0,103010.914
KVTX20221229-17,KVTX20221229_153037_V06,7,2.417,1.200,19437,0,799156.834,8239,0,61892.647
KVTX20221229-17,KVTX20221229_153037_V06,8,3.120,1.200,19456,0,311510.126,7349,0,48269.782
KVTX20221229-17,KVTX20221229_153037_V06,9,3.999,1.200,19464,0,44842.335,4082,0,2026.365
KVTX20221229-17,KVTX20221229_153037_V06,10,5.098,1.200,19510,0,34965.678,2429,0,488.682
KVTX20221229-17,KVTX20221229_153501_V06,0,0.483,1.200,48620,2,4226709.847,17177,0,1328801.682
KVTX20221229-17,KVTX20221229_153501_V06,2,0.879,1.200,48636,46,9554843.823,18430,3,1464889.758
KVTX20221229-17,KVTX20221229_153501_V06,4,1.318,1.200,48646,81,7966610.736,18599,0,504746.870
KVTX20221229-17,KVTX20221229_153501_V06,6,1.802,1.200,24343,0,2072879.208,7642,0,91829.360
KVTX20221229-17,KVTX20221229_153501_V06,7,2.417,1.200,24352,0,453765.054,8226,0,45594.989
KVTX20221229-17,KVTX20221229_153501_V06,8,3.120,1.200,24359,0,120163.829,6698,0,7668.298
KVTX20221229-17,KVTX20221229_153501_V06,9,3.999,1.200,24389,0,46344.336,4107,0,1179.616
KVTX20221229-17,KVTX20221229_153501_V06,10,5.098,1.200,24417,0,32871.584,3062,0,427.859
KVTX20221229-6,KVTX20221229_141431_V06,0,0.483,1.200,11206,0,5052.660,267,0,1071.867
KVTX20221229-6,KVTX20221229_141431_V06,2,0.879,1.200,11214,0,1133.045,26,0,787.708
KVTX20221229-6,KVTX20221229_141431_V06,4,1.318,1.200,11213,0,1272.512,36,0,397.793
KVTX20221229-7,KVTX20221229_142624_V06,0,0.483,1.200,18971,0,16871.997,1323,0,3433.745
KVTX20221229-7,KVTX20221229_142624_V06,2,0.879,1.200,18973,0,7843.805,630,0,2657.793
KVTX20221229-7,KVTX20221229_142624_V06,4,1.318,1.200,18982,0,2674.407,182,0,976.834
KVTX20221229-7,KVTX20221229_142624_V06,6,1.802,1.200,9489,0,375.936,0,0,375.936
KVTX20221229-9,KVTX20221229_150630_V06,0,0.483,1.200,27640,0,16796.998,2445,0,2892.964
KVTX20221229-9,KVTX20221229_150630_V06,2,0.879,1.200,27646,0,16544.308,1933,0,4661.229
KVTX20221229-9,KVTX20221229_150630_V06,4,1.318,1.200,27649,0,6934.434,1039,0,3060.742
KVTX20221229-9,KVTX20221229_150630_V06,6,1.802,1.200,13835,0,465.133,35,0,108.712
KVTX20221229-9,KVTX20221229_150630_V06,7,2.417,1.200,13839,0,382.722,4,0,326.976
KVTX20221229-20,KVTX20221229_154828_V06,0,0.483,1.200,22720,4,1010294.456,6335,1,340566.562
KVTX20221229-20,KVTX20221229_154828_V06,2,0.879,1.200,22718,3,971300.869,6706,0,243954.405
KVTX20221229-20,KVTX20221229_154828_V06,4,1.318,1.200,22714,0,250434.801,6321,0,50769.466
KVTX20221229-20,KVTX20221229_154828_V06,6,1.802,1.200,11358,0,92842.288,1915,0,5812.954
KVTX20221229-20,KVTX20221229_154828_V06,7,2.417,1.200,11366,0,22905.490,1536,0,1996.560
KVTX20221229-20,KVTX20221229_154828_V06,8,3.120,1.200,11381,0,5875.341,845,0,442.489
KVTX20221229-20,KVTX20221229_154828_V06,9,3.999,1.200,11393,0,2007.526,369,0,312.934
KVTX20221229-20,KVTX20221229_155302_V06,0,0.483,1.200,12429,0,51026.562,4340,0,3791.421
KVTX20221229-20,KVTX20221229_155302_V06,2,0.879,1.200,12436,0,60960.481,4292,0,3142.369
KVTX20221229-20,KVTX20221229_155302_V06,4,1.318,1.200,12439,0,71669.614,3817,0,5703.416
KVTX20221229-20,KVTX20221229_155302_V06,6,1.802,1.200,6228,0,26436.341,947,0,4548.295
KVTX20221229-20,KVTX20221229_155302_V06,7,2.417,1.200,6230,0,5623.501,420,0,326.215
KVTX20221229-20,KVTX20221229_155302_V06,8,3.120,1.200,6238,0,1566.007,203,0,110.751
KVTX20221229-20,KVTX20221229_155302_V06,9,3.999,1.200,6235,0,316.068,74,0,141.278
