track_id,filename,sweep_idx,sweep_angle,count_scaling,n_roost_pixels,n_refAbove40_pixels,n_refBelow40_animals,n_xcorrAbove0.95_pixels,n_xcorrBelow0.95_refAbove40_pixels,n_xcorrBelow0.95_refBelow40_animals
KRIW20150601-5,KRIW20150601_105610_V06,0,0.483,1.200,1458,0,13713.330,332,0,1229.219
KRIW20150601-5,KRIW20150601_105610_V06,2,0.879,1.200,1451,0,75185.996,482,0,2408.359
KRIW20150601-5,KRIW20150601_105610_V06,4,1.318,1.200,1458,0,103022.569,598,0,786.102
KRIW20150601-5,KRIW20150601_105610_V06,6,1.802,1.200,730,0,99411.684,306,0,54.918
KRIW20150601-5,KRIW20150601_105610_V06,7,2.417,1.200,730,0,299220.547,350,0,476.629
KRIW20150601-5,KRIW20150601_105610_V06,8,3.120,1.200,736,0,311522.095,357,0,200.633
KRIW20150601-10,KRIW20150601_114352_V06,0,0.483,1.200,4267,0,86934.830,787,0,6461.495
KRIW20150601-10,KRIW20150601_114352_V06,2,0.879,1.200,4267,7,495493.646,1286,0,19739.408
KRIW20150601-10,KRIW20150601_114352_V06,4,1.318,1.200,4266,10,807679.129,1692,0,43863.297
KRIW20150601-10,KRIW20150601_114352_V06,6,1.802,1.200,2131,0,536553.164,972,0,21759.013
KRIW20150601-10,KRIW20150601_114352_V06,7,2.417,1.200,2138,0,430013.497,1305,0,7504.710
KRIW20150601-10,KRIW20150601_114352_V06,8,3.120,1.200,2141,0,491547.747,1371,0,5692.473
KRIW20150601-10,KRIW20150601_114352_V06,9,3.999,1.200,2141,0,375750.244,1015,0,2225.221
KRIW20150602-2,KRIW20150602_121552_V06,0,0.483,1.200,8218,0,150158.010,1178,0,5733.493
KRIW20150602-2,KRIW20150602_121552_V06,2,1.494,1.200,8221,0,906235.768,2020,0,4431.768
KRIW20150602-2,KRIW20150602_122534_V06,0,0.483,1.200,13572,0,314169.848,1817,0,58780.663
KRIW20150602-2,KRIW20150602_122534_V06,2,1.494,1.200,13581,0,1158781.905,3477,0,5652.547
KRIW20150602-1,KRIW20150602_104827_V06,0,0.483,1.200,1320,0,1830.306,35,0,1487.009
KRIW20150602-1,KRIW20150602_104827_V06,2,1.494,1.200,1326,0,2.236,0,0,2.236
KRIW20150602-1,KRIW20150602_104827_V06,4,2.505,1.200,693,0,2.341,0,0,2.341
KRIW20150602-3,KRIW20150602_122534_V06,0,0.483,1.200,809,0,140771.194,386,0,2597.719
KRIW20150604-3,KRIW20150604_123831_V06,0,0.483,1.200,45088,5,6769.006,5759,1,3352.620
KRIW20150604-3,KRIW20150604_123831_V06,2,1.494,1.200,45113,0,72.471,2124,0,38.338
KRIW20150604-3,KRIW20150604_123831_V06,4,2.505,1.200,22565,0,82.929,547,0,53.807
KRIW20150604-3,KRIW20150604_123831_V06,5,3.516,1.200,22589,0,10.167,526,0,7.195
KRIW20150604-3,KRIW20150604_123831_V06,6,4.482,1.200,22633,0,20.941,772,0,7.244
KRIW20150605-1,KRIW20150605_123427_V06,0,0.483,1.200,43546,2,25376.872,8843,1,11149.754
KRIW20150605-1,KRIW20150605_123427_V06,2,1.494,1.200,43562,0,264.113,14926,0,81.395
KRIW20150605-1,KRIW20150605_123427_V06,4,2.505,1.200,21801,0,153.887,3473,0,95.293
KRIW20150605-1,KRIW20150605_123427_V06,5,3.516,1.200,21823,0,75.960,2834,0,55.206
KRIW20150605-1,KRIW20150605_123427_V06,6,4.482,1.200,21859,0,56.054,2591,0,39.963
KRIW20150605-1,KRIW20150605_124409_V06,0,0.483,1.200,24954,0,1029.791,6246,0,727.404
KRIW20150605-1,KRIW20150605_124409_V06,2,1.494,1.200,24966,0,82.030,9083,0,29.484
KRIW20150605-1,KRIW20150605_124409_V06,4,2.505,1.200,12490,0,49.260,2571,0,31.531
KRIW20150605-1,KRIW20150605_124409_V06,5,3.516,1.200,12506,0,19.683,1797,0,14.308
KRIW20150605-1,KRIW20150605_124409_V06,6,4.482,1.200,12520,0,15.800,1796,0,8.561
KRIW20150606-7,KRIW20150606_124316_V06,0,0.483,1.200,1464,0,160263.883,411,0,47169.835
KRIW20150606-7,KRIW20150606_124316_V06,2,1.494,1.200,1466,0,132859.721,670,0,19746.570
KRIW20150606-7,KRIW20150606_124316_V06,4,2.505,1.200,735,0,18141.242,291,0,4670.217
KRIW20150606-7,KRIW20150606_124316_V06,5,3.516,1.200,737,0,167.664,12,0,132.893
KRIW20150606-7,KRIW20150606_125258_V06,0,0.483,1.200,3983,0,74471.814,567,0,36989.263
KRIW20150606-7,KRIW20150606_125258_V06,2,1.494,1.200,3982,0,92872.429,963,0,12268.081
KRIW20150606-7,KRIW20150606_125258_V06,4,2.505,1.200,1996,0,23325.290,371,0,3857.552
KRIW20150606-7,KRIW20150606_125258_V06,5,3.516,1.200,1991,0,480.020,34,0,270.117
KRIW20150606-3,KRIW20150606_113521_V06,0,0.483,1.200,1655,0,7354.124,204,0,339.294
KRIW20150606-3,KRIW20150606_113521_V06,2,1.494,1.200,1657,0,2995.611,182,0,128.502
KRIW20150606-3,KRIW20150606_113521_V06,4,2.505,1.200,836,0,2.787,0,0,2.787
KRIW20150610-1,KRIW20150610_123638_V06,0,0.483,1.200,30690,0,585.659,8868,0,359.885
KRIW20150610-1,KRIW20150610_123638_V06,2,1.494,1.200,30698,0,283.676,12496,0,116.761
KRIW20150610-1,KRIW20150610_123638_V06,4,2.505,1.200,15361,0,81.532,4336,0,37.384
KRIW20150610-1,KRIW20150610_123638_V06,5,3.516,1.200,15373,0,39.261,3828,0,18.054
KRIW20150610-1,KRIW20150610_123638_V06,6,4.482,1.200,15397,0,22.063,3778,0,7.917
KRIW20150610-1,KRIW20150610_124621_V06,0,0.483,1.200,48186,2,8212.745,12790,1,4467.595
KRIW20150610-1,KRIW20150610_124621_V06,2,1.494,1.200,48198,0,578.159,19561,0,266.712
KRIW20150610-1,KRIW20150610_124621_V06,4,2.505,1.200,24118,0,189.212,6341,0,68.932
KRIW20150610-1,KRIW20150610_124621_V06,5,3.516,1.200,24154,0,66.067,5530,0,26.107
KRIW20150610-1,KRIW20150610_124621_V06,6,4.482,1.200,24183,0,31.396,5071,0,17.559
KRIW20150611-4,KRIW20150611_110922_V06,0,0.483,1.200,1071,0,9089.254,215,0,1140.420
KRIW20150611-4,KRIW20150611_110922_V06,2,1.494,1.200,1066,0,2622.227,203,0,253.505
KRIW20150611-4,KRIW20150611_111904_V06,0,0.483,1.200,2205,0,74427.627,492,0,6330.672
KRIW20150611-4,KRIW20150611_111904_V06,2,1.494,1.200,2205,0,11402.449,400,0,380.914
KRIW20150611-5,KRIW20150611_111904_V06,0,0.483,1.200,5126,0,159354.897,2187,0,21381.908
KRIW20150611-5,KRIW20150611_111904_V06,2,1.494,1.200,5135,0,3051.980,254,0,1187.334
KRIW20150611-5,KRIW20150611_112848_V06,0,0.483,1.200,9481,0,1036664.121,4053,0,104994.725
KRIW20150611-5,KRIW20150611_112848_V06,2,1.494,1.200,9493,0,9746.183,667,0,3511.421
KRIW20150611-9,KRIW20150611_120029_V06,0,0.483,1.200,518,0,68065.792,207,0,2828.476
KRIW20150611-9,KRIW20150611_120029_V06,2,0.879,1.200,521,0,44840.879,247,0,2918.600
KRIW20150611-9,KRIW20150611_120029_V06,4,1.318,1.200,514,0,1737.623,69,0,320.903
KRIW20150611-9,KRIW20150611_120029_V06,8,1.802,1.200,258,0,1.530,0,0,1.530
KRIW20150611-9,KRIW20150611_120414_V06,0,0.483,1.200,1246,0,105030.737,386,0,11975.787
KRIW20150611-9,KRIW20150611_120414_V06,2,0.879,1.200,1243,0,119464.144,502,0,6943.151
KRIW20150611-9,KRIW20150611_120414_V06,4,1.318,1.200,1242,0,5408.960,182,0,759.422
KRIW20150611-9,KRIW20150611_120414_V06,8,1.802,1.200,627,0,3.714,0,0,3.714
KRIW20150611-1,KRIW20150611_104015_V06,0,0.483,1.200,51,0,42436.198,0,0,42436.198
KRIW20150611-1,KRIW20150611_104015_V06,2,1.494,1.200,50,0,121.317,6,0,0.140
KRIW20150611-2,KRIW20150611_104957_V06,0,0.483,1.200,23287,0,227430.228,3616,0,39477.340
KRIW20150611-2,KRIW20150611_104957_V06,2,1.494,1.200,23297,0,66614.433,2900,0,6487.058
KRIW20150611-2,KRIW20150611_104957_V06,4,2.505,1.200,11658,0,5814.967,438,0,4149.687
KRIW20150618-1,KRIW20150618_110650_V06,0,0.483,1.200,19164,0,122308.270,3203,0,105280.033
KRIW20150618-1,KRIW20150618_110650_V06,2,1.494,1.200,19179,0,4734.918,437,0,2573.203
KRIW20150618-1,KRIW20150618_110650_V06,4,2.505,1.200,9607,0,3487.064,53,0,2992.182
KRIW20150624-1,KRIW20150624_114133_V06,0,0.483,1.200,1156,0,2373.716,41,0,2014.595
KRIW20150624-1,KRIW20150624_114133_V06,2,1.494,1.200,1153,0,2.394,0,0,2.394
KRIW20150624-1,KRIW20150624_114133_V06,4,2.505,1.200,593,0,2.477,0,0,2.477
KRIW20150627-1,KRIW20150627_113932_V06,0,0.483,1.200,1252,0,2074.512,24,0,1867.019
KRIW20150627-1,KRIW20150627_113932_V06,2,1.494,1.200,1256,0,2.374,0,0,2.374
KRIW20150627-1,KRIW20150627_113932_V06,4,2.505,1.200,624,0,2.365,0,0,2.365
KRIW20150628-1,KRIW20150628_115626_V06,0,0.483,1.200,2445,0,10122.590,184,0,6823.033
KRIW20150628-1,KRIW20150628_115626_V06,2,0.879,1.200,2444,0,5440.330,121,0,4092.925
KRIW20150628-1,KRIW20150628_115626_V06,4,1.318,1.200,2450,0,468.765,28,0,316.488
KRIW20150628-1,KRIW20150628_115626_V06,6,1.802,1.200,1236,0,26.988,0,0,26.988
KRIW20150628-1,KRIW20150628_115626_V06,7,2.417,1.200,1242,0,4.790,0,0,4.790
KRIW20150630-1,KRIW20150630_105231_V06,0,0.483,1.200,7061,0,81528.116,2862,0,14588.517
KRIW20150630-1,KRIW20150630_105231_V06,2,0.879,1.200,7062,0,81155.921,3467,0,5168.858
KRIW20150630-1,KRIW20150630_105231_V06,4,1.318,1.200,7059,1,69843.649,3180,0,4126.304
KRIW20150630-1,KRIW20150630_105231_V06,6,1.802,1.200,3533,1,63057.869,1323,0,2223.983
KRIW20150630-1,KRIW20150630_105231_V06,7,2.417,1.200,3535,0,67038.528,1318,0,1897.614
KRIW20150630-1,KRIW20150630_105231_V06,8,3.120,1.200,3535,0,59995.045,1366,0,482.008
KRIW20150630-1,KRIW20150630_105231_V06,11,3.999,1.200,3543,0,63062.627,1320,0,2326.184
KRIW20150630-1,KRIW20150630_105231_V06,12,5.098,1.200,3541,0,134268.216,1437,0,6156.638
KRIW20150630-1,KRIW20150630_105231_V06,13,6.416,1.200,3554,0,63365.495,1736,0,904.856
KRIW20150630-1,KRIW20150630_105231_V06,14,7.998,1.200,3569,0,142905.732,2294,0,614.663
KRIW20150630-1,KRIW20150630_105724_V06,0,0.483,1.200,13270,0,29375.444,4384,0,13185.776
KRIW20150630-1,KRIW20150630_105724_V06,2,0.879,1.200,13269,0,19054.685,5396,0,2265.697
KRIW20150630-1,KRIW20150630_105724_V06,4,1.318,1.200,13266,0,24634.561,5095,0,4448.459
KRIW20150630-1,KRIW20150630_105724_V06,6,1.802,1.200,6632,0,26638.557,1893,0,2228.093
KRIW20150630-1,KRIW20150630_105724_V06,7,2.417,1.200,6636,0,29647.908,1791,0,1574.805
KRIW20150630-1,KRIW20150630_105724_V06,8,3.120,1.200,6637,0,35570.766,1722,0,1170.227
KRIW20150630-1,KRIW20150630_105724_V06,11,3.999,1.200,6645,0,33750.065,1752,0,1230.913
KRIW20150630-1,KRIW20150630_105724_V06,12,5.098,1.200,6662,0,64850.572,1790,0,5175.388
KRIW20150630-1,KRIW20150630_105724_V06,13,6.416,1.200,6682,0,33880.582,2289,0,1483.823
KRIW20150630-1,KRIW20150630_105724_V06,14,7.998,1.200,6704,0,80812.281,2797,0,649.903
KRIW20150706-4,KRIW20150706_105524_V06,0,0.483,1.200,57023,0,394204.342,25632,0,24994.815
KRIW20150706-4,KRIW20150706_105524_V06,2,0.879,1.200,57022,0,437835.634,23774,0,13303.635
KRIW20150706-4,KRIW20150706_105524_V06,4,1.318,1.200,57040,0,417954.365,23834,0,7664.339
KRIW20150706-4,KRIW20150706_105524_V06,6,1.802,1.200,28520,0,409373.946,10598,0,5368.222
KRIW20150706-4,KRIW20150706_105524_V06,7,2.417,1.200,28537,0,562353.945,10766,0,31152.649
KRIW20150706-4,KRIW20150706_105524_V06,8,3.120,1.200,28565,43,1163629.996,11444,0,122836.559
KRIW20150706-4,KRIW20150706_105524_V06,11,3.999,1.200,28593,3,927246.096,12196,0,20339.900
KRIW20150706-4,KRIW20150706_105524_V06,12,5.098,1.200,28651,9,537172.518,13123,0,62730.970
KRIW20150706-4,KRIW20150706_105524_V06,13,6.416,1.200,28721,0,219678.825,13979,0,15824.038
KRIW20150706-4,KRIW20150706_105524_V06,14,7.998,1.200,28838,3,150731.657,13987,0,6770.704
KRIW20150706-4,KRIW20150706_105524_V06,15,10.020,1.200,29026,0,120808.207,12035,0,8976.577
KRIW20150717-12,KRIW20150717_123638_V06,0,0.483,1.200,5860,0,294437.610,1550,0,120195.720
KRIW20150717-12,KRIW20150717_123638_V06,2,0.879,1.200,5858,0,590932.601,2251,0,172278.070
KRIW20150717-12,KRIW20150717_123638_V06,4,1.318,1.200,5859,3,970948.206,3056,1,156905.368
KRIW20150717-12,KRIW20150717_123638_V06,6,1.802,1.200,2931,1,1434996.019,1702,0,203213.886
KRIW20150717-12,KRIW20150717_123638_V06,7,2.417,1.200,2934,24,1834197.854,1482,0,327314.120
KRIW20150717-12,KRIW20150717_123638_V06,8,3.120,1.200,2932,0,1175615.734,1791,0,101748.570
KRIW20150717-12,KRIW20150717_123638_V06,11,3.999,1.200,2940,0,921274.346,2300,0,37794.595
KRIW20150717-12,KRIW20150717_123638_V06,12,5.098,1.200,2936,0,662620.107,2409,0,9006.224
KRIW20150717-12,KRIW20150717_124130_V06,0,0.483,1.200,7657,0,410016.290,2307,0,139899.605
KRIW20150717-12,KRIW20150717_124130_V06,2,0.879,1.200,7665,0,473569.880,2803,0,137459.465
KRIW20150717-12,KRIW20150717_124130_V06,4,1.318,1.200,7669,8,723599.126,3729,0,126277.155
KRIW20150717-12,KRIW20150717_124130_V06,6,1.802,1.200,3832,0,784752.582,1923,0,114758.270
KRIW20150717-12,KRIW20150717_124130_V06,7,2.417,1.200,3837,3,1003944.335,1854,0,138842.086
KRIW20150717-12,KRIW20150717_124130_V06,8,3.120,1.200,3839,0,828268.189,1966,0,101125.335
KRIW20150717-12,KRIW20150717_124130_V06,11,3.999,1.200,3837,0,646060.062,2439,0,38815.632
KRIW20150717-12,KRIW20150717_124130_V06,12,5.098,1.200,3849,0,670215.705,2798,0,7905.972
KRIW20150717-12,KRIW20150717_124622_V06,0,0.483,1.200,10518,0,294136.698,2869,0,120695.130
KRIW20150717-12,KRIW20150717_124622_V06,2,0.879,1.200,10523,0,343606.823,3613,0,122394.268
KRIW20150717-12,KRIW20150717_124622_V06,4,1.318,1.200,10525,1,355093.524,4462,1,102150.817
KRIW20150717-12,KRIW20150717_124622_V06,6,1.802,1.200,5261,0,353327.869,2339,0,76400.473
KRIW20150717-12,KRIW20150717_124622_V06,7,2.417,1.200,5262,0,487351.675,2108,0,108155.699
KRIW20150717-12,KRIW20150717_124622_V06,8,3.120,1.200,5268,2,743603.420,2107,0,83539.352
KRIW20150717-12,KRIW20150717_124622_V06,11,3.999,1.200,5273,0,623137.236,2563,0,35473.690
KRIW20150717-12,KRIW20150717_124622_V06,12,5.098,1.200,5282,0,550047.335,3068,0,13213.746
KRIW20150717-12,KRIW20150717_125115_V06,0,0.483,1.200,11598,0,330557.069,4091,0,106198.952
KRIW20150717-12,KRIW20150717_125115_V06,2,0.879,1.200,11597,0,328150.866,4622,0,101389.116
KRIW20150717-12,KRIW20150717_125115_V06,4,1.318,1.200,11599,0,318710.750,5002,0,42343.128
KRIW20150717-12,KRIW20150717_125115_V06,6,1.802,1.200,5806,0,335162.062,2354,0,38392.769
KRIW20150717-12,KRIW20150717_125115_V06,7,2.417,1.200,5814,0,426191.710,2065,0,52644.393
KRIW20150717-12,KRIW20150717_125115_V06,8,3.120,1.200,5808,3,504443.133,1893,0,78443.794
KRIW20150717-12,KRIW20150717_125115_V06,11,3.999,1.200,5822,0,221732.799,2397,0,13648.182
KRIW20150717-12,KRIW20150717_125115_V06,12,5.098,1.200,5836,0,353445.588,3255,0,3943.626
KRIW20150717-12,KRIW20150717_125552_V06,0,0.483,1.200,15974,9,284571.019,5064,0,79013.259
KRIW20150717-12,KRIW20150717_125552_V06,2,0.879,1.200,15977,0,240185.036,5691,0,84516.124
KRIW20150717-12,KRIW20150717_125552_V06,4,1.318,1.200,15978,0,210737.602,5987,0,34763.473
KRIW20150717-12,KRIW20150717_125552_V06,6,1.802,1.200,7996,0,284603.413,2557,0,30500.902
KRIW20150717-12,KRIW20150717_125552_V06,7,2.417,1.200,8004,0,277915.785,2228,0,44371.121
KRIW20150717-12,KRIW20150717_125552_V06,8,3.120,1.200,8010,0,170635.396,2027,0,25227.040
KRIW20150717-12,KRIW20150717_125552_V06,11,3.999,1.200,8018,0,116501.533,2281,0,10266.410
KRIW20150717-12,KRIW20150717_125552_V06,12,5.098,1.200,8032,0,176117.075,3380,0,2835.139
KRIW20150717-12,KRIW20150717_125552_V06,13,6.416,1.200,8057,0,391705.989,3901,0,1493.023
KRIW20150717-12,KRIW20150717_130030_V06,0,0.483,1.200,18810,0,137139.145,5261,0,103763.909
KRIW20150717-12,KRIW20150717_130030_V06,2,0.879,1.200,18812,0,142535.671,5934,0,77798.520
KRIW20150717-12,KRIW20150717_130030_V06,4,1.318,1.200,18820,0,123947.602,5938,0,18128.405
KRIW20150717-12,KRIW20150717_130030_V06,6,1.802,1.200,9418,0,122051.744,2119,0,33666.008
KRIW20150717-12,KRIW20150717_130030_V06,7,2.417,1.200,9417,0,163429.444,1739,0,31281.837
KRIW20150717-12,KRIW20150717_130030_V06,8,3.120,1.200,9423,0,66731.807,1749,0,16530.015
KRIW20150717-12,KRIW20150717_130030_V06,11,3.999,1.200,9431,0,65417.920,1889,0,5522.006
KRIW20150717-12,KRIW20150717_130030_V06,12,5.098,1.200,9459,0,103367.867,3020,0,1749.191
KRIW20150717-12,KRIW20150717_130030_V06,13,6.416,1.200,9478,0,357117.800,3976,0,712.230
KRIW20150717-12,KRIW20150717_130522_V06,0,0.483,1.200,27299,0,146579.178,6493,0,109487.799
KRIW20150717-12,KRIW20150717_130522_V06,2,0.879,1.200,27306,1,105252.297,7156,1,51033.471
KRIW20150717-12,KRIW20150717_130522_V06,4,1.318,1.200,27309,0,90114.179,6313,0,17030.545
KRIW20150717-12,KRIW20150717_130522_V06,6,1.802,1.200,13654,0,107366.478,2145,0,18180.826
KRIW20150717-12,KRIW20150717_130522_V06,7,2.417,1.200,13664,0,101956.614,2144,0,17582.313
KRIW20150717-12,KRIW20150717_130522_V06,8,3.120,1.200,13672,0,83013.243,1986,0,9949.801
KRIW20150717-12,KRIW20150717_130522_V06,11,3.999,1.200,13679,0,56891.057,2094,0,4265.950
KRIW20150717-12,KRIW20150717_130522_V06,12,5.098,1.200,13710,0,89958.481,2859,0,1910.586
KRIW20150717-12,KRIW20150717_130522_V06,13,6.416,1.200,13753,0,266889.909,4029,0,775.072
KRIW20150717-7,KRIW20150717_115750_V06,0,0.483,1.200,3720,6,312837.763,906,0,93341.205
KRIW20150717-7,KRIW20150717_115750_V06,2,0.879,1.200,3722,6,336146.641,1418,0,105538.275
KRIW20150717-7,KRIW20150717_115750_V06,4,1.318,1.200,3724,2,492410.188,1966,0,87047.349
KRIW20150717-7,KRIW20150717_115750_V06,6,1.802,1.200,1862,1,657260.027,1311,0,61927.789
KRIW20150717-7,KRIW20150717_115750_V06,7,2.417,1.200,1864,0,560299.523,1081,0,170749.499
KRIW20150717-7,KRIW20150717_115750_V06,10,3.120,1.200,1867,0,301344.084,1106,0,51393.663
KRIW20150717-7,KRIW20150717_115750_V06,11,3.999,1.200,1867,0,133081.340,897,0,22335.032
KRIW20150717-7,KRIW20150717_115750_V06,12,5.098,1.200,1868,0,58920.240,691,0,4082.920
KRIW20150717-7,KRIW20150717_120228_V06,0,0.483,1.200,5925,4,276872.882,1539,0,100651.904
KRIW20150717-7,KRIW20150717_120228_V06,2,0.879,1.200,5926,0,312975.977,2071,0,141484.131
KRIW20150717-7,KRIW20150717_120228_V06,4,1.318,1.200,5925,0,479185.007,2998,0,113015.081
KRIW20150717-7,KRIW20150717_120228_V06,6,1.802,1.200,2969,0,666510.592,1873,0,45040.931
KRIW20150717-7,KRIW20150717_120228_V06,7,2.417,1.200,2969,0,543082.099,1753,0,94573.005
KRIW20150717-7,KRIW20150717_120228_V06,8,3.120,1.200,2971,0,374792.604,1606,0,47303.436
KRIW20150717-7,KRIW20150717_120228_V06,11,3.999,1.200,2975,0,220309.367,1418,0,30330.270
KRIW20150717-7,KRIW20150717_120228_V06,12,5.098,1.200,2975,0,67550.601,1144,0,5649.932
KRIW20150717-7,KRIW20150717_120721_V06,0,0.483,1.200,9066,2,244254.947,2934,0,112035.351
KRIW20150717-7,KRIW20150717_120721_V06,2,0.879,1.200,9075,0,262800.573,3424,0,138587.227
KRIW20150717-7,KRIW20150717_120721_V06,4,1.318,1.200,9070,1,370376.483,3932,1,125264.904
KRIW20150717-7,KRIW20150717_120721_V06,6,1.802,1.200,4531,0,692738.658,2063,0,65356.451
KRIW20150717-7,KRIW20150717_120721_V06,7,2.417,1.200,4535,0,485088.593,2063,0,61030.857
KRIW20150717-7,KRIW20150717_120721_V06,8,3.120,1.200,4535,0,360575.673,2015,0,32891.797
KRIW20150717-7,KRIW20150717_120721_V06,11,3.999,1.200,4540,0,258117.405,1941,0,23681.087
KRIW20150717-7,KRIW20150717_120721_V06,12,5.098,1.200,4559,0,80106.347,1683,0,5508.885
KRIW20150717-7,KRIW20150717_120721_V06,13,6.416,1.200,4559,0,36829.632,1143,0,914.227
KRIW20150717-5,KRIW20150717_113949_V06,0,0.483,1.200,15250,0,58357.668,4153,0,38004.921
KRIW20150717-5,KRIW20150717_113949_V06,2,0.879,1.200,15252,0,51206.072,4481,0,29392.072
KRIW20150717-5,KRIW20150717_113949_V06,4,1.318,1.200,15253,0,26605.920,3636,0,3700.290
KRIW20150717-5,KRIW20150717_113949_V06,6,1.802,1.200,7632,0,19178.500,919,0,874.275
KRIW20150717-5,KRIW20150717_113949_V06,7,2.417,1.200,7632,0,16724.195,705,0,1972.630
KRIW20150717-5,KRIW20150717_113949_V06,8,3.120,1.200,7643,0,41685.634,595,0,2732.990
KRIW20150717-5,KRIW20150717_113949_V06,11,3.999,1.200,7649,0,21317.358,626,0,636.498
KRIW20150717-5,KRIW20150717_113949_V06,12,5.098,1.200,7660,0,33113.196,467,0,191.925
KRIW20150717-5,KRIW20150717_113949_V06,13,6.416,1.200,7675,0,21472.780,614,0,163.985
KRIW20150717-5,KRIW20150717_113949_V06,14,7.998,1.200,7717,0,17298.132,1083,0,268.972
KRIW20150717-6,KRIW20150717_114427_V06,0,0.483,1.200,6856,0,14939.226,761,0,8155.733
KRIW20150717-6,KRIW20150717_114427_V06,2,0.879,1.200,6864,0,164087.961,2073,0,57318.976
KRIW20150717-6,KRIW20150717_114427_V06,4,1.318,1.200,6865,9,1586077.792,3602,4,227719.911
KRIW20150717-6,KRIW20150717_114427_V06,6,1.802,1.200,3433,15,2433485.027,2174,0,118508.950
KRIW20150717-6,KRIW20150717_114427_V06,7,2.417,1.200,3433,2,1962005.221,2390,0,160773.893
KRIW20150717-6,KRIW20150717_114427_V06,8,3.120,1.200,3434,0,1776966.600,2395,0,55161.083
KRIW20150717-6,KRIW20150717_114427_V06,11,3.999,1.200,3439,0,697696.029,1666,0,29238.449
KRIW20150717-9,KRIW20150717_120228_V06,0,0.483,1.200,5119,0,80678.779,862,0,46728.074
KRIW20150717-9,KRIW20150717_120228_V06,2,0.879,1.200,5123,0,61816.894,895,0,30686.148
KRIW20150717-9,KRIW20150717_120228_V06,4,1.318,1.200,5123,0,33011.122,1048,0,12455.018
KRIW20150717-9,KRIW20150717_120228_V06,6,1.802,1.200,2561,0,25703.932,460,0,4294.965
KRIW20150717-9,KRIW20150717_120228_V06,7,2.417,1.200,2556,0,27767.208,338,0,6144.797
KRIW20150717-9,KRIW20150717_120228_V06,8,3.120,1.200,2569,0,27597.823,379,0,6674.332
KRIW20150717-9,KRIW20150717_120228_V06,11,3.999,1.200,2568,0,29828.040,403,0,4453.788
KRIW20150717-14,KRIW20150717_124622_V06,0,0.483,1.200,5966,0,261631.571,2204,0,89114.559
KRIW20150717-14,KRIW20150717_124622_V06,2,0.879,1.200,5964,0,289961.708,2627,0,74487.448
KRIW20150717-14,KRIW20150717_124622_V06,4,1.318,1.200,5965,0,244236.368,3106,0,29347.102
KRIW20150717-14,KRIW20150717_124622_V06,6,1.802,1.200,2982,0,205332.648,1483,0,33080.355
KRIW20150717-14,KRIW20150717_124622_V06,7,2.417,1.200,2983,0,333570.220,1233,0,67685.127
KRIW20150717-14,KRIW20150717_124622_V06,8,3.120,1.200,2985,2,530263.553,1256,0,44800.152
KRIW20150717-14,KRIW20150717_124622_V06,11,3.999,1.200,2986,0,334601.618,1686,0,13713.785
KRIW20150717-14,KRIW20150717_124622_V06,12,5.098,1.200,2993,0,435526.452,2191,0,7180.834
KRIW20150717-16,KRIW20150717_130522_V06,0,0.483,1.200,1054,0,59709.389,285,0,44157.063
KRIW20150717-16,KRIW20150717_130522_V06,2,0.879,1.200,1055,0,33346.157,389,0,17712.235
KRIW20150717-16,KRIW20150717_130522_V06,4,1.318,1.200,1054,0,25442.657,493,0,10119.416
KRIW20150717-16,KRIW20150717_130522_V06,6,1.802,1.200,525,0,31143.395,301,0,9342.394
KRIW20150717-16,KRIW20150717_130522_V06,7,2.417,1.200,526,0,42533.655,240,0,11595.460
KRIW20150717-16,KRIW20150717_130522_V06,8,3.120,1.200,530,0,16658.269,274,0,3132.578
KRIW20150717-16,KRIW20150717_130522_V06,11,3.999,1.200,531,0,5866.884,224,0,1386.828
KRIW20150717-16,KRIW20150717_130522_V06,12,5.098,1.200,527,0,1276.451,91,0,591.904
KRIW20150718-2,KRIW20150718_110534_V06,0,0.483,1.200,988,0,30503.033,147,0,21237.000
KRIW20150718-2,KRIW20150718_110534_V06,2,0.879,1.200,991,0,11250.917,260,0,4120.350
KRIW20150718-2,KRIW20150718_110534_V06,4,1.318,1.200,993,0,6826.470,336,0,377.657
KRIW20150718-2,KRIW20150718_110534_V06,8,1.802,1.200,495,0,19893.310,221,0,848.989
KRIW20150718-2,KRIW20150718_110534_V06,9,2.417,1.200,497,0,25390.642,327,0,548.662
KRIW20150718-2,KRIW20150718_110534_V06,10,3.120,1.200,495,0,9982.069,204,0,694.437
KRIW20150718-3,KRIW20150718_120154_V06,0,0.483,1.200,55,0,864.156,11,0,617.811
KRIW20150718-3,KRIW20150718_120154_V06,2,0.879,1.200,54,0,209.451,11,0,161.594
KRIW20150718-3,KRIW20150718_120154_V06,4,1.318,1.200,53,0,0.048,0,0,0.048
KRIW20150718-3,KRIW20150718_120154_V06,6,1.802,1.200,34,0,0.062,0,0,0.062
KRIW20150718-3,KRIW20150718_120154_V06,7,2.417,1.200,34,0,0.062,0,0,0.062
KRIW20150718-3,KRIW20150718_120154_V06,8,3.120,1.200,34,0,0.062,0,0,0.062
KRIW20150718-3,KRIW20150718_120154_V06,9,3.999,1.200,34,0,0.062,0,0,0.062
KRIW20150722-1,KRIW20150722_122342_V06,0,0.483,1.200,29326,0,108924.041,2046,0,91919.494
KRIW20150722-1,KRIW20150722_122342_V06,2,1.494,1.200,29359,0,4017.420,630,0,2575.896
KRIW20150723-3,KRIW20150723_112831_V06,0,0.483,1.200,13490,0,65119.688,928,0,5190.980
KRIW20150723-3,KRIW20150723_112831_V06,2,0.879,1.200,13520,0,652434.188,2198,0,6758.463
KRIW20150723-3,KRIW20150723_112831_V06,4,1.318,1.200,13530,0,1608496.607,2917,0,7355.952
KRIW20150723-3,KRIW20150723_113214_V06,0,0.483,1.200,16993,0,204842.889,1429,0,20263.440
KRIW20150723-3,KRIW20150723_113214_V06,2,0.879,1.200,16988,0,876844.359,2592,0,41513.576
KRIW20150723-3,KRIW20150723_113214_V06,4,1.318,1.200,16995,0,2387734.745,3739,0,20009.695
KRIW20150723-3,KRIW20150723_113558_V06,0,0.483,1.200,20010,0,192846.620,1417,0,47011.324
KRIW20150723-3,KRIW20150723_113558_V06,2,0.879,1.200,20073,0,975241.285,3388,0,67664.293
KRIW20150723-3,KRIW20150723_113558_V06,4,1.318,1.200,20069,0,2164368.937,4463,0,36894.624
KRIW20150723-3,KRIW20150723_113558_V06,8,1.802,1.200,10036,0,1566424.754,1692,0,21515.189
KRIW20150723-3,KRIW20150723_113941_V06,0,0.483,1.200,23513,0,251254.226,1789,0,70766.165
KRIW20150723-3,KRIW20150723_113941_V06,2,0.879,1.200,23432,0,1295048.344,4266,0,84833.725
KRIW20150723-3,KRIW20150723_113941_V06,4,1.318,1.200,23530,0,2800339.831,5447,0,32799.343
KRIW20150723-3,KRIW20150723_113941_V06,8,1.802,1.200,11616,0,2097249.994,2052,0,28190.077
KRIW20150723-3,KRIW20150723_114324_V06,0,0.483,1.200,9657,0,130598.180,1161,0,47651.407
KRIW20150723-3,KRIW20150723_114324_V06,2,0.879,1.200,9661,0,642242.174,2375,0,69724.798
KRIW20150723-3,KRIW20150723_114324_V06,4,1.318,1.200,9657,0,1285750.838,2793,0,52290.355
KRIW20150723-3,KRIW20150723_114324_V06,8,1.802,1.200,4839,0,685985.300,1131,0,22653.495
KRIW20150723-7,KRIW20150723_121309_V06,0,0.483,1.200,2271,0,57283.634,326,0,25077.184
KRIW20150723-7,KRIW20150723_121309_V06,2,0.879,1.200,2276,0,40696.240,426,0,10578.321
KRIW20150723-7,KRIW20150723_121309_V06,4,1.318,1.200,2272,0,43371.596,582,0,5043.658
KRIW20150723-7,KRIW20150723_121309_V06,8,1.802,1.200,1140,0,27063.629,214,0,5096.797
KRIW20150723-7,KRIW20150723_121309_V06,9,2.417,1.200,1138,0,12563.964,310,0,2976.393
KRIW20150723-7,KRIW20150723_121309_V06,10,3.120,1.200,1142,0,8442.194,358,0,2283.100
KRIW20150723-7,KRIW20150723_121654_V06,0,0.483,1.200,4269,0,50104.346,501,0,31704.402
KRIW20150723-7,KRIW20150723_121654_V06,2,0.879,1.200,4272,0,33275.047,616,0,15747.949
KRIW20150723-7,KRIW20150723_121654_V06,4,1.318,1.200,4271,0,17390.467,704,0,3390.235
KRIW20150723-7,KRIW20150723_121654_V06,8,1.802,1.200,2137,0,12208.546,170,0,3230.111
KRIW20150723-7,KRIW20150723_121654_V06,9,2.417,1.200,2139,0,7051.015,263,0,2326.014
KRIW20150723-7,KRIW20150723_121654_V06,10,3.120,1.200,2139,0,9423.783,348,0,2533.188
KRIW20150723-7,KRIW20150723_122037_V06,0,0.483,1.200,2570,0,40213.251,355,0,32293.922
KRIW20150723-7,KRIW20150723_122037_V06,2,0.879,1.200,2568,0,20586.925,379,0,15060.392
KRIW20150723-7,KRIW20150723_122037_V06,4,1.318,1.200,2573,0,7424.147,442,0,1856.809
KRIW20150723-7,KRIW20150723_122037_V06,8,1.802,1.200,1282,0,5450.986,96,0,1550.656
KRIW20150723-7,KRIW20150723_122037_V06,9,2.417,1.200,1291,0,2443.238,145,0,1031.092
KRIW20150723-7,KRIW20150723_122037_V06,10,3.120,1.200,1288,0,2181.617,148,0,882.132
KRIW20150725-1,KRIW20150725_113553_V06,0,0.483,1.200,5997,0,31342.364,616,0,28418.078
KRIW20150725-1,KRIW20150725_113553_V06,2,0.879,1.200,5997,0,16144.861,681,0,14215.365
KRIW20150725-1,KRIW20150725_113553_V06,4,1.318,1.200,6005,0,3435.381,574,0,2825.781
KRIW20150725-1,KRIW20150725_113553_V06,8,1.802,1.200,3002,0,168.131,26,0,126.739
KRIW20150725-1,KRIW20150725_113553_V06,9,2.417,1.200,3004,0,132.514,11,0,123.155
KRIW20150725-1,KRIW20150725_113553_V06,10,3.120,1.200,3008,0,1030.774,99,0,85.193
KRIW20150725-1,KRIW20150725_113553_V06,11,3.999,1.200,3013,0,5188.420,183,0,441.108
KRIW20150725-1,KRIW20150725_113553_V06,12,5.098,1.200,3020,0,64.533,11,0,49.785
KRIW20150801-1,KRIW20150801_120307_V06,0,0.483,1.200,38,0,1265.762,1,0,1262.478
KRIW20150801-1,KRIW20150801_120307_V06,2,1.494,1.200,39,0,0.074,0,0,0.074
KRIW20150801-1,KRIW20150801_120307_V06,4,2.505,1.200,24,0,0.091,0,0,0.091
KRIW20150805-2,KRIW20150805_131703_V06,0,0.483,1.200,4085,0,105727.569,1036,0,7924.926
KRIW20150805-2,KRIW20150805_131703_V06,2,0.879,1.200,4087,0,561840.116,1807,0,6693.175
KRIW20150805-2,KRIW20150805_131703_V06,4,1.318,1.200,4098,0,1502608.869,2315,0,5129.869
KRIW20150805-2,KRIW20150805_132156_V06,0,0.483,1.200,5833,0,277312.384,1546,0,7981.075
KRIW20150805-2,KRIW20150805_132156_V06,2,0.879,1.200,5857,0,1033486.188,2455,0,9029.775
KRIW20150805-2,KRIW20150805_132156_V06,4,1.318,1.200,5853,0,2090282.489,3148,0,9932.942
KRIW20150805-2,KRIW20150805_132903_V06,0,0.483,1.200,5946,0,168812.217,1236,0,6877.080
KRIW20150805-2,KRIW20150805_132903_V06,2,0.879,1.200,5945,0,1067746.605,2589,0,7635.959
KRIW20150805-2,KRIW20150805_132903_V06,4,1.318,1.200,5950,0,2225827.789,3272,0,10191.039
KRIW20150807-1,KRIW20150807_130157_V06,0,0.483,1.200,12105,0,2800.220,76,0,1023.033
KRIW20150807-1,KRIW20150807_130157_V06,2,1.494,1.200,12115,0,50310.013,518,0,1150.613
KRIW20150807-1,KRIW20150807_131140_V06,0,0.483,1.200,8131,0,29399.567,342,0,4413.365
KRIW20150808-1,KRIW20150808_121718_V06,0,0.483,1.200,2803,0,116714.495,796,0,24786.934
KRIW20150808-1,KRIW20150808_121718_V06,2,0.879,1.200,2800,0,116242.020,1034,0,16794.008
KRIW20150808-1,KRIW20150808_121718_V06,4,1.318,1.200,2798,0,164582.366,1466,0,7098.667
KRIW20150808-1,KRIW20150808_121718_V06,6,1.802,1.200,1401,0,228658.253,567,0,15191.259
KRIW20150808-1,KRIW20150808_121718_V06,7,2.417,1.200,1404,0,489745.701,482,0,65136.072
KRIW20150808-1,KRIW20150808_121718_V06,8,3.120,1.200,1402,0,231636.094,878,0,6501.722
KRIW20150808-1,KRIW20150808_121718_V06,11,3.999,1.200,1402,0,342631.473,1000,0,3805.055
KRIW20150808-1,KRIW20150808_121718_V06,12,5.098,1.200,1411,0,313753.118,907,0,2329.477
KRIW20150808-1,KRIW20150808_122142_V06,0,0.483,1.200,5426,2,164951.768,1294,0,39791.201
KRIW20150808-1,KRIW20150808_122142_V06,2,0.879,1.200,5426,1,197119.620,1781,0,24851.409
KRIW20150808-1,KRIW20150808_122142_V06,4,1.318,1.200,5425,0,323701.559,2296,0,10111.961
KRIW20150808-1,KRIW20150808_122142_V06,6,1.802,1.200,2711,1,400528.683,933,0,50998.203
KRIW20150808-1,KRIW20150808_122142_V06,7,2.417,1.200,2716,9,734979.557,877,1,142956.656
KRIW20150808-1,KRIW20150808_122142_V06,10,3.120,1.200,2718,1,459309.191,1394,0,26259.255
KRIW20150808-1,KRIW20150808_122142_V06,11,3.999,1.200,2721,0,321567.014,1652,0,7368.939
KRIW20150808-1,KRIW20150808_122142_V06,12,5.098,1.200,2728,0,188981.756,1585,0,4403.835
KRIW20150808-1,KRIW20150808_122552_V06,0,0.483,1.200,6171,1,264185.824,1465,0,47690.569
KRIW20150808-1,KRIW20150808_122552_V06,2,0.879,1.200,6162,4,334904.895,1967,0,29347.413
KRIW20150808-1,KRIW20150808_122552_V06,4,1.318,1.200,6167,0,419414.782,2396,0,6846.868
KRIW20150808-1,KRIW20150808_122552_V06,6,1.802,1.200,3090,1,486928.805,934,0,21190.618
KRIW20150808-1,KRIW20150808_122552_V06,7,2.417,1.200,3093,9,567057.355,788,1,171334.631
KRIW20150808-1,KRIW20150808_122552_V06,10,3.120,1.200,3093,0,353260.849,1097,0,40703.492
KRIW20150808-1,KRIW20150808_122552_V06,11,3.999,1.200,3093,0,150694.908,1539,0,5289.917
KRIW20150808-1,KRIW20150808_122552_V06,12,5.098,1.200,3100,0,131842.482,1509,0,3314.365
KRIW20150808-1,KRIW20150808_123004_V06,0,0.483,1.200,5919,1,157511.710,1554,1,51086.516
KRIW20150808-1,KRIW20150808_123004_V06,2,0.879,1.200,5918,0,175897.862,1939,0,25714.939
KRIW20150808-1,KRIW20150808_123004_V06,4,1.318,1.200,5922,2,271596.285,2282,0,5095.402
KRIW20150808-1,KRIW20150808_123004_V06,6,1.802,1.200,2957,0,255190.202,842,0,3123.238
KRIW20150808-1,KRIW20150808_123004_V06,7,2.417,1.200,2960,0,278231.399,600,0,71209.648
KRIW20150808-1,KRIW20150808_123004_V06,10,3.120,1.200,2958,0,190500.999,937,0,26228.412
KRIW20150808-1,KRIW20150808_123004_V06,11,3.999,1.200,2960,0,79568.990,1273,0,3279.656
KRIW20150808-1,KRIW20150808_123004_V06,12,5.098,1.200,2972,0,90940.421,1220,0,1427.263
KRIW20150808-1,KRIW20150808_123414_V06,0,0.483,1.200,9597,0,100341.572,2224,0,60143.753
KRIW20150808-1,KRIW20150808_123414_V06,2,0.879,1.200,9603,0,82095.859,2733,0,21553.012
KRIW20150808-1,KRIW20150808_123414_V06,4,1.318,1.200,9601,0,99207.947,2983,0,5250.672
KRIW20150808-1,KRIW20150808_123414_V06,6,1.802,1.200,4802,0,97739.371,899,0,3086.920
KRIW20150808-1,KRIW20150808_123414_V06,7,2.417,1.200,4805,0,130857.967,817,0,15091.859
KRIW20150808-1,KRIW20150808_123414_V06,10,3.120,1.200,4807,0,161772.105,1136,0,23548.348
KRIW20150808-1,KRIW20150808_123414_V06,11,3.999,1.200,4803,0,65768.153,1579,0,2019.897
KRIW20150808-1,KRIW20150808_123414_V06,12,5.098,1.200,4825,0,70827.617,1498,0,1471.772
KRIW20150808-7,KRIW20150808_131231_V06,0,0.483,1.200,4172,0,48583.571,597,0,43073.887
KRIW20150808-7,KRIW20150808_131231_V06,2,0.879,1.200,4174,4,46348.626,699,0,30056.033
KRIW20150808-7,KRIW20150808_131231_V06,4,1.318,1.200,4176,0,6845.911,665,0,4378.980
KRIW20150808-7,KRIW20150808_131231_V06,6,1.802,1.200,2085,0,2185.970,172,0,640.553
KRIW20150808-7,KRIW20150808_131231_V06,7,2.417,1.200,2088,0,6020.128,122,0,1184.031
KRIW20150808-7,KRIW20150808_131231_V06,10,3.120,1.200,2093,0,6750.771,126,0,1962.432
KRIW20150808-7,KRIW20150808_131231_V06,11,3.999,1.200,2095,0,6701.700,220,0,2363.396
KRIW20150808-7,KRIW20150808_131231_V06,12,5.098,1.200,2095,0,11821.735,452,0,2468.957
KRIW20150808-7,KRIW20150808_131615_V06,0,0.483,1.200,7083,0,86698.495,995,0,80948.632
KRIW20150808-7,KRIW20150808_131615_V06,2,0.879,1.200,7085,0,59422.019,1166,0,44529.278
KRIW20150808-7,KRIW20150808_131615_V06,4,1.318,1.200,7088,0,10898.295,1119,0,8274.890
KRIW20150808-7,KRIW20150808_131615_V06,8,1.802,1.200,3542,0,2150.285,273,0,699.960
KRIW20150808-7,KRIW20150808_131615_V06,9,2.417,1.200,3547,0,2820.922,196,0,1316.377
KRIW20150808-7,KRIW20150808_131615_V06,10,3.120,1.200,3552,0,8306.122,286,0,2035.026
KRIW20150808-7,KRIW20150808_131615_V06,11,3.999,1.200,3558,0,7872.665,379,0,2583.540
KRIW20150808-7,KRIW20150808_131615_V06,12,5.098,1.200,3560,0,19844.833,679,0,2485.263
KRIW20150815-5,KRIW20150815_114250_V06,0,0.483,1.200,11793,0,185514.685,2377,0,112153.164
KRIW20150815-5,KRIW20150815_114250_V06,2,0.879,1.200,11791,0,208570.910,3310,0,128230.366
KRIW20150815-5,KRIW20150815_114250_V06,4,1.318,1.200,11795,0,184917.768,3728,0,81088.875
KRIW20150815-5,KRIW20150815_114250_V06,6,1.802,1.200,5900,0,171039.844,1633,0,41363.065
KRIW20150815-5,KRIW20150815_114250_V06,7,2.417,1.200,5903,0,133872.345,1557,0,36653.615
KRIW20150815-5,KRIW20150815_114250_V06,8,3.120,1.200,5906,0,98924.359,1311,0,16603.560
KRIW20150815-5,KRIW20150815_114250_V06,9,3.999,1.200,5917,0,215840.183,1133,0,20698.708
KRIW20150815-5,KRIW20150815_114250_V06,10,5.098,1.200,5925,0,86149.121,1563,0,2372.144
KRIW20150815-10,KRIW20150815_115923_V06,0,0.483,1.200,2291,0,372960.474,723,0,23607.033
KRIW20150815-10,KRIW20150815_115923_V06,2,0.879,1.200,2294,0,305106.368,1022,0,10312.691
KRIW20150815-10,KRIW20150815_115923_V06,4,1.318,1.200,2298,0,102397.356,1280,0,6231.308
KRIW20150815-13,KRIW20150815_121226_V06,0,0.483,1.200,7275,0,8860.436,2575,0,4264.182
KRIW20150815-13,KRIW20150815_121226_V06,2,0.879,1.200,7277,0,4260.537,2934,0,1100.608
KRIW20150815-13,KRIW20150815_121226_V06,4,1.318,1.200,7275,0,5584.879,2780,0,731.061
KRIW20150815-13,KRIW20150815_121226_V06,6,1.802,1.200,3641,0,6186.388,899,0,366.951
KRIW20150815-13,KRIW20150815_121226_V06,7,2.417,1.200,3642,0,9140.821,782,0,228.466
KRIW20150815-13,KRIW20150815_121226_V06,8,3.120,1.200,3646,0,9229.959,758,0,125.606
KRIW20150815-13,KRIW20150815_121226_V06,9,3.999,1.200,3647,0,11080.102,693,0,86.662
KRIW20150815-13,KRIW20150815_121226_V06,10,5.098,1.200,3646,0,18832.691,582,0,1251.239
KRIW20150815-13,KRIW20150815_121226_V06,11,6.416,1.200,3657,0,10654.245,1060,0,343.617
KRIW20150815-13,KRIW20150815_121226_V06,12,7.998,1.200,3672,0,13516.333,1814,0,614.961
KRIW20150815-13,KRIW20150815_121226_V06,13,10.020,1.200,3697,0,35476.918,1967,0,489.394
KRIW20150816-1,KRIW20150816_120447_V06,0,0.483,1.200,2279,0,12065.013,307,0,10635.524
KRIW20150816-1,KRIW20150816_120447_V06,2,1.494,1.200,2280,0,1791.990,162,0,1412.474
KRIW20150816-1,KRIW20150816_120447_V06,4,2.505,1.200,1141,0,34.329,1,0,26.666
KRIW20150816-1,KRIW20150816_120447_V06,5,3.516,1.200,1139,0,2.242,0,0,2.242
KRIW20150816-1,KRIW20150816_121431_V06,0,0.483,1.200,3190,0,58259.421,290,0,56524.561
KRIW20150816-1,KRIW20150816_121431_V06,2,1.494,1.200,3191,0,18938.279,655,0,14851.322
KRIW20150816-1,KRIW20150816_121431_V06,4,2.505,1.200,1603,0,83.181,1,0,82.061
KRIW20150816-1,KRIW20150816_121431_V06,5,3.516,1.200,1598,0,3.167,0,0,3.167
KRIW20150816-2,KRIW20150816_121431_V06,0,0.483,1.200,3484,0,55244.842,493,0,49326.106
KRIW20150816-2,KRIW20150816_121431_V06,2,1.494,1.200,3488,0,1262.184,81,0,877.356
KRIW20150816-2,KRIW20150816_121431_V06,4,2.505,1.200,1742,0,9.511,0,0,9.511
KRIW20150817-1,KRIW20150817_124104_V06,0,0.483,1.200,1279,0,4176.724,279,0,2393.621
KRIW20150817-1,KRIW20150817_124104_V06,2,1.494,1.200,1276,0,362.546,59,0,208.203
KRIW20150817-1,KRIW20150817_124104_V06,4,2.505,1.200,637,0,1.574,0,0,1.574
KRIW20150829-1,KRIW20150829_122944_V06,0,0.483,1.200,4767,0,101943.557,411,0,93662.812
KRIW20150829-1,KRIW20150829_122944_V06,2,1.494,1.200,4769,0,10.395,0,0,10.395
KRIW20150830-22,KRIW20150830_133156_V06,0,0.483,1.200,39876,0,139653.766,3192,0,103215.145
KRIW20150830-22,KRIW20150830_133156_V06,2,1.494,1.200,39903,0,21997.538,3485,0,8803.228
KRIW20150830-22,KRIW20150830_133156_V06,4,2.505,1.200,19969,0,710.588,105,0,597.878
KRIW20150830-22,KRIW20150830_134138_V06,0,0.483,1.200,53066,0,156590.158,4461,0,113151.301
KRIW20150830-22,KRIW20150830_134138_V06,2,1.494,1.200,53085,0,25119.443,5078,0,11268.205
KRIW20150830-22,KRIW20150830_134138_V06,4,2.505,1.200,26565,0,1310.999,151,0,679.839
KRIW20150830-22,KRIW20150830_135119_V06,0,0.483,1.200,47048,0,122179.050,3828,0,87430.798
KRIW20150830-22,KRIW20150830_135119_V06,2,1.494,1.200,47086,0,13665.340,3302,0,6494.892
KRIW20150830-22,KRIW20150830_135119_V06,4,2.505,1.200,23567,0,434.194,43,0,401.740
KRIW20150830-7,KRIW20150830_114205_V06,0,0.483,1.200,648,0,47738.868,221,0,1499.057
KRIW20150830-7,KRIW20150830_114205_V06,2,0.879,1.200,648,0,135617.120,343,0,1790.277
KRIW20150830-7,KRIW20150830_114205_V06,4,1.318,1.200,647,0,83390.239,276,0,1760.358
KRIW20150831-1,KRIW20150831_120720_V06,0,0.483,1.200,33373,0,603448.337,4989,0,513491.528
KRIW20150831-1,KRIW20150831_120720_V06,2,0.879,1.200,33375,0,531691.966,5157,0,420457.033
KRIW20150831-1,KRIW20150831_120720_V06,4,1.318,1.200,33389,0,85758.909,4352,0,59982.156
KRIW20150831-1,KRIW20150831_120720_V06,6,1.802,1.200,16696,0,4308.100,548,0,2264.817
KRIW20150831-1,KRIW20150831_120720_V06,7,2.417,1.200,16712,0,452.723,86,0,275.020
KRIW20150831-1,KRIW20150831_120720_V06,8,3.120,1.200,16722,0,216.729,21,0,172.539
KRIW20150831-3,KRIW20150831_133729_V06,0,0.483,1.200,8374,0,92236.368,759,0,60299.740
KRIW20150831-3,KRIW20150831_133729_V06,2,0.879,1.200,8376,0,17249.844,467,0,10716.083
KRIW20150831-3,KRIW20150831_133729_V06,4,1.318,1.200,8382,0,1870.828,89,0,1052.501
KRIW20150831-3,KRIW20150831_133729_V06,8,1.802,1.200,4199,0,512.482,4,0,420.380
KRIW20150901-1,KRIW20150901_123837_V06,0,0.483,1.200,1283,0,14995.656,290,0,11798.012
KRIW20150901-1,KRIW20150901_123837_V06,2,1.494,1.200,1289,0,129.480,50,0,62.590
KRIW20150901-1,KRIW20150901_123837_V06,4,2.505,1.200,633,0,1.341,0,0,1.341
KRIW20150901-1,KRIW20150901_123837_V06,5,3.516,1.200,633,0,1.344,0,0,1.344
KRIW20150905-8,KRIW20150905_122138_V06,0,0.483,1.200,1358,0,1063.957,92,0,777.763
KRIW20150905-8,KRIW20150905_122138_V06,2,1.494,1.200,1355,0,17.676,3,0,15.992
KRIW20150905-8,KRIW20150905_122138_V06,4,2.505,1.200,680,0,1.430,0,0,1.430
KRIW20150905-8,KRIW20150905_122138_V06,5,3.516,1.200,674,0,1.422,0,0,1.422
KRIW20150905-8,KRIW20150905_123121_V06,0,0.483,1.200,3882,0,50980.402,677,0,33522.537
KRIW20150905-8,KRIW20150905_123121_V06,2,0.879,1.200,3881,0,35448.773,770,0,20534.309
KRIW20150905-8,KRIW20150905_123121_V06,4,1.318,1.200,3882,0,1990.253,181,0,1351.799
KRIW20150905-8,KRIW20150905_123121_V06,6,1.802,1.200,1942,0,37.065,3,0,28.465
KRIW20150905-8,KRIW20150905_123121_V06,7,2.417,1.200,1946,0,17.609,0,0,17.609
KRIW20150905-8,KRIW20150905_123121_V06,8,3.120,1.200,1948,0,4.255,0,0,4.255
KRIW20150905-1,KRIW20150905_114329_V06,0,0.483,1.200,316,0,63917.665,133,0,19786.881
KRIW20150905-1,KRIW20150905_114329_V06,2,0.879,1.200,313,0,317749.874,133,0,53059.853
KRIW20150905-1,KRIW20150905_114329_V06,4,1.318,1.200,319,0,203864.037,155,0,24738.879
KRIW20150905-1,KRIW20150905_114329_V06,8,1.802,1.200,159,0,17473.159,87,0,2466.268
KRIW20150905-1,KRIW20150905_114329_V06,9,2.417,1.200,157,0,3639.351,42,0,1080.862
KRIW20150905-1,KRIW20150905_114329_V06,10,3.120,1.200,160,0,14.972,0,0,14.972
KRIW20150905-5,KRIW20150905_122138_V06,0,0.483,1.200,5055,0,7683.097,314,0,6897.882
KRIW20150905-5,KRIW20150905_122138_V06,2,1.494,1.200,5052,0,819.714,225,0,560.356
KRIW20150905-5,KRIW20150905_122138_V06,4,2.505,1.200,2536,0,88.568,12,0,75.885
KRIW20150905-5,KRIW20150905_122138_V06,5,3.516,1.200,2534,0,40.949,13,0,29.055
KRIW20150908-3,KRIW20150908_135745_V06,0,0.483,1.200,24262,0,1058.817,7366,0,716.586
KRIW20150908-3,KRIW20150908_135745_V06,2,1.494,1.200,24274,0,34.176,8141,0,17.457
KRIW20150908-3,KRIW20150908_135745_V06,4,2.505,1.200,12151,0,23.535,3395,0,5.669
KRIW20150908-3,KRIW20150908_135745_V06,5,3.516,1.200,12168,0,12.022,3492,0,8.357
KRIW20150908-3,KRIW20150908_135745_V06,6,4.482,1.200,12186,0,5.064,2796,0,2.237
KRIW20150908-3,KRIW20150908_140731_V06,0,0.483,1.200,39739,0,1796.180,11286,0,1241.063
KRIW20150908-3,KRIW20150908_140731_V06,2,1.494,1.200,39753,0,105.613,13212,0,65.332
KRIW20150908-3,KRIW20150908_140731_V06,4,2.505,1.200,19896,0,28.716,4950,0,13.056
KRIW20150908-3,KRIW20150908_140731_V06,5,3.516,1.200,19914,0,13.444,4002,0,5.039
KRIW20150908-3,KRIW20150908_140731_V06,6,4.482,1.200,19943,0,10.076,2958,0,6.106
KRIW20150908-1,KRIW20150908_122736_V06,0,0.483,1.200,23292,0,91033.605,2231,0,79086.506
KRIW20150908-1,KRIW20150908_122736_V06,2,1.494,1.200,23319,0,39152.301,2430,0,28453.096
KRIW20150908-1,KRIW20150908_122736_V06,4,2.505,1.200,11677,0,3705.745,476,0,2147.404
KRIW20150908-1,KRIW20150908_122736_V06,5,3.516,1.200,11686,0,173.066,22,0,151.514
KRIW20150908-2,KRIW20150908_124706_V06,0,0.483,1.200,35146,0,8752.805,6026,0,7887.961
KRIW20150908-2,KRIW20150908_124706_V06,2,1.494,1.200,35161,0,1399.187,8048,0,1115.853
KRIW20150908-2,KRIW20150908_124706_V06,4,2.505,1.200,17595,0,1196.338,2914,0,1048.966
KRIW20150908-2,KRIW20150908_124706_V06,5,3.516,1.200,17618,0,533.371,3199,0,418.753
KRIW20150908-2,KRIW20150908_124706_V06,6,4.482,1.200,17638,0,63.662,3220,0,45.894
KRIW20150911-1,KRIW20150911_124501_V06,0,0.483,1.200,220,0,2623.372,31,0,2307.255
KRIW20150911-1,KRIW20150911_124501_V06,2,1.494,1.200,221,0,407.612,49,0,274.413
KRIW20150911-1,KRIW20150911_124501_V06,4,2.505,1.200,99,0,0.228,0,0,0.228
KRIW20150911-1,KRIW20150911_124501_V06,5,3.516,1.200,105,0,0.243,0,0,0.243
KRIW20150914-1,KRIW20150914_125417_V06,0,0.483,1.200,661,0,23781.097,7,0,23765.656
KRIW20150914-1,KRIW20150914_125417_V06,2,1.494,1.200,660,0,334.039,31,0,260.520
KRIW20150914-1,KRIW20150914_125417_V06,4,2.505,1.200,326,0,16.427,1,0,14.894
KRIW20150914-1,KRIW20150914_125417_V06,5,3.516,1.200,331,0,10.628,0,0,10.628
KRIW20150914-1,KRIW20150914_125417_V06,6,4.482,1.200,331,0,35.542,5,0,31.110
KRIW20150915-4,KRIW20150915_122719_V06,0,0.483,1.200,1068,0,21277.124,326,0,1014.172
KRIW20150915-4,KRIW20150915_122719_V06,2,0.879,1.200,1066,0,57102.122,469,0,694.587
KRIW20150915-4,KRIW20150915_122719_V06,4,1.318,1.200,1072,0,128775.639,580,0,342.137
KRIW20150915-4,KRIW20150915_122719_V06,6,1.802,1.200,529,0,75402.199,64,0,54232.838
KRIW20150916-1,KRIW20150916_125420_V06,0,0.483,1.200,17480,0,22029775.807,12441,0,367827.646
KRIW20150916-1,KRIW20150916_125420_V06,2,0.879,1.200,17478,0,13497328.528,12964,0,227168.788
KRIW20150916-1,KRIW20150916_125420_V06,4,1.318,1.200,17491,0,2276980.737,10376,0,146825.279
KRIW20150916-1,KRIW20150916_125732_V06,0,0.483,1.200,20157,0,26131580.889,13052,0,435429.027
KRIW20150916-1,KRIW20150916_125732_V06,2,0.879,1.200,20167,0,14110335.723,14335,0,248095.104
KRIW20150916-1,KRIW20150916_125732_V06,4,1.318,1.200,20171,0,2449843.758,11540,0,146203.390
KRIW20150916-2,KRIW20150916_141106_V06,0,0.483,1.200,5641,0,552249.966,1775,0,284585.166
KRIW20150916-2,KRIW20150916_141106_V06,2,0.879,1.200,5640,0,1413853.927,2355,0,473391.567
KRIW20150916-2,KRIW20150916_141106_V06,4,1.318,1.200,5643,16,2678413.246,3410,4,490972.553
KRIW20150916-2,KRIW20150916_141106_V06,6,1.802,1.200,2827,16,2439751.337,1918,0,101585.470
KRIW20150916-2,KRIW20150916_141106_V06,7,2.417,1.200,2825,4,1382576.494,1508,0,44980.536
KRIW20150916-2,KRIW20150916_141106_V06,8,3.120,1.200,2823,0,194372.400,611,0,9044.677
KRIW20150916-2,KRIW20150916_141106_V06,9,3.999,1.200,2827,0,1296.501,29,0,486.165
KRIW20150916-2,KRIW20150916_141418_V06,0,0.483,1.200,8343,0,551733.989,2162,0,349421.770
KRIW20150916-2,KRIW20150916_141418_V06,2,0.879,1.200,8346,0,1672848.805,3336,0,611050.590
KRIW20150916-2,KRIW20150916_141418_V06,4,1.318,1.200,8341,8,2728328.535,4552,0,416470.367
KRIW20150916-2,KRIW20150916_141418_V06,6,1.802,1.200,4180,0,2221966.140,2565,0,98514.609
KRIW20150916-2,KRIW20150916_141418_V06,7,2.417,1.200,4185,0,862330.236,1962,0,45672.856
KRIW20150916-2,KRIW20150916_141418_V06,8,3.120,1.200,4176,0,98420.680,712,0,19449.215
KRIW20150916-2,KRIW20150916_141418_V06,9,3.999,1.200,4187,0,513.504,21,0,221.160
KRIW20150917-1,KRIW20150917_120423_V06,0,0.483,1.200,4557,0,69535.755,852,0,10079.891
KRIW20150917-1,KRIW20150917_120423_V06,2,0.879,1.200,4558,0,18887.621,342,0,4272.480
KRIW20150917-1,KRIW20150917_120423_V06,4,1.318,1.200,4560,0,863.423,10,0,379.633
KRIW20150921-1,KRIW20150921_124059_V06,0,0.483,1.200,20561,0,55282.853,1428,0,50489.378
KRIW20150921-1,KRIW20150921_124059_V06,2,1.494,1.200,20575,0,2766.048,1005,0,1433.407
KRIW20150921-1,KRIW20150921_124059_V06,4,2.505,1.200,10296,0,812.554,49,0,463.345
KRIW20150921-1,KRIW20150921_124059_V06,5,3.516,1.200,10310,0,445.814,39,0,315.805
KRIW20150921-1,KRIW20150921_125044_V06,0,0.483,1.200,25472,0,119004.757,2717,0,105891.573
KRIW20150921-1,KRIW20150921_125044_V06,2,1.494,1.200,25487,0,7769.231,2317,0,4457.562
KRIW20150921-1,KRIW20150921_125044_V06,4,2.505,1.200,12754,0,532.524,59,0,390.082
KRIW20150921-1,KRIW20150921_125044_V06,5,3.516,1.200,12777,0,574.376,54,0,403.993
KRIW20150923-1,KRIW20150923_131205_V06,0,0.483,1.200,9786,0,24349.891,1022,0,17502.807
KRIW20150923-1,KRIW20150923_131205_V06,2,1.494,1.200,9779,0,2548.697,498,0,1737.466
KRIW20150923-1,KRIW20150923_131205_V06,4,2.505,1.200,4893,0,150.655,24,0,123.939
KRIW20150923-1,KRIW20150923_131205_V06,5,3.516,1.200,4908,0,45.950,9,0,39.069
KRIW20150924-1,KRIW20150924_133907_V06,0,0.483,1.200,934,0,131.533,121,0,116.813
KRIW20150924-1,KRIW20150924_133907_V06,2,1.494,1.200,934,0,18.039,48,0,11.318
KRIW20150924-1,KRIW20150924_133907_V06,4,2.505,1.200,470,0,69.440,75,0,45.334
KRIW20150924-1,KRIW20150924_133907_V06,5,3.516,1.200,472,0,34.822,41,0,20.351
KRIW20150924-1,KRIW20150924_133907_V06,6,4.482,1.200,475,0,4.994,21,0,4.179
KRIW20150926-1,KRIW20150926_135754_V06,0,0.483,1.200,6092,0,6375.652,294,0,3931.357
KRIW20150926-1,KRIW20150926_135754_V06,2,1.494,1.200,6092,0,28.369,0,0,28.369
KRIW20150926-1,KRIW20150926_135754_V06,4,2.505,1.200,3053,0,12.211,0,0,12.211
KRIW20150928-2,KRIW20150928_122120_V06,0,0.483,1.200,48436,25,589420.726,6581,2,334877.791
KRIW20150928-2,KRIW20150928_122120_V06,2,0.879,1.200,48454,19,375062.390,9627,0,192160.842
KRIW20150928-2,KRIW20150928_122120_V06,4,1.318,1.200,48457,20,294830.550,9540,0,74923.385
KRIW20150928-2,KRIW20150928_122120_V06,6,1.802,1.200,24231,16,301122.926,2516,0,32680.327
KRIW20150928-2,KRIW20150928_122120_V06,7,2.417,1.200,24250,26,304634.068,2166,0,20373.916
KRIW20150928-2,KRIW20150928_122120_V06,8,3.120,1.200,24269,27,233688.644,2112,0,9571.078
KRIW20150928-2,KRIW20150928_122120_V06,11,3.999,1.200,24295,4,408095.278,2513,0,2248.161
KRIW20150928-2,KRIW20150928_122120_V06,12,5.098,1.200,24350,15,700481.007,2447,0,1229.752
KRIW20150928-2,KRIW20150928_122614_V06,0,0.483,1.200,58806,251,1046625.892,9691,15,441387.135
KRIW20150928-2,KRIW20150928_122614_V06,2,0.879,1.200,58811,338,1152505.083,12919,12,241405.671
KRIW20150928-2,KRIW20150928_122614_V06,4,1.318,1.200,58825,353,1191304.648,12167,0,130163.916
KRIW20150928-2,KRIW20150928_122614_V06,6,1.802,1.200,29428,188,1233651.330,3664,0,40535.300
KRIW20150928-2,KRIW20150928_122614_V06,7,2.417,1.200,29438,200,1275621.118,3210,0,63650.702
KRIW20150928-2,KRIW20150928_122614_V06,8,3.120,1.200,29463,184,1393055.738,3190,1,73942.431
KRIW20150928-2,KRIW20150928_122614_V06,11,3.999,1.200,29499,186,1851216.450,3903,0,25159.396
KRIW20150928-2,KRIW20150928_122614_V06,12,5.098,1.200,29565,144,1950570.154,3567,0,3740.375
KRIW20150928-2,KRIW20150928_123108_V06,0,0.483,1.200,67456,436,1626034.130,13159,36,428534.931
KRIW20150928-2,KRIW20150928_123108_V06,2,0.879,1.200,67470,580,1798818.360,16533,9,251029.586
KRIW20150928-2,KRIW20150928_123108_V06,4,1.318,1.200,67477,579,1718139.278,15248,3,119133.838
KRIW20150928-2,KRIW20150928_123108_V06,6,1.802,1.200,33756,293,1897590.324,5047,2,70785.847
KRIW20150928-2,KRIW20150928_123108_V06,7,2.417,1.200,33767,278,1828192.349,4597,6,44615.840
KRIW20150928-2,KRIW20150928_123108_V06,8,3.120,1.200,33789,264,1763506.826,4710,3,59719.215
KRIW20150928-2,KRIW20150928_123108_V06,11,3.999,1.200,33829,249,2245886.642,4823,3,83619.951
KRIW20150928-2,KRIW20150928_123108_V06,12,5.098,1.200,33892,250,1785958.347,4353,0,29027.228
KRIW20150929-2,KRIW20150929_135619_V06,0,0.483,1.200,7583,0,3027.454,97,0,309.615
KRIW20150929-2,KRIW20150929_135619_V06,2,1.494,1.200,7588,0,436616.791,657,0,582.210
KRIW20151001-1,KRIW20151001_121637_V06,0,0.483,1.200,6137,0,77013.372,912,0,16874.474
KRIW20151001-1,KRIW20151001_122621_V06,0,0.483,1.200,11734,0,93810.266,1038,0,18358.162
KRIW20151001-1,KRIW20151001_123605_V06,0,0.483,1.200,14937,0,44089.125,697,0,18417.957
KRIW20151002-6,KRIW20151002_141547_V06,0,0.483,1.200,4207,0,575243.085,419,0,4386.152
KRIW20151002-6,KRIW20151002_141547_V06,2,0.879,1.200,4205,0,490371.056,531,0,4527.950
KRIW20151002-6,KRIW20151002_141547_V06,4,1.318,1.200,4203,0,100697.776,735,0,6227.074
KRIW20151002-6,KRIW20151002_141859_V06,0,0.483,1.200,5594,0,803644.669,582,0,5818.060
KRIW20151002-6,KRIW20151002_141859_V06,2,0.879,1.200,5604,0,681673.646,854,0,7461.478
KRIW20151002-6,KRIW20151002_141859_V06,4,1.318,1.200,5599,0,139978.096,992,0,10710.730
KRIW20151002-9,KRIW20151002_142833_V06,0,0.483,1.200,5637,0,954145.598,749,0,6881.670
KRIW20151002-9,KRIW20151002_142833_V06,2,0.879,1.200,5648,0,818230.297,942,0,11027.389
KRIW20151002-9,KRIW20151002_142833_V06,4,1.318,1.200,5646,0,139745.156,1196,0,14338.336
KRIW20151002-9,KRIW20151002_143145_V06,0,0.483,1.200,7444,0,1272207.116,1104,0,14070.571
KRIW20151002-9,KRIW20151002_143145_V06,2,0.879,1.200,7448,0,964212.124,1376,0,13961.965
KRIW20151002-9,KRIW20151002_143145_V06,4,1.318,1.200,7458,0,222634.520,1570,0,15664.055
KRIW20151002-9,KRIW20151002_143456_V06,0,0.483,1.200,5079,0,1290283.368,918,0,13569.880
KRIW20151002-9,KRIW20151002_143456_V06,2,0.879,1.200,5077,0,884799.429,978,0,8574.561
KRIW20151002-9,KRIW20151002_143456_V06,4,1.318,1.200,5085,0,141067.344,1185,0,14419.159
KRIW20151009-1,KRIW20151009_143317_V06,0,0.483,1.200,27969,2,2126.380,5601,0,1372.660
KRIW20151009-1,KRIW20151009_143317_V06,2,1.494,1.200,27974,0,167.334,6912,0,109.895
KRIW20151009-1,KRIW20151009_143317_V06,4,2.505,1.200,13990,0,19.364,2709,0,11.899
KRIW20151009-1,KRIW20151009_143317_V06,5,3.516,1.200,14007,0,15.396,4064,0,6.749
KRIW20151009-1,KRIW20151009_143317_V06,6,4.482,1.200,14029,0,14.094,5810,0,6.374
KRIW20151012-2,KRIW20151012_142209_V06,0,0.483,1.200,58,0,69124.266,0,0,69124.266
KRIW20151012-2,KRIW20151012_142209_V06,2,1.494,1.200,59,0,0.061,0,0,0.061
KRIW20151012-2,KRIW20151012_142209_V06,4,2.505,1.200,30,0,0.062,0,0,0.062
KRIW20151012-2,KRIW20151012_142209_V06,5,3.516,1.200,30,0,0.062,0,0,0.062
KRIW20151012-2,KRIW20151012_143156_V06,0,0.483,1.200,894,0,28928.907,9,0,28907.515
KRIW20151012-2,KRIW20151012_143156_V06,2,1.494,1.200,894,0,19.230,3,0,14.333
KRIW20151012-2,KRIW20151012_143156_V06,4,2.505,1.200,448,0,1.058,0,0,1.058
KRIW20151012-2,KRIW20151012_143156_V06,5,3.516,1.200,451,0,1.068,0,0,1.068
KRIW20151017-1,KRIW20151017_124548_V06,0,0.483,1.200,38751,0,969.600,8818,0,531.489
KRIW20151017-1,KRIW20151017_124548_V06,2,1.494,1.200,38765,0,160.273,7040,0,64.671
KRIW20151017-1,KRIW20151017_124548_V06,4,2.505,1.200,19396,0,48.717,1767,0,21.905
KRIW20151017-1,KRIW20151017_124548_V06,5,3.516,1.200,19413,0,22.931,1494,0,14.990
KRIW20151017-1,KRIW20151017_124548_V06,6,4.482,1.200,19442,0,17.556,1200,0,9.094
KRIW20151017-2,KRIW20151017_133440_V06,0,0.483,1.200,23103,0,936.495,5145,0,581.610
KRIW20151017-2,KRIW20151017_133440_V06,2,1.494,1.200,23109,0,221.873,4241,0,199.580
KRIW20151017-2,KRIW20151017_133440_V06,4,2.505,1.200,11560,0,65.471,1361,0,45.650
KRIW20151017-2,KRIW20151017_133440_V06,5,3.516,1.200,11575,0,5.189,926,0,2.492
KRIW20151017-2,KRIW20151017_133440_V06,6,4.482,1.200,11591,0,97.907,888,0,96.818
KRIW20151018-2,KRIW20151018_123421_V06,0,0.483,1.200,1064,0,3078.426,231,0,663.488
KRIW20151018-2,KRIW20151018_123421_V06,2,1.450,1.200,1068,0,129781.420,499,0,30315.598
KRIW20151018-2,KRIW20151018_123421_V06,4,2.417,1.200,536,0,4155.648,93,0,1976.353
KRIW20151018-2,KRIW20151018_123421_V06,5,3.384,1.200,534,0,42.031,1,0,37.164
KRIW20151018-2,KRIW20151018_123421_V06,6,4.307,1.200,540,0,61.407,4,0,53.182
KRIW20151018-7,KRIW20151018_125410_V06,0,0.483,1.200,3113,0,78481.219,627,0,14955.490
KRIW20151018-7,KRIW20151018_125410_V06,2,1.450,1.200,3113,0,233357.393,1732,0,34954.975
KRIW20151018-7,KRIW20151018_125410_V06,4,2.417,1.200,1562,0,5722.234,165,0,1452.129
KRIW20151018-7,KRIW20151018_125410_V06,5,3.384,1.200,1557,0,150.259,1,0,148.355
KRIW20151018-9,KRIW20151018_132851_V06,0,0.483,1.200,4702,0,50237.426,642,0,8197.996
KRIW20151101-2,KRIW20151101_132935_V06,0,0.483,1.200,1961,0,184155.140,1311,0,15545.588
KRIW20151101-2,KRIW20151101_133434_V06,0,0.483,1.200,3496,0,204841.724,1557,0,18397.706
KRIW20151101-9,KRIW20151101_145902_V06,0,0.483,1.200,3483,0,471441.085,1690,0,7677.419
KRIW20151101-9,KRIW20151101_150400_V06,0,0.483,1.200,5475,0,781600.674,2701,0,17279.740
KRIW20151101-9,KRIW20151101_150400_V06,2,1.450,1.200,5476,0,5076.747,137,0,1163.729
KRIW20151101-10,KRIW20151101_145902_V06,0,0.483,1.200,21155,0,388.715,6466,0,99.544
KRIW20151101-10,KRIW20151101_145902_V06,2,1.450,1.200,21156,0,38.434,6938,0,33.816
KRIW20151101-10,KRIW20151101_145902_V06,4,2.417,1.200,10592,0,3.769,2354,0,0.805
KRIW20151101-10,KRIW20151101_145902_V06,5,3.384,1.200,10602,0,3.897,2310,0,3.131
KRIW20151101-10,KRIW20151101_145902_V06,6,4.307,1.200,10618,0,0.950,2216,0,0.383
KRIW20151101-10,KRIW20151101_145902_V06,7,6.021,1.200,10662,0,4.282,2665,0,0.314
KRIW20151101-10,KRIW20151101_145902_V06,8,9.888,1.200,10774,0,4.242,2006,0,3.879
KRIW20151102-5,KRIW20151102_140207_V06,0,0.483,1.200,6754,0,259484.147,3104,0,35836.672
KRIW20151102-5,KRIW20151102_140705_V06,0,0.483,1.200,10436,0,469660.856,5311,0,65679.384
KRIW20151102-5,KRIW20151102_141204_V06,0,0.483,1.200,12357,0,808304.888,6996,0,92886.048
KRIW20151102-3,KRIW20151102_130725_V06,0,0.483,1.200,12300,0,604281.983,4886,0,63496.850
KRIW20151103-1,KRIW20151103_133141_V06,0,0.483,1.200,4920,0,16506.873,267,0,2463.624
KRIW20151103-1,KRIW20151103_133141_V06,2,1.450,1.200,4925,0,78281.642,840,0,4774.091
KRIW20151103-1,KRIW20151103_133639_V06,0,0.483,1.200,7692,0,26606.030,303,0,3299.677
KRIW20151103-1,KRIW20151103_133639_V06,2,1.450,1.200,7697,0,62162.357,661,0,3215.206
KRIW20151116-3,KRIW20151116_140656_V06,0,0.483,1.200,24829,0,186.022,5942,0,160.467
KRIW20151116-3,KRIW20151116_140656_V06,2,1.494,1.200,24839,0,10.930,8234,0,6.512
KRIW20151116-3,KRIW20151116_140656_V06,4,2.505,1.200,12423,0,2.201,2701,0,1.707
KRIW20151116-3,KRIW20151116_140656_V06,5,3.516,1.200,12438,0,5.614,1585,0,2.067
KRIW20151116-3,KRIW20151116_140656_V06,6,4.482,1.200,12458,0,152.261,1111,0,7.788
KRIW20151116-3,KRIW20151116_141644_V06,0,0.483,1.200,44335,0,1053.723,3685,0,738.944
KRIW20151116-3,KRIW20151116_141644_V06,2,1.494,1.200,44342,0,71.786,5713,0,49.512
KRIW20151116-3,KRIW20151116_141644_V06,4,2.505,1.200,22197,0,139.853,2539,0,57.922
KRIW20151116-3,KRIW20151116_141644_V06,5,3.516,1.200,22213,0,1682.248,2370,0,190.248
KRIW20151116-3,KRIW20151116_141644_V06,6,4.482,1.200,22246,0,6561.200,2714,0,253.661
KRIW20151120-3,KRIW20151120_151107_V06,0,0.483,1.200,3527,0,36384.217,529,0,5860.806
KRIW20151124-1,KRIW20151124_142620_V06,0,0.483,1.200,8099,0,203.762,1054,0,134.352
KRIW20151124-1,KRIW20151124_142620_V06,2,1.494,1.200,8104,0,18.552,164,0,8.085
KRIW20151124-1,KRIW20151124_142620_V06,4,2.505,1.200,4043,0,6.068,76,0,4.125
KRIW20151124-1,KRIW20151124_142620_V06,5,3.516,1.200,4048,0,5.203,67,0,4.514
KRIW20151124-1,KRIW20151124_142620_V06,6,4.482,1.200,4056,0,4.774,55,0,4.098
KRIW20151124-1,KRIW20151124_143609_V06,0,0.483,1.200,24809,0,520.202,1614,0,478.370
KRIW20151124-1,KRIW20151124_143609_V06,2,1.494,1.200,24825,0,92.482,538,0,24.406
KRIW20151124-1,KRIW20151124_143609_V06,4,2.505,1.200,12422,0,11.729,294,0,10.209
KRIW20151124-1,KRIW20151124_143609_V06,5,3.516,1.200,12434,0,22.289,342,0,16.530
KRIW20151124-1,KRIW20151124_143609_V06,6,4.482,1.200,12453,0,15.621,259,0,13.593
KRIW20151125-1,KRIW20151125_140447_V06,0,0.483,1.200,2345,0,25204.671,357,0,24378.581
KRIW20151125-1,KRIW20151125_140447_V06,2,1.494,1.200,2343,0,5271.530,1056,0,2133.098
KRIW20151125-1,KRIW20151125_140447_V06,4,2.505,1.200,1175,0,3313.341,729,0,1490.202
KRIW20151125-1,KRIW20151125_140447_V06,5,3.516,1.200,1177,0,61.149,34,0,45.110
KRIW20151125-1,KRIW20151125_140447_V06,6,4.482,1.200,1180,0,60.173,7,0,44.468
KRIW20151125-1,KRIW20151125_141436_V06,0,0.483,1.200,6964,0,47738.471,1473,0,44716.200
KRIW20151125-1,KRIW20151125_141436_V06,2,1.494,1.200,6963,0,25007.856,3698,0,13131.287
KRIW20151125-1,KRIW20151125_141436_V06,4,2.505,1.200,3486,0,9936.270,1679,0,4985.574
KRIW20151125-1,KRIW20151125_141436_V06,5,3.516,1.200,3490,0,1404.177,438,0,737.093
KRIW20151125-1,KRIW20151125_141436_V06,6,4.482,1.200,3490,0,249.372,97,0,190.857
KRIW20151125-1,KRIW20151125_142425_V06,0,0.483,1.200,14454,0,73300.384,3697,0,67658.207
KRIW20151125-1,KRIW20151125_142425_V06,2,1.494,1.200,14459,0,35351.317,7535,0,16145.620
KRIW20151125-1,KRIW20151125_142425_V06,4,2.505,1.200,7234,0,17173.539,2866,0,8552.087
KRIW20151125-1,KRIW20151125_142425_V06,5,3.516,1.200,7243,0,5845.370,1199,0,1948.173
KRIW20151125-1,KRIW20151125_142425_V06,6,4.482,1.200,7254,0,1034.151,535,0,498.592
KRIW20151125-1,KRIW20151125_143412_V06,0,0.483,1.200,3403,0,49211.605,1132,0,41768.209
KRIW20151125-1,KRIW20151125_143412_V06,2,1.494,1.200,3408,0,9688.623,2536,0,3004.616
KRIW20151125-1,KRIW20151125_143412_V06,4,2.505,1.200,1702,0,15297.581,1083,0,7370.681
KRIW20151125-1,KRIW20151125_143412_V06,5,3.516,1.200,1706,0,1079.547,321,0,690.824
KRIW20151125-1,KRIW20151125_143412_V06,6,4.482,1.200,1707,0,54.486,15,0,42.857
KRIW20151125-1,KRIW20151125_144401_V06,0,0.483,1.200,8595,0,118248.851,2525,0,98773.225
KRIW20151125-1,KRIW20151125_144401_V06,2,1.494,1.200,8610,0,48763.052,4776,0,18959.094
KRIW20151125-1,KRIW20151125_144401_V06,4,2.505,1.200,4308,0,39850.695,2205,0,19370.220
KRIW20151125-1,KRIW20151125_144401_V06,5,3.516,1.200,4308,0,2757.096,849,0,1152.507
KRIW20151125-1,KRIW20151125_144401_V06,6,4.482,1.200,4322,0,347.485,147,0,250.554
KRIW20151125-1,KRIW20151125_145349_V06,0,0.483,1.200,6049,1,234341.507,2749,1,118710.291
KRIW20151125-1,KRIW20151125_145349_V06,2,1.494,1.200,6054,0,81829.521,3993,0,23912.620
KRIW20151125-1,KRIW20151125_145349_V06,4,2.505,1.200,3034,0,41439.276,1821,0,21624.248
KRIW20151125-1,KRIW20151125_145349_V06,5,3.516,1.200,3034,0,1515.646,708,0,813.175
KRIW20151125-1,KRIW20151125_145349_V06,6,4.482,1.200,3030,0,158.739,44,0,121.977
KRIW20151125-8,KRIW20151125_150337_V06,0,0.483,1.200,1965,0,3950.473,674,0,231.800
KRIW20151125-8,KRIW20151125_150337_V06,2,1.494,1.200,1966,0,298.915,80,0,71.895
KRIW20151125-8,KRIW20151125_150337_V06,4,2.505,1.200,988,0,3.088,0,0,3.088
KRIW20151125-8,KRIW20151125_151326_V06,0,0.483,1.200,7638,0,10845.274,2164,0,854.387
KRIW20151125-8,KRIW20151125_151326_V06,2,1.494,1.200,7644,0,727.542,163,0,199.020
KRIW20151125-8,KRIW20151125_151326_V06,4,2.505,1.200,3815,0,11.937,0,0,11.937
KRIW20151125-8,KRIW20151125_152315_V06,0,0.483,1.200,19269,0,34654.234,7179,0,6759.214
KRIW20151125-8,KRIW20151125_152315_V06,2,1.494,1.200,19277,0,2844.617,1219,0,1658.227
KRIW20151125-8,KRIW20151125_152315_V06,4,2.505,1.200,9640,0,1961.770,295,0,1525.448
KRIW20151125-2,KRIW20151125_140447_V06,0,0.483,1.200,2241,0,26872.630,811,0,4272.875
KRIW20151125-2,KRIW20151125_140447_V06,2,1.494,1.200,2244,0,7.731,0,0,7.731
KRIW20151125-9,KRIW20151125_152315_V06,0,0.483,1.200,3002,0,17736.670,354,0,4589.597
KRIW20151127-4,KRIW20151127_135544_V06,0,0.483,1.200,4077,0,93.159,1442,0,30.834
KRIW20151127-4,KRIW20151127_135544_V06,2,1.494,1.200,4082,0,0.797,423,0,0.113
KRIW20151127-4,KRIW20151127_135544_V06,4,2.505,1.200,2042,0,0.947,471,0,0.311
KRIW20151127-4,KRIW20151127_135544_V06,5,3.516,1.200,2042,0,1.435,1022,0,0.141
KRIW20151127-4,KRIW20151127_135544_V06,6,4.482,1.200,2045,0,2.687,1314,0,0.202
KRIW20151127-4,KRIW20151127_140534_V06,0,0.483,1.200,25823,0,266.980,2254,0,155.757
KRIW20151127-4,KRIW20151127_140534_V06,2,1.494,1.200,25833,0,50.540,2538,0,25.321
KRIW20151127-4,KRIW20151127_140534_V06,4,2.505,1.200,12928,0,191.904,2556,0,59.884
KRIW20151127-4,KRIW20151127_140534_V06,5,3.516,1.200,12939,0,253.749,4306,0,69.831
KRIW20151127-4,KRIW20151127_140534_V06,6,4.482,1.200,12950,0,207.133,4452,0,80.721
KRIW20151127-2,KRIW20151127_132612_V06,0,0.483,1.200,10789,0,27023.299,469,0,24479.655
KRIW20151127-2,KRIW20151127_132612_V06,2,1.494,1.200,10808,0,329.036,241,0,163.250
KRIW20151127-2,KRIW20151127_132612_V06,4,2.505,1.200,5404,0,54.485,7,0,50.261
KRIW20151127-2,KRIW20151127_132612_V06,5,3.516,1.200,5410,0,108.456,12,0,93.017
KRIW20151130-3,KRIW20151130_144611_V06,0,0.483,1.200,11782,0,44615.965,3285,0,26259.651
KRIW20151130-3,KRIW20151130_144611_V06,2,1.494,1.200,11795,0,1292.672,814,0,574.248
KRIW20151130-3,KRIW20151130_144611_V06,4,2.505,1.200,5895,0,543.377,65,0,384.362
KRIW20151130-3,KRIW20151130_144611_V06,5,3.516,1.200,5909,0,399.486,40,0,337.247
KRIW20151204-4,KRIW20151204_135045_V06,0,0.483,1.200,15608,0,15408.622,591,0,6274.607
KRIW20151204-4,KRIW20151204_135045_V06,2,1.494,1.200,15621,0,138.702,203,0,107.908
KRIW20151204-4,KRIW20151204_135045_V06,4,2.505,1.200,15621,0,56.087,156,0,31.559
KRIW20151204-4,KRIW20151204_135045_V06,6,3.516,1.200,7817,0,50.793,54,0,41.083
KRIW20151204-4,KRIW20151204_140031_V06,0,0.483,1.200,21423,0,10897.334,755,0,10733.956
KRIW20151204-4,KRIW20151204_140031_V06,2,1.494,1.200,21436,0,486.853,493,0,464.318
KRIW20151204-4,KRIW20151204_140031_V06,4,2.505,1.200,21453,0,95.789,226,0,43.421
KRIW20151204-4,KRIW20151204_140031_V06,6,3.516,1.200,10742,0,70.346,118,0,44.438
KRIW20151204-4,KRIW20151204_141017_V06,0,0.483,1.200,20577,0,67137.593,974,0,66994.430
KRIW20151204-4,KRIW20151204_141017_V06,2,1.494,1.200,20586,0,198.571,664,0,155.270
KRIW20151204-4,KRIW20151204_141017_V06,4,2.505,1.200,20610,0,83.431,282,0,48.320
KRIW20151204-4,KRIW20151204_141017_V06,6,3.516,1.200,10311,0,62.926,129,0,44.024
KRIW20151204-4,KRIW20151204_142003_V06,0,0.483,1.200,18495,4,114114.095,1279,0,46545.379
KRIW20151204-4,KRIW20151204_142003_V06,2,1.494,1.200,18504,0,65.845,683,0,37.677
KRIW20151204-4,KRIW20151204_142003_V06,4,2.505,1.200,18514,0,75.794,275,0,52.716
KRIW20151204-4,KRIW20151204_142003_V06,6,3.516,1.200,9263,0,97.431,114,0,55.613
KRIW20151204-1,KRIW20151204_133114_V06,0,0.483,1.200,580,0,880.472,35,0,862.281
KRIW20151204-1,KRIW20151204_133114_V06,2,1.494,1.200,581,0,11.263,140,0,6.672
KRIW20151204-1,KRIW20151204_133114_V06,4,2.505,1.200,583,0,2.597,105,0,0.686
KRIW20151204-1,KRIW20151204_133114_V06,6,3.516,1.200,294,0,0.283,0,0,0.283
KRIW20151204-1,KRIW20151204_133114_V06,7,4.482,1.200,295,0,0.285,0,0,0.285
KRIW20151204-1,KRIW20151204_134100_V06,0,0.483,1.200,8702,0,2333.211,888,0,2138.749
KRIW20151204-1,KRIW20151204_134100_V06,2,1.494,1.200,8707,0,191.593,1257,0,150.222
KRIW20151204-1,KRIW20151204_134100_V06,4,2.505,1.200,8711,0,45.492,1841,0,22.068
KRIW20151204-1,KRIW20151204_134100_V06,6,3.516,1.200,4359,0,21.011,490,0,12.476
KRIW20151204-1,KRIW20151204_134100_V06,7,4.482,1.200,4366,0,10.745,183,0,8.079
KRIW20151204-2,KRIW20151204_133114_V06,0,0.483,1.200,39,0,10.253,12,0,4.555
KRIW20151204-2,KRIW20151204_133114_V06,2,1.494,1.200,39,0,0.041,0,0,0.041
KRIW20151204-2,KRIW20151204_133114_V06,4,2.505,1.200,40,0,7.517,15,0,3.110
KRIW20151204-2,KRIW20151204_133114_V06,6,3.516,1.200,19,0,0.409,2,0,0.241
KRIW20151207-1,KRIW20151207_133502_V06,0,0.483,1.200,901,0,174.552,16,0,172.747
KRIW20151207-1,KRIW20151207_133502_V06,2,1.494,1.200,901,0,3.460,79,0,1.091
KRIW20151207-1,KRIW20151207_133502_V06,4,2.505,1.200,902,0,2.130,73,0,0.739
KRIW20151207-1,KRIW20151207_133502_V06,6,3.516,1.200,451,0,0.959,5,0,0.568
KRIW20151207-1,KRIW20151207_133502_V06,7,4.482,1.200,451,0,4.832,11,0,3.448
KRIW20151209-1,KRIW20151209_134006_V06,0,0.483,1.200,1851,0,404297.234,10,0,404253.129
KRIW20151209-1,KRIW20151209_134006_V06,2,1.494,1.200,1852,0,359.093,43,0,220.495
KRIW20151209-1,KRIW20151209_134006_V06,4,2.505,1.200,925,0,353.337,11,0,278.656
KRIW20151209-1,KRIW20151209_134947_V06,0,0.483,1.200,4571,3,410126.221,37,3,409991.390
KRIW20151209-1,KRIW20151209_134947_V06,2,1.494,1.200,4578,0,1015.195,172,0,581.515
KRIW20151209-1,KRIW20151209_134947_V06,4,2.505,1.200,2287,0,608.307,8,0,565.830
KRIW20151210-1,KRIW20151210_141105_V06,0,0.483,1.200,18389,0,186899.027,3505,0,44292.774
KRIW20151210-5,KRIW20151210_151908_V06,0,0.483,1.200,22866,0,86.247,5628,0,54.268
KRIW20151210-5,KRIW20151210_151908_V06,2,1.494,1.200,22869,0,10.249,5314,0,6.914
KRIW20151210-5,KRIW20151210_151908_V06,4,2.505,1.200,11446,0,6.210,2537,0,4.343
KRIW20151210-5,KRIW20151210_151908_V06,5,3.516,1.200,11460,0,6.614,2687,0,4.956
KRIW20151210-5,KRIW20151210_151908_V06,6,4.482,1.200,11476,0,5.980,2725,0,4.350
KRIW20151215-1,KRIW20151215_153801_V06,0,0.483,1.200,5156,0,40685.739,737,0,6139.194
KRIW20151215-1,KRIW20151215_154259_V06,0,0.483,1.200,6986,0,70145.990,977,0,11750.718
KRIW20151215-2,KRIW20151215_155750_V06,0,0.483,1.200,4248,0,82667.411,965,0,9404.388
KRIW20151215-2,KRIW20151215_160248_V06,0,0.483,1.200,6098,0,75041.093,966,0,7336.956
KRIW20151215-3,KRIW20151215_155750_V06,0,0.483,1.200,5695,0,28586.740,771,0,3794.532
KRIW20151215-3,KRIW20151215_155750_V06,2,1.450,1.200,5701,0,3386.495,135,0,655.162
KRIW20151215-3,KRIW20151215_160248_V06,0,0.483,1.200,7659,0,30343.675,817,0,4515.527
KRIW20151215-3,KRIW20151215_160248_V06,2,1.450,1.200,7668,0,3740.810,155,0,791.717
KRIW20151217-2,KRIW20151217_142312_V06,0,0.483,1.200,25614,0,45858.302,8504,0,6494.211
KRIW20151217-2,KRIW20151217_142312_V06,2,1.494,1.200,25637,0,2545.043,1932,0,1035.097
KRIW20151217-2,KRIW20151217_142312_V06,4,2.505,1.200,12843,0,915.952,72,0,513.443
KRIW20151218-1,KRIW20151218_142130_V06,0,0.483,1.200,19802,0,43.404,2553,0,18.291
KRIW20151218-1,KRIW20151218_142130_V06,2,1.494,1.200,19812,0,45.462,2568,0,15.596
KRIW20151218-1,KRIW20151218_142130_V06,4,2.505,1.200,9911,0,15.194,761,0,13.449
KRIW20151218-1,KRIW20151218_142130_V06,5,3.516,1.200,9923,0,3.503,717,0,2.173
KRIW20151218-1,KRIW20151218_142130_V06,6,4.482,1.200,9939,0,3.742,769,0,2.645
KRIW20151218-2,KRIW20151218_144101_V06,0,0.483,1.200,9093,0,118037.491,2508,0,22323.079
KRIW20151218-2,KRIW20151218_144101_V06,2,1.494,1.200,9099,0,1470.294,78,0,648.291
KRIW20151220-4,KRIW20151220_135416_V06,0,0.483,1.200,4287,0,28080.918,530,0,7602.888
KRIW20151220-4,KRIW20151220_135416_V06,2,1.494,1.200,4284,0,1906.131,48,0,907.356
KRIW20151223-3,KRIW20151223_144213_V06,0,0.483,1.200,11335,0,8715.971,274,0,2689.641
KRIW20151223-3,KRIW20151223_144213_V06,2,1.494,1.200,11349,0,1353.587,114,0,376.300
KRIW20151223-3,KRIW20151223_145156_V06,0,0.483,1.200,13885,0,22701.556,624,0,6743.339
KRIW20151223-3,KRIW20151223_145156_V06,2,1.494,1.200,13893,0,6111.304,499,0,1845.649
KRIW20151223-3,KRIW20151223_150140_V06,0,0.483,1.200,17003,0,78609.041,1737,0,18459.773
KRIW20151223-3,KRIW20151223_151124_V06,0,0.483,1.200,20404,0,191333.130,4241,0,33201.956
KRIW20151223-3,KRIW20151223_152108_V06,0,0.483,1.200,32674,1,224845.476,4960,0,35554.230
KRIW20151223-3,KRIW20151223_152108_V06,2,1.494,1.200,32705,0,70561.572,4993,0,16007.229
KRIW20151223-3,KRIW20151223_153051_V06,0,0.483,1.200,41903,1,234422.842,4994,0,50019.524
KRIW20151223-3,KRIW20151223_153051_V06,2,1.494,1.200,41940,0,76980.438,7106,0,26158.937
KRIW20151223-3,KRIW20151223_154037_V06,0,0.483,1.200,28698,1,263436.634,5756,0,49456.860
KRIW20151223-3,KRIW20151223_154037_V06,2,1.494,1.200,28712,0,39429.521,3292,0,11001.931
KRIW20151223-3,KRIW20151223_155022_V06,0,0.483,1.200,42061,0,287259.051,7326,0,56793.394
KRIW20151223-3,KRIW20151223_155022_V06,2,1.494,1.200,42110,0,82900.041,5711,0,21980.340
KRIW20151224-2,KRIW20151224_135107_V06,0,0.483,1.200,17293,0,3.514,2861,0,3.126
KRIW20151224-2,KRIW20151224_135107_V06,2,1.494,1.200,17301,0,1.809,5411,0,1.417
KRIW20151224-2,KRIW20151224_135107_V06,4,2.505,1.200,8657,0,1.006,1449,0,0.857
KRIW20151224-2,KRIW20151224_135107_V06,5,3.516,1.200,8667,0,0.416,957,0,0.236
KRIW20151224-2,KRIW20151224_135107_V06,6,4.482,1.200,8686,0,0.292,745,0,0.213
KRIW20151229-2,KRIW20151229_135125_V06,0,0.483,1.200,22418,0,59305.606,8559,0,27295.292
KRIW20151229-2,KRIW20151229_135125_V06,2,1.494,1.200,22437,0,1184.507,2672,0,326.650
KRIW20151229-2,KRIW20151229_135125_V06,4,2.505,1.200,11213,0,223.010,29,0,193.865
KRIW20151229-2,KRIW20151229_135125_V06,5,3.516,1.200,11229,0,1200.407,334,0,722.466
KRIW20151230-1,KRIW20151230_142959_V06,0,0.483,1.200,438,0,3254.101,17,0,3249.800
KRIW20151230-1,KRIW20151230_142959_V06,2,1.494,1.200,437,0,12.154,95,0,5.938
KRIW20151230-1,KRIW20151230_142959_V06,4,2.505,1.200,221,0,15.862,93,0,6.057
KRIW20151230-1,KRIW20151230_142959_V06,5,3.516,1.200,220,0,4.392,19,0,2.520
KRIW20151230-1,KRIW20151230_142959_V06,6,4.482,1.200,222,0,2.009,2,0,1.854
KRIW20151231-1,KRIW20151231_142909_V06,0,0.483,1.200,55399,0,21154.914,6054,0,20106.319
KRIW20151231-1,KRIW20151231_142909_V06,2,1.494,1.200,55428,0,953.602,9308,0,480.715
KRIW20151231-1,KRIW20151231_142909_V06,4,2.505,1.200,27727,0,736.897,4147,0,467.462
KRIW20151231-1,KRIW20151231_142909_V06,5,3.516,1.200,27758,0,524.345,3803,0,361.750
KRIW20151231-1,KRIW20151231_142909_V06,6,4.482,1.200,27799,0,537.675,3172,0,334.066
