track_id,filename,sweep_idx,sweep_angle,count_scaling,n_roost_pixels,n_refAbove40_pixels,n_refBelow40_animals,n_xcorrAbove0.95_pixels,n_xcorrBelow0.95_refAbove40_pixels,n_xcorrBelow0.95_refBelow40_animals
KSOX20190604-1,KSOX20190604_123646_V06,0,0.483,1.200,3883,0,10257.323,318,0,8368.029
KSOX20190604-1,KSOX20190604_123646_V06,2,1.494,1.200,3887,0,4210.864,194,0,3497.350
KSOX20190604-1,KSOX20190604_123646_V06,4,2.505,1.200,1940,0,17.291,0,0,17.291
KSOX20190605-1,KSOX20190605_122615_V06,0,0.483,1.200,1550,0,3579.642,112,0,1702.181
KSOX20190605-1,KSOX20190605_122615_V06,2,1.494,1.200,1546,0,7.895,2,0,3.181
KSOX20190605-1,KSOX20190605_122615_V06,4,2.505,1.200,779,0,3.218,0,0,3.218
KSOX20190606-1,KSOX20190606_114119_V06,0,0.483,1.200,77,0,14664.280,0,0,14664.280
KSOX20190606-1,KSOX20190606_114119_V06,2,1.494,1.200,78,0,40.676,3,0,37.312
KSOX20190606-1,KSOX20190606_114119_V06,4,2.505,1.200,37,0,3.022,0,0,3.022
KSOX20190606-1,KSOX20190606_114119_V06,5,3.516,1.200,39,0,0.056,0,0,0.056
KSOX20190606-1,KSOX20190606_114119_V06,6,4.482,1.200,40,0,0.058,0,0,0.058
KSOX20190607-1,KSOX20190607_122842_V06,0,0.483,1.200,6644,1,144630.714,120,0,113603.174
KSOX20190607-1,KSOX20190607_122842_V06,2,1.494,1.200,6644,0,11377.114,113,0,10826.030
KSOX20190607-1,KSOX20190607_122842_V06,4,2.505,1.200,3327,0,378.358,8,0,257.099
KSOX20190613-1,KSOX20190613_114320_V06,0,0.483,1.200,47,0,7930.580,0,0,7930.580
KSOX20190613-1,KSOX20190613_114320_V06,2,1.494,1.200,47,0,9.031,3,0,0.049
KSOX20190613-1,KSOX20190613_114320_V06,4,2.505,1.200,24,0,3.471,0,0,3.471
KSOX20190613-1,KSOX20190613_114320_V06,5,3.516,1.200,25,0,3.369,0,0,3.369
KSOX20190614-1,KSOX20190614_120324_V06,0,0.483,1.200,2054,0,2408.728,40,0,2190.847
KSOX20190614-1,KSOX20190614_120324_V06,2,1.494,1.200,2055,0,4.068,0,0,4.068
KSOX20190614-1,KSOX20190614_120324_V06,4,2.505,1.200,1030,0,4.086,0,0,4.086
KSOX20190614-2,KSOX20190614_131116_V06,0,0.483,1.200,1463,0,2226.153,19,0,1638.854
KSOX20190614-2,KSOX20190614_131116_V06,2,1.494,1.200,1461,0,4.756,0,0,4.756
KSOX20190615-1,KSOX20190615_122434_V06,0,0.483,1.200,195,0,2277.751,33,0,2004.732
KSOX20190615-1,KSOX20190615_122434_V06,2,1.494,1.200,194,0,43.533,0,0,43.533
KSOX20190615-1,KSOX20190615_122434_V06,4,2.505,1.200,100,0,7.550,0,0,7.550
KSOX20190615-2,KSOX20190615_123416_V06,0,0.483,1.200,4442,0,5089.367,149,0,3027.534
KSOX20190615-2,KSOX20190615_123416_V06,2,1.494,1.200,4441,0,21.693,0,0,21.693
KSOX20190617-2,KSOX20190617_123733_V06,0,0.483,1.200,4340,0,110782.240,50,0,108372.661
KSOX20190617-2,KSOX20190617_123733_V06,2,1.494,1.200,4342,0,4164.820,63,0,3629.691
KSOX20190617-2,KSOX20190617_123733_V06,4,2.505,1.200,2174,0,139.238,3,0,125.251
KSOX20190617-2,KSOX20190617_123733_V06,5,3.516,1.200,2174,0,174.545,4,0,146.081
KSOX20190618-1,KSOX20190618_120012_V06,0,0.483,1.200,521,0,227006.890,5,0,226748.351
KSOX20190618-2,KSOX20190618_120012_V06,0,0.483,1.200,1876,0,2785.924,72,0,1164.172
KSOX20190618-2,KSOX20190618_120012_V06,2,1.494,1.200,1879,0,455.325,10,0,237.259
KSOX20190618-3,KSOX20190618_122919_V06,0,0.483,1.200,262,0,1164.977,28,0,1068.320
KSOX20190618-3,KSOX20190618_122919_V06,2,1.494,1.200,261,0,49.006,6,0,43.412
KSOX20190618-3,KSOX20190618_122919_V06,4,2.505,1.200,132,0,10.413,0,0,10.413
KSOX20190618-3,KSOX20190618_122919_V06,5,3.516,1.200,133,0,9.679,1,0,8.445
KSOX20190618-4,KSOX20190618_123901_V06,0,0.483,1.200,1547,0,8749.775,96,0,7662.578
KSOX20190618-4,KSOX20190618_123901_V06,2,1.494,1.200,1550,0,236.340,31,0,190.542
KSOX20190618-4,KSOX20190618_123901_V06,4,2.505,1.200,782,0,5.299,0,0,5.299
KSOX20190628-3,KSOX20190628_122059_V06,0,0.483,1.200,1806,0,28213.473,5,0,28083.559
KSOX20190628-3,KSOX20190628_123041_V06,0,0.483,1.200,3457,0,171051.679,14,0,169708.032
KSOX20190628-1,KSOX20190628_120134_V06,0,0.483,1.200,3733,0,58815.079,0,0,58815.079
KSOX20190628-2,KSOX20190628_121117_V06,0,0.483,1.200,256,5,77443.630,6,5,76217.531
KSOX20190628-2,KSOX20190628_121117_V06,2,1.494,1.200,257,0,1.378,0,0,1.378
KSOX20190628-2,KSOX20190628_121117_V06,4,2.505,1.200,130,0,5.179,0,0,5.179
KSOX20190628-2,KSOX20190628_121117_V06,5,3.516,1.200,128,0,10.843,1,0,10.081
KSOX20190630-1,KSOX20190630_133509_V06,0,0.483,1.200,3509,0,88639.520,0,0,88639.520
KSOX20190704-1,KSOX20190704_114958_V06,0,0.483,1.200,110,0,10671.091,0,0,10671.091
KSOX20190704-1,KSOX20190704_114958_V06,2,1.494,1.200,111,0,44.082,1,0,25.958
KSOX20190704-2,KSOX20190704_131722_V06,0,0.483,1.200,9509,0,7702.492,0,0,7702.492
KSOX20190704-3,KSOX20190704_134631_V06,0,0.483,1.200,5975,0,15660.174,0,0,15660.174
KSOX20190705-1,KSOX20190705_123119_V06,0,0.483,1.200,2447,0,25727.190,413,0,15608.789
KSOX20190709-1,KSOX20190709_120026_V06,0,0.483,1.200,3513,1,384875.104,183,1,351369.130
KSOX20190709-1,KSOX20190709_120026_V06,2,1.494,1.200,3517,0,2717.968,82,0,2606.275
KSOX20190709-1,KSOX20190709_120026_V06,4,2.505,1.200,1767,0,1056.785,14,0,988.593
KSOX20190709-1,KSOX20190709_120026_V06,5,3.516,1.200,1769,0,348.065,20,0,281.906
KSOX20190711-1,KSOX20190711_132353_V06,0,0.483,1.200,1604,0,1945.241,6,0,1824.159
KSOX20190711-1,KSOX20190711_132353_V06,2,1.494,1.200,1603,0,671.243,5,0,392.246
KSOX20190712-1,KSOX20190712_134256_V06,0,0.483,1.200,9994,0,5841.030,106,0,3447.277
KSOX20190712-1,KSOX20190712_134256_V06,2,1.494,1.200,10004,0,325.921,4,0,268.598
KSOX20190717-1,KSOX20190717_121013_V06,0,0.483,1.200,93,0,7787.702,2,0,7767.102
KSOX20190717-1,KSOX20190717_121013_V06,2,1.494,1.200,94,0,119.785,1,0,104.393
KSOX20190717-1,KSOX20190717_121013_V06,4,2.505,1.200,48,0,6.975,3,0,2.077
KSOX20190717-1,KSOX20190717_121013_V06,5,3.516,1.200,47,0,4.802,0,0,4.802
KSOX20190717-2,KSOX20190717_140646_V06,0,0.483,1.200,1547,0,1500.635,39,0,912.054
KSOX20190717-2,KSOX20190717_140646_V06,2,1.494,1.200,1546,0,31.617,0,0,31.617
KSOX20190720-1,KSOX20190720_120218_V06,0,0.483,1.200,60,0,879.223,15,0,647.669
KSOX20190720-1,KSOX20190720_120218_V06,2,1.494,1.200,60,0,372.452,24,0,140.642
KSOX20190720-1,KSOX20190720_120218_V06,4,2.505,1.200,31,0,0.047,0,0,0.047
KSOX20190720-1,KSOX20190720_120218_V06,5,3.516,1.200,31,0,0.047,0,0,0.047
KSOX20190720-1,KSOX20190720_120218_V06,6,4.482,1.200,29,0,0.044,0,0,0.044
KSOX20190720-2,KSOX20190720_130044_V06,0,0.483,1.200,38,0,775.095,3,0,730.009
KSOX20190720-2,KSOX20190720_130044_V06,2,1.494,1.200,37,0,16.250,2,0,5.691
KSOX20190720-2,KSOX20190720_130044_V06,4,2.505,1.200,16,0,0.062,0,0,0.062
KSOX20190721-1,KSOX20190721_130739_V06,0,0.483,1.200,4820,0,15102.357,115,0,11200.705
KSOX20190721-1,KSOX20190721_130739_V06,2,1.494,1.200,4822,0,506.648,8,0,425.494
KSOX20190723-4,KSOX20190723_123211_V06,0,0.483,1.200,15112,0,16859.532,1467,0,1714.782
KSOX20190723-4,KSOX20190723_123211_V06,2,0.879,1.200,15114,0,24349.838,1523,0,2161.861
KSOX20190723-4,KSOX20190723_123211_V06,4,1.318,1.200,15120,0,32130.601,1737,0,2196.358
KSOX20190723-4,KSOX20190723_123211_V06,6,1.802,1.200,7569,0,41134.468,643,0,1552.579
KSOX20190723-4,KSOX20190723_123211_V06,7,2.417,1.200,7568,0,76405.259,810,0,1081.204
KSOX20190723-4,KSOX20190723_123211_V06,8,3.120,1.200,7577,0,124744.171,955,0,1165.955
KSOX20190723-4,KSOX20190723_123211_V06,9,3.999,1.200,7581,0,197933.970,1189,0,4490.447
KSOX20190723-4,KSOX20190723_123211_V06,10,5.098,1.200,7592,0,466373.515,1988,0,45057.342
KSOX20190723-4,KSOX20190723_123211_V06,11,6.416,1.200,7615,3,993973.977,2771,0,46911.392
KSOX20190723-4,KSOX20190723_123625_V06,0,0.483,1.200,20449,0,14966.850,1975,0,2103.983
KSOX20190723-4,KSOX20190723_123625_V06,2,0.879,1.200,20450,0,24608.188,2069,0,2005.031
KSOX20190723-4,KSOX20190723_123625_V06,4,1.318,1.200,20458,0,34808.610,2211,0,2336.931
KSOX20190723-4,KSOX20190723_123625_V06,6,1.802,1.200,10236,0,35594.427,670,0,1665.348
KSOX20190723-4,KSOX20190723_123625_V06,7,2.417,1.200,10245,0,50517.296,823,0,955.463
KSOX20190723-4,KSOX20190723_123625_V06,8,3.120,1.200,10248,0,87065.706,926,0,1148.498
KSOX20190723-4,KSOX20190723_123625_V06,9,3.999,1.200,10260,0,112690.528,1074,0,2803.092
KSOX20190723-4,KSOX20190723_123625_V06,10,5.098,1.200,10274,0,349124.524,2208,0,28478.697
KSOX20190723-4,KSOX20190723_123625_V06,11,6.416,1.200,10308,12,1303762.425,3032,0,124624.446
KSOX20190723-4,KSOX20190723_124039_V06,0,0.483,1.200,16787,0,8322.792,1880,0,1318.355
KSOX20190723-4,KSOX20190723_124039_V06,2,0.879,1.200,16789,0,17864.261,2178,0,1642.738
KSOX20190723-4,KSOX20190723_124039_V06,4,1.318,1.200,16788,0,23985.139,2294,0,1695.095
KSOX20190723-4,KSOX20190723_124039_V06,6,1.802,1.200,8400,0,25794.154,618,0,943.189
KSOX20190723-4,KSOX20190723_124039_V06,7,2.417,1.200,8401,0,35467.465,657,0,1029.672
KSOX20190723-4,KSOX20190723_124039_V06,8,3.120,1.200,8413,0,45077.444,743,0,813.390
KSOX20190723-4,KSOX20190723_124039_V06,9,3.999,1.200,8416,0,63743.581,873,0,1167.389
KSOX20190723-4,KSOX20190723_124039_V06,10,5.098,1.200,8431,0,276500.684,1846,0,20411.092
KSOX20190723-4,KSOX20190723_124039_V06,11,6.416,1.200,8450,23,1007991.919,2742,3,152961.468
KSOX20190723-4,KSOX20190723_124452_V06,0,0.483,1.200,23179,0,11587.400,2985,0,2549.614
KSOX20190723-4,KSOX20190723_124452_V06,2,0.879,1.200,23192,0,12078.253,2733,0,1204.524
KSOX20190723-4,KSOX20190723_124452_V06,4,1.318,1.200,23196,0,15139.340,2789,0,1177.117
KSOX20190723-4,KSOX20190723_124452_V06,6,1.802,1.200,11594,0,18641.700,688,0,565.571
KSOX20190723-4,KSOX20190723_124452_V06,7,2.417,1.200,11602,0,26119.675,718,0,804.042
KSOX20190723-4,KSOX20190723_124452_V06,8,3.120,1.200,11608,0,34395.562,781,0,490.319
KSOX20190723-4,KSOX20190723_124452_V06,9,3.999,1.200,11622,0,42445.442,939,0,976.496
KSOX20190723-4,KSOX20190723_124452_V06,10,5.098,1.200,11649,0,227361.709,2161,0,15607.609
KSOX20190723-4,KSOX20190723_124452_V06,11,6.416,1.200,11679,11,869592.198,3297,0,99363.263
KSOX20190723-1,KSOX20190723_120236_V06,0,0.483,1.200,1996,0,364610.139,811,0,38317.609
KSOX20190723-1,KSOX20190723_120236_V06,2,0.879,1.200,1998,0,485443.125,983,0,62040.265
KSOX20190723-1,KSOX20190723_120236_V06,4,1.318,1.200,1993,1,1458470.299,1144,0,212418.151
KSOX20190723-1,KSOX20190723_120236_V06,6,1.802,1.200,1013,0,1532154.817,754,0,105040.031
KSOX20190723-1,KSOX20190723_120236_V06,7,2.417,1.200,1011,0,711146.214,793,0,35863.699
KSOX20190723-6,KSOX20190723_124039_V06,0,0.483,1.200,1529,0,64053.326,249,0,10428.873
KSOX20190723-6,KSOX20190723_124039_V06,2,0.879,1.200,1536,0,1119364.293,664,0,125846.637
KSOX20190723-6,KSOX20190723_124039_V06,4,1.318,1.200,1539,4,2608040.585,903,0,397372.339
KSOX20190723-6,KSOX20190723_124039_V06,6,1.802,1.200,770,0,833052.295,453,0,15238.186
KSOX20190723-9,KSOX20190723_124452_V06,0,0.483,1.200,5766,0,9981.518,750,0,4667.901
KSOX20190723-9,KSOX20190723_124452_V06,2,0.879,1.200,5766,0,5466.395,749,0,3039.802
KSOX20190723-9,KSOX20190723_124452_V06,4,1.318,1.200,5760,0,3585.861,729,0,1337.695
KSOX20190723-9,KSOX20190723_124452_V06,6,1.802,1.200,2884,0,6291.584,94,0,955.033
KSOX20190723-9,KSOX20190723_124452_V06,7,2.417,1.200,2885,0,15731.217,78,0,2522.026
KSOX20190723-9,KSOX20190723_124452_V06,8,3.120,1.200,2885,0,8164.858,63,0,1120.655
KSOX20190723-9,KSOX20190723_124452_V06,9,3.999,1.200,2893,0,15355.529,49,0,2184.224
KSOX20190723-9,KSOX20190723_124452_V06,10,5.098,1.200,2895,0,4516.461,45,0,29.769
KSOX20190723-9,KSOX20190723_124452_V06,11,6.416,1.200,2898,0,3667.953,55,0,458.425
KSOX20190723-10,KSOX20190723_130146_V06,0,0.483,1.200,8414,0,116924.908,1454,0,46163.304
KSOX20190723-10,KSOX20190723_130146_V06,2,0.879,1.200,8410,0,160094.000,1537,0,39487.144
KSOX20190723-10,KSOX20190723_130146_V06,4,1.318,1.200,8414,0,198209.003,1553,0,42502.846
KSOX20190723-10,KSOX20190723_130146_V06,6,1.802,1.200,4205,0,205770.335,524,0,11069.544
KSOX20190723-10,KSOX20190723_130146_V06,7,2.417,1.200,4207,0,239985.774,512,0,12738.586
KSOX20190723-10,KSOX20190723_130146_V06,8,3.120,1.200,4215,0,227340.275,430,0,12382.337
KSOX20190723-10,KSOX20190723_130146_V06,9,3.999,1.200,4219,1,349688.487,330,0,55593.439
KSOX20190723-10,KSOX20190723_130146_V06,10,5.098,1.200,4221,0,223202.492,340,0,16991.604
KSOX20190723-10,KSOX20190723_130146_V06,11,6.416,1.200,4234,0,80725.410,340,0,3635.484
KSOX20190723-13,KSOX20190723_140053_V06,0,0.483,1.200,5882,0,275071.381,1144,0,82128.638
KSOX20190723-13,KSOX20190723_140053_V06,2,0.879,1.200,5885,0,464021.048,1084,0,86735.007
KSOX20190723-13,KSOX20190723_140053_V06,4,1.318,1.200,5887,0,614848.650,1227,0,65832.287
KSOX20190723-13,KSOX20190723_140053_V06,6,1.802,1.200,2943,0,680069.248,446,0,60138.798
KSOX20190723-13,KSOX20190723_140053_V06,7,2.417,1.200,2951,2,1358128.366,464,0,241597.771
KSOX20190723-13,KSOX20190723_140053_V06,8,3.120,1.200,2953,11,1870706.080,461,0,330137.379
KSOX20190723-13,KSOX20190723_140053_V06,9,3.999,1.200,2950,0,380777.765,575,0,34953.405
KSOX20190723-13,KSOX20190723_140053_V06,10,5.098,1.200,2953,0,262314.944,546,0,32828.299
KSOX20190725-4,KSOX20190725_132457_V06,0,0.483,1.200,6464,0,16194.133,171,0,2934.374
KSOX20190725-4,KSOX20190725_132457_V06,2,0.879,1.200,6473,0,118482.507,678,0,6973.693
KSOX20190725-4,KSOX20190725_132457_V06,4,1.318,1.200,6474,0,269920.383,1275,0,13811.428
KSOX20190725-4,KSOX20190725_132910_V06,0,0.483,1.200,8494,0,18083.576,180,0,2609.158
KSOX20190725-4,KSOX20190725_132910_V06,2,0.879,1.200,8500,0,153405.642,810,0,7239.229
KSOX20190725-4,KSOX20190725_132910_V06,4,1.318,1.200,8502,0,337825.716,1430,0,16408.196
KSOX20190728-1,KSOX20190728_130355_V06,0,0.483,1.200,102,0,38094.235,3,0,37869.955
KSOX20190728-1,KSOX20190728_130355_V06,2,1.494,1.200,103,0,343.198,2,0,316.737
KSOX20190728-1,KSOX20190728_130355_V06,4,2.505,1.200,55,0,5.122,0,0,5.122
KSOX20190728-1,KSOX20190728_130355_V06,5,3.516,1.200,53,0,6.245,0,0,6.245
KSOX20190729-1,KSOX20190729_120325_V06,0,0.483,1.200,122,0,12444.382,0,0,12444.382
KSOX20190729-1,KSOX20190729_120325_V06,2,1.494,1.200,121,0,343.075,15,0,310.288
KSOX20190729-1,KSOX20190729_120325_V06,4,2.505,1.200,60,0,5.592,0,0,5.592
KSOX20190729-1,KSOX20190729_120325_V06,5,3.516,1.200,60,0,0.086,0,0,0.086
KSOX20190729-1,KSOX20190729_120325_V06,6,4.482,1.200,57,0,0.082,0,0,0.082
KSOX20190729-3,KSOX20190729_131135_V06,0,0.483,1.200,10862,0,7903.248,50,0,5003.245
KSOX20190731-1,KSOX20190731_140731_V06,0,0.483,1.200,2351,0,19913.223,2,0,19882.513
KSOX20190731-1,KSOX20190731_140731_V06,2,1.494,1.200,2353,0,20.362,0,0,20.362
KSOX20190801-3,KSOX20190801_122612_V06,0,0.483,1.200,2537,0,2552.017,4,0,2499.321
KSOX20190801-3,KSOX20190801_122612_V06,2,1.494,1.200,2545,0,10.000,0,0,10.000
KSOX20190801-3,KSOX20190801_123558_V06,0,0.483,1.200,6206,0,87530.274,3,0,87458.857
KSOX20190801-3,KSOX20190801_123558_V06,2,1.494,1.200,6215,0,533.120,17,0,128.774
KSOX20190801-4,KSOX20190801_141319_V06,0,0.483,1.200,1124,0,38350.407,1,0,38281.446
KSOX20190801-4,KSOX20190801_141319_V06,2,1.494,1.200,1125,0,4.384,0,0,4.384
KSOX20190801-4,KSOX20190801_142303_V06,0,0.483,1.200,3777,0,5048.573,1,0,5037.447
KSOX20190801-4,KSOX20190801_142303_V06,2,1.494,1.200,3778,0,14.848,0,0,14.848
KSOX20190801-1,KSOX20190801_120645_V06,0,0.483,1.200,762,0,298480.901,17,0,293963.284
KSOX20190801-1,KSOX20190801_120645_V06,2,1.494,1.200,760,0,34.220,1,0,30.778
KSOX20190802-3,KSOX20190802_142246_V06,0,0.483,1.200,5300,0,112076.721,141,0,88793.808
KSOX20190802-3,KSOX20190802_142246_V06,2,1.494,1.200,5304,0,9889.931,226,0,6926.348
KSOX20190802-3,KSOX20190802_142246_V06,4,2.505,1.200,5306,0,4908.788,322,0,3773.619
KSOX20190802-3,KSOX20190802_142246_V06,6,3.516,1.200,2660,0,1137.147,76,0,1115.778
KSOX20190802-3,KSOX20190802_142246_V06,7,4.482,1.200,2657,0,573.805,36,0,556.120
KSOX20190802-3,KSOX20190802_143229_V06,0,0.483,1.200,9524,0,199529.541,300,0,149930.629
KSOX20190802-3,KSOX20190802_143229_V06,2,1.494,1.200,9536,0,7871.001,419,0,5397.549
KSOX20190802-3,KSOX20190802_143229_V06,4,2.505,1.200,9536,0,1208.182,449,0,1008.783
KSOX20190802-3,KSOX20190802_143229_V06,6,3.516,1.200,4777,0,447.760,168,0,390.687
KSOX20190802-3,KSOX20190802_143229_V06,7,4.482,1.200,4781,0,257.294,74,0,238.229
KSOX20190802-1,KSOX20190802_130454_V06,0,0.483,1.200,5441,2,130501.555,101,2,130080.784
KSOX20190802-1,KSOX20190802_130454_V06,2,1.494,1.200,5439,0,2385.440,448,0,2276.394
KSOX20190802-1,KSOX20190802_130454_V06,4,2.505,1.200,5446,0,47.830,234,0,26.283
KSOX20190802-1,KSOX20190802_130454_V06,6,3.516,1.200,2725,0,16.122,16,0,9.702
KSOX20190802-2,KSOX20190802_141301_V06,0,0.483,1.200,31438,0,10514.982,1700,0,8802.809
KSOX20190802-2,KSOX20190802_141301_V06,2,1.494,1.200,31451,0,3529.620,2427,0,2910.794
KSOX20190802-2,KSOX20190802_141301_V06,4,2.505,1.200,31477,0,2299.052,3099,0,1828.506
KSOX20190802-2,KSOX20190802_141301_V06,6,3.516,1.200,15753,0,1017.637,1895,0,837.289
KSOX20190802-2,KSOX20190802_141301_V06,7,4.482,1.200,15773,0,1176.079,1844,0,834.538
KSOX20190803-1,KSOX20190803_130511_V06,0,0.483,1.200,3920,0,100221.516,20,0,99990.301
KSOX20190803-1,KSOX20190803_130511_V06,2,1.494,1.200,3922,0,2713.041,409,0,2539.922
KSOX20190803-1,KSOX20190803_130511_V06,4,2.505,1.200,3924,0,28.547,24,0,24.434
KSOX20190803-1,KSOX20190803_130511_V06,6,3.516,1.200,1965,0,375.422,148,0,116.736
KSOX20190803-2,KSOX20190803_141330_V06,0,0.483,1.200,587,0,61502.941,33,0,41081.066
KSOX20190803-2,KSOX20190803_141330_V06,2,1.494,1.200,588,0,5943.939,37,0,3160.942
KSOX20190803-2,KSOX20190803_141330_V06,4,2.505,1.200,587,0,3287.204,63,0,346.289
KSOX20190803-2,KSOX20190803_141330_V06,6,3.516,1.200,293,0,103.597,20,0,97.605
KSOX20190803-2,KSOX20190803_141330_V06,7,4.482,1.200,292,0,23.032,16,0,18.548
KSOX20190805-1,KSOX20190805_121809_V06,0,0.483,1.200,2903,0,121.884,128,0,82.115
KSOX20190805-1,KSOX20190805_121809_V06,2,1.494,1.200,2905,0,99.280,182,0,73.224
KSOX20190805-1,KSOX20190805_121809_V06,4,2.505,1.200,2903,0,32.381,158,0,12.834
KSOX20190805-1,KSOX20190805_121809_V06,6,3.516,1.200,1453,0,21.083,79,0,14.087
KSOX20190805-1,KSOX20190805_121809_V06,7,4.482,1.200,1456,0,13.538,139,0,6.386
KSOX20190806-2,KSOX20190806_142502_V06,0,0.483,1.200,2792,0,43493.925,102,0,34867.538
KSOX20190806-2,KSOX20190806_142502_V06,2,1.494,1.200,2796,0,2584.130,74,0,2423.055
KSOX20190806-2,KSOX20190806_142502_V06,4,2.505,1.200,2796,0,437.297,106,0,397.791
KSOX20190806-2,KSOX20190806_142502_V06,6,3.516,1.200,1390,0,132.374,30,0,104.879
KSOX20190806-2,KSOX20190806_142502_V06,7,4.482,1.200,1392,0,97.731,58,0,88.357
KSOX20190806-2,KSOX20190806_143446_V06,0,0.483,1.200,7002,0,41660.008,300,0,25106.829
KSOX20190806-2,KSOX20190806_143446_V06,2,1.494,1.200,7006,0,5198.772,386,0,3604.603
KSOX20190806-2,KSOX20190806_143446_V06,4,2.505,1.200,7007,0,1352.610,316,0,1091.314
KSOX20190806-2,KSOX20190806_143446_V06,6,3.516,1.200,3512,0,391.859,72,0,291.954
KSOX20190806-2,KSOX20190806_143446_V06,7,4.482,1.200,3512,0,282.339,77,0,218.226
KSOX20190806-1,KSOX20190806_140534_V06,0,0.483,1.200,4540,0,2970.909,119,0,2861.175
KSOX20190806-1,KSOX20190806_140534_V06,2,1.494,1.200,4535,0,1348.867,320,0,1138.257
KSOX20190806-1,KSOX20190806_140534_V06,4,2.505,1.200,4540,0,330.424,576,0,279.080
KSOX20190806-1,KSOX20190806_140534_V06,6,3.516,1.200,2274,0,81.987,211,0,72.487
KSOX20190806-1,KSOX20190806_140534_V06,7,4.482,1.200,2279,0,50.064,70,0,27.842
KSOX20190807-3,KSOX20190807_122605_V06,0,0.483,1.200,50,0,3322.197,18,0,366.954
KSOX20190807-3,KSOX20190807_122605_V06,2,1.494,1.200,51,0,2151.127,26,0,4.344
KSOX20190807-4,KSOX20190807_124616_V06,0,0.483,1.200,3143,0,15082.175,19,0,15026.612
KSOX20190807-4,KSOX20190807_124616_V06,2,1.494,1.200,3148,0,80.096,7,0,77.628
KSOX20190807-4,KSOX20190807_124616_V06,4,2.505,1.200,1575,0,58.739,1,0,56.699
KSOX20190807-4,KSOX20190807_124616_V06,5,3.516,1.200,1579,0,18.184,0,0,18.184
KSOX20190808-1,KSOX20190808_133831_V06,0,0.483,1.200,634,1,120355.808,9,1,120074.149
KSOX20190808-1,KSOX20190808_133831_V06,2,1.494,1.200,636,0,401.918,7,0,392.180
KSOX20190808-1,KSOX20190808_133831_V06,4,2.505,1.200,324,0,13.322,0,0,13.322
KSOX20190808-1,KSOX20190808_133831_V06,5,3.516,1.200,324,0,41.571,0,0,41.571
KSOX20190814-1,KSOX20190814_121750_V06,0,0.483,1.200,61,0,4296.845,3,0,4113.803
KSOX20190814-1,KSOX20190814_121750_V06,2,1.494,1.200,61,0,14.323,1,0,3.201
KSOX20190814-1,KSOX20190814_121750_V06,4,2.505,1.200,36,0,0.078,0,0,0.078
KSOX20190814-1,KSOX20190814_121750_V06,5,3.516,1.200,35,0,4.807,0,0,4.807
KSOX20190814-2,KSOX20190814_131605_V06,0,0.483,1.200,9579,0,513352.086,435,0,503924.035
KSOX20190814-2,KSOX20190814_131605_V06,2,1.494,1.200,9582,0,24460.837,474,0,23405.934
KSOX20190814-2,KSOX20190814_131605_V06,4,2.505,1.200,4797,0,436.705,21,0,347.061
KSOX20190814-2,KSOX20190814_131605_V06,5,3.516,1.200,4804,0,327.949,27,0,201.990
KSOX20190816-1,KSOX20190816_131427_V06,0,0.483,1.200,259,0,21542.186,90,0,14348.878
KSOX20190816-1,KSOX20190816_131427_V06,2,1.494,1.200,259,0,30.489,4,0,23.236
KSOX20190816-1,KSOX20190816_131427_V06,4,2.505,1.200,130,0,31.041,0,0,31.041
KSOX20190819-1,KSOX20190819_122235_V06,0,0.483,1.200,76,0,1883.482,26,0,1059.497
KSOX20190819-1,KSOX20190819_122235_V06,2,1.494,1.200,75,0,190.486,10,0,136.832
KSOX20190819-1,KSOX20190819_122235_V06,4,2.505,1.200,39,0,27.149,2,0,20.037
KSOX20190819-1,KSOX20190819_122235_V06,5,3.516,1.200,40,0,0.060,0,0,0.060
KSOX20190819-1,KSOX20190819_122235_V06,6,4.482,1.200,39,0,0.058,0,0,0.058
KSOX20190820-1,KSOX20190820_131205_V06,0,0.483,1.200,10099,0,94227.497,0,0,94227.497
KSOX20190821-1,KSOX20190821_140121_V06,0,0.483,1.200,1355,0,64130.672,0,0,64130.672
KSOX20190822-1,KSOX20190822_132236_V06,0,0.483,1.200,8091,0,66165.182,556,0,51616.311
KSOX20190822-1,KSOX20190822_132236_V06,2,1.494,1.200,8093,0,1269.190,35,0,1130.477
KSOX20190825-1,KSOX20190825_133138_V06,0,0.483,1.200,1184,0,11510.624,162,0,8338.539
KSOX20190825-1,KSOX20190825_133138_V06,2,1.494,1.200,1184,0,202.921,36,0,163.704
KSOX20190825-1,KSOX20190825_133138_V06,4,2.505,1.200,596,0,79.026,3,0,66.243
KSOX20190825-1,KSOX20190825_133138_V06,5,3.516,1.200,595,0,106.382,6,0,93.932
KSOX20190825-1,KSOX20190825_133138_V06,6,4.482,1.200,593,0,66.531,4,0,41.638
KSOX20190827-1,KSOX20190827_131132_V06,0,0.483,1.200,46544,7,601693.165,2986,5,556067.875
KSOX20190827-1,KSOX20190827_131132_V06,2,1.494,1.200,46577,0,110798.883,4485,0,86946.070
KSOX20190827-1,KSOX20190827_131132_V06,4,2.505,1.200,23308,0,3660.423,430,0,2404.369
KSOX20190827-1,KSOX20190827_131132_V06,5,3.516,1.200,23330,0,892.197,79,0,424.132
KSOX20190828-1,KSOX20190828_134115_V06,0,0.483,1.200,2302,0,12410.815,266,0,9329.161
KSOX20190828-1,KSOX20190828_134115_V06,2,1.494,1.200,2301,0,59.993,7,0,41.623
KSOX20190829-1,KSOX20190829_133144_V06,0,0.483,1.200,2630,0,18238.363,308,0,11062.032
KSOX20190829-1,KSOX20190829_133144_V06,2,1.494,1.200,2633,0,130.943,13,0,94.768
KSOX20190829-1,KSOX20190829_133144_V06,4,2.505,1.200,1317,0,333.963,2,0,213.156
KSOX20190829-1,KSOX20190829_134125_V06,0,0.483,1.200,8381,0,38105.873,670,0,28675.840
KSOX20190829-1,KSOX20190829_134125_V06,2,1.494,1.200,8393,0,1468.545,123,0,1061.750
KSOX20190829-1,KSOX20190829_134125_V06,4,2.505,1.200,4203,0,214.935,4,0,137.381
KSOX20190829-1,KSOX20190829_140048_V06,0,0.483,1.200,11795,0,41901.808,668,0,34557.707
KSOX20190829-1,KSOX20190829_140048_V06,2,1.494,1.200,11798,0,3231.272,277,0,2300.927
KSOX20190829-1,KSOX20190829_140048_V06,4,2.505,1.200,5908,0,270.681,5,0,221.517
KSOX20190829-1,KSOX20190829_141028_V06,0,0.483,1.200,11550,0,41679.203,892,0,32235.405
KSOX20190829-1,KSOX20190829_141028_V06,2,1.494,1.200,11556,0,5930.455,461,0,4523.827
KSOX20190829-1,KSOX20190829_141028_V06,4,2.505,1.200,5788,0,244.404,8,0,202.324
KSOX20190831-1,KSOX20190831_131320_V06,0,0.483,1.200,234,0,93501.486,3,0,86854.368
KSOX20190831-2,KSOX20190831_131320_V06,0,0.483,1.200,7439,0,51890.657,160,0,48694.658
KSOX20190831-2,KSOX20190831_131320_V06,2,1.494,1.200,7444,0,1596.985,50,0,1134.684
KSOX20190903-1,KSOX20190903_133548_V06,0,0.483,1.200,2373,0,47340.663,105,0,41465.791
KSOX20190903-2,KSOX20190903_140450_V06,0,0.483,1.200,4398,0,45290.098,647,0,36279.038
KSOX20190903-2,KSOX20190903_140450_V06,2,1.494,1.200,4407,0,1509.408,136,0,1124.386
KSOX20190903-2,KSOX20190903_140450_V06,4,2.505,1.200,2197,0,130.321,5,0,87.151
KSOX20190904-1,KSOX20190904_133759_V06,0,0.483,1.200,4604,0,117207.670,327,0,100590.920
KSOX20190904-1,KSOX20190904_133759_V06,2,1.494,1.200,4603,0,366.384,25,0,254.126
KSOX20190904-1,KSOX20190904_133759_V06,4,2.505,1.200,2305,0,131.849,2,0,116.572
KSOX20190904-1,KSOX20190904_134739_V06,0,0.483,1.200,7759,0,192570.611,420,0,179343.802
KSOX20190904-1,KSOX20190904_134739_V06,2,1.494,1.200,7762,0,1457.381,61,0,1043.333
KSOX20190904-1,KSOX20190904_134739_V06,4,2.505,1.200,3887,0,249.858,8,0,150.326
KSOX20190908-1,KSOX20190908_124609_V06,0,0.483,1.200,5015,0,70488.413,26,0,69827.846
KSOX20190908-1,KSOX20190908_124609_V06,2,1.494,1.200,5016,0,18.711,0,0,18.711
KSOX20190908-2,KSOX20190908_133440_V06,0,0.483,1.200,16500,0,285107.101,222,0,281773.224
KSOX20190908-3,KSOX20190908_134423_V06,0,0.483,1.200,10698,0,75046.805,427,0,58742.696
KSOX20190908-3,KSOX20190908_134423_V06,2,1.494,1.200,10705,0,1792.430,32,0,1242.496
KSOX20190909-1,KSOX20190909_134602_V06,0,0.483,1.200,2694,0,65270.082,216,0,59359.363
KSOX20190909-1,KSOX20190909_134602_V06,2,1.494,1.200,2698,0,1973.793,84,0,1639.697
KSOX20190909-1,KSOX20190909_134602_V06,4,2.505,1.200,1350,0,114.155,2,0,99.073
KSOX20190909-1,KSOX20190909_140527_V06,0,0.483,1.200,6795,0,78607.982,789,0,65756.352
KSOX20190909-1,KSOX20190909_140527_V06,2,1.494,1.200,6799,0,6864.996,403,0,4600.002
KSOX20190909-1,KSOX20190909_140527_V06,4,2.505,1.200,3399,0,285.571,9,0,221.918
KSOX20190909-2,KSOX20190909_141510_V06,0,0.483,1.200,36877,1,1163649.558,3973,1,965452.459
KSOX20190909-2,KSOX20190909_141510_V06,2,1.494,1.200,36911,0,30430.773,1081,0,21869.151
KSOX20190910-1,KSOX20190910_133848_V06,0,0.483,1.200,6760,0,56737.307,479,0,38715.086
KSOX20190910-1,KSOX20190910_133848_V06,2,1.494,1.200,6765,0,263.774,17,0,200.864
KSOX20190911-1,KSOX20190911_143127_V06,0,0.483,1.200,44606,0,7191.567,7809,0,5549.756
KSOX20190911-1,KSOX20190911_143127_V06,2,1.494,1.200,44623,0,15264.965,8413,0,8922.179
KSOX20190911-1,KSOX20190911_143127_V06,4,2.505,1.200,22334,0,5664.377,2835,0,2908.158
KSOX20190911-1,KSOX20190911_143127_V06,5,3.516,1.200,22360,0,3303.937,2404,0,1540.665
KSOX20190911-1,KSOX20190911_143127_V06,6,4.482,1.200,22384,0,1707.027,2279,0,671.266
KSOX20190911-1,KSOX20190911_144111_V06,0,0.483,1.200,63390,0,16413.015,9240,0,13352.116
KSOX20190911-1,KSOX20190911_144111_V06,2,1.494,1.200,63412,0,24700.839,9970,0,15054.113
KSOX20190911-1,KSOX20190911_144111_V06,4,2.505,1.200,31741,0,9274.169,3767,0,4812.065
KSOX20190911-1,KSOX20190911_144111_V06,5,3.516,1.200,31768,0,5575.570,3259,0,2126.584
KSOX20190911-1,KSOX20190911_144111_V06,6,4.482,1.200,31822,0,2154.558,2813,0,1012.706
KSOX20190915-1,KSOX20190915_134209_V06,0,0.483,1.200,2622,0,21513.819,486,0,12947.228
KSOX20190915-1,KSOX20190915_134209_V06,2,1.494,1.200,2624,0,450.074,24,0,304.887
KSOX20190915-1,KSOX20190915_134209_V06,4,2.505,1.200,1308,0,196.417,9,0,102.260
KSOX20190915-1,KSOX20190915_140134_V06,0,0.483,1.200,15018,0,48330.309,1204,0,36338.757
KSOX20190915-1,KSOX20190915_140134_V06,2,1.494,1.200,15034,0,1810.090,235,0,946.854
KSOX20190915-1,KSOX20190915_140134_V06,4,2.505,1.200,7528,0,252.657,8,0,192.277
KSOX20190915-1,KSOX20190915_141117_V06,0,0.483,1.200,13821,0,41542.457,1176,0,30066.622
KSOX20190915-1,KSOX20190915_141117_V06,2,1.494,1.200,13832,0,1904.079,242,0,1145.721
KSOX20190915-1,KSOX20190915_141117_V06,4,2.505,1.200,6925,0,206.008,4,0,190.479
KSOX20190915-1,KSOX20190915_142059_V06,0,0.483,1.200,13874,0,34070.842,1159,0,24405.810
KSOX20190915-1,KSOX20190915_142059_V06,2,1.494,1.200,13877,0,2379.457,303,0,1305.759
KSOX20190915-1,KSOX20190915_142059_V06,4,2.505,1.200,6944,0,344.962,11,0,170.842
KSOX20190915-2,KSOX20190915_134209_V06,0,0.483,1.200,17912,2,133591.922,1221,2,118937.897
KSOX20190915-2,KSOX20190915_134209_V06,2,1.494,1.200,17925,0,37871.812,1338,0,35368.179
KSOX20190915-2,KSOX20190915_134209_V06,4,2.505,1.200,8972,0,438.686,64,0,359.825
KSOX20190915-2,KSOX20190915_134209_V06,5,3.516,1.200,8979,0,251.977,48,0,176.755
KSOX20190915-2,KSOX20190915_134209_V06,6,4.482,1.200,8997,0,135.896,14,0,124.336
KSOX20190915-2,KSOX20190915_140134_V06,0,0.483,1.200,28555,0,228459.341,2684,0,205982.023
KSOX20190915-2,KSOX20190915_140134_V06,2,1.494,1.200,28570,0,33471.470,1942,0,27612.804
KSOX20190915-2,KSOX20190915_140134_V06,4,2.505,1.200,14300,0,1233.221,223,0,816.090
KSOX20190915-2,KSOX20190915_140134_V06,5,3.516,1.200,14305,0,566.175,238,0,348.919
KSOX20190915-2,KSOX20190915_140134_V06,6,4.482,1.200,14340,0,244.496,71,0,192.991
KSOX20190917-1,KSOX20190917_140314_V06,0,0.483,1.200,447,0,16070.269,2,0,15726.766
KSOX20190919-1,KSOX20190919_132306_V06,0,0.483,1.200,25533,0,193997.567,89,0,191711.666
KSOX20190921-1,KSOX20190921_140157_V06,0,0.483,1.200,5464,0,32527.845,890,0,15003.769
KSOX20190921-1,KSOX20190921_140157_V06,2,1.494,1.200,5469,0,4792.668,448,0,2936.611
KSOX20190921-1,KSOX20190921_140157_V06,4,2.505,1.200,2735,0,153.741,7,0,120.595
KSOX20190923-2,KSOX20190923_140144_V06,0,0.483,1.200,9832,0,64831.139,1275,0,39660.557
KSOX20190923-2,KSOX20190923_140144_V06,2,1.494,1.200,9836,0,8288.833,672,0,4961.366
KSOX20190923-2,KSOX20190923_140144_V06,4,2.505,1.200,4930,0,335.538,13,0,262.490
KSOX20190923-2,KSOX20190923_141325_V06,0,0.483,1.200,15071,0,67049.951,1678,0,39038.504
KSOX20190923-2,KSOX20190923_141325_V06,2,1.494,1.200,15079,0,24566.507,1335,0,15628.098
KSOX20190923-2,KSOX20190923_141325_V06,4,2.505,1.200,7553,0,720.807,41,0,532.457
KSOX20190923-1,KSOX20190923_124414_V06,0,0.483,1.200,71,0,780.550,11,0,602.760
KSOX20190923-1,KSOX20190923_124414_V06,2,1.494,1.200,70,0,27.533,0,0,27.533
KSOX20190923-1,KSOX20190923_124414_V06,4,2.505,1.200,35,0,9.542,2,0,0.049
KSOX20190923-1,KSOX20190923_124414_V06,5,3.516,1.200,32,0,0.047,0,0,0.047
KSOX20190923-1,KSOX20190923_124414_V06,6,4.482,1.200,32,0,0.047,0,0,0.047
KSOX20190923-5,KSOX20190923_144229_V06,0,0.483,1.200,15190,0,27012.901,1523,0,17234.530
KSOX20190923-5,KSOX20190923_144229_V06,2,1.494,1.200,15204,0,19184.223,1815,0,12315.278
KSOX20190923-5,KSOX20190923_144229_V06,4,2.505,1.200,7612,0,1568.772,136,0,1055.038
KSOX20190926-6,KSOX20190926_134131_V06,0,0.483,1.200,22133,12,998242.435,5216,11,619816.475
KSOX20190926-6,KSOX20190926_134131_V06,2,0.879,1.200,22136,6,1348833.004,9359,6,598655.231
KSOX20190926-6,KSOX20190926_134131_V06,4,1.318,1.200,22146,0,2327717.773,11859,0,539120.505
KSOX20190926-6,KSOX20190926_134131_V06,6,1.802,1.200,11077,0,3255958.914,6528,0,331510.284
KSOX20190926-6,KSOX20190926_134131_V06,7,2.417,1.200,11087,0,1882253.337,6865,0,185708.271
KSOX20190926-6,KSOX20190926_134131_V06,8,3.120,1.200,11093,3,1433055.372,5649,0,164804.127
KSOX20190926-6,KSOX20190926_134522_V06,0,0.483,1.200,28540,31,1044351.495,6590,27,691250.871
KSOX20190926-6,KSOX20190926_134522_V06,2,0.879,1.200,28541,9,1213228.565,10439,7,581270.762
KSOX20190926-6,KSOX20190926_134522_V06,4,1.318,1.200,28539,4,2247334.585,13548,1,651227.082
KSOX20190926-6,KSOX20190926_134522_V06,6,1.802,1.200,14279,4,3812066.261,7622,0,328459.458
KSOX20190926-6,KSOX20190926_134522_V06,7,2.417,1.200,14291,0,1607017.288,8253,0,130386.452
KSOX20190926-6,KSOX20190926_134522_V06,8,3.120,1.200,14304,0,921009.861,6594,0,133697.289
KSOX20190926-6,KSOX20190926_134914_V06,0,0.483,1.200,34392,24,989219.010,6954,21,670376.548
KSOX20190926-6,KSOX20190926_134914_V06,2,0.879,1.200,34405,14,1237405.869,11122,11,623381.506
KSOX20190926-6,KSOX20190926_134914_V06,4,1.318,1.200,34411,1,1970972.982,14345,0,663885.944
KSOX20190926-6,KSOX20190926_134914_V06,6,1.802,1.200,17209,3,2707365.320,8010,0,295839.613
KSOX20190926-6,KSOX20190926_134914_V06,7,2.417,1.200,17227,0,1153854.831,8827,0,84063.323
KSOX20190926-6,KSOX20190926_134914_V06,8,3.120,1.200,17237,0,477991.612,7264,0,66463.788
KSOX20190926-5,KSOX20190926_133349_V06,0,0.483,1.200,6101,4,664985.297,1851,1,370928.000
KSOX20190926-5,KSOX20190926_133349_V06,2,0.879,1.200,6104,3,894520.335,3300,0,355444.979
KSOX20190926-5,KSOX20190926_133349_V06,4,1.318,1.200,6110,0,1112324.607,4507,0,230971.142
KSOX20190926-5,KSOX20190926_133349_V06,6,1.802,1.200,3055,0,2300884.884,2401,0,271742.546
KSOX20190926-5,KSOX20190926_133349_V06,7,2.417,1.200,3055,3,2488393.801,2341,0,224712.139
KSOX20190926-5,KSOX20190926_133349_V06,8,3.120,1.200,3060,2,1060731.598,2391,0,29737.190
KSOX20190926-5,KSOX20190926_133349_V06,9,3.999,1.200,3063,0,137546.022,1382,0,4948.037
KSOX20190926-5,KSOX20190926_133740_V06,0,0.483,1.200,9196,10,900098.359,3002,6,527519.264
KSOX20190926-5,KSOX20190926_133740_V06,2,0.879,1.200,9191,8,1260627.889,4914,6,524737.322
KSOX20190926-5,KSOX20190926_133740_V06,4,1.318,1.200,9191,0,1648345.896,6411,0,439813.389
KSOX20190926-5,KSOX20190926_133740_V06,6,1.802,1.200,4594,1,2442651.667,3441,0,304931.996
KSOX20190926-5,KSOX20190926_133740_V06,7,2.417,1.200,4601,0,1923150.291,3348,0,216844.543
KSOX20190926-5,KSOX20190926_133740_V06,8,3.120,1.200,4605,7,1398893.313,3355,0,74011.156
KSOX20190926-5,KSOX20190926_133740_V06,9,3.999,1.200,4611,0,199652.929,1995,0,6070.404
KSOX20190926-5,KSOX20190926_134131_V06,0,0.483,1.200,13107,11,945595.064,4028,10,572975.535
KSOX20190926-5,KSOX20190926_134131_V06,2,0.879,1.200,13113,6,1212294.297,6579,6,554121.318
KSOX20190926-5,KSOX20190926_134131_V06,4,1.318,1.200,13123,0,1746238.682,8281,0,492119.391
KSOX20190926-5,KSOX20190926_134131_V06,6,1.802,1.200,6557,0,2794630.365,4624,0,312985.948
KSOX20190926-5,KSOX20190926_134131_V06,7,2.417,1.200,6561,0,1729954.688,4552,0,175245.710
KSOX20190926-5,KSOX20190926_134131_V06,8,3.120,1.200,6570,4,1281759.592,4474,0,134315.145
KSOX20190926-5,KSOX20190926_134131_V06,9,3.999,1.200,6576,0,355295.725,2544,0,9743.652
KSOX20190926-5,KSOX20190926_134522_V06,0,0.483,1.200,17813,28,994575.587,5326,24,653591.068
KSOX20190926-5,KSOX20190926_134522_V06,2,0.879,1.200,17811,9,1138169.401,8045,7,563175.855
KSOX20190926-5,KSOX20190926_134522_V06,4,1.318,1.200,17811,4,1956003.296,10292,1,619853.487
KSOX20190926-5,KSOX20190926_134522_V06,6,1.802,1.200,8917,4,3515066.106,5858,0,304116.346
KSOX20190926-5,KSOX20190926_134522_V06,7,2.417,1.200,8919,0,1488560.254,5858,0,124032.466
KSOX20190926-5,KSOX20190926_134522_V06,8,3.120,1.200,8921,0,900541.071,5401,0,122925.561
KSOX20190926-5,KSOX20190926_134522_V06,9,3.999,1.200,8933,2,770409.371,3114,0,55075.874
KSOX20190926-5,KSOX20190926_134914_V06,0,0.483,1.200,23387,24,969067.775,6144,21,658084.130
KSOX20190926-5,KSOX20190926_134914_V06,2,0.879,1.200,23398,14,1208816.310,9755,11,611246.198
KSOX20190926-5,KSOX20190926_134914_V06,4,1.318,1.200,23393,1,1919662.057,12489,0,650591.926
KSOX20190926-5,KSOX20190926_134914_V06,6,1.802,1.200,11703,3,2698690.683,7025,0,290491.593
KSOX20190926-5,KSOX20190926_134914_V06,7,2.417,1.200,11711,0,1244960.801,7250,0,87688.965
KSOX20190926-5,KSOX20190926_134914_V06,8,3.120,1.200,11726,0,593099.796,6580,0,66832.901
KSOX20190926-5,KSOX20190926_134914_V06,9,3.999,1.200,11737,1,802181.259,3867,0,90912.158
KSOX20190926-5,KSOX20190926_135306_V06,0,0.483,1.200,27667,20,963406.018,6091,19,786609.939
KSOX20190926-5,KSOX20190926_135306_V06,2,0.879,1.200,27664,30,1111534.331,9274,23,702966.366
KSOX20190926-5,KSOX20190926_135306_V06,4,1.318,1.200,27679,1,1307148.296,12359,0,484690.040
KSOX20190926-5,KSOX20190926_135306_V06,6,1.802,1.200,13847,0,1544220.022,6915,0,191266.343
KSOX20190926-5,KSOX20190926_135306_V06,7,2.417,1.200,13855,0,880138.880,7659,0,66678.018
KSOX20190926-5,KSOX20190926_135306_V06,8,3.120,1.200,13866,0,336050.185,6782,0,41671.386
KSOX20190926-5,KSOX20190926_135306_V06,9,3.999,1.200,13877,0,249488.753,3929,0,54863.650
KSOX20190926-4,KSOX20190926_132959_V06,0,0.483,1.200,15427,3,359324.969,3636,1,201021.171
KSOX20190926-4,KSOX20190926_132959_V06,2,0.879,1.200,15439,3,1347473.620,6133,2,335389.523
KSOX20190926-4,KSOX20190926_132959_V06,4,1.318,1.200,15435,0,3126341.181,7897,0,454292.815
KSOX20190926-4,KSOX20190926_132959_V06,6,1.802,1.200,7718,0,2470138.529,3993,0,263225.274
KSOX20190926-4,KSOX20190926_132959_V06,7,2.417,1.200,7723,0,679478.311,3623,0,66012.508
KSOX20190926-4,KSOX20190926_133349_V06,0,0.483,1.200,18534,4,335640.430,3522,1,207442.897
KSOX20190926-4,KSOX20190926_133349_V06,2,0.879,1.200,18532,3,1051556.858,6504,0,310455.307
KSOX20190926-4,KSOX20190926_133349_V06,4,1.318,1.200,18543,0,2720535.071,8978,0,417037.523
KSOX20190926-4,KSOX20190926_133349_V06,6,1.802,1.200,9269,0,2820008.479,4567,0,263389.544
KSOX20190926-4,KSOX20190926_133349_V06,7,2.417,1.200,9281,0,806286.624,4117,0,98051.772
KSOX20190926-17,KSOX20190926_143715_V06,0,0.483,1.200,6160,0,11779.011,99,0,1276.735
KSOX20190926-17,KSOX20190926_143715_V06,2,0.879,1.200,6169,0,32033.025,336,0,3163.622
KSOX20190926-17,KSOX20190926_144053_V06,0,0.483,1.200,8021,0,18462.376,136,0,2446.188
KSOX20190926-17,KSOX20190926_144053_V06,2,0.879,1.200,8021,0,41165.280,439,0,4700.328
KSOX20190926-3,KSOX20190926_132606_V06,0,0.483,1.200,18562,5,373907.634,4562,2,119268.663
KSOX20190926-3,KSOX20190926_132606_V06,2,0.879,1.200,18564,3,1648664.030,7506,2,249526.155
KSOX20190926-3,KSOX20190926_132606_V06,4,1.318,1.200,18574,0,3316719.619,9247,0,462162.264
KSOX20190926-3,KSOX20190926_132606_V06,6,1.802,1.200,9284,0,2523151.364,4504,0,344630.470
KSOX20190926-10,KSOX20190926_140427_V06,0,0.483,1.200,8311,0,293841.757,1335,0,183169.157
KSOX20190926-10,KSOX20190926_140427_V06,2,0.879,1.200,8303,0,54483.951,275,0,23446.948
KSOX20190927-1,KSOX20190927_140423_V06,0,0.483,1.200,9393,0,77732.989,427,0,65918.932
KSOX20190927-2,KSOX20190927_143326_V06,0,0.483,1.200,2380,0,11164.077,55,0,8713.064
KSOX20191003-1,KSOX20191003_124653_V06,0,0.483,1.200,96,0,1992.911,22,0,1093.242
KSOX20191003-1,KSOX20191003_124653_V06,2,1.494,1.200,95,0,3.624,0,0,3.624
KSOX20191003-1,KSOX20191003_124653_V06,4,2.505,1.200,47,0,0.070,0,0,0.070
KSOX20191003-1,KSOX20191003_124653_V06,5,3.516,1.200,48,0,0.072,0,0,0.072
KSOX20191003-1,KSOX20191003_124653_V06,6,4.482,1.200,50,0,200.405,5,0,115.090
KSOX20191004-1,KSOX20191004_150120_V06,0,0.483,1.200,36756,0,254651.104,3864,0,150631.428
KSOX20191004-1,KSOX20191004_150120_V06,2,1.494,1.200,36794,0,28434.295,1638,0,20572.332
KSOX20191004-1,KSOX20191004_150120_V06,4,2.505,1.200,18422,0,4537.481,252,0,2879.658
KSOX20191009-4,KSOX20191009_150112_V06,0,0.483,1.200,8806,0,3839.284,50,0,2807.274
KSOX20191009-4,KSOX20191009_151054_V06,0,0.483,1.200,13025,0,32269.429,272,0,21289.740
KSOX20191009-1,KSOX20191009_140301_V06,0,0.483,1.200,10117,0,154823.095,1524,0,118602.439
KSOX20191009-1,KSOX20191009_140301_V06,2,1.494,1.200,10124,0,729.677,64,0,455.743
KSOX20191009-2,KSOX20191009_140301_V06,0,0.483,1.200,838,0,6376.824,210,0,3970.589
KSOX20191009-2,KSOX20191009_140301_V06,2,1.494,1.200,839,0,26.113,1,0,21.519
KSOX20191009-2,KSOX20191009_140301_V06,4,2.505,1.200,421,0,1.504,0,0,1.504
KSOX20191009-3,KSOX20191009_141244_V06,0,0.483,1.200,24482,0,200092.812,3321,0,157682.795
KSOX20191009-3,KSOX20191009_141244_V06,2,1.494,1.200,24497,0,7928.091,515,0,4426.941
KSOX20191010-1,KSOX20191010_144320_V06,0,0.483,1.200,10075,33,688381.357,506,29,670940.402
KSOX20191010-1,KSOX20191010_144320_V06,2,1.494,1.200,10088,0,5222.608,565,0,3734.109
KSOX20191010-1,KSOX20191010_144320_V06,4,2.505,1.200,5051,0,1122.581,104,0,787.877
KSOX20191010-1,KSOX20191010_144320_V06,5,3.516,1.200,5058,0,334.000,26,0,222.669
KSOX20191015-1,KSOX20191015_131331_V06,0,0.483,1.200,4940,0,353.022,1212,0,106.176
KSOX20191015-1,KSOX20191015_131331_V06,2,1.494,1.200,4942,0,89.536,1881,0,42.014
KSOX20191015-1,KSOX20191015_131331_V06,4,2.505,1.200,2469,0,38.379,874,0,20.870
KSOX20191015-1,KSOX20191015_131331_V06,5,3.516,1.200,2473,0,46.815,492,0,18.641
KSOX20191015-1,KSOX20191015_131331_V06,6,4.482,1.200,2479,0,15.865,409,0,10.739
KSOX20191017-1,KSOX20191017_141750_V06,0,0.483,1.200,10734,0,16542.187,1280,0,9589.419
KSOX20191017-1,KSOX20191017_141750_V06,2,1.494,1.200,10732,0,11498.525,1061,0,7831.184
KSOX20191017-1,KSOX20191017_141750_V06,4,2.505,1.200,5377,0,6256.080,124,0,467.846
KSOX20191019-3,KSOX20191019_140036_V06,0,0.483,1.200,2712,0,81208.350,2,0,81170.400
KSOX20191019-3,KSOX20191019_141018_V06,0,0.483,1.200,6186,0,7666.939,0,0,7666.939
KSOX20191019-3,KSOX20191019_142001_V06,0,0.483,1.200,5763,0,47144.719,2,0,47099.974
KSOX20191019-3,KSOX20191019_142944_V06,0,0.483,1.200,5641,0,36218.601,3,0,36170.418
KSOX20191019-1,KSOX20191019_133131_V06,0,0.483,1.200,317,0,4439.517,0,0,4439.517
KSOX20191019-1,KSOX20191019_134113_V06,0,0.483,1.200,3824,0,11086.323,3,0,11003.088
KSOX20191019-2,KSOX20191019_134113_V06,0,0.483,1.200,935,0,1036.803,63,0,728.418
KSOX20191019-2,KSOX20191019_134113_V06,2,1.494,1.200,938,0,669.749,45,0,293.298
KSOX20191019-2,KSOX20191019_134113_V06,4,2.505,1.200,471,0,27.030,0,0,27.030
KSOX20191019-2,KSOX20191019_134113_V06,5,3.516,1.200,472,0,31.587,5,0,25.637
KSOX20191019-2,KSOX20191019_134113_V06,6,4.482,1.200,475,0,21.088,4,0,17.920
KSOX20191019-5,KSOX20191019_140036_V06,0,0.483,1.200,2267,0,22232.215,3,0,21323.774
KSOX20191019-5,KSOX20191019_140036_V06,2,1.494,1.200,2271,0,75.155,5,0,26.008
KSOX20191019-6,KSOX20191019_151814_V06,0,0.483,1.200,4488,0,35239.074,3,0,35189.002
KSOX20191025-3,KSOX20191025_132624_V06,0,0.483,1.200,11271,15,677546.680,318,15,675891.630
KSOX20191025-3,KSOX20191025_132624_V06,2,1.494,1.200,11280,0,2402.636,276,0,1673.842
KSOX20191025-3,KSOX20191025_132624_V06,4,2.505,1.200,5651,0,463.342,40,0,294.889
KSOX20191025-3,KSOX20191025_132624_V06,5,3.516,1.200,5652,0,242.358,18,0,203.882
KSOX20191025-3,KSOX20191025_133605_V06,0,0.483,1.200,16491,22,706745.575,353,21,704323.276
KSOX20191025-3,KSOX20191025_133605_V06,2,1.494,1.200,16493,0,2420.687,340,0,1817.392
KSOX20191025-3,KSOX20191025_133605_V06,4,2.505,1.200,8255,0,736.628,44,0,672.465
KSOX20191025-3,KSOX20191025_133605_V06,5,3.516,1.200,8260,0,384.215,22,0,344.625
KSOX20191025-1,KSOX20191025_131644_V06,0,0.483,1.200,363,0,55.707,88,0,36.879
KSOX20191025-1,KSOX20191025_131644_V06,2,1.494,1.200,363,0,11.008,17,0,6.361
KSOX20191025-1,KSOX20191025_131644_V06,4,2.505,1.200,177,0,4.151,1,0,3.464
KSOX20191025-1,KSOX20191025_131644_V06,5,3.516,1.200,177,0,3.565,1,0,3.259
KSOX20191025-1,KSOX20191025_131644_V06,6,4.482,1.200,175,0,2.739,0,0,2.739
KSOX20191027-2,KSOX20191027_133250_V06,0,0.483,1.200,4219,0,12558.349,0,0,12558.349
KSOX20191027-2,KSOX20191027_134231_V06,0,0.483,1.200,6917,0,216601.973,2,0,216529.734
KSOX20191027-1,KSOX20191027_131128_V06,0,0.483,1.200,98,0,20675.666,9,0,12846.151
KSOX20191027-1,KSOX20191027_131128_V06,2,1.494,1.200,97,0,129.803,0,0,129.803
KSOX20191027-1,KSOX20191027_131128_V06,4,2.505,1.200,49,0,0.107,0,0,0.107
KSOX20191027-1,KSOX20191027_131128_V06,5,3.516,1.200,49,0,4.072,2,0,0.103
KSOX20191028-1,KSOX20191028_131130_V06,0,0.483,1.200,73,0,568.769,20,0,409.812
KSOX20191028-1,KSOX20191028_131130_V06,2,1.494,1.200,72,0,0.054,0,0,0.054
KSOX20191028-1,KSOX20191028_131130_V06,4,2.505,1.200,37,0,0.056,0,0,0.056
KSOX20191028-1,KSOX20191028_131130_V06,5,3.516,1.200,37,0,0.868,0,0,0.868
KSOX20191028-1,KSOX20191028_131130_V06,6,4.482,1.200,35,0,24.002,5,0,1.399
KSOX20191030-1,KSOX20191030_131406_V06,0,0.483,1.200,107,0,13065.681,5,0,11404.213
KSOX20191030-1,KSOX20191030_131406_V06,2,1.494,1.200,105,0,1160.211,4,0,1129.512
KSOX20191030-1,KSOX20191030_131406_V06,4,2.505,1.200,55,0,4.407,0,0,4.407
KSOX20191030-1,KSOX20191030_131406_V06,5,3.516,1.200,56,0,0.121,0,0,0.121
KSOX20191030-3,KSOX20191030_144324_V06,0,0.483,1.200,8211,32,974054.546,211,30,973043.769
KSOX20191030-3,KSOX20191030_144324_V06,2,1.494,1.200,8208,0,2088.633,186,0,1737.778
KSOX20191030-3,KSOX20191030_144324_V06,4,2.505,1.200,4115,0,311.272,29,0,231.418
KSOX20191030-3,KSOX20191030_144324_V06,5,3.516,1.200,4116,0,149.329,10,0,136.483
KSOX20191102-3,KSOX20191102_131250_V06,0,0.483,1.200,78,0,7753.631,21,0,3571.215
KSOX20191102-3,KSOX20191102_131250_V06,2,1.494,1.200,77,0,5885.661,10,0,3628.863
KSOX20191102-3,KSOX20191102_131250_V06,4,2.505,1.200,39,0,20.273,1,0,18.528
KSOX20191102-3,KSOX20191102_131250_V06,5,3.516,1.200,40,0,0.051,0,0,0.051
KSOX20191102-3,KSOX20191102_131250_V06,6,4.482,1.200,39,0,36.440,11,0,6.674
KSOX20191106-1,KSOX20191106_132932_V06,0,0.483,1.200,111,0,9938.210,1,0,9934.605
KSOX20191106-1,KSOX20191106_132932_V06,2,1.494,1.200,110,0,479.384,7,0,294.728
KSOX20191106-1,KSOX20191106_132932_V06,4,2.505,1.200,55,0,38.584,3,0,8.404
KSOX20191106-1,KSOX20191106_132932_V06,5,3.516,1.200,54,0,2.410,0,0,2.410
KSOX20191107-1,KSOX20191107_132047_V06,0,0.483,1.200,103,0,25781.730,23,0,11141.764
KSOX20191107-1,KSOX20191107_132047_V06,2,1.494,1.200,102,0,1707.108,14,0,933.473
KSOX20191107-1,KSOX20191107_132047_V06,4,2.505,1.200,54,0,119.751,5,0,40.334
KSOX20191107-1,KSOX20191107_132047_V06,5,3.516,1.200,52,0,0.067,0,0,0.067
KSOX20191107-1,KSOX20191107_132047_V06,6,4.482,1.200,53,0,25.064,5,0,10.541
KSOX20191112-1,KSOX20191112_132709_V06,0,0.483,1.200,297,0,20919.780,36,0,11698.625
KSOX20191112-1,KSOX20191112_132709_V06,2,1.494,1.200,297,0,3892.655,37,0,2212.947
KSOX20191112-1,KSOX20191112_132709_V06,4,2.505,1.200,148,0,177.344,10,0,148.526
KSOX20191112-1,KSOX20191112_132709_V06,5,3.516,1.200,149,0,29.182,11,0,2.955
KSOX20191112-1,KSOX20191112_132709_V06,6,4.482,1.200,148,0,17.597,6,0,9.349
KSOX20191113-1,KSOX20191113_132734_V06,0,0.483,1.200,96,0,9701.681,4,0,8744.289
KSOX20191113-1,KSOX20191113_132734_V06,2,1.494,1.200,93,0,338.640,4,0,291.157
KSOX20191113-1,KSOX20191113_132734_V06,4,2.505,1.200,49,0,46.224,0,0,46.224
KSOX20191113-1,KSOX20191113_132734_V06,5,3.516,1.200,50,0,3.973,0,0,3.973
KSOX20191117-1,KSOX20191117_142149_V06,0,0.483,1.200,26146,0,970.209,3599,0,763.796
KSOX20191117-1,KSOX20191117_142149_V06,2,1.494,1.200,26156,0,1285.096,3408,0,1026.193
KSOX20191117-1,KSOX20191117_142149_V06,4,2.505,1.200,13080,0,1219.742,1689,0,971.097
KSOX20191117-1,KSOX20191117_142149_V06,5,3.516,1.200,13092,0,745.628,2020,0,571.442
KSOX20191117-1,KSOX20191117_142149_V06,6,4.482,1.200,13113,0,449.542,2555,0,321.309
KSOX20191117-2,KSOX20191117_152942_V06,0,0.483,1.200,10972,0,2350.282,2196,0,1621.087
KSOX20191117-2,KSOX20191117_152942_V06,2,1.494,1.200,10979,0,2742.796,2101,0,1894.549
KSOX20191117-2,KSOX20191117_152942_V06,4,2.505,1.200,5492,0,596.119,394,0,510.817
KSOX20191117-2,KSOX20191117_152942_V06,5,3.516,1.200,5502,0,278.203,286,0,238.803
KSOX20191117-2,KSOX20191117_152942_V06,6,4.482,1.200,5505,0,134.988,170,0,120.795
KSOX20191119-1,KSOX20191119_142358_V06,0,0.483,1.200,27831,0,150.024,5950,0,82.816
KSOX20191119-1,KSOX20191119_142358_V06,2,1.494,1.200,27841,0,149.161,6250,0,81.787
KSOX20191119-1,KSOX20191119_142358_V06,4,2.505,1.200,13934,0,190.470,2607,0,122.484
KSOX20191119-1,KSOX20191119_142358_V06,5,3.516,1.200,13948,0,234.773,2501,0,176.817
KSOX20191119-1,KSOX20191119_142358_V06,6,4.482,1.200,13975,0,210.396,2542,0,152.418
KSOX20191120-9,KSOX20191120_152344_V06,0,0.483,1.200,5413,0,62590.908,1721,0,18010.670
KSOX20191120-9,KSOX20191120_152344_V06,2,0.879,1.200,5411,7,167340.087,1666,2,65610.852
KSOX20191120-9,KSOX20191120_152344_V06,4,1.318,1.200,5415,12,199726.876,1910,0,35239.592
KSOX20191120-9,KSOX20191120_152344_V06,6,1.802,1.200,2705,0,111576.627,1139,0,3916.578
KSOX20191120-9,KSOX20191120_152344_V06,7,2.417,1.200,2706,0,143379.426,1262,0,960.988
KSOX20191120-9,KSOX20191120_152344_V06,8,3.120,1.200,2706,0,80595.452,1256,0,594.371
KSOX20191120-9,KSOX20191120_152344_V06,9,3.999,1.200,2711,0,16535.894,945,0,483.104
KSOX20191120-9,KSOX20191120_152344_V06,10,5.098,1.200,2715,0,1427.177,379,0,149.483
KSOX20191120-9,KSOX20191120_152344_V06,11,6.416,1.200,2727,0,125.680,169,0,72.707
KSOX20191120-9,KSOX20191120_152344_V06,12,7.998,1.200,2731,0,78.195,175,0,58.065
KSOX20191120-9,KSOX20191120_152344_V06,13,10.020,1.200,2750,0,65.148,176,0,46.365
KSOX20191120-9,KSOX20191120_152729_V06,0,0.483,1.200,9993,0,103053.779,2337,0,31372.578
KSOX20191120-9,KSOX20191120_152729_V06,2,0.879,1.200,9992,5,310551.716,2395,0,122199.977
KSOX20191120-9,KSOX20191120_152729_V06,4,1.318,1.200,9992,37,550790.505,2859,3,106411.468
KSOX20191120-9,KSOX20191120_152729_V06,6,1.802,1.200,4997,1,396952.832,1478,0,8038.306
KSOX20191120-9,KSOX20191120_152729_V06,7,2.417,1.200,4996,0,178412.004,1669,0,1326.737
KSOX20191120-9,KSOX20191120_152729_V06,8,3.120,1.200,4999,0,51522.404,1735,0,666.578
KSOX20191120-9,KSOX20191120_152729_V06,9,3.999,1.200,5005,0,7273.370,1172,0,457.443
KSOX20191120-9,KSOX20191120_152729_V06,10,5.098,1.200,5017,0,638.817,479,0,223.782
KSOX20191120-9,KSOX20191120_152729_V06,11,6.416,1.200,5027,0,205.206,346,0,124.881
KSOX20191120-9,KSOX20191120_152729_V06,12,7.998,1.200,5053,0,148.023,448,0,89.734
KSOX20191120-9,KSOX20191120_152729_V06,13,10.020,1.200,5087,0,254.419,489,0,81.053
KSOX20191120-9,KSOX20191120_153101_V06,0,0.483,1.200,11207,17,594850.757,2576,8,274374.947
KSOX20191120-9,KSOX20191120_153101_V06,2,0.879,1.200,11207,117,910744.615,2741,41,473145.843
KSOX20191120-9,KSOX20191120_153101_V06,4,1.318,1.200,11207,137,864045.548,3303,23,207749.534
KSOX20191120-9,KSOX20191120_153101_V06,6,1.802,1.200,5607,11,460422.093,1665,0,15827.195
KSOX20191120-9,KSOX20191120_153101_V06,7,2.417,1.200,5608,0,150575.607,1802,0,2646.929
KSOX20191120-9,KSOX20191120_153101_V06,8,3.120,1.200,5614,0,34786.977,1789,0,1781.454
KSOX20191120-9,KSOX20191120_153101_V06,9,3.999,1.200,5623,0,2261.625,958,0,372.747
KSOX20191120-9,KSOX20191120_153101_V06,10,5.098,1.200,5626,0,805.689,557,0,169.311
KSOX20191120-9,KSOX20191120_153101_V06,11,6.416,1.200,5645,0,694.798,445,0,120.711
KSOX20191120-9,KSOX20191120_153101_V06,12,7.998,1.200,5666,0,936.643,587,0,121.610
KSOX20191120-9,KSOX20191120_153101_V06,13,10.020,1.200,5700,0,3257.825,936,0,152.470
KSOX20191120-9,KSOX20191120_153431_V06,0,0.483,1.200,13665,41,824914.994,3129,15,450034.659
KSOX20191120-9,KSOX20191120_153431_V06,2,0.879,1.200,13673,113,1136326.187,3226,46,528215.057
KSOX20191120-9,KSOX20191120_153431_V06,4,1.318,1.200,13667,91,816274.572,4012,32,163876.038
KSOX20191120-9,KSOX20191120_153431_V06,6,1.802,1.200,6836,5,384914.509,2044,0,25522.118
KSOX20191120-9,KSOX20191120_153431_V06,7,2.417,1.200,6839,1,133221.737,2084,0,2763.591
KSOX20191120-9,KSOX20191120_153431_V06,8,3.120,1.200,6847,0,33722.676,1847,0,947.726
KSOX20191120-9,KSOX20191120_153431_V06,9,3.999,1.200,6850,0,17309.978,1168,0,454.813
KSOX20191120-9,KSOX20191120_153431_V06,10,5.098,1.200,6853,0,21271.562,998,0,316.596
KSOX20191120-9,KSOX20191120_153431_V06,11,6.416,1.200,6875,0,16628.963,1047,0,160.066
KSOX20191120-9,KSOX20191120_153431_V06,12,7.998,1.200,6904,0,14326.240,1416,0,300.008
KSOX20191120-9,KSOX20191120_153431_V06,13,10.020,1.200,6935,0,14060.650,1447,0,293.601
KSOX20191120-9,KSOX20191120_153800_V06,0,0.483,1.200,16223,32,854683.029,3868,12,418260.556
KSOX20191120-9,KSOX20191120_153800_V06,2,0.879,1.200,16227,62,1137978.092,4224,19,407658.145
KSOX20191120-9,KSOX20191120_153800_V06,4,1.318,1.200,16234,56,690965.333,4970,22,153351.035
KSOX20191120-9,KSOX20191120_153800_V06,6,1.802,1.200,8109,9,364147.136,2427,2,36493.021
KSOX20191120-9,KSOX20191120_153800_V06,7,2.417,1.200,8113,4,187099.373,2489,0,6279.109
KSOX20191120-9,KSOX20191120_153800_V06,8,3.120,1.200,8121,0,69969.477,2005,0,1561.806
KSOX20191120-9,KSOX20191120_153800_V06,9,3.999,1.200,8129,0,48475.579,1450,0,525.390
KSOX20191120-9,KSOX20191120_153800_V06,10,5.098,1.200,8143,0,43823.158,1426,0,384.181
KSOX20191120-9,KSOX20191120_153800_V06,11,6.416,1.200,8156,0,34950.541,1633,0,295.593
KSOX20191120-9,KSOX20191120_153800_V06,12,7.998,1.200,8189,0,32185.944,2078,0,360.188
KSOX20191120-9,KSOX20191120_154117_V06,0,0.483,1.200,19010,61,792648.940,5210,22,310259.150
KSOX20191120-9,KSOX20191120_154117_V06,2,0.879,1.200,19012,82,986061.744,5514,26,319512.872
KSOX20191120-9,KSOX20191120_154117_V06,4,1.318,1.200,19010,41,679757.607,6367,9,142846.326
KSOX20191120-9,KSOX20191120_154117_V06,6,1.802,1.200,9510,7,376868.337,3181,0,27469.198
KSOX20191120-9,KSOX20191120_154117_V06,7,2.417,1.200,9516,4,216810.114,3108,0,5957.057
KSOX20191120-9,KSOX20191120_154117_V06,8,3.120,1.200,9520,1,83575.767,2566,0,1594.698
KSOX20191120-9,KSOX20191120_154117_V06,9,3.999,1.200,9531,0,49742.197,2126,0,571.429
KSOX20191120-9,KSOX20191120_154117_V06,10,5.098,1.200,9543,0,42113.812,2172,0,560.088
KSOX20191120-9,KSOX20191120_154117_V06,11,6.416,1.200,9571,0,37416.929,2445,0,593.157
KSOX20191120-9,KSOX20191120_154117_V06,12,7.998,1.200,9596,0,45419.773,2264,0,493.385
KSOX20191120-13,KSOX20191120_154738_V06,0,0.483,1.200,9118,2,94124.356,3713,0,6240.143
KSOX20191120-13,KSOX20191120_154738_V06,2,0.879,1.200,9123,1,99627.978,3784,0,8166.286
KSOX20191120-13,KSOX20191120_154738_V06,4,1.318,1.200,9123,1,96537.624,3940,0,11329.550
KSOX20191120-13,KSOX20191120_154738_V06,6,1.802,1.200,4565,0,109585.023,2337,0,4666.673
KSOX20191120-13,KSOX20191120_154738_V06,7,2.417,1.200,4569,0,43570.697,2425,0,1998.773
KSOX20191120-13,KSOX20191120_154738_V06,8,3.120,1.200,4575,0,26303.083,2377,0,708.981
KSOX20191120-13,KSOX20191120_154738_V06,9,3.999,1.200,4583,0,20880.880,2291,0,427.617
KSOX20191120-13,KSOX20191120_154738_V06,10,5.098,1.200,4582,0,22166.360,2181,0,291.760
KSOX20191120-13,KSOX20191120_154738_V06,11,6.416,1.200,4588,0,17684.247,2044,0,299.708
KSOX20191120-13,KSOX20191120_155042_V06,0,0.483,1.200,16645,0,84041.491,6065,0,4947.375
KSOX20191120-13,KSOX20191120_155042_V06,2,0.879,1.200,16645,0,91199.620,5955,0,11117.650
KSOX20191120-13,KSOX20191120_155042_V06,4,1.318,1.200,16652,1,97987.096,6163,0,14920.944
KSOX20191120-13,KSOX20191120_155042_V06,6,1.802,1.200,8322,0,81144.219,3319,0,7111.303
KSOX20191120-13,KSOX20191120_155042_V06,7,2.417,1.200,8326,0,39325.515,3590,0,1411.700
KSOX20191120-13,KSOX20191120_155042_V06,8,3.120,1.200,8332,1,26429.251,3668,0,751.409
KSOX20191120-13,KSOX20191120_155042_V06,9,3.999,1.200,8353,0,32447.212,3645,0,790.735
KSOX20191120-13,KSOX20191120_155042_V06,10,5.098,1.200,8364,0,37653.761,3687,0,676.677
KSOX20191120-13,KSOX20191120_155042_V06,11,6.416,1.200,8374,0,25277.169,3644,0,480.047
KSOX20191120-13,KSOX20191120_155042_V06,12,7.998,1.200,8403,0,12038.902,3182,0,346.412
KSOX20191121-1,KSOX20191121_132903_V06,0,0.483,1.200,3496,0,79100.349,321,0,63426.550
KSOX20191121-1,KSOX20191121_132903_V06,2,0.879,1.200,3502,0,91291.972,576,0,52295.179
KSOX20191121-1,KSOX20191121_132903_V06,4,1.318,1.200,3499,0,60651.215,708,0,36737.476
KSOX20191121-1,KSOX20191121_132903_V06,6,1.802,1.200,1754,0,8863.098,170,0,4846.525
KSOX20191121-1,KSOX20191121_132903_V06,7,2.417,1.200,1754,0,258.509,3,0,245.804
KSOX20191121-1,KSOX20191121_132903_V06,8,3.120,1.200,1756,0,316.026,6,0,210.472
KSOX20191123-1,KSOX20191123_133415_V06,0,0.483,1.200,71,0,20563.112,18,0,719.208
KSOX20191123-1,KSOX20191123_133415_V06,2,1.494,1.200,71,0,1955.750,22,0,658.994
KSOX20191123-1,KSOX20191123_133415_V06,4,2.505,1.200,37,0,47.709,2,0,2.886
KSOX20191123-1,KSOX20191123_133415_V06,5,3.516,1.200,36,0,0.491,0,0,0.491
KSOX20191123-1,KSOX20191123_133415_V06,6,4.482,1.200,37,0,14.416,2,0,10.852
KSOX20191127-15,KSOX20191127_145240_V06,0,0.483,1.200,7027,31,1060446.500,2845,26,771802.503
KSOX20191127-15,KSOX20191127_145240_V06,2,0.879,1.200,7025,3,802584.549,3751,1,406419.204
KSOX20191127-15,KSOX20191127_145240_V06,4,1.318,1.200,7031,0,295896.509,3723,0,29681.880
KSOX20191127-15,KSOX20191127_145240_V06,6,1.802,1.200,3519,0,127321.337,1098,0,1716.173
KSOX20191127-15,KSOX20191127_145240_V06,7,2.417,1.200,3517,0,13749.042,344,0,718.448
KSOX20191127-15,KSOX20191127_145240_V06,8,3.120,1.200,3517,0,714.584,81,0,156.569
KSOX20191127-15,KSOX20191127_145240_V06,9,3.999,1.200,3524,0,138.057,3,0,129.267
KSOX20191127-16,KSOX20191127_145545_V06,0,0.483,1.200,2958,1,440304.847,1264,0,65655.434
KSOX20191127-16,KSOX20191127_145545_V06,2,0.879,1.200,2954,0,374606.463,1324,0,39575.024
KSOX20191127-16,KSOX20191127_145545_V06,4,1.318,1.200,2958,0,149778.032,1174,0,2845.762
KSOX20191127-16,KSOX20191127_145545_V06,6,1.802,1.200,1478,0,88049.351,322,0,782.990
KSOX20191127-16,KSOX20191127_145545_V06,7,2.417,1.200,1481,0,17310.295,203,0,241.882
KSOX20191127-16,KSOX20191127_145545_V06,8,3.120,1.200,1481,0,385.644,60,0,42.098
KSOX20191127-16,KSOX20191127_145545_V06,9,3.999,1.200,1483,0,13.611,3,0,11.337
KSOX20191127-16,KSOX20191127_145545_V06,10,5.098,1.200,1484,0,10.757,3,0,9.903
KSOX20191127-20,KSOX20191127_151711_V06,0,0.483,1.200,8619,33,1212102.676,2185,31,1027715.262
KSOX20191127-20,KSOX20191127_151711_V06,2,0.879,1.200,8618,10,697357.672,2708,8,534238.475
KSOX20191127-20,KSOX20191127_151711_V06,4,1.318,1.200,8629,0,95106.100,2098,0,27924.475
KSOX20191127-20,KSOX20191127_151711_V06,6,1.802,1.200,4309,0,19114.251,464,0,1022.009
KSOX20191127-20,KSOX20191127_151711_V06,7,2.417,1.200,4310,0,7028.402,187,0,1523.440
KSOX20191127-20,KSOX20191127_151711_V06,8,3.120,1.200,4318,0,2405.297,170,0,190.793
KSOX20191127-20,KSOX20191127_151711_V06,9,3.999,1.200,4319,0,157.237,9,0,128.233
KSOX20191129-20,KSOX20191129_151637_V06,0,0.483,1.200,5840,0,689314.274,719,0,1026.314
KSOX20191129-20,KSOX20191129_151637_V06,2,0.879,1.200,5845,0,163245.635,459,0,881.294
KSOX20191129-20,KSOX20191129_151637_V06,4,1.318,1.200,5844,0,6567.173,120,0,576.630
KSOX20191129-20,KSOX20191129_152037_V06,0,0.483,1.200,7499,0,538210.995,658,0,1100.764
KSOX20191129-20,KSOX20191129_152037_V06,2,0.879,1.200,7503,0,154861.848,444,0,930.839
KSOX20191129-20,KSOX20191129_152037_V06,4,1.318,1.200,7509,0,6274.970,120,0,538.614
KSOX20191129-20,KSOX20191129_152422_V06,0,0.483,1.200,7332,0,513468.822,617,0,1034.550
KSOX20191129-20,KSOX20191129_152422_V06,2,0.879,1.200,7329,0,127158.259,419,0,1047.766
KSOX20191129-20,KSOX20191129_152422_V06,4,1.318,1.200,7341,0,5467.660,124,0,360.623
KSOX20191129-20,KSOX20191129_152807_V06,0,0.483,1.200,5749,0,450305.877,548,0,801.439
KSOX20191129-20,KSOX20191129_152807_V06,2,0.879,1.200,5752,0,90760.615,364,0,834.408
KSOX20191129-20,KSOX20191129_152807_V06,4,1.318,1.200,5745,0,4776.159,98,0,523.391
KSOX20191129-4,KSOX20191129_140600_V06,0,0.483,1.200,16632,30,3697726.776,7707,0,56198.024
KSOX20191129-4,KSOX20191129_140600_V06,2,0.879,1.200,16629,10,2584266.410,8084,0,1392.766
KSOX20191129-4,KSOX20191129_140600_V06,4,1.318,1.200,16634,4,1956919.684,7875,0,2328.487
KSOX20191129-4,KSOX20191129_140600_V06,6,1.802,1.200,8321,0,1427321.982,3427,0,1518.729
KSOX20191129-4,KSOX20191129_140600_V06,7,2.417,1.200,8322,0,964630.003,2897,0,1876.245
KSOX20191129-4,KSOX20191129_140600_V06,8,3.120,1.200,8332,0,659839.251,2318,0,759.185
KSOX20191129-4,KSOX20191129_140600_V06,9,3.999,1.200,8344,0,383181.518,1749,0,825.191
KSOX20191129-4,KSOX20191129_140917_V06,0,0.483,1.200,21571,31,4026778.919,9745,0,63901.740
KSOX20191129-4,KSOX20191129_140917_V06,2,0.879,1.200,21572,16,3179868.945,10062,0,2635.342
KSOX20191129-4,KSOX20191129_140917_V06,4,1.318,1.200,21581,11,2317644.671,9843,0,2701.651
KSOX20191129-4,KSOX20191129_140917_V06,6,1.802,1.200,10800,0,1556947.514,4134,0,1888.960
KSOX20191129-4,KSOX20191129_140917_V06,7,2.417,1.200,10805,0,1053855.207,3402,0,2795.425
KSOX20191129-4,KSOX20191129_140917_V06,8,3.120,1.200,10809,0,674062.916,2557,0,1506.396
KSOX20191129-4,KSOX20191129_140917_V06,9,3.999,1.200,10824,0,367659.906,1859,0,619.767
KSOX20191129-4,KSOX20191129_141234_V06,0,0.483,1.200,27229,30,5113942.663,11384,0,76837.070
KSOX20191129-4,KSOX20191129_141234_V06,2,0.879,1.200,27241,16,3847718.638,11733,0,3843.598
KSOX20191129-4,KSOX20191129_141234_V06,4,1.318,1.200,27240,10,2816090.274,11348,0,2368.973
KSOX20191129-4,KSOX20191129_141234_V06,6,1.802,1.200,13629,1,1761547.172,4715,0,2188.125
KSOX20191129-4,KSOX20191129_141234_V06,7,2.417,1.200,13641,0,1227278.341,3889,0,2695.375
KSOX20191129-4,KSOX20191129_141234_V06,8,3.120,1.200,13650,0,730610.799,2922,0,1759.940
KSOX20191129-4,KSOX20191129_141234_V06,9,3.999,1.200,13660,0,323334.224,2100,0,1355.871
KSOX20191129-4,KSOX20191129_141538_V06,0,0.483,1.200,25105,52,5447999.280,10947,0,62620.533
KSOX20191129-4,KSOX20191129_141538_V06,2,0.879,1.200,25110,18,4048432.735,11225,0,3099.842
KSOX20191129-4,KSOX20191129_141538_V06,4,1.318,1.200,25118,8,2917469.509,10737,0,2333.888
KSOX20191129-4,KSOX20191129_141538_V06,6,1.802,1.200,12568,1,1951145.539,4390,0,2356.656
KSOX20191129-4,KSOX20191129_141538_V06,7,2.417,1.200,12570,0,1290260.187,3806,0,1818.637
KSOX20191129-4,KSOX20191129_141538_V06,8,3.120,1.200,12578,0,638497.569,2690,0,1153.669
KSOX20191129-4,KSOX20191129_141538_V06,9,3.999,1.200,12594,0,271347.308,1950,0,1600.153
KSOX20191129-4,KSOX20191129_141842_V06,0,0.483,1.200,26872,32,5806960.353,11093,0,96474.455
KSOX20191129-4,KSOX20191129_141842_V06,2,0.879,1.200,26874,16,4304488.226,11374,0,3510.869
KSOX20191129-4,KSOX20191129_141842_V06,4,1.318,1.200,26884,13,2878777.578,10955,0,2353.211
KSOX20191129-4,KSOX20191129_141842_V06,6,1.802,1.200,13439,0,1990576.207,4496,0,3065.858
KSOX20191129-4,KSOX20191129_141842_V06,7,2.417,1.200,13439,0,1160402.755,3807,0,1895.006
KSOX20191129-4,KSOX20191129_141842_V06,8,3.120,1.200,13456,0,563576.004,2762,0,977.549
KSOX20191129-4,KSOX20191129_141842_V06,9,3.999,1.200,13475,0,213406.679,2076,0,1089.949
KSOX20191129-4,KSOX20191129_142145_V06,0,0.483,1.200,2784,9,447498.783,1604,0,5554.731
KSOX20191129-4,KSOX20191129_142145_V06,2,0.879,1.200,2783,4,467786.089,1673,0,475.966
KSOX20191129-4,KSOX20191129_142145_V06,4,1.318,1.200,2785,4,424168.468,1574,0,281.469
KSOX20191129-4,KSOX20191129_142145_V06,6,1.802,1.200,1392,2,322393.569,672,0,408.493
KSOX20191129-4,KSOX20191129_142145_V06,7,2.417,1.200,1392,0,227147.123,538,0,116.498
KSOX20191129-4,KSOX20191129_142145_V06,8,3.120,1.200,1401,1,138742.855,434,0,219.901
KSOX20191129-4,KSOX20191129_142145_V06,9,3.999,1.200,1403,0,44840.009,327,0,79.948
KSOX20191129-4,KSOX20191129_142145_V06,10,5.098,1.200,1399,0,13685.043,202,0,36.027
KSOX20191129-4,KSOX20191129_142145_V06,11,6.416,1.200,1406,0,3453.182,85,0,33.166
KSOX20191129-4,KSOX20191129_142501_V06,0,0.483,1.200,5156,52,932758.101,2610,0,30148.406
KSOX20191129-4,KSOX20191129_142501_V06,2,0.879,1.200,5155,33,759618.604,2861,1,2949.251
KSOX20191129-4,KSOX20191129_142501_V06,4,1.318,1.200,5161,38,600825.220,2820,0,637.430
KSOX20191129-4,KSOX20191129_142501_V06,6,1.802,1.200,2582,12,499220.288,1261,0,482.694
KSOX20191129-4,KSOX20191129_142501_V06,7,2.417,1.200,2583,15,372146.986,1111,0,780.727
KSOX20191129-4,KSOX20191129_142501_V06,8,3.120,1.200,2582,2,376485.729,917,0,388.115
KSOX20191129-4,KSOX20191129_142501_V06,9,3.999,1.200,2584,0,130125.233,689,0,102.093
KSOX20191129-4,KSOX20191129_142501_V06,10,5.098,1.200,2584,0,35964.232,425,0,130.773
KSOX20191129-4,KSOX20191129_142501_V06,11,6.416,1.200,2594,0,9837.785,255,0,108.679
KSOX20191129-4,KSOX20191129_142819_V06,0,0.483,1.200,3817,41,485770.175,2012,4,15717.914
KSOX20191129-4,KSOX20191129_142819_V06,2,0.879,1.200,3825,53,390445.530,2202,1,1776.778
KSOX20191129-4,KSOX20191129_142819_V06,4,1.318,1.200,3818,50,450940.571,2179,0,240.444
KSOX20191129-4,KSOX20191129_142819_V06,6,1.802,1.200,1910,26,416150.346,925,0,1528.776
KSOX20191129-4,KSOX20191129_142819_V06,7,2.417,1.200,1910,27,378440.358,834,0,560.345
KSOX20191129-4,KSOX20191129_142819_V06,8,3.120,1.200,1912,10,298352.360,692,0,212.266
KSOX20191129-4,KSOX20191129_142819_V06,9,3.999,1.200,1915,0,156237.812,544,0,122.889
KSOX20191129-4,KSOX20191129_142819_V06,10,5.098,1.200,1920,0,54948.994,398,0,126.930
KSOX20191129-4,KSOX20191129_142819_V06,11,6.416,1.200,1926,0,31502.776,386,0,94.350
KSOX20191129-4,KSOX20191129_143136_V06,0,0.483,1.200,6224,103,1000881.262,3008,18,128515.725
KSOX20191129-4,KSOX20191129_143136_V06,2,0.879,1.200,6228,90,728124.519,3509,2,3977.503
KSOX20191129-4,KSOX20191129_143136_V06,4,1.318,1.200,6228,81,696128.335,3503,0,2562.928
KSOX20191129-4,KSOX20191129_143136_V06,6,1.802,1.200,3121,36,633119.858,1498,0,597.075
KSOX20191129-4,KSOX20191129_143136_V06,7,2.417,1.200,3119,27,573464.739,1388,0,811.764
KSOX20191129-4,KSOX20191129_143136_V06,8,3.120,1.200,3120,3,452014.436,1179,0,470.952
KSOX20191129-4,KSOX20191129_143136_V06,9,3.999,1.200,3124,0,219870.619,899,0,409.712
KSOX20191129-4,KSOX20191129_143136_V06,10,5.098,1.200,3132,0,80999.299,654,0,179.666
KSOX20191129-4,KSOX20191129_143136_V06,11,6.416,1.200,3141,0,51606.977,579,0,63.933
KSOX20191130-5,KSOX20191130_140344_V06,0,0.483,1.200,54,0,1324.365,6,0,1272.497
KSOX20191130-5,KSOX20191130_140344_V06,2,0.879,1.200,55,0,2.517,0,0,2.517
KSOX20191130-5,KSOX20191130_140344_V06,4,1.318,1.200,54,0,46.050,5,0,34.157
KSOX20191130-5,KSOX20191130_140344_V06,6,1.802,1.200,26,0,0.039,0,0,0.039
KSOX20191130-5,KSOX20191130_140344_V06,7,2.417,1.200,26,0,0.039,0,0,0.039
KSOX20191130-5,KSOX20191130_140344_V06,8,3.120,1.200,26,0,4.676,0,0,4.676
KSOX20191130-5,KSOX20191130_140344_V06,9,3.999,1.200,28,0,4.411,0,0,4.411
KSOX20191203-2,KSOX20191203_143039_V06,0,0.483,1.200,29829,0,148.484,5825,0,72.134
KSOX20191203-2,KSOX20191203_143039_V06,2,1.494,1.200,29839,0,83.796,5731,0,53.139
KSOX20191203-2,KSOX20191203_143039_V06,4,2.505,1.200,14926,0,39.192,2470,0,32.033
KSOX20191203-2,KSOX20191203_143039_V06,5,3.516,1.200,14940,0,25.811,2245,0,19.811
KSOX20191203-2,KSOX20191203_143039_V06,6,4.482,1.200,14967,0,27.566,2360,0,22.662
KSOX20191203-2,KSOX20191203_144020_V06,0,0.483,1.200,61427,0,2169.694,7242,0,1617.434
KSOX20191203-2,KSOX20191203_144020_V06,2,1.494,1.200,61450,0,479.285,6570,0,380.859
KSOX20191203-2,KSOX20191203_144020_V06,4,2.505,1.200,30761,0,305.571,2457,0,234.502
KSOX20191203-2,KSOX20191203_144020_V06,5,3.516,1.200,30790,0,299.546,2413,0,258.022
KSOX20191203-2,KSOX20191203_144020_V06,6,4.482,1.200,30825,0,193.969,2301,0,147.588
KSOX20191203-2,KSOX20191203_145000_V06,0,0.483,1.200,35293,0,296.102,7989,0,239.355
KSOX20191203-2,KSOX20191203_145000_V06,2,1.494,1.200,35305,0,122.634,7162,0,81.602
KSOX20191203-2,KSOX20191203_145000_V06,4,2.505,1.200,17673,0,65.169,2700,0,52.294
KSOX20191203-2,KSOX20191203_145000_V06,5,3.516,1.200,17689,0,40.371,2095,0,34.269
KSOX20191203-2,KSOX20191203_145000_V06,6,4.482,1.200,17706,0,40.199,1984,0,34.126
KSOX20191206-1,KSOX20191206_154622_V06,0,0.483,1.200,9141,0,478.103,504,0,271.136
KSOX20191206-1,KSOX20191206_154622_V06,2,1.494,1.200,9146,0,312.098,219,0,191.241
KSOX20191206-1,KSOX20191206_154622_V06,4,2.505,1.200,4572,0,162.612,46,0,115.612
KSOX20191206-1,KSOX20191206_154622_V06,5,3.516,1.200,4576,0,121.405,55,0,86.421
KSOX20191206-1,KSOX20191206_154622_V06,6,4.482,1.200,4583,0,115.433,44,0,86.618
KSOX20191207-4,KSOX20191207_143833_V06,0,0.483,1.200,1991,0,139377.410,521,0,67575.521
KSOX20191207-4,KSOX20191207_143833_V06,2,0.879,1.200,1991,0,200218.698,813,0,43852.715
KSOX20191207-4,KSOX20191207_143833_V06,4,1.318,1.200,1987,0,165268.343,972,0,9118.874
KSOX20191207-4,KSOX20191207_143833_V06,6,1.802,1.200,994,0,59294.737,360,0,1094.123
KSOX20191207-4,KSOX20191207_143833_V06,7,2.417,1.200,995,0,8638.244,144,0,243.029
KSOX20191207-4,KSOX20191207_143833_V06,8,3.120,1.200,997,0,80.368,8,0,53.547
KSOX20191207-4,KSOX20191207_144138_V06,0,0.483,1.200,3361,0,211777.375,688,0,132392.508
KSOX20191207-4,KSOX20191207_144138_V06,2,0.879,1.200,3367,0,293772.162,1025,0,96307.661
KSOX20191207-4,KSOX20191207_144138_V06,4,1.318,1.200,3369,0,208230.169,1237,0,25666.395
KSOX20191207-4,KSOX20191207_144138_V06,6,1.802,1.200,1687,0,109235.088,421,0,1793.784
KSOX20191207-4,KSOX20191207_144138_V06,7,2.417,1.200,1689,0,7885.208,146,0,464.926
KSOX20191207-4,KSOX20191207_144138_V06,8,3.120,1.200,1689,0,80.660,1,0,78.231
KSOX20191207-2,KSOX20191207_134625_V06,0,0.483,1.200,3164,0,12719.383,1387,0,1634.544
KSOX20191207-2,KSOX20191207_134625_V06,2,0.879,1.200,3161,0,17006.667,1632,0,1011.476
KSOX20191207-2,KSOX20191207_134625_V06,4,1.318,1.200,3164,0,11776.987,1400,0,1356.893
KSOX20191207-2,KSOX20191207_134625_V06,6,1.802,1.200,1581,0,8305.101,588,0,765.607
KSOX20191207-2,KSOX20191207_134625_V06,7,2.417,1.200,1582,0,6012.054,446,0,295.324
KSOX20191207-2,KSOX20191207_134625_V06,8,3.120,1.200,1586,0,3175.936,523,0,111.661
KSOX20191207-2,KSOX20191207_134625_V06,9,3.999,1.200,1589,0,1742.419,400,0,192.483
KSOX20191207-2,KSOX20191207_134625_V06,10,5.098,1.200,1590,0,969.473,219,0,90.540
KSOX20191207-2,KSOX20191207_134625_V06,11,6.416,1.200,1591,0,64.478,86,0,30.430
KSOX20191209-1,KSOX20191209_134529_V06,0,0.483,1.200,90,0,1138.547,16,0,969.967
KSOX20191209-1,KSOX20191209_134529_V06,2,0.879,1.200,88,0,1281.838,16,0,1006.989
KSOX20191209-1,KSOX20191209_134529_V06,4,1.318,1.200,89,0,16.931,11,0,7.549
KSOX20191209-1,KSOX20191209_134529_V06,6,1.802,1.200,41,0,0.061,0,0,0.061
KSOX20191209-1,KSOX20191209_134529_V06,7,2.417,1.200,42,0,0.063,0,0,0.063
KSOX20191209-1,KSOX20191209_134529_V06,8,3.120,1.200,45,0,0.067,0,0,0.067
KSOX20191209-1,KSOX20191209_134529_V06,9,3.999,1.200,43,0,0.064,0,0,0.064
KSOX20191213-1,KSOX20191213_140300_V06,0,0.483,1.200,100,0,17906.121,4,0,5851.446
KSOX20191213-1,KSOX20191213_140300_V06,2,1.494,1.200,102,0,158.775,8,0,132.715
KSOX20191213-1,KSOX20191213_140300_V06,4,2.505,1.200,53,0,0.113,0,0,0.113
KSOX20191213-1,KSOX20191213_140300_V06,5,3.516,1.200,53,0,107.995,6,0,33.298
KSOX20191213-1,KSOX20191213_141239_V06,0,0.483,1.200,1060,0,18566.299,35,0,17676.573
KSOX20191213-1,KSOX20191213_141239_V06,2,1.494,1.200,1061,0,117.628,12,0,84.344
KSOX20191213-1,KSOX20191213_141239_V06,4,2.505,1.200,531,0,55.332,4,0,40.566
KSOX20191213-1,KSOX20191213_141239_V06,5,3.516,1.200,534,0,51.050,1,0,48.875
KSOX20191214-1,KSOX20191214_135019_V06,0,0.483,1.200,63,0,366.805,22,0,186.190
KSOX20191214-1,KSOX20191214_135019_V06,2,1.494,1.200,64,0,0.438,0,0,0.438
KSOX20191214-1,KSOX20191214_135019_V06,4,2.505,1.200,32,0,0.048,0,0,0.048
KSOX20191214-1,KSOX20191214_135019_V06,5,3.516,1.200,32,0,2.619,0,0,2.619
KSOX20191214-1,KSOX20191214_135019_V06,6,4.482,1.200,32,0,0.048,0,0,0.048
KSOX20191214-2,KSOX20191214_140940_V06,0,0.483,1.200,13091,0,11.850,3863,0,9.526
KSOX20191214-2,KSOX20191214_140940_V06,2,1.494,1.200,13094,0,13.080,3644,0,12.019
KSOX20191214-2,KSOX20191214_140940_V06,4,2.505,1.200,6558,0,11.868,1609,0,11.001
KSOX20191214-2,KSOX20191214_140940_V06,5,3.516,1.200,6565,0,8.355,1186,0,8.039
KSOX20191214-2,KSOX20191214_140940_V06,6,4.482,1.200,6578,0,18.202,783,0,15.047
KSOX20191217-1,KSOX20191217_134945_V06,0,0.483,1.200,94,0,12158.933,0,0,12158.933
KSOX20191217-1,KSOX20191217_134945_V06,2,1.494,1.200,94,0,59.395,2,0,41.724
KSOX20191217-1,KSOX20191217_134945_V06,4,2.505,1.200,47,0,8.413,0,0,8.413
KSOX20191218-1,KSOX20191218_154524_V06,0,0.483,1.200,554,15,253020.882,6,12,253012.380
KSOX20191218-1,KSOX20191218_154524_V06,2,1.494,1.200,552,0,31.052,3,0,29.607
KSOX20191218-1,KSOX20191218_154524_V06,4,2.505,1.200,274,0,4.144,0,0,4.144
KSOX20191218-1,KSOX20191218_154524_V06,5,3.516,1.200,274,0,0.415,0,0,0.415
KSOX20191218-1,KSOX20191218_154524_V06,6,4.482,1.200,274,0,16.209,0,0,16.209
KSOX20191219-1,KSOX20191219_144659_V06,0,0.483,1.200,18324,0,149.524,3648,0,128.193
KSOX20191219-1,KSOX20191219_144659_V06,2,1.494,1.200,18333,0,74.853,3094,0,73.582
KSOX20191219-1,KSOX20191219_144659_V06,4,2.505,1.200,9169,0,54.209,1334,0,52.144
KSOX20191219-1,KSOX20191219_144659_V06,5,3.516,1.200,9179,0,50.747,1181,0,43.376
KSOX20191219-1,KSOX20191219_144659_V06,6,4.482,1.200,9194,0,239.855,1266,0,37.129
KSOX20191221-1,KSOX20191221_140502_V06,0,0.483,1.200,51,0,6138.019,0,0,6138.019
KSOX20191221-1,KSOX20191221_140502_V06,2,1.494,1.200,51,0,0.057,0,0,0.057
KSOX20191221-1,KSOX20191221_140502_V06,4,2.505,1.200,26,0,4.218,0,0,4.218
KSOX20191221-1,KSOX20191221_140502_V06,5,3.516,1.200,26,0,0.058,0,0,0.058
KSOX20191221-2,KSOX20191221_150509_V06,0,0.483,1.200,48224,0,412.118,6933,0,341.303
KSOX20191221-2,KSOX20191221_150509_V06,2,1.494,1.200,48242,0,170.012,5310,0,121.156
KSOX20191221-2,KSOX20191221_150509_V06,4,2.505,1.200,24137,0,95.336,2254,0,83.554
KSOX20191221-2,KSOX20191221_150509_V06,5,3.516,1.200,24162,0,130.665,2929,0,64.389
KSOX20191221-2,KSOX20191221_150509_V06,6,4.482,1.200,24186,0,55.935,3118,0,47.582
KSOX20191223-1,KSOX20191223_151535_V06,0,0.483,1.200,14659,0,158244.036,2476,0,24002.892
KSOX20191223-1,KSOX20191223_151535_V06,2,0.879,1.200,14662,0,409775.914,3279,0,20242.649
KSOX20191223-1,KSOX20191223_151535_V06,4,1.318,1.200,14664,0,206445.480,2385,0,10706.517
KSOX20191223-1,KSOX20191223_151948_V06,0,0.483,1.200,17877,0,175950.713,2398,0,30977.934
KSOX20191223-1,KSOX20191223_151948_V06,2,0.879,1.200,17880,0,434419.251,3152,0,21720.616
KSOX20191223-1,KSOX20191223_151948_V06,4,1.318,1.200,17897,0,207972.453,2291,0,11230.075
KSOX20191223-1,KSOX20191223_152402_V06,0,0.483,1.200,16963,0,210532.971,2398,0,30591.469
KSOX20191223-1,KSOX20191223_152402_V06,2,0.879,1.200,16966,0,494949.023,2943,0,34949.084
KSOX20191223-1,KSOX20191223_152402_V06,4,1.318,1.200,16972,0,191739.085,2022,0,11728.360
KSOX20191225-14,KSOX20191225_152454_V06,0,0.483,1.200,4823,0,94017.627,563,0,4935.729
KSOX20191225-14,KSOX20191225_152454_V06,2,0.879,1.200,4822,0,9882.658,237,0,912.920
KSOX20191225-14,KSOX20191225_152454_V06,4,1.318,1.200,4804,0,165.080,7,0,54.158
KSOX20191225-14,KSOX20191225_152758_V06,0,0.483,1.200,6420,0,96637.973,655,0,6481.783
KSOX20191225-14,KSOX20191225_152758_V06,2,0.879,1.200,6426,0,9986.901,186,0,1140.219
KSOX20191225-14,KSOX20191225_152758_V06,4,1.318,1.200,6417,0,636.619,26,0,114.629
KSOX20191225-14,KSOX20191225_153102_V06,0,0.483,1.200,6743,0,85033.766,581,0,4188.308
KSOX20191225-14,KSOX20191225_153102_V06,2,0.879,1.200,6745,0,6452.905,183,0,817.574
KSOX20191225-14,KSOX20191225_153102_V06,4,1.318,1.200,6762,0,546.133,29,0,159.064
KSOX20191225-14,KSOX20191225_153405_V06,0,0.483,1.200,7567,0,51538.781,506,0,2638.026
KSOX20191225-14,KSOX20191225_153405_V06,2,0.879,1.200,7563,0,5307.193,163,0,1088.214
KSOX20191225-14,KSOX20191225_153405_V06,4,1.318,1.200,7578,0,617.848,28,0,163.930
KSOX20191225-14,KSOX20191225_153707_V06,0,0.483,1.200,7886,0,39469.986,414,0,3436.454
KSOX20191225-14,KSOX20191225_153707_V06,2,0.879,1.200,7892,0,4696.004,137,0,603.574
KSOX20191225-14,KSOX20191225_153707_V06,4,1.318,1.200,7892,0,704.243,20,0,226.877
KSOX20191225-14,KSOX20191225_154010_V06,0,0.483,1.200,8528,0,24121.202,351,0,3381.571
KSOX20191225-14,KSOX20191225_154010_V06,2,0.879,1.200,8526,0,3728.967,124,0,671.260
KSOX20191225-14,KSOX20191225_154010_V06,4,1.318,1.200,8533,0,883.512,29,0,413.242
KSOX20191225-14,KSOX20191225_154314_V06,0,0.483,1.200,10216,0,14913.874,304,0,2935.039
KSOX20191225-14,KSOX20191225_154314_V06,2,0.879,1.200,10217,0,3047.400,119,0,898.063
KSOX20191225-14,KSOX20191225_154314_V06,4,1.318,1.200,10213,0,1803.017,49,0,799.782
KSOX20191225-16,KSOX20191225_160137_V06,0,0.483,1.200,2892,0,660408.282,1484,0,13602.836
KSOX20191225-16,KSOX20191225_160137_V06,2,0.879,1.200,2891,0,111276.370,672,0,4293.533
KSOX20191225-16,KSOX20191225_160440_V06,0,0.483,1.200,3921,0,855254.680,1753,0,19833.632
KSOX20191225-16,KSOX20191225_160440_V06,2,0.879,1.200,3923,0,135288.435,726,0,6684.145
KSOX20191225-16,KSOX20191225_160744_V06,0,0.483,1.200,2707,0,654258.975,1354,0,18192.155
KSOX20191225-16,KSOX20191225_160744_V06,2,0.879,1.200,2705,0,88290.961,606,0,2855.379
KSOX20191225-8,KSOX20191225_140008_V06,0,0.483,1.200,1390,0,121730.513,539,0,62088.358
KSOX20191225-8,KSOX20191225_140008_V06,2,0.879,1.200,1393,0,81255.849,780,0,9029.332
KSOX20191225-8,KSOX20191225_140008_V06,4,1.318,1.200,1390,0,36414.397,763,0,1856.041
KSOX20191225-8,KSOX20191225_140008_V06,6,1.802,1.200,696,0,6161.224,228,0,111.040
KSOX20191225-8,KSOX20191225_140008_V06,7,2.417,1.200,697,0,37.364,6,0,28.723
KSOX20191225-8,KSOX20191225_140008_V06,8,3.120,1.200,696,0,20.980,1,0,20.152
KSOX20191225-8,KSOX20191225_140008_V06,9,3.999,1.200,696,0,4.829,0,0,4.829
KSOX20191225-8,KSOX20191225_140008_V06,10,5.098,1.200,699,0,4.386,3,0,2.495
KSOX20191226-12,KSOX20191226_160220_V06,0,0.483,1.200,8288,0,5919716.784,5342,0,12710.937
KSOX20191226-12,KSOX20191226_160220_V06,2,0.879,1.200,8289,0,3333103.984,4583,0,8740.866
KSOX20191226-12,KSOX20191226_160220_V06,4,1.318,1.200,8305,0,1449770.501,3987,0,12210.291
KSOX20191226-12,KSOX20191226_160552_V06,0,0.483,1.200,10704,0,6396216.494,6319,0,14769.210
KSOX20191226-12,KSOX20191226_160552_V06,2,0.879,1.200,10703,0,3626919.589,5392,0,17788.561
KSOX20191226-12,KSOX20191226_160552_V06,4,1.318,1.200,10713,0,1566114.253,4578,0,12663.627
KSOX20191226-12,KSOX20191226_160923_V06,0,0.483,1.200,12801,0,6718332.631,6813,0,12890.203
KSOX20191226-12,KSOX20191226_160923_V06,2,0.879,1.200,12795,0,3591942.280,5864,0,17263.383
KSOX20191226-12,KSOX20191226_160923_V06,4,1.318,1.200,12804,0,1562612.644,4786,0,10213.071
KSOX20191226-12,KSOX20191226_161253_V06,0,0.483,1.200,12530,0,6713451.256,6851,0,16866.225
KSOX20191226-12,KSOX20191226_161253_V06,2,0.879,1.200,12547,0,3729946.447,5945,0,12470.401
KSOX20191226-12,KSOX20191226_161253_V06,4,1.318,1.200,12548,0,1639774.486,4885,0,12767.532
KSOX20191226-12,KSOX20191226_161624_V06,0,0.483,1.200,12598,0,7013617.655,6884,0,14466.210
KSOX20191226-12,KSOX20191226_161624_V06,2,0.879,1.200,12607,0,3807604.508,6050,0,14513.775
KSOX20191226-12,KSOX20191226_161624_V06,4,1.318,1.200,12615,0,1640043.703,4931,0,14064.533
KSOX20191226-12,KSOX20191226_161954_V06,0,0.483,1.200,12503,0,7285866.368,7016,0,18881.122
KSOX20191226-12,KSOX20191226_161954_V06,2,0.879,1.200,12506,0,4026942.415,6246,0,15158.374
KSOX20191226-12,KSOX20191226_161954_V06,4,1.318,1.200,12510,0,1858842.599,5229,0,12411.439
KSOX20191226-12,KSOX20191226_162324_V06,0,0.483,1.200,13474,0,7279862.286,7218,0,26451.595
KSOX20191226-12,KSOX20191226_162324_V06,2,0.879,1.200,13480,0,4191008.975,6462,0,11908.281
KSOX20191226-12,KSOX20191226_162324_V06,4,1.318,1.200,13478,0,1823080.362,5098,0,10905.169
KSOX20191228-1,KSOX20191228_140209_V06,0,0.483,1.200,83,0,15784.276,7,0,9841.160
KSOX20191228-1,KSOX20191228_140209_V06,2,1.494,1.200,82,0,5318.265,25,0,509.626
KSOX20191228-1,KSOX20191228_140209_V06,4,2.505,1.200,42,0,13.818,1,0,7.511
KSOX20191228-1,KSOX20191228_140209_V06,5,3.516,1.200,42,0,0.054,0,0,0.054
KSOX20191228-1,KSOX20191228_140209_V06,6,4.482,1.200,41,0,7.830,1,0,5.612
KSOX20191228-2,KSOX20191228_150958_V06,0,0.483,1.200,5281,0,108163.042,48,0,107509.749
KSOX20191228-2,KSOX20191228_150958_V06,2,1.494,1.200,5278,0,6714.001,25,0,6534.901
KSOX20191228-2,KSOX20191228_150958_V06,4,2.505,1.200,2644,0,364.641,15,0,147.232
KSOX20191228-2,KSOX20191228_150958_V06,5,3.516,1.200,2646,0,210.465,16,0,140.474
KSOX20191229-5,KSOX20191229_160913_V06,0,0.483,1.200,21522,0,606.278,2474,0,326.237
KSOX20191229-5,KSOX20191229_160913_V06,2,1.494,1.200,21528,0,188.894,1986,0,86.355
KSOX20191229-5,KSOX20191229_160913_V06,4,2.505,1.200,10766,0,71.889,264,0,32.327
KSOX20191229-5,KSOX20191229_160913_V06,5,3.516,1.200,10778,0,96.129,219,0,39.295
KSOX20191229-5,KSOX20191229_160913_V06,6,4.482,1.200,10792,0,26.100,124,0,19.297
KSOX20191230-7,KSOX20191230_154525_V06,0,0.483,1.200,10159,0,1608759.383,2579,0,13167.590
KSOX20191230-7,KSOX20191230_154525_V06,2,0.879,1.200,10163,0,354453.081,2208,0,15132.393
KSOX20191230-7,KSOX20191230_154525_V06,4,1.318,1.200,10168,0,25770.488,458,0,3770.155
