track_id,filename,sweep_idx,sweep_angle,count_scaling,n_roost_pixels,n_refAbove40_pixels,n_refBelow40_animals,n_xcorrAbove0.95_pixels,n_xcorrBelow0.95_refAbove40_pixels,n_xcorrBelow0.95_refBelow40_animals
KEYX20200601-1,KEYX20200601_114223_V06,0,0.483,1.200,89,0,3203.764,0,0,3203.764
KEYX20200601-1,KEYX20200601_114223_V06,2,0.879,1.200,89,0,809.631,0,0,809.631
KEYX20200601-1,KEYX20200601_114223_V06,6,1.318,1.200,90,0,39.608,0,0,39.608
KEYX20200601-1,KEYX20200601_114223_V06,8,1.802,1.200,44,0,11.536,3,0,0.088
KEYX20200601-1,KEYX20200601_114223_V06,9,2.417,1.200,45,0,0.097,0,0,0.097
KEYX20200601-1,KEYX20200601_114223_V06,10,3.120,1.200,45,0,0.097,0,0,0.097
KEYX20200602-1,KEYX20200602_115024_V06,0,0.483,1.200,39,0,4248.582,0,0,4248.582
KEYX20200602-1,KEYX20200602_115024_V06,2,0.879,1.200,39,0,467.617,0,0,467.617
KEYX20200602-1,KEYX20200602_115024_V06,6,1.318,1.200,39,0,51.247,5,0,23.436
KEYX20200602-1,KEYX20200602_115024_V06,8,1.802,1.200,20,0,0.055,0,0,0.055
KEYX20200602-1,KEYX20200602_115024_V06,9,2.417,1.200,20,0,0.055,0,0,0.055
KEYX20200602-1,KEYX20200602_115024_V06,10,3.120,1.200,20,0,0.055,0,0,0.055
KEYX20200605-3,KEYX20200605_130324_V06,0,0.483,1.200,1395,0,455361.125,4,0,455285.192
KEYX20200605-3,KEYX20200605_130324_V06,2,0.879,1.200,1394,0,38559.298,10,0,38464.727
KEYX20200605-3,KEYX20200605_130324_V06,6,1.318,1.200,1392,0,3.888,0,0,3.888
KEYX20200605-3,KEYX20200605_130324_V06,8,1.802,1.200,701,0,3.919,0,0,3.919
KEYX20200605-3,KEYX20200605_131205_V06,0,0.483,1.200,3397,0,145584.071,18,0,145361.783
KEYX20200605-3,KEYX20200605_131205_V06,2,0.879,1.200,3398,0,11962.921,20,0,11825.094
KEYX20200605-3,KEYX20200605_131205_V06,6,1.318,1.200,3405,0,116.412,6,0,69.859
KEYX20200605-3,KEYX20200605_131205_V06,8,1.802,1.200,1701,0,34.846,0,0,34.846
KEYX20200605-1,KEYX20200605_113619_V06,0,0.483,1.200,100,20,37573.628,1,19,37573.628
KEYX20200605-1,KEYX20200605_113619_V06,2,0.879,1.200,100,0,1644.426,10,0,1050.008
KEYX20200605-1,KEYX20200605_113619_V06,6,1.318,1.200,99,0,621.818,8,0,600.694
KEYX20200605-1,KEYX20200605_113619_V06,8,1.802,1.200,48,0,57.700,0,0,57.700
KEYX20200605-1,KEYX20200605_113619_V06,9,2.417,1.200,49,0,70.784,0,0,70.784
KEYX20200605-1,KEYX20200605_113619_V06,10,3.120,1.200,51,0,1.760,2,0,0.062
KEYX20200605-1,KEYX20200605_113619_V06,11,3.999,1.200,51,0,2.019,0,0,2.019
KEYX20200605-5,KEYX20200605_130324_V06,0,0.483,1.200,3006,24,117982.340,298,17,95499.939
KEYX20200605-5,KEYX20200605_130324_V06,2,0.879,1.200,3007,0,11513.700,416,0,9976.893
KEYX20200605-5,KEYX20200605_130324_V06,6,1.318,1.200,3006,0,4782.143,419,0,2995.545
KEYX20200605-5,KEYX20200605_130324_V06,8,1.802,1.200,1503,0,211.347,47,0,150.813
KEYX20200605-5,KEYX20200605_130324_V06,9,2.417,1.200,1501,0,79.316,24,0,42.730
KEYX20200605-5,KEYX20200605_130324_V06,10,3.120,1.200,1501,0,99.515,21,0,35.323
KEYX20200605-5,KEYX20200605_130324_V06,11,3.999,1.200,1513,0,53.314,14,0,34.579
KEYX20200606-1,KEYX20200606_125004_V06,0,0.483,1.200,1034,2,6907.199,10,1,6889.513
KEYX20200606-1,KEYX20200606_125004_V06,2,0.879,1.200,1033,0,554.102,18,0,543.361
KEYX20200606-1,KEYX20200606_125004_V06,4,1.318,1.200,1034,0,130.137,27,0,54.645
KEYX20200606-1,KEYX20200606_125004_V06,6,1.802,1.200,509,0,6.988,8,0,2.967
KEYX20200606-1,KEYX20200606_125004_V06,7,2.417,1.200,508,0,11.332,11,0,4.704
KEYX20200606-1,KEYX20200606_125004_V06,8,3.120,1.200,510,0,8.597,3,0,5.791
KEYX20200606-1,KEYX20200606_125004_V06,9,3.999,1.200,508,0,17.983,10,0,9.334
KEYX20200606-1,KEYX20200606_125004_V06,10,5.098,1.200,511,0,13.620,9,0,9.077
KEYX20200609-1,KEYX20200609_114154_V06,0,0.483,1.200,1810,0,34802.383,119,0,31358.649
KEYX20200609-1,KEYX20200609_114154_V06,2,0.879,1.200,1811,0,6140.979,138,0,5874.427
KEYX20200609-1,KEYX20200609_114154_V06,6,1.318,1.200,1809,0,293.529,152,0,151.647
KEYX20200609-1,KEYX20200609_114154_V06,8,1.802,1.200,905,0,20.035,20,0,9.133
KEYX20200609-1,KEYX20200609_114154_V06,9,2.417,1.200,906,0,15.064,5,0,9.970
KEYX20200609-1,KEYX20200609_114154_V06,10,3.120,1.200,905,0,10.803,9,0,4.522
KEYX20200609-1,KEYX20200609_114154_V06,11,3.999,1.200,910,0,16.333,13,0,9.268
KEYX20200609-1,KEYX20200609_114154_V06,12,5.098,1.200,908,0,18.350,3,0,17.144
KEYX20200609-2,KEYX20200609_131139_V06,0,0.483,1.200,5270,16,136674.128,320,5,114783.498
KEYX20200609-2,KEYX20200609_131139_V06,2,0.879,1.200,5271,4,47135.842,297,4,39397.419
KEYX20200609-2,KEYX20200609_131139_V06,6,1.318,1.200,5270,0,4286.280,276,0,3450.782
KEYX20200609-2,KEYX20200609_131139_V06,8,1.802,1.200,2635,0,129.202,51,0,29.784
KEYX20200609-2,KEYX20200609_131139_V06,9,2.417,1.200,2634,0,24.841,81,0,3.461
KEYX20200609-2,KEYX20200609_131139_V06,10,3.120,1.200,2637,0,11.495,51,0,5.632
KEYX20200609-2,KEYX20200609_131139_V06,11,3.999,1.200,2641,0,6.781,37,0,4.717
KEYX20200609-2,KEYX20200609_131139_V06,12,5.098,1.200,2651,0,3.631,16,0,2.688
KEYX20200609-2,KEYX20200609_131139_V06,13,6.416,1.200,2649,0,3.187,10,0,2.913
KEYX20200610-1,KEYX20200610_114041_V06,0,0.483,1.200,987,0,18164.334,36,0,18008.693
KEYX20200610-1,KEYX20200610_114041_V06,2,0.879,1.200,986,0,1744.008,61,0,1602.538
KEYX20200610-1,KEYX20200610_114041_V06,6,1.318,1.200,984,0,113.454,77,0,51.088
KEYX20200610-1,KEYX20200610_114041_V06,8,1.802,1.200,482,0,8.609,7,0,4.123
KEYX20200610-1,KEYX20200610_114041_V06,9,2.417,1.200,488,0,40.489,10,0,27.247
KEYX20200610-1,KEYX20200610_114041_V06,10,3.120,1.200,489,0,1.903,0,0,1.903
KEYX20200610-1,KEYX20200610_114041_V06,11,3.999,1.200,487,0,14.432,13,0,4.566
KEYX20200610-1,KEYX20200610_114041_V06,12,5.098,1.200,490,0,8.506,8,0,4.461
KEYX20200610-3,KEYX20200610_124354_V06,0,0.483,1.200,1078,0,28978.711,21,0,28838.199
KEYX20200610-3,KEYX20200610_124354_V06,2,0.879,1.200,1078,0,7550.190,44,0,7443.874
KEYX20200610-3,KEYX20200610_124354_V06,6,1.318,1.200,1077,0,173.637,59,0,75.610
KEYX20200610-3,KEYX20200610_124354_V06,8,1.802,1.200,537,0,23.695,15,0,11.237
KEYX20200610-3,KEYX20200610_124354_V06,9,2.417,1.200,537,0,30.675,17,0,14.458
KEYX20200610-3,KEYX20200610_124354_V06,10,3.120,1.200,538,0,7.610,2,0,5.305
KEYX20200610-3,KEYX20200610_124354_V06,11,3.999,1.200,538,0,6.788,5,0,3.523
KEYX20200610-3,KEYX20200610_124354_V06,12,5.098,1.200,540,0,24.287,6,0,3.727
KEYX20200612-1,KEYX20200612_114104_V06,0,0.483,1.200,404,5,53299.541,14,5,44850.770
KEYX20200612-1,KEYX20200612_114104_V06,2,0.879,1.200,402,0,772.772,24,0,230.441
KEYX20200612-1,KEYX20200612_114104_V06,6,1.318,1.200,402,0,276.382,31,0,124.332
KEYX20200612-1,KEYX20200612_114104_V06,8,1.802,1.200,203,0,31.464,8,0,11.769
KEYX20200612-1,KEYX20200612_114104_V06,9,2.417,1.200,206,0,57.302,4,0,50.514
KEYX20200612-1,KEYX20200612_114104_V06,10,3.120,1.200,202,0,15.348,7,0,8.239
KEYX20200612-1,KEYX20200612_114104_V06,11,3.999,1.200,203,0,4.736,1,0,3.984
KEYX20200612-1,KEYX20200612_114104_V06,12,5.098,1.200,202,0,7.566,1,0,4.519
KEYX20200613-1,KEYX20200613_131805_V06,0,0.483,1.200,1389,0,15161.753,14,0,14894.847
KEYX20200613-1,KEYX20200613_131805_V06,2,0.879,1.200,1389,0,868.098,48,0,793.597
KEYX20200613-1,KEYX20200613_131805_V06,6,1.318,1.200,1389,0,67.358,50,0,37.685
KEYX20200613-1,KEYX20200613_131805_V06,8,1.802,1.200,693,0,12.784,14,0,6.493
KEYX20200613-1,KEYX20200613_131805_V06,9,2.417,1.200,692,0,6.644,5,0,3.834
KEYX20200613-1,KEYX20200613_131805_V06,10,3.120,1.200,690,0,6.465,4,0,4.916
KEYX20200613-1,KEYX20200613_131805_V06,11,3.999,1.200,689,0,21.664,14,0,13.105
KEYX20200613-1,KEYX20200613_131805_V06,12,5.098,1.200,689,0,24.557,17,0,14.649
KEYX20200614-1,KEYX20200614_114422_V06,0,0.483,1.200,2940,0,4569.914,148,0,4067.250
KEYX20200614-1,KEYX20200614_114422_V06,2,0.879,1.200,2940,0,885.772,280,0,761.528
KEYX20200614-1,KEYX20200614_114422_V06,6,1.318,1.200,2941,0,431.968,220,0,249.687
KEYX20200614-1,KEYX20200614_114422_V06,8,1.802,1.200,1473,0,29.632,27,0,13.681
KEYX20200614-1,KEYX20200614_114422_V06,9,2.417,1.200,1471,0,8.680,7,0,6.485
KEYX20200614-1,KEYX20200614_114422_V06,10,3.120,1.200,1471,0,9.816,11,0,6.140
KEYX20200614-1,KEYX20200614_114422_V06,11,3.999,1.200,1474,0,29.411,19,0,18.118
KEYX20200614-1,KEYX20200614_114422_V06,12,5.098,1.200,1476,0,21.521,16,0,9.462
KEYX20200614-2,KEYX20200614_124534_V06,0,0.483,1.200,1070,2,6937.560,17,1,6691.646
KEYX20200614-2,KEYX20200614_124534_V06,2,0.879,1.200,1075,0,1313.818,13,0,1296.150
KEYX20200614-2,KEYX20200614_124534_V06,6,1.318,1.200,1074,0,492.640,26,0,305.608
KEYX20200614-2,KEYX20200614_124534_V06,8,1.802,1.200,536,0,8.097,5,0,5.970
KEYX20200614-2,KEYX20200614_124534_V06,9,2.417,1.200,536,0,43.575,10,0,1.401
KEYX20200614-2,KEYX20200614_124534_V06,10,3.120,1.200,535,0,5.137,5,0,2.989
KEYX20200614-2,KEYX20200614_124534_V06,11,3.999,1.200,534,0,11.992,11,0,6.403
KEYX20200614-2,KEYX20200614_124534_V06,12,5.098,1.200,533,0,7.221,3,0,5.117
KEYX20200616-1,KEYX20200616_114146_V06,0,0.483,1.200,238,0,61832.393,0,0,61832.393
KEYX20200616-1,KEYX20200616_114146_V06,2,0.879,1.200,238,0,22610.789,4,0,22604.358
KEYX20200616-1,KEYX20200616_114146_V06,6,1.318,1.200,240,0,77.974,0,0,77.974
KEYX20200616-1,KEYX20200616_114146_V06,8,1.802,1.200,120,0,7.601,0,0,7.601
KEYX20200616-1,KEYX20200616_114146_V06,9,2.417,1.200,121,0,7.252,0,0,7.252
KEYX20200616-1,KEYX20200616_114146_V06,10,3.120,1.200,120,0,29.649,1,0,7.405
KEYX20200616-1,KEYX20200616_115035_V06,0,0.483,1.200,1369,0,81044.835,92,0,79637.419
KEYX20200616-1,KEYX20200616_115035_V06,2,0.879,1.200,1370,0,25953.803,145,0,25424.565
KEYX20200616-1,KEYX20200616_115035_V06,6,1.318,1.200,1368,0,658.557,75,0,530.903
KEYX20200616-1,KEYX20200616_115035_V06,8,1.802,1.200,690,0,165.081,5,0,74.590
KEYX20200616-1,KEYX20200616_115035_V06,9,2.417,1.200,689,0,49.823,5,0,28.115
KEYX20200616-1,KEYX20200616_115035_V06,10,3.120,1.200,683,0,60.933,7,0,32.409
KEYX20200616-3,KEYX20200616_114146_V06,0,0.483,1.200,107,2,23823.228,2,2,21534.750
KEYX20200616-3,KEYX20200616_114146_V06,2,0.879,1.200,107,0,1917.217,4,0,1784.983
KEYX20200616-3,KEYX20200616_114146_V06,6,1.318,1.200,108,0,246.497,6,0,153.008
KEYX20200616-3,KEYX20200616_114146_V06,8,1.802,1.200,55,0,12.989,4,0,8.760
KEYX20200616-3,KEYX20200616_114146_V06,9,2.417,1.200,54,0,28.942,5,0,26.268
KEYX20200616-3,KEYX20200616_114146_V06,10,3.120,1.200,54,0,1.150,0,0,1.150
KEYX20200616-3,KEYX20200616_114146_V06,11,3.999,1.200,54,0,0.061,0,0,0.061
KEYX20200616-3,KEYX20200616_114146_V06,12,5.098,1.200,55,0,0.062,0,0,0.062
KEYX20200616-4,KEYX20200616_121702_V06,0,0.483,1.200,2552,1,51239.187,198,0,45433.497
KEYX20200616-4,KEYX20200616_121702_V06,2,0.879,1.200,2552,0,68919.382,234,0,61516.369
KEYX20200616-4,KEYX20200616_121702_V06,6,1.318,1.200,2554,0,6088.503,82,0,4161.031
KEYX20200616-4,KEYX20200616_121702_V06,8,1.802,1.200,1279,0,184.855,2,0,87.548
KEYX20200617-1,KEYX20200617_113553_V06,0,0.483,1.200,298,24,96113.363,14,18,92386.972
KEYX20200617-1,KEYX20200617_113553_V06,2,0.879,1.200,298,0,3835.014,15,0,3379.026
KEYX20200617-1,KEYX20200617_113553_V06,6,1.318,1.200,298,0,1137.323,13,0,1122.993
KEYX20200617-1,KEYX20200617_113553_V06,8,1.802,1.200,149,0,74.239,4,0,58.300
KEYX20200617-1,KEYX20200617_113553_V06,9,2.417,1.200,152,0,94.428,5,0,79.798
KEYX20200617-1,KEYX20200617_113553_V06,10,3.120,1.200,152,0,13.048,3,0,9.766
KEYX20200617-1,KEYX20200617_113553_V06,11,3.999,1.200,151,0,3.944,0,0,3.944
KEYX20200617-2,KEYX20200617_114434_V06,0,0.483,1.200,796,7,118854.338,14,6,117313.043
KEYX20200617-2,KEYX20200617_114434_V06,2,0.879,1.200,795,0,2674.869,48,0,2173.585
KEYX20200617-2,KEYX20200617_114434_V06,6,1.318,1.200,796,0,867.965,59,0,779.723
KEYX20200617-2,KEYX20200617_114434_V06,8,1.802,1.200,398,0,28.374,3,0,25.696
KEYX20200617-2,KEYX20200617_114434_V06,9,2.417,1.200,399,0,260.354,9,0,241.395
KEYX20200617-2,KEYX20200617_114434_V06,10,3.120,1.200,398,0,21.683,7,0,14.764
KEYX20200617-2,KEYX20200617_114434_V06,11,3.999,1.200,398,0,19.416,10,0,7.667
KEYX20200617-2,KEYX20200617_114434_V06,12,5.098,1.200,400,0,16.010,5,0,7.408
KEYX20200617-4,KEYX20200617_121923_V06,0,0.483,1.200,4639,0,3808.459,527,0,3041.719
KEYX20200617-4,KEYX20200617_121923_V06,2,0.879,1.200,4640,0,3103.565,575,0,2460.526
KEYX20200617-4,KEYX20200617_121923_V06,6,1.318,1.200,4645,0,595.169,465,0,292.759
KEYX20200617-4,KEYX20200617_121923_V06,8,1.802,1.200,2321,0,23.605,4,0,19.427
KEYX20200617-4,KEYX20200617_121923_V06,9,2.417,1.200,2321,0,4.604,0,0,4.604
KEYX20200617-4,KEYX20200617_121923_V06,10,3.120,1.200,2322,0,3.054,0,0,3.054
KEYX20200617-4,KEYX20200617_121923_V06,11,3.999,1.200,2328,0,3.067,0,0,3.067
KEYX20200620-1,KEYX20200620_120156_V06,0,0.483,1.200,1033,1,7601.524,41,1,7585.551
KEYX20200620-1,KEYX20200620_120156_V06,2,0.879,1.200,1033,0,1172.040,120,0,1110.067
KEYX20200620-1,KEYX20200620_120156_V06,6,1.318,1.200,1032,0,184.563,302,0,99.777
KEYX20200620-1,KEYX20200620_120156_V06,8,1.802,1.200,533,0,12.547,14,0,4.879
KEYX20200620-1,KEYX20200620_120156_V06,9,2.417,1.200,533,0,3.674,0,0,3.674
KEYX20200620-1,KEYX20200620_120156_V06,10,3.120,1.200,533,0,2.932,3,0,1.735
KEYX20200620-1,KEYX20200620_120156_V06,11,3.999,1.200,537,0,12.183,5,0,9.445
KEYX20200620-1,KEYX20200620_120156_V06,12,5.098,1.200,533,0,9.924,10,0,4.268
KEYX20200620-1,KEYX20200620_121044_V06,0,0.483,1.200,4599,1,8880.649,635,1,8439.928
KEYX20200620-1,KEYX20200620_121044_V06,2,0.879,1.200,4595,0,5764.438,967,0,5091.430
KEYX20200620-1,KEYX20200620_121044_V06,6,1.318,1.200,4598,0,1541.257,1069,0,1081.568
KEYX20200620-1,KEYX20200620_121044_V06,8,1.802,1.200,2301,0,85.470,62,0,28.298
KEYX20200620-1,KEYX20200620_121044_V06,9,2.417,1.200,2305,0,26.121,19,0,16.400
KEYX20200620-1,KEYX20200620_121044_V06,10,3.120,1.200,2309,0,35.547,13,0,17.836
KEYX20200620-1,KEYX20200620_121044_V06,11,3.999,1.200,2308,0,37.065,26,0,22.019
KEYX20200620-1,KEYX20200620_121044_V06,12,5.098,1.200,2317,0,46.962,25,0,29.073
KEYX20200620-1,KEYX20200620_121932_V06,0,0.483,1.200,764,0,11260.119,2,0,11183.467
KEYX20200620-1,KEYX20200620_121932_V06,2,0.879,1.200,764,0,3069.780,16,0,3058.846
KEYX20200620-1,KEYX20200620_121932_V06,6,1.318,1.200,764,0,1315.668,41,0,1214.772
KEYX20200620-1,KEYX20200620_121932_V06,8,1.802,1.200,381,0,107.183,26,0,91.928
KEYX20200620-1,KEYX20200620_121932_V06,9,2.417,1.200,382,0,4.648,3,0,3.422
KEYX20200620-1,KEYX20200620_121932_V06,10,3.120,1.200,381,0,1.916,2,0,1.155
KEYX20200620-1,KEYX20200620_121932_V06,11,3.999,1.200,385,0,5.026,7,0,2.064
KEYX20200620-1,KEYX20200620_121932_V06,12,5.098,1.200,382,0,2.747,4,0,1.510
KEYX20200620-1,KEYX20200620_122812_V06,0,0.483,1.200,4313,1,13985.797,157,0,13781.325
KEYX20200620-1,KEYX20200620_122812_V06,2,0.879,1.200,4310,0,9582.034,318,0,9291.055
KEYX20200620-1,KEYX20200620_122812_V06,6,1.318,1.200,4313,0,6753.854,684,0,5664.419
KEYX20200620-1,KEYX20200620_122812_V06,8,1.802,1.200,2156,0,1300.940,319,0,883.516
KEYX20200620-1,KEYX20200620_122812_V06,9,2.417,1.200,2160,0,187.323,104,0,124.796
KEYX20200620-1,KEYX20200620_122812_V06,10,3.120,1.200,2160,0,27.876,24,0,20.802
KEYX20200620-1,KEYX20200620_122812_V06,11,3.999,1.200,2167,0,29.186,28,0,18.579
KEYX20200620-1,KEYX20200620_122812_V06,12,5.098,1.200,2167,0,24.887,13,0,17.481
KEYX20200621-1,KEYX20200621_120119_V06,0,0.483,1.200,1682,0,11577.322,101,0,10993.403
KEYX20200621-1,KEYX20200621_120119_V06,2,0.879,1.200,1683,0,4355.973,243,0,4234.178
KEYX20200621-1,KEYX20200621_120119_V06,6,1.318,1.200,1684,0,257.139,108,0,102.359
KEYX20200621-1,KEYX20200621_120119_V06,8,1.802,1.200,841,0,13.917,14,0,5.651
KEYX20200621-1,KEYX20200621_120119_V06,9,2.417,1.200,847,0,7.732,4,0,5.114
KEYX20200621-1,KEYX20200621_120119_V06,10,3.120,1.200,847,0,11.102,2,0,8.580
KEYX20200621-1,KEYX20200621_120119_V06,11,3.999,1.200,846,0,17.073,15,0,10.647
KEYX20200621-1,KEYX20200621_120119_V06,12,5.098,1.200,843,0,10.661,3,0,9.895
KEYX20200622-3,KEYX20200622_121001_V06,0,0.483,1.200,1648,0,302313.818,304,0,282049.897
KEYX20200622-3,KEYX20200622_121001_V06,2,0.879,1.200,1648,0,337087.242,312,0,319556.340
KEYX20200622-3,KEYX20200622_121001_V06,6,1.318,1.200,1650,0,25855.938,228,0,18870.265
KEYX20200622-3,KEYX20200622_121001_V06,8,1.802,1.200,824,0,5.240,0,0,5.240
KEYX20200622-3,KEYX20200622_121850_V06,0,0.483,1.200,3472,0,292559.915,664,0,269557.635
KEYX20200622-3,KEYX20200622_121850_V06,2,0.879,1.200,3471,0,333939.581,677,0,301673.662
KEYX20200622-3,KEYX20200622_121850_V06,6,1.318,1.200,3472,0,21497.496,252,0,16516.179
KEYX20200622-3,KEYX20200622_121850_V06,8,1.802,1.200,1738,0,714.843,5,0,499.949
KEYX20200622-3,KEYX20200622_122730_V06,0,0.483,1.200,2587,0,254364.822,547,0,199737.565
KEYX20200622-3,KEYX20200622_122730_V06,2,0.879,1.200,2582,0,246493.632,559,0,222484.978
KEYX20200622-3,KEYX20200622_122730_V06,6,1.318,1.200,2586,0,22421.612,204,0,15246.651
KEYX20200622-3,KEYX20200622_122730_V06,8,1.802,1.200,1294,0,369.416,3,0,239.344
KEYX20200622-1,KEYX20200622_114349_V06,0,0.483,1.200,103,3,49477.589,0,3,49477.589
KEYX20200622-1,KEYX20200622_114349_V06,2,0.879,1.200,103,0,997.898,1,0,997.025
KEYX20200622-1,KEYX20200622_114349_V06,6,1.318,1.200,102,0,324.406,7,0,316.042
KEYX20200622-1,KEYX20200622_114349_V06,8,1.802,1.200,51,0,14.484,3,0,0.855
KEYX20200622-1,KEYX20200622_114349_V06,9,2.417,1.200,51,0,29.843,5,0,19.066
KEYX20200622-1,KEYX20200622_114349_V06,10,3.120,1.200,50,0,0.065,0,0,0.065
KEYX20200622-1,KEYX20200622_114349_V06,11,3.999,1.200,49,0,12.868,5,0,4.643
KEYX20200622-2,KEYX20200622_120126_V06,0,0.483,1.200,2056,0,176523.443,356,0,157119.271
KEYX20200622-2,KEYX20200622_120126_V06,2,0.879,1.200,2059,0,211918.708,386,0,180481.370
KEYX20200622-2,KEYX20200622_120126_V06,6,1.318,1.200,2059,0,25295.271,197,0,18032.178
KEYX20200622-2,KEYX20200622_120126_V06,8,1.802,1.200,1027,0,342.279,5,0,180.922
KEYX20200622-5,KEYX20200622_131056_V06,0,0.483,1.200,4107,0,168641.121,391,0,101284.767
KEYX20200622-5,KEYX20200622_131056_V06,2,0.879,1.200,4110,0,113245.862,424,0,98288.590
KEYX20200622-5,KEYX20200622_131056_V06,6,1.318,1.200,4111,0,18082.394,146,0,8934.139
KEYX20200622-5,KEYX20200622_131056_V06,8,1.802,1.200,2058,0,701.227,10,0,259.295
KEYX20200623-1,KEYX20200623_115030_V06,0,0.483,1.200,1539,2,9249.102,86,1,9169.990
KEYX20200623-1,KEYX20200623_115030_V06,2,0.879,1.200,1537,0,11820.770,283,0,11471.020
KEYX20200623-1,KEYX20200623_115030_V06,6,1.318,1.200,1538,0,356.917,310,0,228.105
KEYX20200623-1,KEYX20200623_115030_V06,8,1.802,1.200,774,0,34.710,22,0,20.885
KEYX20200623-1,KEYX20200623_115030_V06,9,2.417,1.200,775,0,12.070,14,0,3.883
KEYX20200623-1,KEYX20200623_115030_V06,10,3.120,1.200,774,0,3.939,3,0,1.967
KEYX20200623-1,KEYX20200623_115030_V06,11,3.999,1.200,776,0,10.897,3,0,7.752
KEYX20200623-1,KEYX20200623_115030_V06,12,5.098,1.200,780,0,24.577,20,0,11.332
KEYX20200623-1,KEYX20200623_120806_V06,0,0.483,1.200,4569,1,14820.025,936,1,13969.846
KEYX20200623-1,KEYX20200623_120806_V06,2,0.879,1.200,4569,1,5315.291,1660,1,3354.337
KEYX20200623-1,KEYX20200623_120806_V06,6,1.318,1.200,4570,0,1836.702,1273,0,930.777
KEYX20200623-1,KEYX20200623_120806_V06,8,1.802,1.200,2287,0,62.417,52,0,33.130
KEYX20200623-1,KEYX20200623_120806_V06,9,2.417,1.200,2289,0,34.754,14,0,9.220
KEYX20200623-1,KEYX20200623_120806_V06,10,3.120,1.200,2288,0,17.733,10,0,12.610
KEYX20200623-1,KEYX20200623_120806_V06,11,3.999,1.200,2295,0,36.479,38,0,18.624
KEYX20200623-1,KEYX20200623_120806_V06,12,5.098,1.200,2301,0,39.834,34,0,26.981
KEYX20200624-1,KEYX20200624_113754_V06,0,0.483,1.200,1441,0,8125.194,75,0,7147.269
KEYX20200624-1,KEYX20200624_113754_V06,2,0.879,1.200,1438,0,20535.703,53,0,19627.010
KEYX20200624-1,KEYX20200624_113754_V06,6,1.318,1.200,1441,0,3629.303,59,0,2921.588
KEYX20200624-1,KEYX20200624_113754_V06,8,1.802,1.200,718,0,3.427,0,0,3.427
KEYX20200625-1,KEYX20200625_121416_V06,0,0.483,1.200,1788,0,127087.965,304,0,114448.295
KEYX20200625-1,KEYX20200625_121416_V06,2,0.879,1.200,1790,0,115686.166,355,0,105547.427
KEYX20200625-1,KEYX20200625_121416_V06,6,1.318,1.200,1791,0,9719.466,117,0,7145.844
KEYX20200625-1,KEYX20200625_121416_V06,8,1.802,1.200,896,0,413.883,1,0,388.408
KEYX20200625-1,KEYX20200625_122256_V06,0,0.483,1.200,3878,0,166577.753,613,0,133072.962
KEYX20200625-1,KEYX20200625_122256_V06,2,0.879,1.200,3878,0,153174.523,666,0,104200.478
KEYX20200625-1,KEYX20200625_122256_V06,6,1.318,1.200,3881,0,12766.979,253,0,7181.200
KEYX20200625-1,KEYX20200625_122256_V06,8,1.802,1.200,1938,0,2277.115,15,0,164.608
KEYX20200626-2,KEYX20200626_120348_V06,0,0.483,1.200,951,1,12320.466,22,1,12274.138
KEYX20200626-2,KEYX20200626_120348_V06,2,0.879,1.200,951,0,2767.562,120,0,2639.118
KEYX20200626-2,KEYX20200626_120348_V06,6,1.318,1.200,952,0,276.404,67,0,175.754
KEYX20200626-2,KEYX20200626_120348_V06,8,1.802,1.200,493,0,18.013,10,0,10.978
KEYX20200626-2,KEYX20200626_120348_V06,9,2.417,1.200,493,0,5.217,2,0,3.282
KEYX20200626-2,KEYX20200626_120348_V06,10,3.120,1.200,493,0,2.859,3,0,1.027
KEYX20200626-2,KEYX20200626_120348_V06,11,3.999,1.200,489,0,11.557,7,0,6.590
KEYX20200626-2,KEYX20200626_120348_V06,12,5.098,1.200,493,0,10.938,10,0,3.683
KEYX20200627-1,KEYX20200627_113926_V06,0,0.483,1.200,39,0,2155.039,0,0,2155.039
KEYX20200627-1,KEYX20200627_113926_V06,2,0.879,1.200,39,0,182.828,0,0,182.828
KEYX20200627-1,KEYX20200627_113926_V06,6,1.318,1.200,36,0,0.048,0,0,0.048
KEYX20200627-1,KEYX20200627_113926_V06,8,1.802,1.200,18,0,0.048,0,0,0.048
KEYX20200627-1,KEYX20200627_113926_V06,9,2.417,1.200,19,0,0.051,0,0,0.051
KEYX20200627-1,KEYX20200627_113926_V06,10,3.120,1.200,19,0,0.051,0,0,0.051
KEYX20200627-2,KEYX20200627_123210_V06,0,0.483,1.200,8449,3,119942.557,823,3,83340.299
KEYX20200627-2,KEYX20200627_123210_V06,2,0.879,1.200,8451,0,13289.084,1076,0,11604.737
KEYX20200627-2,KEYX20200627_123210_V06,6,1.318,1.200,8457,0,5734.996,901,0,3888.667
KEYX20200627-2,KEYX20200627_123210_V06,8,1.802,1.200,4233,0,418.764,111,0,259.320
KEYX20200627-2,KEYX20200627_123210_V06,9,2.417,1.200,4233,0,249.705,49,0,115.157
KEYX20200627-2,KEYX20200627_123210_V06,10,3.120,1.200,4240,0,146.263,35,0,74.440
KEYX20200627-2,KEYX20200627_123210_V06,11,3.999,1.200,4242,0,151.093,40,0,85.695
KEYX20200627-4,KEYX20200627_124948_V06,0,0.483,1.200,1874,1,11984.085,91,1,9093.811
KEYX20200627-4,KEYX20200627_124948_V06,2,0.879,1.200,1875,0,12523.013,106,0,11712.822
KEYX20200627-4,KEYX20200627_124948_V06,6,1.318,1.200,1876,0,2945.023,388,0,2256.261
KEYX20200627-4,KEYX20200627_124948_V06,8,1.802,1.200,934,0,186.265,86,0,117.198
KEYX20200627-4,KEYX20200627_124948_V06,9,2.417,1.200,935,0,40.361,28,0,16.602
KEYX20200627-4,KEYX20200627_124948_V06,10,3.120,1.200,938,0,13.138,6,0,9.173
KEYX20200627-4,KEYX20200627_124948_V06,11,3.999,1.200,937,0,27.938,32,0,8.480
KEYX20200627-4,KEYX20200627_124948_V06,12,5.098,1.200,939,0,13.680,8,0,10.279
KEYX20200629-1,KEYX20200629_114646_V06,0,0.483,1.200,361,2,62138.272,9,2,61797.275
KEYX20200629-1,KEYX20200629_114646_V06,2,0.879,1.200,361,0,868.034,10,0,788.440
KEYX20200629-1,KEYX20200629_114646_V06,6,1.318,1.200,359,0,233.560,13,0,223.837
KEYX20200629-1,KEYX20200629_114646_V06,8,1.802,1.200,180,0,11.283,5,0,6.617
KEYX20200629-1,KEYX20200629_114646_V06,9,2.417,1.200,182,0,67.459,5,0,63.281
KEYX20200629-1,KEYX20200629_114646_V06,10,3.120,1.200,180,0,1.854,2,0,0.876
KEYX20200629-1,KEYX20200629_114646_V06,11,3.999,1.200,177,0,1.699,0,0,1.699
KEYX20200629-1,KEYX20200629_114646_V06,12,5.098,1.200,180,0,4.821,2,0,1.943
KEYX20200630-1,KEYX20200630_114040_V06,0,0.483,1.200,102,1,44717.924,6,1,36659.525
KEYX20200630-1,KEYX20200630_114040_V06,2,0.879,1.200,102,0,16.475,0,0,16.475
KEYX20200630-1,KEYX20200630_114040_V06,6,1.318,1.200,104,0,0.112,0,0,0.112
KEYX20200630-1,KEYX20200630_114040_V06,8,1.802,1.200,50,0,15.562,4,0,3.893
KEYX20200630-1,KEYX20200630_114040_V06,9,2.417,1.200,52,0,0.113,0,0,0.113
KEYX20200630-1,KEYX20200630_114040_V06,10,3.120,1.200,51,0,0.110,0,0,0.110
KEYX20200701-1,KEYX20200701_114441_V06,0,0.483,1.200,94,8,32574.471,0,8,32574.471
KEYX20200701-1,KEYX20200701_114441_V06,2,0.879,1.200,95,0,3473.223,1,0,3451.896
KEYX20200701-1,KEYX20200701_114441_V06,6,1.318,1.200,95,0,131.806,1,0,131.423
KEYX20200701-1,KEYX20200701_114441_V06,8,1.802,1.200,48,0,2.742,2,0,0.058
KEYX20200701-1,KEYX20200701_114441_V06,9,2.417,1.200,47,0,0.059,0,0,0.059
KEYX20200701-1,KEYX20200701_114441_V06,10,3.120,1.200,48,0,3.434,1,0,1.656
KEYX20200701-1,KEYX20200701_114441_V06,11,3.999,1.200,47,0,2.988,2,0,1.020
KEYX20200701-1,KEYX20200701_120218_V06,0,0.483,1.200,763,0,65828.603,55,0,15971.731
KEYX20200701-1,KEYX20200701_120218_V06,2,0.879,1.200,762,0,446.865,41,0,330.055
KEYX20200701-1,KEYX20200701_120218_V06,6,1.318,1.200,764,0,309.271,37,0,232.699
KEYX20200701-1,KEYX20200701_120218_V06,8,1.802,1.200,379,0,28.950,6,0,6.692
KEYX20200701-1,KEYX20200701_120218_V06,9,2.417,1.200,380,0,57.418,6,0,32.709
KEYX20200701-1,KEYX20200701_120218_V06,10,3.120,1.200,383,0,93.300,11,0,62.554
KEYX20200702-1,KEYX20200702_120509_V06,0,0.483,1.200,1403,0,5461.647,35,0,5369.193
KEYX20200702-1,KEYX20200702_120509_V06,2,0.879,1.200,1401,0,751.910,40,0,228.073
KEYX20200702-1,KEYX20200702_120509_V06,6,1.318,1.200,1400,0,142.546,55,0,88.427
KEYX20200702-1,KEYX20200702_120509_V06,8,1.802,1.200,699,0,6.896,5,0,4.790
KEYX20200702-1,KEYX20200702_120509_V06,9,2.417,1.200,699,0,7.774,5,0,3.836
KEYX20200702-1,KEYX20200702_120509_V06,10,3.120,1.200,700,0,9.470,4,0,3.898
KEYX20200702-1,KEYX20200702_120509_V06,11,3.999,1.200,705,0,15.270,12,0,10.585
KEYX20200702-1,KEYX20200702_120509_V06,12,5.098,1.200,704,0,11.131,5,0,8.035
KEYX20200705-1,KEYX20200705_122452_V06,0,0.483,1.200,2110,2,7072.470,253,1,6867.866
KEYX20200705-1,KEYX20200705_122452_V06,2,0.879,1.200,2108,0,4748.488,376,0,3872.804
KEYX20200705-1,KEYX20200705_122452_V06,6,1.318,1.200,2106,0,1137.677,233,0,677.864
KEYX20200705-1,KEYX20200705_122452_V06,8,1.802,1.200,1050,0,31.951,26,0,17.259
KEYX20200705-1,KEYX20200705_122452_V06,9,2.417,1.200,1050,0,134.574,15,0,10.299
KEYX20200705-1,KEYX20200705_122452_V06,10,3.120,1.200,1051,0,12.472,6,0,8.855
KEYX20200705-1,KEYX20200705_122452_V06,11,3.999,1.200,1050,0,23.802,11,0,14.210
KEYX20200705-1,KEYX20200705_122452_V06,12,5.098,1.200,1054,0,18.302,14,0,5.996
KEYX20200706-1,KEYX20200706_124111_V06,0,0.483,1.200,2370,0,5101.526,341,0,2920.934
KEYX20200706-1,KEYX20200706_124111_V06,2,0.879,1.200,2372,0,4871.338,350,0,2884.662
KEYX20200706-1,KEYX20200706_124111_V06,6,1.318,1.200,2373,0,99.109,19,0,46.941
KEYX20200706-1,KEYX20200706_124111_V06,8,1.802,1.200,1164,0,3.383,0,0,3.383
KEYX20200706-1,KEYX20200706_124111_V06,9,2.417,1.200,1165,0,3.389,0,0,3.389
KEYX20200706-1,KEYX20200706_124111_V06,10,3.120,1.200,1167,0,3.397,0,0,3.397
KEYX20200706-1,KEYX20200706_125001_V06,0,0.483,1.200,4537,0,7644.171,580,0,4395.945
KEYX20200706-1,KEYX20200706_125001_V06,2,0.879,1.200,4533,0,6804.430,656,0,3874.317
KEYX20200706-1,KEYX20200706_125001_V06,6,1.318,1.200,4538,0,188.794,31,0,118.908
KEYX20200706-1,KEYX20200706_125001_V06,8,1.802,1.200,2274,0,6.536,0,0,6.536
KEYX20200706-1,KEYX20200706_125001_V06,9,2.417,1.200,2273,0,6.536,0,0,6.536
KEYX20200706-1,KEYX20200706_125001_V06,10,3.120,1.200,2275,0,6.549,0,0,6.549
KEYX20200706-1,KEYX20200706_130738_V06,0,0.483,1.200,6834,0,8707.737,546,0,5988.879
KEYX20200706-1,KEYX20200706_130738_V06,2,0.879,1.200,6833,0,9075.596,743,0,5767.662
KEYX20200706-1,KEYX20200706_130738_V06,6,1.318,1.200,6836,0,497.335,111,0,313.853
KEYX20200706-1,KEYX20200706_130738_V06,8,1.802,1.200,3421,0,27.485,0,0,27.485
KEYX20200706-1,KEYX20200706_130738_V06,9,2.417,1.200,3421,0,12.661,0,0,12.661
KEYX20200706-1,KEYX20200706_130738_V06,10,3.120,1.200,3427,0,9.287,0,0,9.287
KEYX20200708-1,KEYX20200708_114923_V06,0,0.483,1.200,362,8,98322.411,23,5,58762.586
KEYX20200708-1,KEYX20200708_114923_V06,2,0.879,1.200,361,0,369.597,6,0,269.354
KEYX20200708-1,KEYX20200708_114923_V06,6,1.318,1.200,358,0,508.530,14,0,388.660
KEYX20200708-1,KEYX20200708_114923_V06,8,1.802,1.200,185,0,5.141,2,0,3.262
KEYX20200708-1,KEYX20200708_114923_V06,9,2.417,1.200,185,0,127.730,12,0,84.338
KEYX20200708-1,KEYX20200708_114923_V06,10,3.120,1.200,183,0,3.101,2,0,2.321
KEYX20200708-1,KEYX20200708_114923_V06,11,3.999,1.200,180,0,5.203,3,0,1.372
KEYX20200708-1,KEYX20200708_114923_V06,12,5.098,1.200,181,0,0.897,0,0,0.897
KEYX20200708-3,KEYX20200708_134309_V06,0,0.483,1.200,505,0,67425.729,10,0,66947.408
KEYX20200708-3,KEYX20200708_134309_V06,2,0.879,1.200,505,0,24480.864,15,0,24449.925
KEYX20200708-3,KEYX20200708_134309_V06,6,1.318,1.200,506,0,867.967,20,0,840.509
KEYX20200708-3,KEYX20200708_134309_V06,8,1.802,1.200,253,0,0.540,0,0,0.540
KEYX20200708-3,KEYX20200708_134309_V06,9,2.417,1.200,254,0,12.236,0,0,12.236
KEYX20200708-3,KEYX20200708_134309_V06,10,3.120,1.200,253,0,29.879,3,0,16.545
KEYX20200711-1,KEYX20200711_121100_V06,0,0.483,1.200,1055,2,13825.502,16,2,13814.388
KEYX20200711-1,KEYX20200711_121100_V06,2,0.879,1.200,1053,1,5823.089,31,1,5717.079
KEYX20200711-1,KEYX20200711_121100_V06,6,1.318,1.200,1054,0,164.919,62,0,124.253
KEYX20200711-1,KEYX20200711_121100_V06,8,1.802,1.200,521,0,17.250,11,0,6.215
KEYX20200711-1,KEYX20200711_121100_V06,9,2.417,1.200,520,0,5.642,7,0,0.452
KEYX20200711-1,KEYX20200711_121100_V06,10,3.120,1.200,521,0,4.349,4,0,0.456
KEYX20200711-1,KEYX20200711_121100_V06,11,3.999,1.200,517,0,16.559,12,0,7.195
KEYX20200711-1,KEYX20200711_121100_V06,12,5.098,1.200,523,0,6.930,1,0,6.589
KEYX20200711-1,KEYX20200711_121940_V06,0,0.483,1.200,7224,0,9311.797,1047,0,8544.536
KEYX20200711-1,KEYX20200711_121940_V06,2,0.879,1.200,7223,0,5194.234,1220,0,4501.019
KEYX20200711-1,KEYX20200711_121940_V06,6,1.318,1.200,7225,0,1428.374,988,0,1023.357
KEYX20200711-1,KEYX20200711_121940_V06,8,1.802,1.200,3611,0,75.263,87,0,34.434
KEYX20200711-1,KEYX20200711_121940_V06,9,2.417,1.200,3613,0,32.119,38,0,16.438
KEYX20200711-1,KEYX20200711_121940_V06,10,3.120,1.200,3613,0,31.394,31,0,20.720
KEYX20200711-1,KEYX20200711_121940_V06,11,3.999,1.200,3614,0,38.927,36,0,23.582
KEYX20200711-1,KEYX20200711_121940_V06,12,5.098,1.200,3628,0,62.805,41,0,29.769
KEYX20200711-1,KEYX20200711_122830_V06,0,0.483,1.200,2283,0,11216.051,165,0,9234.978
KEYX20200711-1,KEYX20200711_122830_V06,2,0.879,1.200,2284,0,4232.604,290,0,3549.928
KEYX20200711-1,KEYX20200711_122830_V06,6,1.318,1.200,2282,0,2063.860,399,0,1441.200
KEYX20200711-1,KEYX20200711_122830_V06,8,1.802,1.200,1138,0,58.125,40,0,29.929
KEYX20200711-1,KEYX20200711_122830_V06,9,2.417,1.200,1137,0,11.117,9,0,7.044
KEYX20200711-1,KEYX20200711_122830_V06,10,3.120,1.200,1141,0,9.004,10,0,4.054
KEYX20200711-1,KEYX20200711_122830_V06,11,3.999,1.200,1140,0,19.897,21,0,10.861
KEYX20200711-1,KEYX20200711_122830_V06,12,5.098,1.200,1143,0,17.489,13,0,10.557
KEYX20200714-1,KEYX20200714_114750_V06,0,0.483,1.200,472,21,130384.715,14,20,108098.247
KEYX20200714-1,KEYX20200714_114750_V06,2,0.879,1.200,473,0,40902.014,12,0,40287.902
KEYX20200714-1,KEYX20200714_114750_V06,6,1.318,1.200,471,0,3137.209,15,0,3095.176
KEYX20200714-1,KEYX20200714_114750_V06,8,1.802,1.200,235,0,137.204,5,0,122.472
KEYX20200714-1,KEYX20200714_114750_V06,9,2.417,1.200,234,0,124.310,1,0,122.852
KEYX20200714-1,KEYX20200714_114750_V06,10,3.120,1.200,236,0,128.940,20,0,8.002
KEYX20200714-1,KEYX20200714_114750_V06,11,3.999,1.200,236,0,13.894,2,0,11.980
KEYX20200714-3,KEYX20200714_130858_V06,0,0.483,1.200,150,9,64369.579,4,9,59182.063
KEYX20200714-3,KEYX20200714_130858_V06,2,0.879,1.200,150,0,324.552,4,0,314.648
KEYX20200714-3,KEYX20200714_130858_V06,6,1.318,1.200,149,0,757.956,2,0,756.770
KEYX20200714-3,KEYX20200714_130858_V06,8,1.802,1.200,73,0,93.833,10,0,61.577
KEYX20200714-3,KEYX20200714_130858_V06,9,2.417,1.200,73,0,130.708,5,0,84.041
KEYX20200714-3,KEYX20200714_130858_V06,10,3.120,1.200,75,0,12.197,0,0,12.197
KEYX20200714-3,KEYX20200714_130858_V06,11,3.999,1.200,75,0,0.485,0,0,0.485
KEYX20200714-3,KEYX20200714_130858_V06,12,5.098,1.200,76,0,1.442,0,0,1.442
KEYX20200716-1,KEYX20200716_124032_V06,0,0.483,1.200,2018,2,7528.134,201,1,7100.556
KEYX20200716-1,KEYX20200716_124032_V06,2,0.879,1.200,2019,0,3084.074,456,0,2275.926
KEYX20200716-1,KEYX20200716_124032_V06,6,1.318,1.200,2017,0,727.284,367,0,486.456
KEYX20200716-1,KEYX20200716_124032_V06,8,1.802,1.200,1009,0,94.305,27,0,61.769
KEYX20200716-1,KEYX20200716_124032_V06,9,2.417,1.200,1009,0,27.851,11,0,21.862
KEYX20200716-1,KEYX20200716_124032_V06,10,3.120,1.200,1010,0,16.391,10,0,9.941
KEYX20200716-1,KEYX20200716_124032_V06,11,3.999,1.200,1014,0,24.742,20,0,13.531
KEYX20200716-1,KEYX20200716_124032_V06,12,5.098,1.200,1018,0,57.468,36,0,22.420
KEYX20200718-1,KEYX20200718_123510_V06,0,0.483,1.200,2237,0,7704.871,302,0,7286.216
KEYX20200718-1,KEYX20200718_123510_V06,2,0.879,1.200,2237,0,5149.464,403,0,4718.797
KEYX20200718-1,KEYX20200718_123510_V06,4,1.318,1.200,2237,0,1889.803,213,0,1204.347
KEYX20200718-1,KEYX20200718_123510_V06,6,1.802,1.200,1122,0,146.283,27,0,66.966
KEYX20200718-1,KEYX20200718_123510_V06,7,2.417,1.200,1120,0,34.250,9,0,17.064
KEYX20200718-1,KEYX20200718_123510_V06,8,3.120,1.200,1124,0,14.874,4,0,12.574
KEYX20200718-1,KEYX20200718_123510_V06,9,3.999,1.200,1124,0,25.385,24,0,11.383
KEYX20200718-1,KEYX20200718_123510_V06,10,5.098,1.200,1130,0,18.656,12,0,12.362
KEYX20200721-1,KEYX20200721_124044_V06,0,0.483,1.200,1080,0,4342.215,70,0,2622.851
KEYX20200721-1,KEYX20200721_124044_V06,2,0.879,1.200,1080,0,4641.181,93,0,2863.079
KEYX20200721-1,KEYX20200721_124044_V06,4,1.318,1.200,1082,0,528.662,15,0,306.750
KEYX20200721-1,KEYX20200721_124044_V06,6,1.802,1.200,548,0,43.063,1,0,19.398
KEYX20200722-1,KEYX20200722_140554_V06,0,0.483,1.200,361,0,2070.197,97,0,1615.397
KEYX20200722-1,KEYX20200722_140554_V06,2,0.879,1.200,360,0,1738.686,83,0,1439.464
KEYX20200722-1,KEYX20200722_140554_V06,4,1.318,1.200,360,0,89.529,44,0,55.788
KEYX20200722-1,KEYX20200722_140554_V06,6,1.802,1.200,177,0,0.339,0,0,0.339
KEYX20200722-1,KEYX20200722_140554_V06,7,2.417,1.200,175,0,0.335,0,0,0.335
KEYX20200722-1,KEYX20200722_140554_V06,8,3.120,1.200,176,0,0.338,0,0,0.338
KEYX20200725-1,KEYX20200725_123815_V06,0,0.483,1.200,1449,1,13603.725,45,1,13475.029
KEYX20200725-1,KEYX20200725_123815_V06,2,0.879,1.200,1448,0,5818.560,161,0,5448.488
KEYX20200725-1,KEYX20200725_123815_V06,4,1.318,1.200,1448,0,1014.002,206,0,863.032
KEYX20200725-1,KEYX20200725_123815_V06,6,1.802,1.200,717,0,78.079,12,0,40.102
KEYX20200725-1,KEYX20200725_123815_V06,7,2.417,1.200,720,0,5.336,6,0,1.297
KEYX20200725-1,KEYX20200725_123815_V06,8,3.120,1.200,720,0,5.773,1,0,5.123
KEYX20200725-1,KEYX20200725_123815_V06,9,3.999,1.200,719,0,18.355,8,0,11.933
KEYX20200725-1,KEYX20200725_123815_V06,10,5.098,1.200,720,0,24.854,19,0,9.553
KEYX20200725-3,KEYX20200725_130637_V06,0,0.483,1.200,5685,0,9828.789,1782,0,6633.831
KEYX20200725-3,KEYX20200725_130637_V06,2,0.879,1.200,5686,0,10681.200,1968,0,6448.937
KEYX20200725-3,KEYX20200725_130637_V06,4,1.318,1.200,5685,0,1516.907,1484,0,905.391
KEYX20200725-3,KEYX20200725_130637_V06,6,1.802,1.200,2849,0,40.598,84,0,21.637
KEYX20200725-3,KEYX20200725_130637_V06,7,2.417,1.200,2846,0,5.988,8,0,4.614
KEYX20200725-3,KEYX20200725_130637_V06,8,3.120,1.200,2850,0,4.616,6,0,3.982
KEYX20200725-3,KEYX20200725_130637_V06,9,3.999,1.200,2853,0,2.029,0,0,2.029
KEYX20200725-3,KEYX20200725_130637_V06,10,5.098,1.200,2859,0,119.030,5,0,2.774
KEYX20200725-3,KEYX20200725_130637_V06,11,6.416,1.200,2864,0,2.219,0,0,2.219
KEYX20200725-4,KEYX20200725_134217_V06,0,0.483,1.200,1530,0,12676.191,151,0,11910.127
KEYX20200725-4,KEYX20200725_134217_V06,2,0.879,1.200,1529,0,7418.044,304,0,5875.494
KEYX20200725-4,KEYX20200725_134217_V06,4,1.318,1.200,1531,0,1229.234,435,0,806.978
KEYX20200725-4,KEYX20200725_134217_V06,6,1.802,1.200,768,0,46.410,26,0,23.583
KEYX20200725-4,KEYX20200725_134217_V06,7,2.417,1.200,767,0,15.100,13,0,5.711
KEYX20200725-4,KEYX20200725_134217_V06,8,3.120,1.200,770,0,17.547,4,0,8.840
KEYX20200725-4,KEYX20200725_134217_V06,9,3.999,1.200,767,0,17.959,20,0,8.491
KEYX20200725-4,KEYX20200725_134217_V06,10,5.098,1.200,767,0,14.825,11,0,9.503
KEYX20200728-1,KEYX20200728_120430_V06,0,0.483,1.200,793,0,30628.330,27,0,26676.472
KEYX20200728-1,KEYX20200728_120430_V06,2,0.879,1.200,795,0,22743.470,27,0,21212.644
KEYX20200728-1,KEYX20200728_120430_V06,4,1.318,1.200,795,0,2160.223,24,0,1722.819
KEYX20200728-1,KEYX20200728_120430_V06,6,1.802,1.200,395,0,81.802,3,0,2.638
KEYX20200728-1,KEYX20200728_121132_V06,0,0.483,1.200,1777,0,31991.097,44,0,29175.733
KEYX20200728-1,KEYX20200728_121132_V06,2,0.879,1.200,1777,0,17662.126,33,0,16384.986
KEYX20200728-1,KEYX20200728_121132_V06,4,1.318,1.200,1775,0,1961.080,28,0,1194.440
KEYX20200728-1,KEYX20200728_121132_V06,6,1.802,1.200,892,0,524.576,3,0,397.983
KEYX20200728-1,KEYX20200728_121842_V06,0,0.483,1.200,919,0,11167.473,19,0,10680.758
KEYX20200728-1,KEYX20200728_121842_V06,2,0.879,1.200,916,0,9888.663,23,0,9283.462
KEYX20200728-1,KEYX20200728_121842_V06,4,1.318,1.200,914,0,936.018,13,0,733.301
KEYX20200729-1,KEYX20200729_120038_V06,0,0.483,1.200,1373,0,16837.906,53,0,15556.229
KEYX20200729-1,KEYX20200729_120038_V06,2,0.879,1.200,1374,0,11326.391,54,0,10263.458
KEYX20200729-1,KEYX20200729_120038_V06,4,1.318,1.200,1372,0,51.591,1,0,44.935
KEYX20200729-1,KEYX20200729_120038_V06,6,1.802,1.200,687,0,4.107,0,0,4.107
KEYX20200729-2,KEYX20200729_130434_V06,0,0.483,1.200,5040,1,16159.708,1044,1,12363.485
KEYX20200729-2,KEYX20200729_130434_V06,2,0.879,1.200,5037,0,8374.457,1483,0,6086.898
KEYX20200729-2,KEYX20200729_130434_V06,4,1.318,1.200,5040,0,1224.566,756,0,840.476
KEYX20200729-2,KEYX20200729_130434_V06,6,1.802,1.200,2520,0,165.758,65,0,72.599
KEYX20200729-2,KEYX20200729_130434_V06,7,2.417,1.200,2521,0,136.226,39,0,78.745
KEYX20200729-2,KEYX20200729_130434_V06,8,3.120,1.200,2519,0,60.209,31,0,29.989
KEYX20200729-2,KEYX20200729_130434_V06,9,3.999,1.200,2524,0,31.373,24,0,15.343
KEYX20200729-2,KEYX20200729_130434_V06,10,5.098,1.200,2531,0,64.833,42,0,38.564
KEYX20200803-1,KEYX20200803_130023_V06,0,0.483,1.200,383,0,98138.224,4,0,98120.606
KEYX20200803-1,KEYX20200803_130023_V06,2,0.879,1.200,383,0,28613.664,3,0,28600.006
KEYX20200803-1,KEYX20200803_130023_V06,4,1.318,1.200,383,0,982.416,14,0,892.001
KEYX20200803-1,KEYX20200803_130023_V06,6,1.802,1.200,191,0,39.993,2,0,25.612
KEYX20200803-1,KEYX20200803_130023_V06,7,2.417,1.200,192,0,25.686,5,0,2.992
KEYX20200803-1,KEYX20200803_130023_V06,8,3.120,1.200,191,0,48.288,5,0,32.546
KEYX20200803-1,KEYX20200803_130731_V06,0,0.483,1.200,1807,0,106693.792,110,0,99570.628
KEYX20200803-1,KEYX20200803_130731_V06,2,0.879,1.200,1804,0,63850.937,148,0,47069.491
KEYX20200803-1,KEYX20200803_130731_V06,4,1.318,1.200,1807,0,2166.181,181,0,1708.963
KEYX20200803-1,KEYX20200803_130731_V06,6,1.802,1.200,907,0,331.933,25,0,248.291
KEYX20200803-1,KEYX20200803_130731_V06,7,2.417,1.200,910,0,156.366,10,0,56.942
KEYX20200803-1,KEYX20200803_130731_V06,8,3.120,1.200,906,0,61.286,2,0,17.905
KEYX20200805-2,KEYX20200805_141030_V06,0,0.483,1.200,625,0,85005.312,19,0,84940.682
KEYX20200805-2,KEYX20200805_141030_V06,2,0.879,1.200,625,0,36051.996,54,0,35898.447
KEYX20200805-2,KEYX20200805_141030_V06,4,1.318,1.200,622,0,3069.694,63,0,2827.395
KEYX20200805-2,KEYX20200805_141030_V06,6,1.802,1.200,311,0,144.820,3,0,100.771
KEYX20200805-2,KEYX20200805_141030_V06,7,2.417,1.200,314,0,0.674,0,0,0.674
KEYX20200805-2,KEYX20200805_141030_V06,8,3.120,1.200,312,0,14.773,1,0,11.779
KEYX20200807-1,KEYX20200807_120803_V06,0,0.483,1.200,87,1,33977.913,0,1,33977.913
KEYX20200807-1,KEYX20200807_120803_V06,2,0.879,1.200,87,0,4384.604,0,0,4384.604
KEYX20200807-1,KEYX20200807_120803_V06,4,1.318,1.200,85,0,191.664,2,0,190.964
KEYX20200807-1,KEYX20200807_120803_V06,6,1.802,1.200,43,0,84.133,4,0,69.267
KEYX20200807-1,KEYX20200807_120803_V06,7,2.417,1.200,43,0,73.376,2,0,61.655
KEYX20200807-1,KEYX20200807_120803_V06,8,3.120,1.200,45,0,2.681,1,0,1.655
KEYX20200807-1,KEYX20200807_120803_V06,9,3.999,1.200,44,0,0.057,0,0,0.057
KEYX20200809-1,KEYX20200809_121225_V06,0,0.483,1.200,943,0,57607.359,43,0,56607.544
KEYX20200809-1,KEYX20200809_121225_V06,2,0.879,1.200,945,0,42240.389,25,0,41602.506
KEYX20200809-1,KEYX20200809_121225_V06,4,1.318,1.200,946,0,2480.930,35,0,1659.525
KEYX20200809-1,KEYX20200809_121225_V06,6,1.802,1.200,474,0,240.697,3,0,133.249
KEYX20200809-1,KEYX20200809_121935_V06,0,0.483,1.200,1762,0,66550.144,65,0,64958.124
KEYX20200809-1,KEYX20200809_121935_V06,2,0.879,1.200,1765,0,39834.971,40,0,38717.179
KEYX20200809-1,KEYX20200809_121935_V06,4,1.318,1.200,1765,0,6244.326,50,0,3978.694
KEYX20200809-1,KEYX20200809_121935_V06,6,1.802,1.200,883,0,297.479,4,0,146.151
KEYX20200809-1,KEYX20200809_122638_V06,0,0.483,1.200,758,0,106410.927,48,0,102456.895
KEYX20200809-1,KEYX20200809_122638_V06,2,0.879,1.200,759,0,60895.856,45,0,59526.795
KEYX20200809-1,KEYX20200809_122638_V06,4,1.318,1.200,757,0,5215.317,34,0,3478.036
KEYX20200809-1,KEYX20200809_122638_V06,6,1.802,1.200,381,0,1435.213,5,0,56.656
KEYX20200809-1,KEYX20200809_123347_V06,0,0.483,1.200,1603,0,86461.772,56,0,84965.005
KEYX20200809-1,KEYX20200809_123347_V06,2,0.879,1.200,1601,0,39023.570,52,0,37193.340
KEYX20200809-1,KEYX20200809_123347_V06,4,1.318,1.200,1600,0,4833.509,34,0,2562.626
KEYX20200809-1,KEYX20200809_123347_V06,6,1.802,1.200,803,0,139.770,0,0,139.770
KEYX20200809-1,KEYX20200809_124050_V06,0,0.483,1.200,798,0,35476.478,26,0,34739.200
KEYX20200809-1,KEYX20200809_124050_V06,2,0.879,1.200,797,0,30768.404,29,0,29087.619
KEYX20200809-1,KEYX20200809_124050_V06,4,1.318,1.200,798,0,2709.166,31,0,1867.687
KEYX20200809-1,KEYX20200809_124050_V06,6,1.802,1.200,402,0,2650.980,10,0,156.399
KEYX20200810-1,KEYX20200810_121022_V06,0,0.483,1.200,1148,0,47821.836,33,0,47016.059
KEYX20200810-1,KEYX20200810_121022_V06,2,0.879,1.200,1149,0,44170.087,29,0,42064.774
KEYX20200810-1,KEYX20200810_121022_V06,4,1.318,1.200,1151,0,2505.320,30,0,1719.090
KEYX20200810-1,KEYX20200810_121730_V06,0,0.483,1.200,870,0,48030.910,18,0,47643.332
KEYX20200810-1,KEYX20200810_121730_V06,2,0.879,1.200,873,0,22146.631,19,0,21538.099
KEYX20200810-1,KEYX20200810_121730_V06,4,1.318,1.200,873,0,1453.682,21,0,907.582
KEYX20200815-1,KEYX20200815_121548_V06,0,0.483,1.200,42,0,5316.953,0,0,5316.953
KEYX20200815-1,KEYX20200815_121548_V06,2,0.879,1.200,43,0,294.096,0,0,294.096
KEYX20200815-1,KEYX20200815_121548_V06,6,1.318,1.200,44,0,5.089,0,0,5.089
KEYX20200815-1,KEYX20200815_121548_V06,8,1.802,1.200,21,0,0.058,0,0,0.058
KEYX20200815-1,KEYX20200815_121548_V06,9,2.417,1.200,21,0,0.058,0,0,0.058
KEYX20200815-1,KEYX20200815_121548_V06,10,3.120,1.200,20,0,0.055,0,0,0.055
KEYX20200816-1,KEYX20200816_121923_V06,0,0.483,1.200,737,0,34104.068,24,0,33526.796
KEYX20200816-1,KEYX20200816_121923_V06,2,0.879,1.200,739,0,19943.658,25,0,19422.536
KEYX20200816-1,KEYX20200816_121923_V06,6,1.318,1.200,738,0,922.925,13,0,475.385
KEYX20200816-1,KEYX20200816_121923_V06,8,1.802,1.200,366,0,2.432,0,0,2.432
KEYX20200816-1,KEYX20200816_122810_V06,0,0.483,1.200,1858,0,37890.425,90,0,35383.565
KEYX20200816-1,KEYX20200816_122810_V06,2,0.879,1.200,1858,0,28660.157,62,0,27317.874
KEYX20200816-1,KEYX20200816_122810_V06,6,1.318,1.200,1857,0,4619.499,35,0,1932.951
KEYX20200816-1,KEYX20200816_122810_V06,8,1.802,1.200,928,0,652.727,10,0,278.060
KEYX20200819-1,KEYX20200819_124239_V06,0,0.483,1.200,7813,3,244232.450,427,2,180699.591
KEYX20200819-1,KEYX20200819_124239_V06,2,0.879,1.200,7817,0,44300.091,741,0,18544.502
KEYX20200819-1,KEYX20200819_124239_V06,6,1.318,1.200,7823,0,22491.408,707,0,4699.449
KEYX20200819-1,KEYX20200819_124239_V06,8,1.802,1.200,3907,0,1777.259,106,0,327.475
KEYX20200819-1,KEYX20200819_124239_V06,9,2.417,1.200,3909,0,781.195,75,0,172.473
KEYX20200819-1,KEYX20200819_124239_V06,10,3.120,1.200,3916,0,838.077,83,0,396.572
KEYX20200822-2,KEYX20200822_140607_V06,0,0.483,1.200,9410,6,184907.903,1233,5,161288.740
KEYX20200822-2,KEYX20200822_140607_V06,2,0.879,1.200,9413,0,24399.032,1508,0,9443.360
KEYX20200822-2,KEYX20200822_140607_V06,6,1.318,1.200,9408,0,24213.018,1351,0,6590.543
KEYX20200822-2,KEYX20200822_140607_V06,8,1.802,1.200,4714,0,10918.168,358,0,1603.678
KEYX20200822-2,KEYX20200822_140607_V06,9,2.417,1.200,4710,0,12603.014,331,0,769.391
KEYX20200822-2,KEYX20200822_140607_V06,10,3.120,1.200,4710,0,13931.911,322,0,1626.617
KEYX20200822-2,KEYX20200822_140607_V06,11,3.999,1.200,4715,0,21265.993,426,0,2875.147
KEYX20200822-2,KEYX20200822_141454_V06,0,0.483,1.200,16238,35,280127.980,1990,34,248501.997
KEYX20200822-2,KEYX20200822_141454_V06,2,0.879,1.200,16245,0,38971.367,2432,0,19875.704
KEYX20200822-2,KEYX20200822_141454_V06,6,1.318,1.200,16254,0,35756.687,2390,0,10953.299
KEYX20200822-2,KEYX20200822_141454_V06,8,1.802,1.200,8133,0,23799.020,652,0,1375.977
KEYX20200822-2,KEYX20200822_141454_V06,9,2.417,1.200,8134,0,29886.719,607,0,1835.288
KEYX20200822-2,KEYX20200822_141454_V06,10,3.120,1.200,8139,0,34528.293,719,0,5336.557
KEYX20200822-2,KEYX20200822_141454_V06,11,3.999,1.200,8153,0,53837.865,971,0,5153.378
KEYX20200822-1,KEYX20200822_134007_V06,0,0.483,1.200,6986,2,83385.260,707,2,77673.900
KEYX20200822-1,KEYX20200822_134007_V06,2,0.879,1.200,6990,0,22413.968,1002,0,8275.849
KEYX20200822-1,KEYX20200822_134007_V06,6,1.318,1.200,6994,0,21245.557,981,0,8484.041
KEYX20200822-1,KEYX20200822_134007_V06,8,1.802,1.200,3498,0,7873.847,228,0,1337.190
KEYX20200822-1,KEYX20200822_134007_V06,9,2.417,1.200,3504,0,10984.612,276,0,1325.577
KEYX20200822-1,KEYX20200822_134007_V06,10,3.120,1.200,3503,0,29484.958,371,0,6043.406
KEYX20200901-1,KEYX20200901_122420_V06,0,0.483,1.200,388,0,148934.480,36,0,147286.164
KEYX20200901-1,KEYX20200901_122420_V06,2,0.879,1.200,388,0,43418.040,25,0,42211.404
KEYX20200901-1,KEYX20200901_122420_V06,6,1.318,1.200,388,0,1296.102,13,0,950.291
KEYX20200901-1,KEYX20200901_122420_V06,8,1.802,1.200,193,0,219.538,4,0,66.640
KEYX20200903-1,KEYX20200903_131749_V06,0,0.483,1.200,7156,26,137803.397,51,25,137309.848
KEYX20200903-1,KEYX20200903_131749_V06,2,0.879,1.200,7156,0,40733.717,122,0,38967.906
KEYX20200903-1,KEYX20200903_131749_V06,6,1.318,1.200,7161,0,12277.707,451,0,11358.389
KEYX20200903-1,KEYX20200903_131749_V06,8,1.802,1.200,3583,0,816.748,107,0,535.168
KEYX20200903-1,KEYX20200903_131749_V06,9,2.417,1.200,3580,0,289.373,33,0,196.398
KEYX20200903-1,KEYX20200903_131749_V06,10,3.120,1.200,3581,0,122.458,31,0,69.533
KEYX20200903-1,KEYX20200903_131749_V06,11,3.999,1.200,3586,0,153.195,37,0,102.432
KEYX20200904-1,KEYX20200904_133851_V06,0,0.483,1.200,18841,0,197288.445,766,0,193907.992
KEYX20200904-1,KEYX20200904_133851_V06,2,0.879,1.200,18845,0,52256.743,852,0,45622.909
KEYX20200904-1,KEYX20200904_133851_V06,6,1.318,1.200,18842,0,20204.209,1264,0,17811.902
KEYX20200904-1,KEYX20200904_133851_V06,8,1.802,1.200,9419,0,5669.418,712,0,4054.996
KEYX20200904-1,KEYX20200904_133851_V06,9,2.417,1.200,9429,0,1682.885,425,0,1067.877
KEYX20200904-1,KEYX20200904_133851_V06,10,3.120,1.200,9436,0,381.048,159,0,216.006
KEYX20200904-1,KEYX20200904_133851_V06,11,3.999,1.200,9447,0,69.931,39,0,51.464
KEYX20200904-1,KEYX20200904_133851_V06,12,5.098,1.200,9461,0,159.693,29,0,111.150
KEYX20200913-1,KEYX20200913_132407_V06,0,0.483,1.200,881,0,1086003.315,6,0,1085714.125
KEYX20200913-1,KEYX20200913_132407_V06,2,0.879,1.200,884,0,2648278.555,5,0,2648056.245
KEYX20200913-1,KEYX20200913_133255_V06,0,0.483,1.200,2070,0,592656.338,4,0,592486.988
KEYX20200913-1,KEYX20200913_133255_V06,2,0.879,1.200,2071,0,1215907.213,2,0,1215860.518
KEYX20200913-1,KEYX20200913_134143_V06,0,0.483,1.200,719,0,652791.950,9,0,652308.256
KEYX20200913-1,KEYX20200913_134143_V06,2,0.879,1.200,719,0,1271328.604,6,0,1271030.619
KEYX20200913-3,KEYX20200913_143428_V06,0,0.483,1.200,515,0,1357534.518,3,0,1357375.122
KEYX20200913-3,KEYX20200913_143428_V06,2,0.879,1.200,518,0,2851925.454,1,0,2851870.803
KEYX20200913-3,KEYX20200913_144317_V06,0,0.483,1.200,1270,0,2144724.281,9,0,2144139.873
KEYX20200913-3,KEYX20200913_144317_V06,2,0.879,1.200,1272,0,4766180.677,10,0,4765837.694
KEYX20200914-2,KEYX20200914_140214_V06,0,0.483,1.200,295,0,789396.967,2,0,789330.714
KEYX20200914-2,KEYX20200914_140214_V06,2,0.879,1.200,297,0,1789938.194,0,0,1789938.194
KEYX20200914-2,KEYX20200914_140214_V06,6,1.318,1.200,296,0,546143.314,2,0,546112.779
KEYX20200914-2,KEYX20200914_141102_V06,0,0.483,1.200,1013,0,1377024.346,4,0,1376912.255
KEYX20200914-2,KEYX20200914_141102_V06,2,0.879,1.200,1009,0,3027619.575,4,0,3027464.661
KEYX20200914-2,KEYX20200914_141102_V06,6,1.318,1.200,1013,0,648440.362,7,0,648291.043
KEYX20200914-2,KEYX20200914_141950_V06,0,0.483,1.200,634,0,1517609.795,3,0,1517427.301
KEYX20200914-2,KEYX20200914_141950_V06,2,0.879,1.200,634,0,2241959.243,4,0,2241856.238
KEYX20200914-2,KEYX20200914_142838_V06,0,0.483,1.200,1285,0,760871.405,9,0,760480.253
KEYX20200914-2,KEYX20200914_142838_V06,2,0.879,1.200,1287,0,1255051.767,10,0,1254756.334
KEYX20200914-2,KEYX20200914_143726_V06,0,0.483,1.200,750,0,562013.623,5,0,561771.605
KEYX20200914-2,KEYX20200914_143726_V06,2,0.879,1.200,751,0,967934.173,11,0,967376.421
KEYX20200916-1,KEYX20200916_124348_V06,0,0.483,1.200,167,0,407895.808,0,0,407895.808
KEYX20200916-1,KEYX20200916_124348_V06,2,0.879,1.200,166,0,685017.570,1,0,684909.868
KEYX20200916-1,KEYX20200916_124348_V06,6,1.318,1.200,166,0,79603.762,2,0,79542.357
KEYX20200916-3,KEYX20200916_134520_V06,0,0.483,1.200,299,0,118315.218,2,0,118270.926
KEYX20200916-3,KEYX20200916_134520_V06,2,0.879,1.200,301,0,204005.243,6,0,203818.962
KEYX20200916-3,KEYX20200916_134520_V06,6,1.318,1.200,301,0,52994.556,6,0,52821.881
KEYX20200917-1,KEYX20200917_132806_V06,0,0.483,1.200,10952,28,173724.619,605,25,158011.906
KEYX20200917-1,KEYX20200917_132806_V06,2,0.879,1.200,10953,2,42894.906,768,1,36972.645
KEYX20200917-1,KEYX20200917_132806_V06,6,1.318,1.200,10955,0,6588.753,724,0,5130.020
KEYX20200917-1,KEYX20200917_132806_V06,8,1.802,1.200,5483,0,352.594,90,0,191.631
KEYX20200917-1,KEYX20200917_132806_V06,9,2.417,1.200,5483,0,499.256,52,0,308.363
KEYX20200917-1,KEYX20200917_132806_V06,10,3.120,1.200,5491,0,233.065,47,0,117.420
KEYX20200917-1,KEYX20200917_132806_V06,11,3.999,1.200,5498,0,280.899,66,0,150.946
KEYX20200918-1,KEYX20200918_144512_V06,0,0.483,1.200,774,0,2044.348,149,0,1293.158
KEYX20200918-1,KEYX20200918_144512_V06,2,0.879,1.200,774,0,743.012,97,0,526.272
KEYX20200918-1,KEYX20200918_144512_V06,6,1.318,1.200,772,0,30.628,17,0,5.125
KEYX20200918-1,KEYX20200918_144512_V06,8,1.802,1.200,387,0,0.662,0,0,0.662
KEYX20200918-1,KEYX20200918_144512_V06,9,2.417,1.200,386,0,0.661,0,0,0.661
KEYX20200918-1,KEYX20200918_144512_V06,10,3.120,1.200,387,0,4.540,0,0,4.540
KEYX20200918-1,KEYX20200918_144512_V06,11,3.999,1.200,385,0,1972.755,124,0,51.046
KEYX20200919-1,KEYX20200919_140306_V06,0,0.483,1.200,8425,0,25184.062,478,0,15620.430
KEYX20200919-1,KEYX20200919_140306_V06,2,0.879,1.200,8434,0,61110.156,879,0,35636.804
KEYX20200919-1,KEYX20200919_140306_V06,6,1.318,1.200,8433,0,23021.494,530,0,13938.498
KEYX20200919-1,KEYX20200919_140306_V06,8,1.802,1.200,4219,0,314.513,3,0,266.112
KEYX20200923-1,KEYX20200923_133341_V06,0,0.483,1.200,2580,2,22925.251,58,2,22635.550
KEYX20200923-1,KEYX20200923_133341_V06,2,0.879,1.200,2582,2,8393.545,104,2,7980.794
KEYX20200923-1,KEYX20200923_133341_V06,6,1.318,1.200,2583,0,2133.224,332,0,1690.985
KEYX20200923-1,KEYX20200923_133341_V06,8,1.802,1.200,1289,0,127.150,68,0,63.148
KEYX20200923-1,KEYX20200923_133341_V06,9,2.417,1.200,1293,0,34.419,23,0,18.631
KEYX20200923-1,KEYX20200923_133341_V06,10,3.120,1.200,1293,0,14.588,8,0,11.062
KEYX20200923-1,KEYX20200923_133341_V06,11,3.999,1.200,1300,0,20.379,12,0,14.662
KEYX20200923-1,KEYX20200923_133341_V06,12,5.098,1.200,1297,0,16.949,8,0,12.423
KEYX20200925-1,KEYX20200925_132912_V06,0,0.483,1.200,9591,23,160923.452,410,20,156061.544
KEYX20200925-1,KEYX20200925_132912_V06,2,0.879,1.200,9595,0,29241.526,482,0,27223.957
KEYX20200925-1,KEYX20200925_132912_V06,6,1.318,1.200,9603,0,12725.883,788,0,10407.796
KEYX20200925-1,KEYX20200925_132912_V06,8,1.802,1.200,4800,0,1113.962,177,0,720.130
KEYX20200925-1,KEYX20200925_132912_V06,9,2.417,1.200,4803,0,446.958,84,0,245.319
KEYX20200925-1,KEYX20200925_132912_V06,10,3.120,1.200,4801,0,178.528,40,0,106.982
KEYX20200925-1,KEYX20200925_132912_V06,11,3.999,1.200,4810,0,268.521,68,0,140.112
KEYX20201001-1,KEYX20201001_133713_V06,0,0.483,1.200,12076,20,264341.011,433,18,255928.056
KEYX20201001-1,KEYX20201001_133713_V06,2,0.879,1.200,12075,1,54624.505,616,0,51397.753
KEYX20201001-1,KEYX20201001_133713_V06,6,1.318,1.200,12079,0,12884.748,947,0,10295.723
KEYX20201001-1,KEYX20201001_133713_V06,8,1.802,1.200,6036,0,818.920,165,0,521.523
KEYX20201001-1,KEYX20201001_133713_V06,9,2.417,1.200,6042,0,378.786,75,0,204.883
KEYX20201001-1,KEYX20201001_133713_V06,10,3.120,1.200,6044,0,353.935,58,0,201.102
KEYX20201001-1,KEYX20201001_133713_V06,11,3.999,1.200,6057,0,415.454,80,0,219.927
KEYX20201008-1,KEYX20201008_142224_V06,0,0.483,1.200,2158,0,4855.833,193,0,2433.437
KEYX20201008-1,KEYX20201008_142224_V06,2,0.879,1.200,2159,0,8704.180,240,0,6924.911
KEYX20201008-1,KEYX20201008_142224_V06,4,1.318,1.200,2159,0,2938.349,156,0,2245.416
KEYX20201008-1,KEYX20201008_142224_V06,6,1.802,1.200,1074,0,4.712,0,0,4.712
KEYX20201008-1,KEYX20201008_142224_V06,7,2.417,1.200,1077,0,4.731,0,0,4.731
KEYX20201008-1,KEYX20201008_142934_V06,0,0.483,1.200,4772,0,6245.901,355,0,3320.489
KEYX20201008-1,KEYX20201008_142934_V06,2,0.879,1.200,4768,0,12925.641,370,0,10077.817
KEYX20201008-1,KEYX20201008_142934_V06,4,1.318,1.200,4770,0,6073.752,265,0,4689.127
KEYX20201008-1,KEYX20201008_142934_V06,6,1.802,1.200,2386,0,31.633,0,0,31.633
KEYX20201008-1,KEYX20201008_142934_V06,7,2.417,1.200,2385,0,10.456,0,0,10.456
KEYX20201008-1,KEYX20201008_143645_V06,0,0.483,1.200,5960,0,8549.233,343,0,4968.116
KEYX20201008-1,KEYX20201008_143645_V06,2,0.879,1.200,5963,0,17357.704,492,0,11243.374
KEYX20201008-1,KEYX20201008_143645_V06,4,1.318,1.200,5968,0,7510.878,314,0,5532.278
KEYX20201008-1,KEYX20201008_143645_V06,6,1.802,1.200,2986,0,30.463,1,0,27.063
KEYX20201008-1,KEYX20201008_143645_V06,7,2.417,1.200,2989,0,12.242,0,0,12.242
KEYX20201010-1,KEYX20201010_130546_V06,0,0.483,1.200,58,0,3136.181,9,0,3071.118
KEYX20201010-1,KEYX20201010_130546_V06,2,0.879,1.200,57,0,1292.924,7,0,1199.297
KEYX20201010-1,KEYX20201010_130546_V06,4,1.318,1.200,57,0,32.627,4,0,16.340
KEYX20201010-1,KEYX20201010_130546_V06,6,1.802,1.200,33,0,0.183,0,0,0.183
KEYX20201013-1,KEYX20201013_130019_V06,0,0.483,1.200,1020,3,15829.163,31,3,15462.961
KEYX20201013-1,KEYX20201013_130019_V06,2,0.879,1.200,1021,0,12496.317,78,0,11998.271
KEYX20201013-1,KEYX20201013_130019_V06,4,1.318,1.200,1020,0,1822.144,181,0,931.652
KEYX20201013-1,KEYX20201013_130019_V06,8,1.802,1.200,504,0,272.407,47,0,208.461
KEYX20201013-1,KEYX20201013_130019_V06,9,2.417,1.200,504,0,89.588,16,0,39.080
KEYX20201013-1,KEYX20201013_130019_V06,10,3.120,1.200,505,0,27.380,10,0,22.881
KEYX20201013-1,KEYX20201013_130019_V06,11,3.999,1.200,503,0,11.794,1,0,11.090
KEYX20201013-1,KEYX20201013_130019_V06,12,5.098,1.200,506,0,6.897,3,0,4.966
KEYX20201016-1,KEYX20201016_142922_V06,0,0.483,1.200,5104,0,10712.845,430,0,8007.145
KEYX20201016-1,KEYX20201016_142922_V06,2,0.879,1.200,5108,0,27908.390,560,0,24219.973
KEYX20201016-1,KEYX20201016_142922_V06,4,1.318,1.200,5108,0,15480.641,434,0,13525.685
KEYX20201016-1,KEYX20201016_142922_V06,8,1.802,1.200,2556,0,72.230,2,0,62.775
KEYX20201016-1,KEYX20201016_142922_V06,9,2.417,1.200,2555,0,10.020,0,0,10.020
KEYX20201016-1,KEYX20201016_143813_V06,0,0.483,1.200,9269,0,24553.500,678,0,20712.676
KEYX20201016-1,KEYX20201016_143813_V06,2,0.879,1.200,9273,0,45791.924,913,0,40519.189
KEYX20201016-1,KEYX20201016_143813_V06,4,1.318,1.200,9278,0,26358.709,758,0,23397.650
KEYX20201016-1,KEYX20201016_143813_V06,8,1.802,1.200,4641,0,800.819,30,0,619.444
KEYX20201016-1,KEYX20201016_143813_V06,9,2.417,1.200,4646,0,151.859,0,0,151.859
KEYX20201020-3,KEYX20201020_134019_V06,0,0.483,1.200,1980,3,15031.822,117,1,14821.865
KEYX20201020-3,KEYX20201020_134019_V06,2,0.879,1.200,1980,1,11729.696,221,1,11200.011
KEYX20201020-3,KEYX20201020_134019_V06,4,1.318,1.200,1979,0,557.579,273,0,357.773
KEYX20201020-3,KEYX20201020_134019_V06,8,1.802,1.200,986,0,68.050,41,0,25.951
KEYX20201020-3,KEYX20201020_134019_V06,9,2.417,1.200,987,0,33.533,23,0,14.329
KEYX20201020-3,KEYX20201020_134019_V06,10,3.120,1.200,991,0,24.317,13,0,9.793
KEYX20201020-3,KEYX20201020_134019_V06,11,3.999,1.200,991,0,27.265,14,0,20.286
KEYX20201020-3,KEYX20201020_134019_V06,12,5.098,1.200,995,0,16.650,16,0,10.677
KEYX20201021-1,KEYX20201021_131307_V06,0,0.483,1.200,316,0,1107.115,68,0,786.924
KEYX20201021-1,KEYX20201021_131307_V06,2,0.879,1.200,316,0,1720.523,48,0,1447.659
KEYX20201021-1,KEYX20201021_131307_V06,4,1.318,1.200,317,0,133.858,33,0,65.710
KEYX20201021-1,KEYX20201021_131307_V06,8,1.802,1.200,156,0,0.507,0,0,0.507
KEYX20201021-1,KEYX20201021_131307_V06,9,2.417,1.200,157,0,0.512,0,0,0.512
KEYX20201106-1,KEYX20201106_131748_V06,0,0.483,1.200,1469,0,1274.412,165,0,1249.296
KEYX20201106-1,KEYX20201106_131748_V06,2,0.879,1.200,1469,0,238.041,151,0,138.900
KEYX20201106-1,KEYX20201106_131748_V06,4,1.318,1.200,1471,0,97.355,108,0,50.099
KEYX20201106-1,KEYX20201106_131748_V06,8,1.802,1.200,736,0,1.972,0,0,1.972
KEYX20201106-1,KEYX20201106_131748_V06,9,2.417,1.200,736,0,12.415,11,0,4.027
KEYX20201106-1,KEYX20201106_131748_V06,10,3.120,1.200,739,0,5.576,11,0,2.270
KEYX20201106-1,KEYX20201106_131748_V06,11,3.999,1.200,740,0,1.183,0,0,1.183
KEYX20201106-1,KEYX20201106_131748_V06,12,5.098,1.200,740,0,1.755,3,0,1.046
KEYX20201106-1,KEYX20201106_131748_V06,13,6.416,1.200,744,0,1.785,0,0,1.785
KEYX20201107-3,KEYX20201107_144225_V06,0,0.483,1.200,11183,0,728359.735,3364,0,14096.541
KEYX20201107-3,KEYX20201107_144225_V06,2,0.879,1.200,11191,0,1805366.708,4805,0,10128.979
KEYX20201107-3,KEYX20201107_144225_V06,4,1.318,1.200,11188,0,1485129.442,4757,0,6799.096
KEYX20201107-3,KEYX20201107_144751_V06,0,0.483,1.200,14674,0,867430.902,4158,0,12011.133
KEYX20201107-3,KEYX20201107_144751_V06,2,0.879,1.200,14675,0,2177089.356,5886,0,14099.513
KEYX20201107-3,KEYX20201107_144751_V06,4,1.318,1.200,14677,0,1778166.555,5740,0,9749.975
KEYX20201107-3,KEYX20201107_145330_V06,0,0.483,1.200,17263,0,942443.985,5016,0,13135.090
KEYX20201107-3,KEYX20201107_145330_V06,2,0.879,1.200,17262,0,2267654.475,6714,0,12603.912
KEYX20201107-3,KEYX20201107_145330_V06,4,1.318,1.200,17267,0,2114057.397,6566,0,9590.665
KEYX20201107-2,KEYX20201107_140705_V06,0,0.483,1.200,1182,0,265608.758,877,0,4761.732
KEYX20201107-2,KEYX20201107_140705_V06,2,0.879,1.200,1181,0,197127.334,892,0,3970.726
KEYX20201107-2,KEYX20201107_140705_V06,4,1.318,1.200,1180,0,12602.407,365,0,1676.596
KEYX20201107-2,KEYX20201107_141555_V06,0,0.483,1.200,3289,0,241641.914,1601,0,7308.245
KEYX20201107-2,KEYX20201107_141555_V06,2,0.879,1.200,3288,0,248810.274,1681,0,7248.056
KEYX20201107-2,KEYX20201107_141555_V06,4,1.318,1.200,3287,0,27455.729,843,0,2731.833
KEYX20201127-1,KEYX20201127_133945_V06,0,0.483,1.200,620,0,33822.068,27,0,33790.549
KEYX20201127-1,KEYX20201127_133945_V06,2,0.879,1.200,619,0,14595.682,30,0,14550.554
KEYX20201127-1,KEYX20201127_133945_V06,4,1.318,1.200,621,0,715.475,32,0,638.399
KEYX20201127-1,KEYX20201127_133945_V06,8,1.802,1.200,310,0,21.609,2,0,9.075
KEYX20201127-1,KEYX20201127_133945_V06,9,2.417,1.200,311,0,12.425,0,0,12.425
KEYX20201127-1,KEYX20201127_133945_V06,10,3.120,1.200,312,0,21.485,2,0,17.890
KEYX20201127-1,KEYX20201127_134826_V06,0,0.483,1.200,148,0,22333.489,1,0,22185.842
KEYX20201127-1,KEYX20201127_134826_V06,2,0.879,1.200,148,0,6537.465,1,0,6536.578
KEYX20201127-1,KEYX20201127_134826_V06,4,1.318,1.200,149,0,75.981,0,0,75.981
KEYX20201127-1,KEYX20201127_134826_V06,8,1.802,1.200,76,0,0.163,0,0,0.163
KEYX20201127-1,KEYX20201127_134826_V06,9,2.417,1.200,76,0,0.163,0,0,0.163
KEYX20201127-1,KEYX20201127_134826_V06,10,3.120,1.200,75,0,0.161,0,0,0.161
KEYX20201207-2,KEYX20201207_150025_V06,0,0.483,1.200,761,0,151074.053,37,0,151011.520
KEYX20201207-2,KEYX20201207_150025_V06,2,0.879,1.200,762,0,54107.846,53,0,54031.688
KEYX20201207-2,KEYX20201207_150025_V06,4,1.318,1.200,758,0,2188.671,47,0,2106.010
KEYX20201207-2,KEYX20201207_150025_V06,8,1.802,1.200,380,0,58.977,6,0,29.472
KEYX20201207-2,KEYX20201207_150025_V06,9,2.417,1.200,379,0,371.153,29,0,13.597
KEYX20201207-2,KEYX20201207_150025_V06,10,3.120,1.200,383,0,839.180,132,0,131.066
KEYX20201208-1,KEYX20201208_150257_V06,0,0.483,1.200,2635,3,18677.949,152,2,11903.955
KEYX20201208-1,KEYX20201208_150257_V06,2,0.879,1.200,2635,0,3654.934,164,0,670.487
KEYX20201208-1,KEYX20201208_150257_V06,4,1.318,1.200,2635,0,577.881,162,0,143.454
KEYX20201208-1,KEYX20201208_150257_V06,8,1.802,1.200,1319,0,21.266,19,0,8.651
KEYX20201208-1,KEYX20201208_150257_V06,9,2.417,1.200,1322,0,18.515,21,0,6.423
KEYX20201208-1,KEYX20201208_150257_V06,10,3.120,1.200,1322,0,118.319,11,0,14.227
KEYX20201208-1,KEYX20201208_150257_V06,11,3.999,1.200,1325,0,20.212,11,0,14.541
KEYX20201208-1,KEYX20201208_150257_V06,12,5.098,1.200,1328,0,32.618,13,0,26.624
KEYX20201214-2,KEYX20201214_160126_V06,0,0.483,1.200,992,0,99137.867,68,0,98981.830
KEYX20201214-2,KEYX20201214_160126_V06,2,0.879,1.200,993,0,41456.749,135,0,41200.265
KEYX20201214-2,KEYX20201214_160126_V06,4,1.318,1.200,993,0,1470.100,63,0,1397.154
KEYX20201214-2,KEYX20201214_160126_V06,8,1.802,1.200,497,0,71.683,3,0,59.689
KEYX20201214-2,KEYX20201214_160126_V06,9,2.417,1.200,497,0,8.671,2,0,1.064
KEYX20201214-2,KEYX20201214_160126_V06,10,3.120,1.200,495,0,32.914,0,0,32.914
KEYX20201227-1,KEYX20201227_143247_V06,0,0.483,1.200,74997,50,4319525.953,49903,49,598100.767
KEYX20201227-1,KEYX20201227_143247_V06,2,0.879,1.200,75009,32,11956015.704,64462,30,672856.757
KEYX20201227-1,KEYX20201227_143247_V06,4,1.318,1.200,75036,0,11140375.540,67747,0,137082.629
KEYX20201227-1,KEYX20201227_143247_V06,8,1.802,1.200,37528,0,6407320.280,24772,0,52243.605
KEYX20201228-10,KEYX20201228_151521_V06,0,0.483,1.200,16745,136,288076.086,9012,127,233833.286
KEYX20201228-10,KEYX20201228_151521_V06,2,0.879,1.200,16749,519,450367.852,6760,387,346264.021
KEYX20201228-10,KEYX20201228_151521_V06,4,1.318,1.200,16754,943,653880.925,6949,294,299605.618
KEYX20201228-10,KEYX20201228_151521_V06,6,1.802,1.200,8383,704,744837.183,4831,113,160881.272
KEYX20201228-10,KEYX20201228_151521_V06,7,2.417,1.200,8387,601,582513.200,6091,100,61654.183
KEYX20201228-10,KEYX20201228_151521_V06,8,3.120,1.200,8391,598,395510.855,6695,107,25344.921
KEYX20201228-10,KEYX20201228_151521_V06,11,3.999,1.200,8397,575,277063.264,7082,55,14542.815
KEYX20201228-10,KEYX20201228_151521_V06,12,5.098,1.200,8411,442,195424.686,7381,25,6655.739
KEYX20201228-10,KEYX20201228_151521_V06,13,6.416,1.200,8437,407,144291.999,7742,16,3475.488
KEYX20201228-10,KEYX20201228_151521_V06,14,7.998,1.200,8483,412,112103.264,8082,6,1601.743
KEYX20201228-10,KEYX20201228_151521_V06,15,10.020,1.200,8537,204,83824.059,8191,0,710.295
KEYX20201228-10,KEYX20201228_151521_V06,16,11.997,1.200,8596,91,57939.727,8194,0,755.511
KEYX20201228-10,KEYX20201228_151521_V06,17,14.019,1.200,8699,24,43938.070,8130,0,467.129
KEYX20201228-10,KEYX20201228_151521_V06,18,16.699,1.200,8844,1,26902.676,7850,0,240.669
KEYX20201228-10,KEYX20201228_151521_V06,19,19.512,1.200,9015,0,18879.858,7391,0,118.033
KEYX20201228-10,KEYX20201228_152231_V06,0,0.483,1.200,34619,884,1182444.128,13111,794,932332.959
KEYX20201228-10,KEYX20201228_152231_V06,2,0.879,1.200,34624,1898,1894821.394,13212,1266,1126896.265
KEYX20201228-10,KEYX20201228_152231_V06,4,1.318,1.200,34624,2896,2215982.101,17269,1291,674937.591
KEYX20201228-10,KEYX20201228_152231_V06,6,1.802,1.200,17321,1808,1601778.369,11629,399,275182.438
KEYX20201228-10,KEYX20201228_152231_V06,7,2.417,1.200,17328,1774,1069546.076,13415,131,101940.526
KEYX20201228-10,KEYX20201228_152231_V06,8,3.120,1.200,17340,1653,795123.165,14500,28,40954.073
KEYX20201228-10,KEYX20201228_152231_V06,11,3.999,1.200,17361,1357,599801.372,15202,20,19936.047
KEYX20201228-10,KEYX20201228_152231_V06,12,5.098,1.200,17398,781,494009.654,15794,3,8772.673
KEYX20201228-10,KEYX20201228_152231_V06,13,6.416,1.200,17449,430,341453.836,15910,1,5084.859
KEYX20201228-10,KEYX20201228_152231_V06,14,7.998,1.200,17518,258,250932.509,16414,0,2127.515
KEYX20201228-10,KEYX20201228_152231_V06,15,10.020,1.200,17624,94,155862.792,16434,0,900.832
KEYX20201228-10,KEYX20201228_152231_V06,16,11.997,1.200,17769,26,91597.301,15915,0,759.843
KEYX20201228-10,KEYX20201228_152231_V06,17,14.019,1.200,17938,1,55444.440,15479,0,618.352
KEYX20201228-10,KEYX20201228_152231_V06,18,16.699,1.200,18210,0,33651.827,14445,0,348.645
KEYX20201228-10,KEYX20201228_152231_V06,19,19.512,1.200,18549,0,21832.813,13688,0,130.509
KEYX20201228-10,KEYX20201228_152942_V06,0,0.483,1.200,35086,1737,2208946.446,12233,1411,1666158.309
KEYX20201228-10,KEYX20201228_152942_V06,2,0.879,1.200,35090,3074,2751599.424,13833,1347,1116933.015
KEYX20201228-10,KEYX20201228_152942_V06,4,1.318,1.200,35101,3051,2417939.417,18016,685,498414.347
KEYX20201228-10,KEYX20201228_152942_V06,6,1.802,1.200,17570,1267,1775898.536,11362,138,235036.324
KEYX20201228-10,KEYX20201228_152942_V06,7,2.417,1.200,17574,1100,1212389.602,13021,83,89851.006
KEYX20201228-10,KEYX20201228_152942_V06,8,3.120,1.200,17586,871,863858.879,14055,29,47014.507
KEYX20201228-10,KEYX20201228_152942_V06,11,3.999,1.200,17605,699,648836.448,14659,14,25431.817
KEYX20201228-10,KEYX20201228_152942_V06,12,5.098,1.200,17625,529,478763.622,15545,4,11150.174
KEYX20201228-10,KEYX20201228_152942_V06,13,6.416,1.200,17666,435,310400.264,16013,0,4813.448
KEYX20201228-10,KEYX20201228_152942_V06,14,7.998,1.200,17731,297,199424.873,16573,1,2696.928
KEYX20201228-10,KEYX20201228_152942_V06,15,10.020,1.200,17847,139,112685.150,16506,0,1016.930
KEYX20201228-10,KEYX20201228_152942_V06,16,11.997,1.200,18005,49,70335.656,15491,0,798.248
KEYX20201228-10,KEYX20201228_152942_V06,17,14.019,1.200,18169,1,47295.452,14932,0,467.042
KEYX20201228-10,KEYX20201228_152942_V06,18,16.699,1.200,18446,0,24244.232,13864,0,263.836
KEYX20201228-10,KEYX20201228_152942_V06,19,19.512,1.200,18784,0,13331.359,13146,0,140.273
KEYX20201228-10,KEYX20201228_153626_V06,0,0.483,1.200,42617,1629,3589746.511,17908,748,2011351.813
KEYX20201228-10,KEYX20201228_153626_V06,2,0.879,1.200,42618,2130,3979736.758,22451,428,919730.167
KEYX20201228-10,KEYX20201228_153626_V06,4,1.318,1.200,42624,1761,2932181.120,26498,207,440640.906
KEYX20201228-10,KEYX20201228_153626_V06,6,1.802,1.200,21319,658,2017949.214,15441,37,174312.450
KEYX20201228-10,KEYX20201228_153626_V06,7,2.417,1.200,21329,613,1286029.992,16659,6,60480.859
KEYX20201228-10,KEYX20201228_153626_V06,8,3.120,1.200,21343,520,945952.941,16965,0,24884.037
KEYX20201228-10,KEYX20201228_153626_V06,11,3.999,1.200,21367,66,673440.971,17172,0,10390.245
KEYX20201228-10,KEYX20201228_153626_V06,12,5.098,1.200,21408,3,357102.465,17135,0,5742.706
KEYX20201228-10,KEYX20201228_153626_V06,13,6.416,1.200,21470,1,201884.157,17488,0,3979.959
KEYX20201228-10,KEYX20201228_153626_V06,14,7.998,1.200,21562,9,117956.952,18104,0,1936.040
KEYX20201228-10,KEYX20201228_153626_V06,15,10.020,1.200,21689,14,54878.103,17703,0,858.921
KEYX20201228-10,KEYX20201228_153626_V06,16,11.997,1.200,21867,10,27911.944,16224,0,608.632
KEYX20201228-10,KEYX20201228_153626_V06,17,14.019,1.200,22075,0,15113.624,14960,0,353.435
KEYX20201228-10,KEYX20201228_154239_V06,0,0.483,1.200,36211,1377,5413612.950,17768,351,2225833.863
KEYX20201228-10,KEYX20201228_154239_V06,2,0.879,1.200,36212,1166,5237784.676,22515,198,777557.621
KEYX20201228-10,KEYX20201228_154239_V06,4,1.318,1.200,36217,1128,2861628.553,26244,67,255369.710
KEYX20201228-10,KEYX20201228_154239_V06,6,1.802,1.200,18120,394,2008551.664,14063,2,71458.997
KEYX20201228-10,KEYX20201228_154239_V06,7,2.417,1.200,18130,50,1270723.140,14569,0,21143.433
KEYX20201228-10,KEYX20201228_154239_V06,10,3.120,1.200,18137,1,760196.475,14542,0,8262.240
KEYX20201228-10,KEYX20201228_154239_V06,11,3.999,1.200,18154,0,461036.303,14523,0,3921.287
KEYX20201228-10,KEYX20201228_154239_V06,12,5.098,1.200,18178,0,222331.225,14515,0,1929.380
KEYX20201228-10,KEYX20201228_154239_V06,13,6.416,1.200,18220,0,96763.867,14232,0,1109.097
KEYX20201228-10,KEYX20201228_154239_V06,14,7.998,1.200,18292,0,54991.731,13990,0,770.050
KEYX20201228-10,KEYX20201228_154239_V06,15,10.020,1.200,18401,0,25033.717,12842,0,541.511
KEYX20201228-10,KEYX20201228_154239_V06,16,11.997,1.200,18529,0,12287.340,11508,0,462.616
KEYX20201228-10,KEYX20201228_154838_V06,0,0.483,1.200,33472,1446,7344330.466,18459,273,2019460.757
KEYX20201228-10,KEYX20201228_154838_V06,2,0.879,1.200,33473,880,6019764.501,22772,56,508743.993
KEYX20201228-10,KEYX20201228_154838_V06,4,1.318,1.200,33481,432,2905549.991,25664,1,99407.818
KEYX20201228-10,KEYX20201228_154838_V06,6,1.802,1.200,16735,11,1660896.319,13324,0,19559.357
KEYX20201228-10,KEYX20201228_154838_V06,7,2.417,1.200,16746,0,1046959.825,13355,0,6335.605
KEYX20201228-10,KEYX20201228_154838_V06,10,3.120,1.200,16755,0,650077.516,13040,0,2917.713
KEYX20201228-10,KEYX20201228_154838_V06,11,3.999,1.200,16775,0,289881.156,12926,0,2045.164
KEYX20201228-10,KEYX20201228_154838_V06,12,5.098,1.200,16809,0,131171.917,12763,0,1452.748
KEYX20201228-10,KEYX20201228_154838_V06,13,6.416,1.200,16852,0,75649.950,11904,0,824.001
KEYX20201228-10,KEYX20201228_154838_V06,14,7.998,1.200,16917,0,33889.344,11173,0,763.432
KEYX20201228-10,KEYX20201228_155407_V06,0,0.483,1.200,32219,1208,8732274.858,18480,155,1929397.995
KEYX20201228-10,KEYX20201228_155407_V06,2,0.879,1.200,32221,333,5645311.533,22175,2,282702.043
KEYX20201228-10,KEYX20201228_155407_V06,4,1.318,1.200,32231,39,2388311.124,24148,0,31535.761
KEYX20201228-10,KEYX20201228_155407_V06,6,1.802,1.200,16116,0,1341700.416,12088,0,7292.779
KEYX20201228-10,KEYX20201228_155407_V06,9,2.417,1.200,16121,0,929969.268,11938,0,5769.227
KEYX20201228-10,KEYX20201228_155407_V06,10,3.120,1.200,16136,0,457735.523,11876,0,3218.251
KEYX20201228-10,KEYX20201228_155407_V06,11,3.999,1.200,16147,0,198179.070,11642,0,2544.494
KEYX20201228-10,KEYX20201228_155407_V06,12,5.098,1.200,16184,0,119207.425,10921,0,1148.962
KEYX20201228-10,KEYX20201228_155407_V06,13,6.416,1.200,16216,0,56104.989,9946,0,829.335
KEYX20201228-10,KEYX20201228_155407_V06,14,7.998,1.200,16285,0,21536.461,9236,0,641.705
KEYX20201228-10,KEYX20201228_160456_V06,0,0.483,1.200,24370,401,7867034.398,14506,11,1254439.302
KEYX20201228-10,KEYX20201228_160456_V06,2,0.879,1.200,24374,17,3969159.302,16635,0,115529.760
KEYX20201228-10,KEYX20201228_160456_V06,4,1.318,1.200,24377,0,1761801.258,18154,0,8202.207
KEYX20201228-10,KEYX20201228_160456_V06,8,1.802,1.200,12199,0,951892.811,9280,0,7463.452
KEYX20201228-10,KEYX20201228_160456_V06,9,2.417,1.200,12200,0,509287.489,9139,0,5486.715
KEYX20201228-10,KEYX20201228_160456_V06,10,3.120,1.200,12205,0,287117.840,8849,0,3544.798
KEYX20201228-10,KEYX20201228_160456_V06,11,3.999,1.200,12220,0,154657.064,8091,0,1960.097
KEYX20201228-10,KEYX20201228_160456_V06,12,5.098,1.200,12228,0,61628.863,7423,0,1057.784
KEYX20201228-10,KEYX20201228_160456_V06,13,6.416,1.200,12262,0,19212.576,6540,0,431.761
KEYX20201228-10,KEYX20201228_161015_V06,0,0.483,1.200,35511,199,6983012.184,17075,15,1028887.224
KEYX20201228-10,KEYX20201228_161015_V06,2,0.879,1.200,35513,2,3185075.673,19290,0,86196.434
KEYX20201228-10,KEYX20201228_161015_V06,4,1.318,1.200,35521,0,1389390.900,21544,0,5135.133
KEYX20201228-10,KEYX20201228_161015_V06,8,1.802,1.200,17760,0,731720.060,10083,0,4661.112
KEYX20201228-10,KEYX20201228_161015_V06,9,2.417,1.200,17772,0,423490.687,9531,0,4409.943
KEYX20201228-10,KEYX20201228_161015_V06,10,3.120,1.200,17777,0,253355.283,9165,0,3161.326
KEYX20201228-10,KEYX20201228_161015_V06,11,3.999,1.200,17799,0,110261.675,8916,0,2040.391
KEYX20201228-10,KEYX20201228_161015_V06,12,5.098,1.200,17838,0,41465.637,8338,0,919.699
KEYX20201228-10,KEYX20201228_161015_V06,13,6.416,1.200,17868,0,15414.745,7641,0,485.424
KEYX20201228-10,KEYX20201228_161536_V06,0,0.483,1.200,38241,82,5847555.076,17156,6,589117.758
KEYX20201228-10,KEYX20201228_161536_V06,2,0.879,1.200,38247,2,2468441.088,19922,0,39384.660
KEYX20201228-10,KEYX20201228_161536_V06,4,1.318,1.200,38253,0,1023515.767,22449,0,4966.720
KEYX20201228-10,KEYX20201228_161536_V06,8,1.802,1.200,19128,0,582782.438,9660,0,4048.960
KEYX20201228-10,KEYX20201228_161536_V06,9,2.417,1.200,19140,0,324566.579,9030,0,3385.706
KEYX20201228-10,KEYX20201228_161536_V06,10,3.120,1.200,19148,0,159610.338,8893,0,2693.020
KEYX20201228-10,KEYX20201228_161536_V06,11,3.999,1.200,19165,0,79136.455,8948,0,1702.447
KEYX20201228-10,KEYX20201228_161536_V06,12,5.098,1.200,19194,0,32335.607,8239,0,843.176
KEYX20201228-10,KEYX20201228_161536_V06,13,6.416,1.200,19254,0,11531.680,7636,0,490.158
KEYX20201228-10,KEYX20201228_162057_V06,0,0.483,1.200,18549,16,3249611.371,9982,1,265564.458
KEYX20201228-10,KEYX20201228_162057_V06,2,0.879,1.200,18557,0,1317548.288,12379,0,23277.266
KEYX20201228-10,KEYX20201228_162057_V06,4,1.318,1.200,18555,0,673676.604,13707,0,1913.599
KEYX20201228-10,KEYX20201228_162057_V06,8,1.802,1.200,9281,0,339310.255,5903,0,1328.398
KEYX20201228-10,KEYX20201228_162057_V06,9,2.417,1.200,9288,0,176020.053,5641,0,2566.938
KEYX20201228-10,KEYX20201228_162057_V06,10,3.120,1.200,9288,0,95885.480,5805,0,2190.690
KEYX20201228-10,KEYX20201228_162057_V06,11,3.999,1.200,9300,0,34924.617,5310,0,1221.024
KEYX20201228-10,KEYX20201228_162057_V06,12,5.098,1.200,9328,0,13938.854,4620,0,560.432
KEYX20201228-10,KEYX20201228_162057_V06,13,6.416,1.200,9343,0,6819.138,3774,0,300.361
KEYX20201228-8,KEYX20201228_150100_V06,0,0.483,1.200,2807,0,3421.673,166,0,174.735
KEYX20201228-8,KEYX20201228_150100_V06,2,0.879,1.200,2807,0,32510.135,345,0,385.175
KEYX20201228-8,KEYX20201228_150100_V06,4,1.318,1.200,2811,0,56304.411,367,0,345.120
KEYX20201228-8,KEYX20201228_150100_V06,6,1.802,1.200,1401,0,9315.059,58,0,209.904
KEYX20201228-8,KEYX20201228_150810_V06,0,0.483,1.200,6332,0,5477.319,241,0,462.358
KEYX20201228-8,KEYX20201228_150810_V06,2,0.879,1.200,6330,0,47128.048,592,0,811.894
KEYX20201228-8,KEYX20201228_150810_V06,4,1.318,1.200,6334,0,81945.605,615,0,804.514
KEYX20201228-8,KEYX20201228_150810_V06,6,1.802,1.200,3170,0,18278.729,109,0,116.164
KEYX20201228-1,KEYX20201228_140237_V06,0,0.483,1.200,1679,0,49.551,121,0,44.448
KEYX20201228-1,KEYX20201228_140237_V06,2,0.879,1.200,1679,0,17.445,164,0,11.173
KEYX20201228-1,KEYX20201228_140237_V06,4,1.318,1.200,1679,0,12.227,233,0,6.558
KEYX20201228-1,KEYX20201228_140237_V06,8,1.802,1.200,833,0,0.496,4,0,0.334
KEYX20201228-1,KEYX20201228_140237_V06,9,2.417,1.200,836,0,1.213,14,0,0.556
KEYX20201228-1,KEYX20201228_140237_V06,10,3.120,1.200,840,0,1.288,11,0,0.675
KEYX20201228-1,KEYX20201228_140237_V06,11,3.999,1.200,842,0,1.557,22,0,0.485
KEYX20201228-1,KEYX20201228_140237_V06,12,5.098,1.200,847,0,1.916,21,0,0.733
KEYX20201228-1,KEYX20201228_140237_V06,13,6.416,1.200,844,0,0.632,5,0,0.434
KEYX20201228-9,KEYX20201228_150810_V06,0,0.483,1.200,14867,0,296637.387,6516,0,113771.035
KEYX20201228-9,KEYX20201228_150810_V06,2,0.879,1.200,14870,30,677710.932,8069,6,163424.644
KEYX20201228-9,KEYX20201228_150810_V06,4,1.318,1.200,14866,134,672441.564,10595,14,74162.231
KEYX20201228-9,KEYX20201228_150810_V06,6,1.802,1.200,7435,71,428051.829,6149,0,12865.763
KEYX20201228-9,KEYX20201228_150810_V06,7,2.417,1.200,7442,16,257474.150,6636,0,222.896
KEYX20201228-9,KEYX20201228_150810_V06,8,3.120,1.200,7445,0,203115.097,7020,0,278.636
KEYX20201228-9,KEYX20201228_150810_V06,11,3.999,1.200,7452,0,175296.946,7168,0,318.184
KEYX20201228-9,KEYX20201228_150810_V06,12,5.098,1.200,7477,2,144292.626,7250,0,294.172
KEYX20201228-9,KEYX20201228_150810_V06,13,6.416,1.200,7485,0,97163.063,6931,0,219.585
KEYX20201228-9,KEYX20201228_150810_V06,14,7.998,1.200,7512,0,59060.927,6814,0,251.373
KEYX20201228-9,KEYX20201228_150810_V06,15,10.020,1.200,7552,0,28551.351,5512,0,151.224
KEYX20201228-12,KEYX20201228_154239_V06,0,0.483,1.200,4378,0,201665.683,1641,0,5449.914
KEYX20201228-12,KEYX20201228_154239_V06,2,0.879,1.200,4377,0,441044.032,1899,0,4897.305
KEYX20201228-12,KEYX20201228_154239_V06,4,1.318,1.200,4376,0,139458.492,1395,0,3962.813
KEYX20201228-13,KEYX20201228_155407_V06,0,0.483,1.200,7635,0,37539.257,1044,0,3552.214
KEYX20201228-13,KEYX20201228_155407_V06,2,0.879,1.200,7642,0,30889.385,1002,0,3746.405
KEYX20201228-13,KEYX20201228_155407_V06,4,1.318,1.200,7647,0,3017.085,179,0,776.651
KEYX20201229-1,KEYX20201229_150359_V06,0,0.483,1.200,2043,0,6895.873,79,0,6793.872
KEYX20201229-1,KEYX20201229_150359_V06,2,0.879,1.200,2045,0,396.535,150,0,338.206
KEYX20201229-1,KEYX20201229_150359_V06,4,1.318,1.200,2044,0,149.420,141,0,99.263
KEYX20201229-1,KEYX20201229_150359_V06,8,1.802,1.200,1027,0,7.560,6,0,4.943
KEYX20201229-1,KEYX20201229_150359_V06,9,2.417,1.200,1027,0,25.453,18,0,12.779
KEYX20201229-1,KEYX20201229_150359_V06,10,3.120,1.200,1030,0,14.599,7,0,9.724
KEYX20201229-1,KEYX20201229_150359_V06,11,3.999,1.200,1031,0,18.716,12,0,13.766
KEYX20201229-1,KEYX20201229_150359_V06,12,5.098,1.200,1032,0,16.730,4,0,14.503
KEYX20201231-2,KEYX20201231_142749_V06,0,0.483,1.200,1494,2,32601.396,22,2,32592.636
KEYX20201231-2,KEYX20201231_142749_V06,2,0.879,1.200,1495,1,1963.851,36,1,1943.383
KEYX20201231-2,KEYX20201231_142749_V06,4,1.318,1.200,1494,0,626.861,72,0,484.933
KEYX20201231-2,KEYX20201231_142749_V06,8,1.802,1.200,748,0,13.595,5,0,9.394
KEYX20201231-2,KEYX20201231_142749_V06,9,2.417,1.200,748,0,9.375,8,0,5.774
KEYX20201231-2,KEYX20201231_142749_V06,10,3.120,1.200,751,0,7.703,6,0,4.379
KEYX20201231-2,KEYX20201231_142749_V06,11,3.999,1.200,749,0,17.054,12,0,9.449
KEYX20201231-2,KEYX20201231_142749_V06,12,5.098,1.200,751,0,18.264,8,0,11.737
