track_id,filename,from_sunrise,det_score,x,y,r,lon,lat,radius,geo_dist,local_time,n_radar_pixels,n_refAbove40_pixels,n_xcorrAbove0.95_pixels,n_xcorrBelow0.95_refAbove40_pixels
6,KUDX20180601_115243_V06,41.683,0.050,189.518,360.658,9.649,-103.516,43.850,4824.347,63019.062,20180601_055243,479182,60,66039,33
6,KUDX20180602_112604_V06,15.535,0.103,188.151,361.001,9.200,-103.525,43.848,4600.163,63700.991,20180602_052604,479176,14,24719,8
1,KUDX20180603_101202_V06,-58.034,0.078,391.445,327.801,6.515,-102.259,43.998,3257.393,47788.765,20180603_041202,479170,14,24141,5
1,KUDX20180603_101909_V06,-50.917,0.102,391.518,328.205,14.095,-102.259,43.997,7047.643,47883.037,20180603_041909,479170,13,22769,9
2,KUDX20180603_101202_V06,-58.034,0.057,191.640,360.215,6.860,-103.503,43.852,3429.794,61983.444,20180603_041202,479170,14,24141,5
2,KUDX20180603_101909_V06,-50.917,0.112,190.889,360.884,14.033,-103.508,43.849,7016.686,62474.262,20180603_041909,479170,13,22769,9
1,KUDX20180604_102326_V06,-46.206,0.100,191.617,359.942,8.392,-103.503,43.853,4195.936,61927.211,20180604_042326,479171,10,24535,6
1,KUDX20180605_101149_V06,-57.432,0.050,166.299,343.717,2.483,-103.662,43.925,1241.705,70333.298,20180605_041149,479172,5,26224,2
2,KUDX20180605_115055_V06,41.668,0.165,190.579,361.033,10.533,-103.510,43.848,5266.628,62645.616,20180605_055055,479173,17,26198,12
1,KUDX20180606_101139_V06,-57.246,0.158,189.533,360.462,8.183,-103.516,43.851,4091.534,62965.577,20180606_041139,479186,542,59705,14
1,KUDX20180606_101545_V06,-53.146,0.054,190.189,360.528,13.871,-103.512,43.851,6935.654,62693.993,20180606_041545,479187,343,58201,7
15,KUDX20180606_120011_V06,51.288,0.171,233.745,212.628,17.214,-103.246,44.517,8607.138,54826.117,20180606_060011,479175,80,37057,10
15,KUDX20180606_120620_V06,57.438,0.104,233.595,213.678,28.579,-103.247,44.513,14289.608,54454.352,20180606_060620,479175,58,36176,16
16,KUDX20180606_120011_V06,51.288,0.074,190.738,182.196,12.096,-103.518,44.653,6047.871,80336.850,20180606_060011,479175,80,37057,10
16,KUDX20180606_120620_V06,57.438,0.451,191.805,185.450,21.494,-103.511,44.638,10747.249,78784.304,20180606_060620,479175,58,36176,16
4,KUDX20180607_105441_V06,-13.897,0.063,287.584,410.257,4.536,-102.906,43.629,2268.089,55477.037,20180607_045441,479180,1080,44724,48
1,KUDX20180608_102627_V06,-41.853,0.126,320.773,198.226,11.837,-102.699,44.583,5918.255,51936.204,20180608_042627,479172,1953,78461,61
2,KUDX20180608_103657_V06,-31.353,0.133,338.777,200.392,16.554,-102.585,44.573,8276.817,53445.090,20180608_043657,479176,1542,70324,74
1,KUDX20180609_100809_V06,-59.913,0.078,190.648,361.626,7.214,-103.509,43.846,3606.766,62760.545,20180609_040809,479166,24,37742,2
1,KUDX20180610_102705_V06,-40.777,0.055,447.353,517.949,19.852,-101.924,43.141,9925.882,131543.609,20180610_042705,479178,3,31131,3
2,KUDX20180610_111609_V06,8.289,0.110,437.146,535.179,38.823,-101.988,43.063,19411.678,136123.170,20180610_051609,479172,6,35161,4
1,KUDX20180611_102046_V06,-46.930,0.152,311.830,364.686,73.240,-102.756,43.834,36619.923,32879.293,20180611_042046,479181,560,114514,13
1,KUDX20180612_100820_V06,-59.236,0.072,192.164,361.794,7.105,-103.500,43.845,3552.734,62143.368,20180612_040820,479171,11,36546,5
2,KUDX20180612_100820_V06,-59.236,0.072,166.402,344.419,2.602,-103.661,43.922,1300.798,70394.362,20180612_040820,479171,11,36546,5
3,KUDX20180612_113127_V06,23.880,0.076,192.620,361.650,8.571,-103.497,43.846,4285.379,61909.582,20180612_053127,479167,7,27224,6
1,KUDX20180613_100813_V06,-59.264,0.399,190.469,362.063,7.746,-103.510,43.844,3873.058,62946.029,20180613_040813,479175,3,29046,1
1,KUDX20180613_101254_V06,-54.580,0.382,190.635,362.237,13.209,-103.509,43.843,6604.649,62917.046,20180613_041254,479173,1,29059,1
4,KUDX20180613_110407_V06,-3.364,0.563,362.197,509.055,13.895,-102.447,43.184,6947.497,109055.439,20180613_050407,479176,8,19697,6
4,KUDX20180613_110848_V06,1.320,0.158,361.782,509.048,19.971,-102.449,43.184,9985.394,108993.498,20180613_050848,479173,10,19630,8
8,KUDX20180613_111811_V06,10.703,0.132,188.031,360.541,7.727,-103.526,43.850,3863.701,63644.123,20180613_051811,479175,216,19928,9
11,KUDX20180613_121315_V06,65.770,0.075,166.541,344.460,3.327,-103.660,43.922,1663.647,70334.738,20180613_061315,479171,572,22679,14
7,KUDX20180616_111041_V06,3.248,0.125,26.605,352.862,49.167,-104.530,43.874,24583.454,139229.123,20180616_051041,479177,251,58995,21
7,KUDX20180616_111506_V06,7.664,0.057,26.989,350.354,55.111,-104.528,43.886,27555.401,138807.828,20180616_051506,479170,283,58976,19
7,KUDX20180616_111919_V06,11.881,0.098,29.153,339.236,55.980,-104.516,43.936,27990.078,136837.183,20180616_051919,479182,364,60242,31
7,KUDX20180616_112340_V06,16.231,0.111,34.899,331.489,57.279,-104.481,43.971,28639.332,133482.155,20180616_052340,479184,391,61853,25
7,KUDX20180616_112800_V06,20.564,0.056,34.977,315.235,55.156,-104.483,44.044,27577.832,132730.492,20180616_052800,479185,292,61809,18
7,KUDX20180616_113301_V06,25.581,0.061,35.487,302.716,53.739,-104.481,44.101,26869.538,132263.288,20180616_053301,479183,320,61881,31
3,KUDX20180616_102723_V06,-40.052,0.078,15.440,468.296,24.595,-104.585,43.354,12297.324,165300.877,20180616_042723,479179,94,51901,9
3,KUDX20180616_103137_V06,-35.819,-1.000,15.440,468.296,31.326,-104.585,43.354,15662.824,165300.877,20180616_043137,479182,60,53509,8
3,KUDX20180616_103551_V06,-31.586,0.065,20.003,460.690,33.005,-104.557,43.389,16502.301,161415.450,20180616_043551,479187,71,54667,9
22,KUDX20180616_122835_V06,81.148,0.284,263.976,182.795,28.558,-103.057,44.652,14278.927,61307.915,20180616_062835,479184,1907,67869,49
22,KUDX20180616_123337_V06,86.181,0.345,265.011,180.788,34.292,-103.050,44.661,17146.206,62120.278,20180616_063337,479180,1722,66806,28
2,KUDX20180616_102317_V06,-44.152,0.080,186.248,358.489,21.469,-103.537,43.860,10734.337,63953.915,20180616_042317,479187,114,52117,6
9,KUDX20180616_111919_V06,11.881,0.135,420.058,511.104,58.346,-102.091,43.173,29172.991,121427.932,20180616_051919,479182,364,60242,31
10,KUDX20180616_111919_V06,11.881,0.054,498.394,110.278,61.789,-101.572,44.972,30894.661,137253.855,20180616_051919,479182,364,60242,31
19,KUDX20180616_121325_V06,65.981,0.056,291.713,400.157,2.375,-102.881,43.674,1187.418,50249.709,20180616_061325,479189,1266,66609,85
20,KUDX20180616_121826_V06,70.998,0.081,14.312,329.255,23.571,-104.610,43.979,11785.324,143591.068,20180616_061826,479180,1734,68725,101
21,KUDX20180616_122328_V06,76.031,0.051,250.386,211.437,2.590,-103.141,44.523,1294.817,50756.612,20180616_062328,479178,1958,68686,114
4,KUDX20180618_103916_V06,-28.322,0.261,24.282,220.909,15.258,-104.562,44.468,7628.799,143418.737,20180618_043916,479167,181,214320,8
4,KUDX20180618_104556_V06,-21.655,0.188,23.715,220.511,23.122,-104.566,44.470,11561.192,143746.156,20180618_044556,479177,192,220393,4
12,KUDX20180618_112632_V06,18.945,0.070,304.297,218.447,19.479,-102.802,44.492,9739.403,40832.880,20180618_052632,479177,235,246094,21
15,KUDX20180618_120151_V06,54.261,0.113,308.543,196.838,22.566,-102.776,44.589,11283.119,51757.464,20180618_060151,479180,383,262355,30
1,KUDX20180619_100853_V06,-58.836,0.071,166.237,345.101,3.128,-103.662,43.919,1564.241,70581.009,20180619_040853,479166,2,64711,2
2,KUDX20180619_102942_V06,-38.019,0.055,190.269,362.173,7.603,-103.512,43.843,3801.701,63060.338,20180619_042942,479180,35,53039,7
3,KUDX20180619_104518_V06,-22.419,0.064,190.310,360.354,8.605,-103.512,43.851,4302.511,62599.136,20180619_044518,479175,16,51849,5
4,KUDX20180619_120436_V06,56.881,0.050,22.263,354.336,37.590,-104.557,43.867,18794.924,141501.117,20180619_060436,479168,415,42443,33
2,KUDX20180620_102848_V06,-39.086,0.146,66.864,387.711,57.651,-104.276,43.721,28825.512,124544.627,20180620_042848,479171,22839,291046,1948
12,KUDX20180620_123040_V06,82.781,0.178,329.027,518.657,15.157,-102.651,43.141,7578.671,110287.690,20180620_063040,479168,5802,269183,593
1,KUDX20180621_101443_V06,-53.370,0.126,190.771,361.831,8.693,-103.509,43.845,4346.567,62757.526,20180621_041443,479171,9,27503,5
2,KUDX20180621_114006_V06,32.013,0.052,298.159,301.903,12.175,-102.841,44.116,6087.730,1323.753,20180621_054006,479171,20,18650,16
2,KUDX20180622_102215_V06,-46.073,0.076,46.105,90.544,62.082,-104.441,45.056,31040.939,164571.055,20180622_042215,479170,130,39476,13
2,KUDX20180622_102710_V06,-41.157,0.069,47.473,91.464,68.178,-104.432,45.052,34088.806,163750.714,20180622_042710,479181,174,38187,13
4,KUDX20180623_110333_V06,-5.044,0.261,172.375,257.229,24.072,-103.629,44.315,12036.232,67300.605,20180623_050333,479182,16,23324,3
4,KUDX20180623_110727_V06,-1.144,0.121,172.994,257.780,29.351,-103.625,44.312,14675.341,66919.846,20180623_050727,479187,25,22375,7
3,KUDX20180623_101301_V06,-55.577,0.074,166.376,344.508,2.686,-103.661,43.922,1343.105,70420.904,20180623_041301,479181,22,28788,10
5,KUDX20180625_112404_V06,14.829,0.204,373.500,430.297,12.263,-102.375,43.538,6131.731,74799.299,20180625_052404,479181,26,30300,10
5,KUDX20180625_112804_V06,18.829,0.085,373.714,430.328,17.400,-102.373,43.538,8700.100,74865.015,20180625_052804,479189,13,28979,9
2,KUDX20180625_100950_V06,-59.404,0.060,165.570,344.234,3.338,-103.666,43.923,1668.812,70760.332,20180625_040950,479171,12,37130,9
6,KUDX20180625_114355_V06,34.679,0.057,376.003,429.888,10.618,-102.359,43.540,5309.080,75245.362,20180625_054355,479178,21,21784,12
6,KUDX20180625_114756_V06,38.696,-1.000,376.003,429.888,17.005,-102.359,43.540,8502.330,75245.362,20180625_054756,479187,28,21222,18
6,KUDX20180625_115155_V06,42.679,0.184,375.038,429.746,11.654,-102.365,43.540,5827.017,74941.081,20180625_055155,479191,18,19773,6
8,KUDX20180625_121621_V06,67.113,0.185,300.927,302.686,12.812,-102.824,44.113,6406.055,1420.646,20180625_061621,479183,13,18569,8
1,KUDX20180627_101523_V06,-54.629,0.083,189.156,360.182,7.445,-103.519,43.852,3722.654,63064.162,20180627_041523,479182,798,41138,21
2,KUDX20180627_103255_V06,-37.096,0.065,188.438,361.133,11.613,-103.523,43.848,5806.561,63606.852,20180627_043255,479187,793,40362,16
2,KUDX20180628_102750_V06,-42.616,0.068,272.326,352.563,12.853,-103.002,43.888,6426.630,29701.444,20180628_042750,479183,179,49646,10
1,KUDX20180629_101529_V06,-55.433,0.093,187.161,360.840,8.393,-103.531,43.849,4196.653,64097.927,20180629_041529,479173,5,36396,5
1,KUDX20180629_102406_V06,-46.817,0.109,186.831,361.798,16.303,-103.533,43.845,8151.678,64471.581,20180629_042406,479171,3,37219,3
2,KUDX20180630_111952_V06,8.451,0.329,293.588,420.901,2.545,-102.869,43.581,1272.722,60535.279,20180630_051952,479183,141,49259,12
2,KUDX20180630_112329_V06,12.068,0.061,293.801,420.824,7.761,-102.868,43.581,3880.390,60491.552,20180630_052329,479174,33,48475,8
3,KUDX20180701_123329_V06,81.539,0.106,397.979,307.587,15.820,-102.218,44.089,7909.950,49136.144,20180701_063329,479175,32,17826,20
3,KUDX20180701_124029_V06,88.539,0.053,398.392,307.089,22.990,-102.215,44.091,11495.134,49323.448,20180701_064029,479173,46,19454,29
1,KUDX20180701_114331_V06,31.573,0.070,190.158,359.801,7.303,-103.513,43.854,3651.331,62532.642,20180701_054331,479179,49,18643,14
2,KUDX20180701_121917_V06,67.339,0.081,397.378,315.920,16.103,-102.222,44.052,8051.495,49335.259,20180701_061917,479169,36,15960,19
1,KUDX20180702_101559_V06,-56.519,0.353,190.095,361.667,7.427,-103.513,43.845,3713.726,63011.615,20180702_041559,479177,157,29227,5
2,KUDX20180702_101559_V06,-56.519,0.222,303.016,14.206,15.118,-102.810,45.411,7558.834,142905.049,20180702_041559,479177,157,29227,5
3,KUDX20180704_101549_V06,-57.890,0.130,200.976,364.296,12.438,-103.445,43.834,6219.093,59033.289,20180704_041549,479178,28,56237,9
11,KUDX20180704_121939_V06,65.944,0.097,394.491,260.697,15.700,-102.237,44.300,7850.155,51169.772,20180704_061939,479196,8,30955,3
1,KUDX20180707_101812_V06,-57.518,0.113,166.621,345.010,3.280,-103.660,43.919,1640.162,70384.550,20180707_041812,479174,3,23737,2
3,KUDX20180707_115020_V06,34.615,0.062,196.100,404.237,74.969,-103.473,43.654,37484.634,73587.852,20180707_055020,479173,17,24591,13
13,KUDX20180709_112554_V06,8.712,0.108,329.457,229.182,41.088,-102.644,44.444,20543.762,38349.993,20180709_052554,479171,4345,97544,157
13,KUDX20180709_113040_V06,13.479,0.227,329.282,228.931,47.364,-102.646,44.445,23682.243,38432.406,20180709_053040,479178,3499,98459,126
7,KUDX20180709_110652_V06,-10.321,0.201,106.515,85.099,11.429,-104.058,45.085,5714.472,144584.730,20180709_050652,479188,7693,112602,311
11,KUDX20180709_112108_V06,3.945,0.105,37.325,277.254,41.632,-104.473,44.216,20816.212,131828.847,20180709_052108,479172,5586,103086,278
1,KUDX20180710_102453_V06,-53.076,0.054,166.462,344.387,2.936,-103.661,43.922,1468.239,70361.027,20180710_042453,479185,17,42701,11
2,KUDX20180711_102012_V06,-58.553,0.233,272.247,168.550,12.785,-103.005,44.716,6392.342,67173.698,20180711_042012,479174,232,52932,11
5,KUDX20180711_102527_V06,-53.303,0.095,145.163,386.083,15.772,-103.790,43.734,7885.998,88578.741,20180711_042527,479177,279,54470,14
7,KUDX20180711_110714_V06,-11.520,0.113,418.300,119.010,20.289,-102.080,44.937,10144.749,108111.475,20180711_050714,479179,174,52809,33
1,KUDX20180713_102519_V06,-55.090,0.315,191.316,361.767,8.362,-103.505,43.845,4181.087,62504.891,20180713_042519,479174,13,52521,10
1,KUDX20180713_103042_V06,-49.707,0.071,191.953,361.376,14.591,-103.501,43.847,7295.650,62131.188,20180713_043042,479173,5,53150,4
1,KUDX20180714_120118_V06,40.035,0.053,397.313,520.930,11.819,-102.232,43.129,5909.636,120706.152,20180714_060118,479170,11,26612,6
1,KUDX20180714_120817_V06,47.019,-1.000,397.313,520.930,22.923,-102.232,43.129,11461.386,120706.152,20180714_060817,479172,17,26086,12
1,KUDX20180714_121517_V06,54.019,0.064,396.478,515.269,19.308,-102.236,43.155,9653.794,117949.971,20180714_061517,479173,9,26654,6
22,KUDX20180715_112416_V06,2.125,0.069,44.282,188.495,60.249,-104.440,44.615,30124.405,139485.781,20180715_052416,479180,8209,332313,495
22,KUDX20180715_112903_V06,6.908,0.327,45.505,188.330,64.646,-104.433,44.616,32323.145,138958.734,20180715_052903,479176,7473,333274,541
22,KUDX20180715_113346_V06,11.625,0.158,49.575,189.427,63.074,-104.407,44.612,31537.002,136875.218,20180715_053346,479184,6887,335232,476
22,KUDX20180715_113832_V06,16.391,0.074,52.152,197.218,59.988,-104.390,44.577,29994.098,134157.204,20180715_053832,479167,7931,337269,484
22,KUDX20180715_114317_V06,21.141,0.121,43.018,192.684,62.174,-104.448,44.596,31086.808,139244.828,20180715_054317,479184,8512,336523,506
22,KUDX20180715_114803_V06,25.908,-1.000,38.240,191.773,62.809,-104.478,44.600,31404.587,141625.489,20180715_054803,479180,9485,336161,547
22,KUDX20180715_115248_V06,30.658,0.585,35.759,199.621,59.607,-104.493,44.565,29803.398,141332.045,20180715_055248,479183,10943,337229,649
22,KUDX20180715_120218_V06,40.158,0.141,41.841,187.558,72.210,-104.456,44.619,36104.963,140791.767,20180715_060218,479182,13880,338257,940
12,KUDX20180715_110028_V06,-21.675,0.114,38.090,464.979,42.471,-104.445,43.371,21235.401,154769.927,20180715_050028,479188,11552,328554,634
12,KUDX20180715_110513_V06,-16.925,0.094,39.028,465.260,50.274,-104.439,43.370,25137.157,154448.206,20180715_050513,479182,11234,329939,499
12,KUDX20180715_110959_V06,-12.159,0.060,44.736,453.910,53.183,-104.406,43.421,26591.735,149036.970,20180715_050959,479184,9398,330497,516
13,KUDX20180715_110028_V06,-21.675,0.052,223.455,133.307,9.818,-103.314,44.874,4908.821,91713.671,20180715_050028,479188,11552,328554,634
45,KUDX20180715_122606_V06,63.958,0.124,428.651,137.129,59.957,-102.016,44.855,29978.497,103776.249,20180715_062606,479171,3883,324656,283
45,KUDX20180715_123051_V06,68.708,-1.000,428.651,137.129,67.509,-102.016,44.855,33754.747,103776.249,20180715_063051,479191,2722,319983,225
45,KUDX20180715_123536_V06,73.458,0.053,443.788,142.418,51.031,-101.920,44.830,25515.289,106661.703,20180715_063536,479188,2428,316501,282
5,KUDX20180716_120519_V06,42.279,0.594,262.382,368.559,44.787,-103.063,43.816,22393.270,39100.531,20180716_060519,479163,36,43067,15
5,KUDX20180716_121021_V06,47.313,0.471,264.503,365.565,51.419,-103.050,43.830,25709.408,37278.759,20180716_061021,479188,21,40862,12
5,KUDX20180716_121455_V06,51.879,0.434,272.984,363.289,54.302,-102.997,43.840,27151.005,34406.791,20180716_061455,479181,42,39030,19
5,KUDX20180716_121915_V06,56.213,0.727,281.728,367.178,53.439,-102.943,43.823,26719.735,34809.323,20180716_061915,479179,31,38154,15
5,KUDX20180716_122336_V06,60.563,0.606,289.882,368.307,53.264,-102.892,43.818,26631.769,34526.247,20180716_062336,479190,17,36706,12
5,KUDX20180716_122756_V06,64.896,0.055,293.602,366.085,58.035,-102.869,43.828,29017.705,33196.913,20180716_062756,479183,42,35062,17
5,KUDX20180716_123202_V06,68.996,-1.000,298.317,364.949,61.248,-102.840,43.833,30624.183,32485.385,20180716_063202,479184,30,34724,17
5,KUDX20180716_123608_V06,73.096,0.191,309.952,361.116,69.759,-102.768,43.850,34879.691,30960.295,20180716_063608,479180,29,34451,21
5,KUDX20180716_124014_V06,77.196,0.178,314.599,363.692,71.113,-102.739,43.838,35556.549,32671.666,20180716_064014,479176,25,34322,22
5,KUDX20180716_124419_V06,81.279,0.065,371.041,403.724,24.410,-102.389,43.657,12205.097,62859.807,20180716_064419,479187,35,33148,26
5,KUDX20180716_124826_V06,85.396,0.742,367.504,405.148,32.158,-102.411,43.651,16079.039,62475.922,20180716_064826,479180,33,33119,24
5,KUDX20180716_125231_V06,89.479,0.115,366.081,407.417,35.613,-102.420,43.641,17806.519,63057.571,20180716_065231,479187,32,32752,16
3,KUDX20180716_114933_V06,26.513,0.117,213.610,357.359,60.098,-103.367,43.866,30049.238,51848.946,20180716_054933,479174,64,48214,17
3,KUDX20180716_115448_V06,31.763,0.117,217.518,359.493,64.687,-103.342,43.856,32343.682,50849.325,20180716_055448,479181,58,48343,8
4,KUDX20180716_115448_V06,31.763,0.227,367.249,355.209,8.646,-102.411,43.876,4323.084,43504.316,20180716_055448,479181,58,48343,8
4,KUDX20180716_120519_V06,42.279,0.051,365.362,362.282,25.639,-102.423,43.844,12819.353,45141.854,20180716_060519,479163,36,43067,15
14,KUDX20180716_124826_V06,85.396,0.233,292.694,426.803,33.041,-102.875,43.554,16520.725,63506.705,20180716_064826,479180,33,33119,24
14,KUDX20180716_125231_V06,89.479,0.057,293.257,427.367,38.162,-102.871,43.552,19080.984,63772.860,20180716_065231,479187,32,32752,16
1,KUDX20180717_112844_V06,4.783,0.099,513.480,147.462,48.147,-101.480,44.803,24073.330,131188.531,20180717_052844,479167,13,40636,13
2,KUDX20180717_112844_V06,4.783,0.063,405.651,428.759,13.837,-102.176,43.544,6918.428,83278.409,20180717_052844,479167,13,40636,13
10,KUDX20180719_113708_V06,11.307,0.056,397.137,306.817,15.682,-102.223,44.093,7841.148,48687.799,20180719_053708,479176,361,52665,19
10,KUDX20180719_114246_V06,16.940,0.088,399.896,306.332,23.444,-102.206,44.095,11722.185,50048.183,20180719_054246,479168,444,51146,17
1,KUDX20180720_102733_V06,-59.237,0.065,189.424,360.201,8.013,-103.517,43.852,4006.615,62950.787,20180720_042733,479179,37,35395,4
1,KUDX20180720_103329_V06,-53.304,0.053,190.645,360.284,14.679,-103.509,43.852,7339.283,62435.420,20180720_043329,479174,49,35182,2
4,KUDX20180721_114547_V06,18.020,0.068,165.818,344.421,2.794,-103.665,43.922,1397.024,70671.917,20180721_054547,479172,108,37655,1
6,KUDX20180721_123638_V06,68.870,0.076,165.347,345.211,2.989,-103.668,43.918,1494.308,71020.039,20180721_063638,479177,27,38576,8
1,KUDX20180723_103331_V06,-56.237,0.062,191.368,360.825,8.756,-103.505,43.849,4378.202,62250.710,20180723_043331,479177,1,26331,0
1,KUDX20180724_120052_V06,30.098,0.067,342.744,399.591,2.236,-102.564,43.677,1117.758,54188.108,20180724_060052,479180,4,46776,2
1,KUDX20180724_120429_V06,33.715,0.149,342.727,399.820,6.995,-102.565,43.676,3497.367,54289.855,20180724_060429,479195,6,45846,3
1,KUDX20180724_120807_V06,37.348,-1.000,342.716,399.977,12.089,-102.565,43.675,6044.520,54359.957,20180724_060807,479186,24,46102,11
1,KUDX20180724_121144_V06,40.965,0.058,340.587,400.886,2.778,-102.578,43.671,1388.952,54372.369,20180724_061144,479185,9,45008,7
1,KUDX20180724_121521_V06,44.581,0.131,340.611,400.940,7.508,-102.578,43.670,3754.170,54401.629,20180724_061521,479186,25,45214,6
5,KUDX20180724_122613_V06,55.448,0.065,340.566,401.127,2.766,-102.578,43.670,1383.249,54480.215,20180724_062613,479189,31,44089,21
5,KUDX20180724_122950_V06,59.065,0.203,340.569,400.824,7.508,-102.578,43.671,3753.846,54339.906,20180724_062950,479189,27,43124,12
11,KUDX20180724_124800_V06,77.231,0.050,340.741,399.119,3.195,-102.577,43.679,1597.404,53582.842,20180724_064800,479188,24,42780,8
11,KUDX20180724_125137_V06,80.848,0.105,340.745,399.142,7.900,-102.577,43.679,3950.034,53593.989,20180724_065137,479192,21,41462,10
9,KUDX20180724_124422_V06,73.598,0.053,189.515,360.612,7.609,-103.516,43.850,3804.617,63009.446,20180724_064422,479189,27,42989,11
2,KUDX20180725_122002_V06,48.239,0.083,164.576,344.356,12.862,-103.673,43.922,6431.227,71251.790,20180725_062002,479186,23,44206,13
4,KUDX20180726_105246_V06,-40.065,0.169,284.227,193.344,32.466,-102.929,44.605,16233.049,53908.108,20180726_045246,479183,169,55802,13
4,KUDX20180726_105654_V06,-35.932,0.591,286.674,194.450,37.022,-102.913,44.600,18510.755,53193.777,20180726_045654,479192,182,57573,5
4,KUDX20180726_110100_V06,-31.832,0.648,289.046,195.850,37.776,-102.898,44.594,18888.084,52362.237,20180726_050100,479168,143,59369,6
4,KUDX20180726_110506_V06,-27.732,0.639,296.325,201.955,35.818,-102.853,44.566,17909.029,49056.949,20180726_050506,479184,168,60897,5
4,KUDX20180726_110913_V06,-23.615,0.673,302.487,207.889,35.643,-102.814,44.539,17821.610,46072.510,20180726_050913,479183,163,61332,6
4,KUDX20180726_111319_V06,-19.515,0.782,309.848,212.268,34.609,-102.768,44.520,17304.692,44141.431,20180726_051319,479191,138,59220,3
4,KUDX20180726_111725_V06,-15.415,0.853,316.000,214.225,35.137,-102.729,44.511,17568.446,43627.208,20180726_051725,479173,164,58136,5
4,KUDX20180726_112145_V06,-11.082,-1.000,322.714,216.988,35.347,-102.687,44.498,17673.465,43031.641,20180726_052145,479185,180,57507,4
4,KUDX20180726_112604_V06,-6.765,0.795,324.447,221.228,36.796,-102.676,44.479,18398.092,41239.009,20180726_052604,479179,197,55492,1
4,KUDX20180726_113023_V06,-2.448,0.799,330.560,223.435,38.848,-102.637,44.469,19424.211,41219.023,20180726_053023,479194,215,53219,7
4,KUDX20180726_113443_V06,1.885,0.789,338.172,229.089,39.376,-102.590,44.444,19688.001,40266.245,20180726_053443,479193,217,51397,4
4,KUDX20180726_113915_V06,6.418,0.817,345.283,232.582,40.708,-102.545,44.428,20353.886,40606.879,20180726_053915,479176,197,49814,13
4,KUDX20180726_114349_V06,10.985,0.714,349.627,235.278,42.199,-102.518,44.416,21099.419,40779.000,20180726_054349,479184,239,48671,4
4,KUDX20180726_114836_V06,15.768,0.610,354.044,233.334,48.080,-102.490,44.424,24040.007,42910.368,20180726_054836,479184,180,47649,5
4,KUDX20180726_115338_V06,20.802,0.320,359.255,237.792,50.230,-102.458,44.404,25114.895,42956.173,20180726_055338,479191,196,47000,9
4,KUDX20180726_120329_V06,30.652,0.452,375.285,243.931,52.131,-102.357,44.376,26065.334,46934.945,20180726_060329,479182,178,45049,10
4,KUDX20180726_120843_V06,35.885,0.147,384.491,249.100,51.985,-102.300,44.353,25992.417,49319.126,20180726_060843,479186,304,44901,9
13,KUDX20180726_113023_V06,-2.448,0.294,227.616,210.808,31.654,-103.285,44.525,15826.904,57434.008,20180726_053023,479194,215,53219,7
13,KUDX20180726_113443_V06,1.885,0.732,228.895,212.170,36.275,-103.277,44.519,18137.267,56502.489,20180726_053443,479193,217,51397,4
13,KUDX20180726_113915_V06,6.418,0.665,233.117,214.377,36.547,-103.250,44.510,18273.716,54324.594,20180726_053915,479176,197,49814,13
13,KUDX20180726_114349_V06,10.985,0.535,237.260,218.082,36.630,-103.224,44.493,18314.820,51591.732,20180726_054349,479184,239,48671,4
13,KUDX20180726_114836_V06,15.768,-1.000,241.467,221.501,37.029,-103.197,44.478,18514.398,48959.667,20180726_054836,479184,180,47649,5
13,KUDX20180726_115338_V06,20.802,-1.000,245.894,225.099,37.449,-103.169,44.462,18724.406,46199.832,20180726_055338,479191,196,47000,9
13,KUDX20180726_120329_V06,30.652,0.383,253.322,218.988,46.282,-103.123,44.489,23141.082,46748.647,20180726_060329,479182,178,45049,10
6,KUDX20180726_110913_V06,-23.615,0.081,427.833,260.504,12.293,-102.028,44.300,6146.412,66897.950,20180726_050913,479183,163,61332,6
6,KUDX20180726_111319_V06,-19.515,0.231,429.808,261.664,17.278,-102.016,44.295,8639.190,67675.180,20180726_051319,479191,138,59220,3
6,KUDX20180726_111725_V06,-15.415,-1.000,431.263,262.519,22.667,-102.007,44.291,11333.649,68254.595,20180726_051725,479173,164,58136,5
6,KUDX20180726_112145_V06,-11.082,-1.000,432.801,263.423,28.363,-101.998,44.287,14181.451,68872.925,20180726_052145,479185,180,57507,4
6,KUDX20180726_112604_V06,-6.765,-1.000,434.333,264.323,34.037,-101.988,44.282,17018.300,69494.786,20180726_052604,479179,197,55492,1
6,KUDX20180726_113023_V06,-2.448,-1.000,435.865,265.223,39.710,-101.978,44.278,19855.149,70122.389,20180726_053023,479194,215,53219,7
6,KUDX20180726_113443_V06,1.885,-1.000,437.402,266.127,45.406,-101.969,44.274,22702.951,70758.035,20180726_053443,479193,217,51397,4
6,KUDX20180726_113915_V06,6.418,-1.000,439.011,267.072,51.364,-101.959,44.270,25682.189,71428.883,20180726_053915,479176,197,49814,13
6,KUDX20180726_114349_V06,10.985,-1.000,440.632,268.024,57.367,-101.949,44.265,28683.335,72110.559,20180726_054349,479184,239,48671,4
6,KUDX20180726_114836_V06,15.768,-1.000,442.329,269.022,63.654,-101.938,44.261,31826.870,72830.743,20180726_054836,479184,180,47649,5
6,KUDX20180726_115338_V06,20.802,-1.000,444.116,270.072,70.269,-101.927,44.256,35134.701,73595.176,20180726_055338,479191,196,47000,9
6,KUDX20180726_120329_V06,30.652,0.051,436.713,300.174,83.401,-101.975,44.121,41700.647,68356.504,20180726_060329,479182,178,45049,10
9,KUDX20180726_111725_V06,-15.415,0.514,442.138,269.086,9.446,-101.939,44.261,4723.221,72730.484,20180726_051725,479173,164,58136,5
9,KUDX20180726_112145_V06,-11.082,0.077,442.907,269.934,15.388,-101.935,44.257,7693.989,73018.030,20180726_052145,479185,180,57507,4
9,KUDX20180726_112604_V06,-6.765,0.200,451.268,275.745,11.171,-101.883,44.230,5585.503,76600.178,20180726_052604,479179,197,55492,1
9,KUDX20180726_113023_V06,-2.448,0.077,452.248,276.627,16.586,-101.877,44.226,8292.949,77015.974,20180726_053023,479194,215,53219,7
9,KUDX20180726_113443_V06,1.885,0.071,462.682,285.030,13.010,-101.812,44.188,6505.013,81684.744,20180726_053443,479193,217,51397,4
5,KUDX20180727_112556_V06,-7.946,0.078,46.108,427.028,53.925,-104.400,43.542,26962.427,141948.257,20180727_052556,479173,25,47318,8
5,KUDX20180727_112932_V06,-4.346,0.155,46.405,427.230,59.124,-104.398,43.542,29561.855,141860.919,20180727_052932,479175,28,48439,8
5,KUDX20180727_113308_V06,-0.746,0.120,49.540,426.618,61.796,-104.379,43.545,30898.012,140323.185,20180727_053308,479191,34,47863,6
5,KUDX20180727_113646_V06,2.888,0.064,53.381,428.545,59.655,-104.355,43.536,29827.346,139054.593,20180727_053646,479184,36,47129,6
2,KUDX20180727_103511_V06,-58.696,0.230,192.314,359.941,8.208,-103.499,43.853,4103.922,61622.290,20180727_043511,479182,66,48799,5
2,KUDX20180727_103849_V06,-55.062,0.526,192.649,360.268,13.285,-103.497,43.852,6642.425,61555.682,20180727_043849,479186,50,48284,3
12,KUDX20180727_125253_V06,79.004,0.338,41.626,379.953,64.846,-104.434,43.754,32423.084,135230.967,20180727_065253,479184,50,43661,16
12,KUDX20180727_125631_V06,82.638,0.369,42.554,379.854,69.558,-104.428,43.754,34778.967,134773.017,20180727_065631,479185,78,44637,16
13,KUDX20180727_125253_V06,79.004,0.053,9.368,294.610,15.192,-104.645,44.135,7596.099,145340.822,20180727_065253,479184,50,43661,16
13,KUDX20180727_125631_V06,82.638,0.147,9.727,295.465,20.265,-104.643,44.131,10132.559,145154.378,20180727_065631,479185,78,44637,16
9,KUDX20180727_122731_V06,53.638,0.063,37.087,439.621,38.454,-104.455,43.485,19226.868,148843.429,20180727_062731,479189,32,45565,9
11,KUDX20180727_124915_V06,75.371,0.126,40.228,361.017,73.749,-104.445,43.839,36874.405,133420.687,20180727_064915,479190,37,43201,15
4,KUDX20180729_123116_V06,55.265,0.182,41.695,485.019,53.647,-104.421,43.281,26823.280,158865.984,20180729_063116,479185,5,27112,3
4,KUDX20180729_123454_V06,58.898,0.076,42.541,484.125,59.222,-104.416,43.285,29611.114,158261.629,20180729_063454,479180,5,26152,3
4,KUDX20180729_123831_V06,62.515,-1.000,43.121,483.513,64.835,-104.412,43.288,32417.472,157848.080,20180729_063831,479188,11,25988,8
4,KUDX20180729_124209_V06,66.148,0.077,61.861,487.594,69.178,-104.296,43.271,34589.138,151576.500,20180729_064209,479193,7,25883,3
1,KUDX20180729_114032_V06,4.531,0.113,340.720,401.667,2.416,-102.577,43.667,1207.827,54758.930,20180729_054032,479183,8,34206,5
1,KUDX20180730_104107_V06,-55.960,0.202,191.096,362.119,8.452,-103.507,43.843,4225.954,62687.599,20180730_044107,479172,2,54008,2
1,KUDX20180731_104337_V06,-54.543,0.227,191.116,361.818,8.111,-103.506,43.845,4055.277,62604.134,20180731_044337,479169,2,47160,2
4,KUDX20180731_114028_V06,2.307,0.189,216.949,351.710,35.683,-103.346,43.891,17841.259,48916.727,20180731_054028,479172,15,31427,10
1,KUDX20180801_125429_V06,75.233,0.287,17.990,449.633,27.328,-104.571,43.438,13664.051,159624.178,20180801_065429,479171,18,56576,13
1,KUDX20180802_104329_V06,-56.864,0.183,191.300,362.413,10.158,-103.505,43.842,5079.191,62672.101,20180802_044329,479174,6,37741,3
2,KUDX20180804_110046_V06,-41.794,0.050,440.381,170.398,36.014,-101.944,44.705,18006.889,95529.282,20180804_050046,479192,55,51220,10
1,KUDX20180805_104342_V06,-59.977,0.060,188.043,360.387,8.453,-103.526,43.851,4226.482,63602.232,20180805_044342,479174,9,42570,4
1,KUDX20180807_104757_V06,-57.973,0.109,192.772,362.854,9.039,-103.496,43.840,4519.400,62145.978,20180807_044757,479172,12,43278,3
1,KUDX20180807_110715_V06,-38.673,0.121,193.758,363.064,16.406,-103.490,43.839,8202.789,61774.784,20180807_050715,479171,14,45215,6
1,KUDX20180807_111654_V06,-29.023,-1.000,194.243,363.167,20.274,-103.487,43.839,10136.904,61592.822,20180807_051654,479173,18,39927,10
1,KUDX20180807_112633_V06,-19.373,-1.000,194.728,363.271,24.142,-103.484,43.838,12071.020,61411.323,20180807_052633,479172,24,32608,13
1,KUDX20180807_113611_V06,-9.739,-1.000,195.212,363.374,28.004,-103.481,43.838,14001.795,61230.603,20180807_053611,479173,29,26827,19
1,KUDX20180807_114550_V06,-0.089,-1.000,195.697,363.477,31.872,-103.478,43.838,15935.910,61050.040,20180807_054550,479169,28,23682,15
1,KUDX20180807_120509_V06,19.227,0.137,168.595,399.383,73.097,-103.644,43.675,36548.626,82377.745,20180807_060509,479169,12,21733,3
1,KUDX20180808_110821_V06,-38.702,0.093,192.197,362.454,8.875,-103.500,43.842,4437.616,62293.516,20180808_050821,479172,21,26057,12
1,KUDX20180809_112959_V06,-18.202,0.122,352.964,303.051,7.534,-102.499,44.111,3766.869,26526.066,20180809_052959,479172,14,43935,2
1,KUDX20180810_111036_V06,-38.721,0.113,455.616,497.297,23.338,-101.872,43.233,11668.865,125640.612,20180810_051036,479172,2,37444,2
1,KUDX20180810_112016_V06,-29.055,0.083,444.305,503.908,36.121,-101.942,43.204,18060.523,124902.289,20180810_052016,479171,16,42974,16
1,KUDX20180811_110036_V06,-49.860,0.077,166.423,345.302,2.929,-103.661,43.918,1464.636,70525.120,20180811_050036,479174,12,24778,8
1,KUDX20180812_111039_V06,-40.952,0.070,191.162,361.018,7.676,-103.506,43.848,3838.053,62388.017,20180812_051039,479173,8,27751,1
1,KUDX20180813_110645_V06,-45.995,0.052,197.226,363.240,10.262,-103.468,43.839,5130.848,60336.017,20180813_050645,479174,17,33288,8
10,KUDX20180814_122623_V06,32.494,0.066,265.230,373.601,19.015,-103.045,43.794,9507.650,40700.149,20180814_062623,479175,1855,88293,323
10,KUDX20180814_123202_V06,38.144,0.074,266.712,373.984,25.016,-103.036,43.792,12507.813,40563.821,20180814_063202,479178,1737,92699,138
3,KUDX20180814_120249_V06,8.928,0.076,234.282,394.954,16.534,-103.237,43.697,8267.246,57739.025,20180814_060249,479174,1407,68873,79
7,KUDX20180814_122030_V06,26.611,0.123,382.423,105.101,60.969,-102.307,45.001,30484.467,105805.617,20180814_062030,479176,1915,84236,312
9,KUDX20180814_122623_V06,32.494,0.091,427.893,402.098,5.436,-102.037,43.663,2717.808,81823.835,20180814_062623,479175,1855,88293,323
15,KUDX20180814_130623_V06,72.494,0.082,301.898,126.826,30.481,-102.817,44.904,15240.498,86592.235,20180814_070623,479174,3050,92675,320
15,KUDX20180814_131203_V06,78.161,0.073,303.088,138.267,19.900,-102.810,44.853,9949.795,80881.286,20180814_071203,479173,2650,89530,221
16,KUDX20180814_130623_V06,72.494,0.067,231.686,195.799,35.525,-103.260,44.593,17762.314,62299.061,20180814_070623,479174,3050,92675,320
3,KUDX20180815_110650_V06,-48.201,0.056,485.318,515.528,20.403,-101.690,43.149,10201.723,142122.188,20180815_050650,479178,3928,87877,26
1,KUDX20180816_114520_V06,-10.848,0.127,455.848,504.616,26.139,-101.871,43.200,13069.376,128604.358,20180816_054520,479171,11,32638,10
2,KUDX20180816_121344_V06,17.552,0.158,200.280,383.734,47.303,-103.448,43.747,23651.608,65106.680,20180816_061344,479169,18,55216,10
3,KUDX20180816_130326_V06,67.252,0.056,73.561,287.065,46.336,-104.245,44.174,23168.070,113404.002,20180816_070326,479172,60,54164,44
4,KUDX20180816_131738_V06,81.452,0.095,181.676,57.605,34.084,-103.583,45.213,17041.780,134866.605,20180816_071738,479170,96,57214,56
2,KUDX20180817_110148_V06,-55.528,0.076,337.061,396.919,6.371,-102.600,43.689,3185.440,51881.459,20180817_050148,479173,13,23538,0
2,KUDX20180817_110855_V06,-48.411,0.062,335.567,397.344,15.167,-102.609,43.687,7583.588,51818.890,20180817_050855,479173,6,23430,1
2,KUDX20180817_111601_V06,-41.311,-1.000,334.234,397.723,24.209,-102.617,43.685,12104.539,51772.852,20180817_051601,479174,16,24095,5
2,KUDX20180817_112306_V06,-34.228,0.090,344.381,402.145,16.226,-102.554,43.665,8113.144,55685.092,20180817_052306,479174,21,25332,3
1,KUDX20180817_110148_V06,-55.528,0.092,377.424,432.780,8.682,-102.351,43.526,4341.024,76852.168,20180817_050148,479173,13,23538,0
3,KUDX20180817_110855_V06,-48.411,0.082,190.655,361.884,7.535,-103.509,43.844,3767.296,62820.949,20180817_050855,479173,6,23430,1
5,KUDX20180817_121248_V06,15.472,0.067,391.124,310.194,9.386,-102.261,44.078,4692.902,45846.174,20180817_061248,479172,41,50727,33
10,KUDX20180819_131305_V06,73.461,0.111,27.176,279.569,28.003,-104.536,44.204,14001.286,136793.962,20180819_071305,479173,5553,301123,358
10,KUDX20180819_132013_V06,80.595,0.075,27.414,286.451,34.727,-104.534,44.173,17363.749,136461.131,20180819_072013,479180,4739,301719,284
2,KUDX20180821_110515_V06,-56.666,0.113,192.012,361.093,8.497,-103.501,43.848,4248.474,62035.717,20180821_050515,479170,332,53645,22
2,KUDX20180821_111026_V06,-51.483,0.082,191.977,361.128,15.015,-103.501,43.848,7507.452,62059.622,20180821_051026,479174,179,50668,7
10,KUDX20180821_121516_V06,13.351,0.579,281.941,44.463,23.922,-102.945,45.275,11961.189,128087.097,20180821_061516,479179,67,41694,17
10,KUDX20180821_122028_V06,18.551,0.235,283.599,45.999,31.090,-102.934,45.268,15544.770,127264.878,20180821_062028,479176,105,40289,14
11,KUDX20180821_123604_V06,34.151,0.075,192.080,361.123,10.702,-103.500,43.848,5350.897,62013.386,20180821_063604,479175,154,35531,20
1,KUDX20180823_111259_V06,-51.225,0.053,449.471,564.957,19.637,-101.914,42.929,9818.441,152105.210,20180823_051259,479172,18,37924,9
1,KUDX20180824_121237_V06,7.263,0.156,440.836,216.575,56.284,-101.944,44.497,28141.983,81845.066,20180824_061237,479171,22,24877,5
1,KUDX20180824_121938_V06,14.279,0.068,445.445,215.980,67.300,-101.915,44.499,33650.161,83984.295,20180824_061938,479174,21,26365,11
1,KUDX20180824_122639_V06,21.296,0.090,457.099,231.501,58.440,-101.843,44.429,29219.833,85691.598,20180824_062639,479173,13,28274,10
2,KUDX20180825_122819_V06,21.818,0.064,507.094,164.916,49.072,-101.522,44.725,24535.789,123628.222,20180825_062819,479171,11,38178,9
2,KUDX20180825_123520_V06,28.834,0.077,512.083,166.851,61.826,-101.491,44.716,30912.976,125207.722,20180825_063520,479170,21,39735,15
3,KUDX20180825_131724_V06,70.901,0.165,458.425,202.885,61.376,-101.832,44.558,30687.824,92910.866,20180825_071724,479176,42,36062,22
3,KUDX20180825_132424_V06,77.901,0.171,455.294,208.243,67.467,-101.853,44.534,33733.545,90187.973,20180825_072424,479172,41,35057,23
1,KUDX20180825_122120_V06,14.834,0.133,242.801,381.742,16.239,-103.185,43.757,8119.303,49883.626,20180825_062120,479174,18,34858,15
5,KUDX20180826_120501_V06,-2.627,0.136,453.760,212.000,19.802,-101.862,44.517,9901.104,88580.818,20180826_060501,479186,17,46262,3
5,KUDX20180826_120947_V06,2.140,0.257,456.658,210.191,24.992,-101.844,44.525,12495.994,90287.522,20180826_060947,479186,51,45582,6
24,KUDX20180827_133043_V06,81.929,0.150,382.511,76.439,31.717,-102.305,45.130,15858.311,119150.880,20180827_073043,479169,113,118928,37
24,KUDX20180827_133737_V06,88.829,0.251,385.012,75.072,41.141,-102.289,45.136,20570.343,120228.402,20180827_073737,479170,78,118186,52
1,KUDX20180827_112832_V06,-40.255,0.108,171.104,120.495,8.060,-103.646,44.930,4029.799,110494.668,20180827_052832,479170,40,67138,8
2,KUDX20180827_114033_V06,-28.238,0.112,430.625,65.687,57.735,-101.999,45.176,28867.306,134131.978,20180827_054033,479177,77,72518,20
3,KUDX20180827_114033_V06,-28.238,0.103,209.082,419.282,18.000,-103.392,43.587,9000.086,74990.441,20180827_054033,479177,77,72518,20
7,KUDX20180827_122145_V06,12.962,0.098,373.380,559.182,9.059,-102.380,42.958,4529.535,134684.634,20180827_062145,479177,82,88758,3
8,KUDX20180827_123533_V06,26.762,0.142,310.686,166.225,23.172,-102.762,44.727,11585.808,67100.593,20180827_063533,479173,99,98279,10
10,KUDX20180827_124921_V06,40.562,0.165,439.885,425.465,12.553,-101.964,43.557,6276.293,93953.536,20180827_064921,479175,85,106672,14
11,KUDX20180827_124921_V06,40.562,0.075,454.304,45.746,35.054,-101.846,45.265,17526.814,148706.965,20180827_064921,479175,85,106672,14
19,KUDX20180827_131002_V06,61.245,0.051,186.040,310.103,50.267,-103.541,44.077,25133.520,57203.603,20180827_071002,479171,86,114966,19
20,KUDX20180827_131656_V06,68.145,0.245,362.235,102.128,32.331,-102.435,45.015,16165.714,103714.343,20180827_071656,479174,167,115172,29
4,KUDX20180828_120020_V06,-9.598,0.353,27.838,394.282,34.382,-104.517,43.688,17190.979,144014.907,20180828_060020,479171,17,46853,10
4,KUDX20180828_120618_V06,-3.632,0.193,31.613,392.793,44.447,-104.494,43.695,22223.590,141987.847,20180828_060618,479173,15,47712,9
2,KUDX20180828_111815_V06,-51.682,0.082,189.677,361.050,8.447,-103.515,43.848,4223.610,63044.048,20180828_051815,479181,3,51852,3
3,KUDX20180828_114409_V06,-25.782,0.063,35.389,305.688,41.565,-104.482,44.087,20782.360,132335.882,20180828_054409,479176,13,45882,4
5,KUDX20180828_124200_V06,32.068,0.052,232.295,382.948,58.982,-103.250,43.751,29491.079,53535.985,20180828_064200,479169,73,46896,15
6,KUDX20180828_131518_V06,65.368,0.514,61.980,279.848,63.078,-104.318,44.206,31538.776,119436.005,20180828_071518,479177,90,62567,9
1,KUDX20180831_120609_V06,-7.211,0.076,152.264,158.539,8.617,-103.762,44.758,4308.640,102270.755,20180831_060609,479171,15,24267,14
8,KUDX20180901_133047_V06,76.280,0.440,351.885,380.306,15.172,-102.507,43.763,7586.094,47804.772,20180901_073047,479172,407,62989,16
8,KUDX20180901_133453_V06,80.380,0.479,352.238,379.832,20.049,-102.505,43.765,10024.475,47702.227,20180901_073453,479171,461,60776,24
8,KUDX20180901_133911_V06,84.680,0.119,356.409,376.830,16.615,-102.479,43.779,8307.346,47656.949,20180901_073911,479182,510,59114,9
8,KUDX20180901_134331_V06,89.013,0.173,357.826,376.684,22.059,-102.470,43.779,11029.407,48021.519,20180901_074331,479181,530,57439,17
4,KUDX20180901_123008_V06,15.630,0.059,340.878,298.667,17.881,-102.574,44.131,8940.498,20450.044,20180901_063008,479185,1227,72803,34
1,KUDX20180902_121513_V06,-0.429,0.197,158.269,157.146,6.419,-103.725,44.764,3209.639,100616.794,20180902_061513,479180,10,39887,7
2,KUDX20180902_122805_V06,12.437,0.052,190.486,361.142,58.899,-103.510,43.848,29449.615,62712.769,20180902_062805,479183,14,45163,12
1,KUDX20180903_112059_V06,-55.805,0.271,192.202,363.081,9.674,-103.500,43.839,4836.842,62449.186,20180903_052059,479179,4,50454,1
3,KUDX20180903_133734_V06,80.778,0.058,191.060,363.112,9.911,-103.507,43.839,4955.606,62950.462,20180903_073734,479172,13,36099,7
1,KUDX20180904_121152_V06,-6.065,0.323,164.418,158.130,7.923,-103.686,44.760,3961.504,98119.196,20180904_061152,479172,11,21224,7
1,KUDX20180905_112354_V06,-55.175,0.148,187.883,363.819,5.405,-103.526,43.836,2702.261,64503.741,20180905_052354,479174,4,20473,2
1,KUDX20180906_125030_V06,30.282,0.279,300.622,302.620,13.161,-102.826,44.113,6580.280,1346.333,20180906_065030,479173,16,24483,7
1,KUDX20180906_130444_V06,44.516,0.180,300.259,302.734,19.473,-102.828,44.113,9736.407,1373.171,20180906_070444,479173,16,25325,8
2,KUDX20180906_132545_V06,65.532,0.081,300.030,303.275,16.061,-102.829,44.110,8030.472,1637.796,20180906_072545,479173,17,24454,13
1,KUDX20180907_120301_V06,-18.344,0.095,158.659,152.253,2.685,-103.722,44.786,1342.745,102233.079,20180907_060301,479173,21,37918,17
2,KUDX20180908_121308_V06,-9.371,0.750,221.712,507.507,22.182,-103.311,43.190,11091.248,110892.002,20180908_061308,479170,7,31177,3
2,KUDX20180908_122013_V06,-2.288,0.496,220.731,507.146,28.864,-103.317,43.192,14432.139,110897.397,20180908_062013,479173,10,31405,7
2,KUDX20180908_122720_V06,4.829,0.480,218.259,505.247,31.071,-103.332,43.200,15535.469,110462.607,20180908_062720,479172,16,33626,8
1,KUDX20180908_113031_V06,-51.988,0.050,187.175,362.263,8.912,-103.531,43.843,4456.188,64432.623,20180908_053031,479171,8,21254,4
1,KUDX20180909_122155_V06,-1.732,0.495,160.952,154.622,8.127,-103.708,44.776,4063.684,100584.722,20180909_062155,479184,25,55596,17
1,KUDX20180909_122602_V06,2.385,0.787,160.736,155.059,13.524,-103.709,44.774,6761.803,100501.649,20180909_062602,479175,38,59185,25
1,KUDX20180909_123008_V06,6.485,0.623,161.102,157.406,16.255,-103.707,44.763,8127.662,99531.000,20180909_063008,479178,23,63103,15
1,KUDX20180909_123414_V06,10.585,0.622,160.503,158.761,18.182,-103.710,44.757,9091.065,99257.005,20180909_063414,479186,22,66268,16
1,KUDX20180909_123821_V06,14.701,0.212,158.337,160.676,22.464,-103.724,44.748,11232.023,99347.310,20180909_063821,479180,25,67857,19
1,KUDX20180909_124228_V06,18.818,0.057,157.948,162.520,24.239,-103.726,44.740,12119.483,98842.712,20180909_064228,479180,22,65791,16
2,KUDX20180909_123414_V06,10.585,0.053,250.105,529.847,20.952,-103.136,43.090,10476.098,117600.159,20180909_063414,479186,22,66268,16
1,KUDX20180910_121859_V06,-5.809,0.122,153.822,144.126,5.662,-103.754,44.823,2830.994,106846.579,20180910_061859,479185,5,53040,3
1,KUDX20180910_122306_V06,-1.693,0.103,153.609,144.645,11.775,-103.755,44.820,5887.538,106730.247,20180910_062306,479173,13,56743,12
2,KUDX20180910_122306_V06,-1.693,0.053,322.558,507.190,16.437,-102.691,43.193,8218.258,104207.251,20180910_062306,479173,13,56743,12
1,KUDX20180911_134329_V06,77.546,0.053,395.846,307.906,21.848,-102.231,44.088,10923.820,48085.670,20180911_074329,479176,79,23982,48
3,KUDX20180912_123203_V06,4.968,0.125,226.866,506.281,25.249,-103.279,43.196,12624.651,109430.933,20180912_063203,479172,11,19825,5
5,KUDX20180913_132645_V06,58.523,0.072,27.370,366.960,52.288,-104.524,43.811,26143.869,140366.293,20180913_072645,479172,42,44989,21
5,KUDX20180913_133207_V06,63.890,0.062,28.968,368.643,61.952,-104.514,43.804,30976.169,139794.493,20180913_073207,479173,35,45415,24
5,KUDX20180913_133731_V06,69.290,0.287,36.099,359.002,63.818,-104.470,43.848,31909.004,135208.205,20180913_073731,479180,27,45502,22
5,KUDX20180913_134254_V06,74.673,0.273,40.923,352.341,70.122,-104.441,43.878,35061.010,132155.686,20180913_074254,479178,47,44773,25
5,KUDX20180913_134817_V06,80.056,0.060,42.934,339.732,73.834,-104.430,43.935,36916.760,130059.348,20180913_074817,479178,20,42480,20
1,KUDX20180913_121644_V06,-11.494,0.201,427.745,560.149,11.113,-102.047,42.952,5556.384,144910.655,20180913_061644,479174,8,26667,5
3,KUDX20180913_122208_V06,-6.094,0.060,318.460,506.944,17.135,-102.716,43.194,8567.407,103882.936,20180913_062208,479172,16,28467,6
4,KUDX20180913_130512_V06,36.973,0.144,31.336,243.416,49.638,-104.515,44.367,24819.176,137279.216,20180913_070512,479174,16,41162,11
5,KUDX20180914_133755_V06,68.544,0.087,23.756,393.201,29.121,-104.543,43.693,14560.610,145771.425,20180914_073755,479172,24,38821,9
5,KUDX20180914_134319_V06,73.944,0.158,23.521,392.517,34.576,-104.544,43.696,17288.179,145773.568,20180914_074319,479174,32,39676,22
5,KUDX20180914_134843_V06,79.344,0.123,27.838,402.991,47.122,-104.516,43.649,23560.841,145498.630,20180914_074843,479170,26,39066,15
5,KUDX20180914_135407_V06,84.744,0.058,30.582,409.665,51.703,-104.498,43.619,25851.441,145441.067,20180914_075407,479174,29,38942,20
1,KUDX20180914_113358_V06,-55.406,0.101,391.325,333.117,3.007,-102.260,43.975,1503.483,48571.877,20180914_053358,479176,8,38673,6
2,KUDX20180914_113358_V06,-55.406,0.081,188.716,364.596,6.402,-103.521,43.832,3201.195,64336.603,20180914_053358,479176,8,38673,6
3,KUDX20180914_122751_V06,-1.523,0.118,84.149,321.505,8.335,-104.176,44.020,4167.399,108459.636,20180914_062751,479177,18,38563,17
1,KUDX20180916_115119_V06,-40.350,0.142,214.421,158.822,118.824,-103.370,44.759,59412.201,82545.221,20180916_055119,479171,5,26744,1
1,KUDX20180916_120832_V06,-23.133,0.286,226.739,174.524,122.050,-103.292,44.689,61024.920,72648.974,20180916_060832,479171,5,36842,5
1,KUDX20180916_121710_V06,-14.500,0.087,221.325,187.745,123.454,-103.325,44.629,61727.182,68540.065,20180916_061710,479172,2,42805,1
1,KUDX20180916_122547_V06,-5.883,-1.000,217.993,199.946,124.938,-103.346,44.574,62469.001,64683.615,20180916_062547,479172,5,33761,3
1,KUDX20180916_123424_V06,2.734,0.057,276.514,192.869,85.804,-102.977,44.607,42901.970,54837.675,20180916_063424,479169,7,33416,1
3,KUDX20180916_131730_V06,45.834,0.073,249.121,343.692,31.618,-103.146,43.928,15808.914,33532.321,20180916_071730,479174,13,30248,4
5,KUDX20180917_122516_V06,-7.548,0.207,284.725,168.383,15.515,-102.926,44.717,7757.732,66250.341,20180917_062516,479181,629,75104,13
5,KUDX20180917_123030_V06,-2.314,-1.000,284.725,168.383,23.836,-102.926,44.717,11918.232,66250.341,20180917_063030,479185,480,75144,16
5,KUDX20180917_123544_V06,2.919,0.126,280.378,175.172,33.901,-102.953,44.687,16950.712,63180.552,20180917_063544,479190,483,71540,11
9,KUDX20180917_124613_V06,13.402,0.060,38.250,344.400,82.404,-104.459,43.914,41202.106,132744.365,20180917_064613,479177,463,68142,10
9,KUDX20180917_125126_V06,18.619,-1.000,38.250,344.400,90.699,-104.459,43.914,45349.356,132744.365,20180917_065126,479170,477,65403,14
9,KUDX20180917_130155_V06,29.102,0.056,45.003,378.948,85.645,-104.413,43.759,42822.420,133469.100,20180917_070155,479182,475,58505,22
9,KUDX20180917_130710_V06,34.352,0.131,42.214,415.051,62.855,-104.426,43.596,31427.509,141147.371,20180917_070710,479180,518,55556,20
3,KUDX20180917_114538_V06,-47.181,0.055,52.184,450.260,49.950,-104.360,43.438,24974.857,144905.810,20180917_054538,479186,457,84301,14
6,KUDX20180917_123030_V06,-2.314,0.052,347.719,166.336,13.908,-102.528,44.726,6954.014,70963.194,20180917_063030,479185,480,75144,16
10,KUDX20180917_130155_V06,29.102,0.709,232.044,395.007,8.700,-103.251,43.697,4349.945,58404.543,20180917_070155,479182,475,58505,22
1,KUDX20180918_122942_V06,-4.263,0.805,199.406,438.635,16.904,-103.451,43.499,8452.208,85642.851,20180918_062942,479181,14,39234,10
1,KUDX20180918_123350_V06,-0.130,0.151,199.745,438.879,21.983,-103.449,43.498,10991.511,85642.508,20180918_063350,479185,9,34578,6
4,KUDX20180919_120624_V06,-28.714,0.084,18.331,375.962,21.976,-104.579,43.770,10988.016,145866.231,20180919_060624,479185,1528,99345,6
4,KUDX20180919_121030_V06,-24.614,-1.000,18.331,375.962,28.495,-104.579,43.770,14247.516,145866.231,20180919_061030,479177,1384,97879,6
4,KUDX20180919_121437_V06,-20.497,0.075,22.008,382.878,35.301,-104.555,43.739,17650.300,145041.835,20180919_061437,479175,941,96697,9
1,KUDX20180919_113741_V06,-57.430,0.060,191.823,360.613,8.247,-103.502,43.850,4123.745,62000.389,20180919_053741,479186,2188,110574,45
5,KUDX20180919_121030_V06,-24.614,0.175,21.384,393.277,35.961,-104.558,43.692,17980.558,146907.748,20180919_061030,479177,1384,97879,6
8,KUDX20180920_135020_V06,74.068,0.135,156.824,330.757,37.829,-103.722,43.983,18914.459,73220.923,20180920_075020,479179,6921,275346,592
1,KUDX20180921_114650_V06,-50.586,0.084,192.132,362.263,5.652,-103.500,43.843,2826.092,62273.895,20180921_054650,479174,11,39360,6
1,KUDX20180922_122443_V06,-13.858,0.131,223.197,193.330,2.438,-103.313,44.604,1219.051,65721.405,20180922_062443,479174,15,35305,15
1,KUDX20180923_120612_V06,-33.532,0.134,261.343,228.886,113.485,-103.072,44.445,56742.558,40470.894,20180923_060612,479174,10,27579,7
12,KUDX20180925_123106_V06,-10.954,0.054,501.655,301.349,17.041,-101.570,44.112,8520.504,100829.907,20180925_063106,479176,51,65919,15
12,KUDX20180925_123629_V06,-5.571,0.109,501.992,302.005,23.777,-101.568,44.109,11888.685,101000.949,20180925_063629,479180,46,66725,13
3,KUDX20180925_114229_V06,-59.571,0.060,454.479,339.992,14.121,-101.867,43.941,7060.688,79785.689,20180925_054229,479176,82,52732,28
6,KUDX20180925_121455_V06,-27.137,0.061,397.314,293.050,20.321,-102.221,44.155,10160.671,48780.688,20180925_061455,479173,93,47592,34
6,KUDX20180925_122019_V06,-21.737,-1.000,397.314,293.050,28.907,-102.221,44.155,14453.671,48780.688,20180925_062019,479177,50,55285,26
6,KUDX20180925_122542_V06,-16.354,0.061,408.068,300.675,22.053,-102.154,44.120,11026.585,54034.961,20180925_062542,479168,53,62231,14
13,KUDX20180925_123106_V06,-10.954,0.050,84.010,122.719,31.521,-104.197,44.915,15760.670,139714.216,20180925_063106,479176,51,65919,15
14,KUDX20180925_123629_V06,-5.571,0.060,364.282,522.501,25.648,-102.435,43.123,12823.776,115800.141,20180925_063629,479180,46,66725,13
1,KUDX20180929_130136_V06,14.865,0.086,190.593,362.661,8.870,-103.510,43.841,4435.209,63040.495,20180929_070136,479172,18,37574,14
1,KUDX20180930_124034_V06,-7.348,0.069,165.944,344.279,2.740,-103.664,43.923,1369.862,70589.745,20180930_064034,479171,16,92181,6
8,KUDX20181003_130443_V06,13.238,0.160,195.778,170.709,9.423,-103.487,44.705,4711.250,83033.723,20181003_070443,479167,60,54147,30
8,KUDX20181003_131008_V06,18.654,0.056,196.361,170.639,16.824,-103.483,44.705,8411.953,82878.577,20181003_071008,479177,59,51526,29
4,KUDX20181003_120945_V06,-41.729,0.076,434.176,227.487,5.465,-101.987,44.448,2732.666,76258.420,20181003_060945,479178,29,63894,19
6,KUDX20181003_123204_V06,-19.412,0.054,440.237,294.073,16.790,-101.953,44.148,8395.103,70181.245,20181003_063204,479178,24,72177,9
9,KUDX20181003_130443_V06,13.238,0.071,199.535,368.412,17.144,-103.454,43.815,8571.808,60772.742,20181003_070443,479167,60,54147,30
3,KUDX20181005_133328_V06,39.589,0.115,189.951,362.449,7.523,-103.514,43.842,3761.665,63266.883,20181005_073328,479176,27,28476,21
5,KUDX20181005_134416_V06,50.389,0.066,26.514,91.834,43.651,-104.565,45.049,21825.731,171848.493,20181005_074416,479172,40,32406,27
6,KUDX20181005_141115_V06,77.372,0.068,36.008,506.797,44.598,-104.453,43.183,22299.234,167672.890,20181005_081115,479176,23,51105,16
1,KUDX20181006_120137_V06,-53.468,0.058,189.289,360.409,7.954,-103.518,43.851,3977.167,63059.911,20181006_060137,479171,14,32950,5
1,KUDX20181006_120837_V06,-46.468,0.068,190.253,362.084,5.011,-103.512,43.844,2505.507,63045.389,20181006_060837,479169,11,35992,11
2,KUDX20181007_121739_V06,-38.646,0.066,34.208,391.997,44.692,-104.478,43.699,22345.791,140631.706,20181007_061739,479174,17,184796,6
5,KUDX20181007_130713_V06,10.921,0.067,528.629,534.344,31.398,-101.426,43.062,15698.767,163698.128,20181007_070713,479171,10,148064,7
6,KUDX20181007_131322_V06,17.071,0.138,26.983,442.955,37.155,-104.517,43.469,18577.635,154089.842,20181007_071322,479176,9,146238,6
8,KUDX20181007_131322_V06,17.071,0.064,487.329,427.338,28.681,-101.670,43.546,14340.303,113255.431,20181007_071322,479176,9,146238,6
9,KUDX20181007_132018_V06,24.004,0.278,267.456,226.506,19.208,-103.034,44.456,9603.970,40188.678,20181007_072018,479170,37,147197,22
12,KUDX20181007_134014_V06,43.937,0.069,29.855,152.209,49.561,-104.536,44.777,24780.642,153964.825,20181007_074014,479174,11,157665,7
16,KUDX20181007_141836_V06,82.304,0.158,243.246,392.569,28.792,-103.182,43.708,14396.061,54290.868,20181007_081836,479181,47,195651,26
1,KUDX20181008_120618_V06,-51.212,0.116,21.944,447.333,33.556,-104.547,43.449,16778.152,157338.721,20181008_060618,479171,734,232324,24
1,KUDX20181008_121311_V06,-44.329,0.150,23.610,446.030,42.155,-104.537,43.455,21077.286,156298.080,20181008_061311,479171,1284,238901,124
1,KUDX20181008_122004_V06,-37.446,0.181,28.127,432.605,52.113,-104.511,43.516,26056.396,151244.014,20181008_062004,479173,1919,247481,233
1,KUDX20181008_122658_V06,-30.546,0.374,32.629,418.086,55.995,-104.485,43.582,27997.727,146143.478,20181008_062658,479176,1735,254617,147
1,KUDX20181008_123351_V06,-23.662,0.166,37.420,415.677,60.197,-104.455,43.593,30098.519,143465.491,20181008_063351,479179,1313,259898,115
1,KUDX20181008_124044_V06,-16.779,0.227,40.616,414.456,63.645,-104.436,43.599,31822.570,141756.880,20181008_064044,479178,1231,266972,85
1,KUDX20181008_124738_V06,-9.879,0.075,43.996,403.695,65.303,-104.416,43.647,32651.730,138103.588,20181008_064738,479176,817,272980,45
2,KUDX20181008_122004_V06,-37.446,0.070,415.653,531.904,36.100,-102.119,43.079,18049.940,129571.665,20181008_062004,479173,1919,247481,233
1,KUDX20181009_122712_V06,-31.533,0.057,166.105,346.025,3.024,-103.663,43.915,1511.757,70792.233,20181009_062712,479172,18,45024,12
2,KUDX20181009_125411_V06,-4.550,0.080,166.368,344.531,2.584,-103.661,43.922,1292.183,70428.198,20181009_065411,479177,27,36917,17
1,KUDX20181010_121039_V06,-49.310,0.158,52.266,315.315,60.979,-104.375,44.046,30489.475,124103.430,20181010_061039,479175,15,270800,13
1,KUDX20181010_121509_V06,-44.810,0.306,54.549,316.395,67.418,-104.361,44.041,33709.090,122999.095,20181010_061509,479177,16,270195,15
1,KUDX20181010_121939_V06,-40.310,0.338,59.738,319.516,68.270,-104.328,44.027,34135.155,120526.757,20181010_061939,479171,17,269568,11
1,KUDX20181010_122408_V06,-35.826,0.454,62.588,319.061,65.762,-104.310,44.030,32881.028,119087.763,20181010_062408,479173,22,267211,18
1,KUDX20181010_122837_V06,-31.343,0.514,63.548,320.666,65.052,-104.304,44.022,32525.989,118676.799,20181010_062837,479171,27,265202,21
1,KUDX20181010_123307_V06,-26.843,0.359,64.033,317.611,65.318,-104.301,44.036,32658.819,118311.520,20181010_063307,479173,23,264699,14
1,KUDX20181010_123736_V06,-22.360,0.176,64.725,319.894,68.677,-104.297,44.026,34338.393,118057.131,20181010_063736,479176,20,264417,16
1,KUDX20181010_124205_V06,-17.876,0.123,64.599,320.664,69.654,-104.298,44.023,34826.989,118152.872,20181010_064205,479174,17,265752,15
1,KUDX20181010_124635_V06,-13.376,-1.000,64.790,321.499,71.087,-104.296,44.019,35543.481,118095.219,20181010_064635,479176,24,265134,21
1,KUDX20181010_125105_V06,-8.876,-1.000,64.981,322.334,72.520,-104.295,44.015,36259.972,118039.090,20181010_065105,479169,34,262265,23
1,KUDX20181010_125536_V06,-4.360,-1.000,65.172,323.172,73.958,-104.294,44.011,36979.117,117984.290,20181010_065536,479170,14,262097,13
1,KUDX20181010_130436_V06,4.640,0.054,68.004,335.351,76.215,-104.275,43.957,38107.604,117336.783,20181010_070436,479178,28,259903,22
4,KUDX20181010_141632_V06,76.574,0.063,32.242,253.098,32.516,-104.508,44.324,16258.078,135917.273,20181010_081632,479178,20,258462,16
1,KUDX20181011_132010_V06,18.976,0.092,199.426,165.626,7.631,-103.464,44.728,3815.483,83921.798,20181011_072010,479172,42,24870,32
9,KUDX20181013_134521_V06,41.683,0.077,40.433,127.015,52.766,-104.472,44.892,26382.828,155963.564,20181013_074521,479174,32,67322,22
9,KUDX20181013_135044_V06,47.066,0.185,43.544,125.985,60.931,-104.453,44.897,30465.422,154960.603,20181013_075044,479174,22,70328,19
9,KUDX20181013_140130_V06,57.833,0.118,66.795,125.839,70.978,-104.306,44.899,35489.011,145530.568,20181013_080130,479174,21,77838,16
9,KUDX20181013_140709_V06,63.483,-1.000,78.139,125.688,76.555,-104.234,44.901,38277.356,141073.485,20181013_080709,479167,34,84361,16
9,KUDX20181013_141232_V06,68.866,0.157,32.467,98.003,53.505,-104.527,45.021,26752.481,167612.906,20181013_081232,479178,18,87776,14
8,KUDX20181013_133435_V06,30.916,0.059,58.843,138.857,59.742,-104.355,44.840,29871.082,145020.494,20181013_073435,479175,31,62240,16
8,KUDX20181013_133958_V06,36.300,0.070,59.250,138.981,65.717,-104.352,44.839,32858.350,144816.687,20181013_073958,479174,40,64549,34
1,KUDX20181013_120958_V06,-53.700,0.202,282.539,90.144,8.838,-102.940,45.069,4419.243,105290.498,20181013_060958,479171,15,54908,8
2,KUDX20181013_120958_V06,-53.700,0.053,192.345,360.563,8.432,-103.499,43.851,4216.146,61760.683,20181013_060958,479171,15,54908,8
6,KUDX20181013_130558_V06,2.300,0.102,387.420,306.705,12.167,-102.284,44.094,6083.530,43838.263,20181013_070558,479172,21,55657,16
10,KUDX20181013_140709_V06,63.483,0.056,192.952,366.518,23.969,-103.495,43.824,11984.444,63015.787,20181013_080709,479167,34,84361,16
4,KUDX20181014_124923_V06,-15.529,0.076,62.186,254.962,17.672,-104.320,44.318,8835.964,121020.603,20181014_064923,479176,12,83233,8
4,KUDX20181014_125447_V06,-10.129,0.309,63.040,257.153,24.179,-104.314,44.308,12089.567,120401.255,20181014_065447,479176,19,83216,14
4,KUDX20181014_130533_V06,0.638,0.053,62.323,261.175,30.970,-104.318,44.290,15484.781,120413.565,20181014_070533,479170,19,82709,16
1,KUDX20181015_133451_V06,28.687,0.065,252.958,520.933,20.595,-103.118,43.130,10297.651,112942.794,20181015_073451,479172,53,19989,44
6,KUDX20181016_142012_V06,72.782,0.280,482.619,386.511,31.170,-101.696,43.730,15584.759,101036.810,20181016_082012,479173,48,33889,30
6,KUDX20181016_142713_V06,79.799,0.073,487.546,389.294,39.703,-101.666,43.717,19851.598,103858.986,20181016_082713,479174,28,34495,24
8,KUDX20181016_142012_V06,72.782,0.178,331.265,418.359,23.866,-102.636,43.592,11933.147,61209.190,20181016_082012,479173,48,33889,30
1,KUDX20181019_121649_V06,-54.396,0.060,190.140,361.764,5.225,-103.513,43.845,2612.394,63015.855,20181019_061649,479172,23,36150,21
1,KUDX20181020_121234_V06,-59.920,0.089,190.783,361.768,7.530,-103.509,43.845,3765.026,62736.524,20181020_061234,479173,28,38231,20
1,KUDX20181022_121740_V06,-57.383,0.060,190.203,362.553,7.408,-103.512,43.841,3704.187,63182.755,20181022_061740,479173,21,32661,11
2,KUDX20181023_133023_V06,14.045,0.054,20.183,523.897,32.990,-104.548,43.104,16494.831,179183.928,20181023_073023,479173,48,20599,38
2,KUDX20181023_133723_V06,21.045,0.134,21.501,520.631,40.897,-104.541,43.119,20448.619,177651.322,20181023_073723,479173,66,19936,43
4,KUDX20181023_141225_V06,56.079,0.488,22.967,469.243,33.975,-104.538,43.350,16987.610,162319.288,20181023_081225,479174,43,19934,37
4,KUDX20181023_141925_V06,63.079,0.476,24.635,466.023,41.676,-104.528,43.365,20837.909,160771.153,20181023_081925,479171,74,21438,44
4,KUDX20181023_142626_V06,70.095,0.700,27.402,454.240,37.008,-104.513,43.418,18503.904,156604.189,20181023_082626,479173,55,22257,38
4,KUDX20181023_143327_V06,77.112,0.437,26.979,451.608,41.887,-104.515,43.430,20943.332,156145.526,20181023_083327,479169,47,22906,39
1,KUDX20181023_123418_V06,-42.038,0.068,197.800,368.123,16.652,-103.465,43.817,8325.783,61411.527,20181023_063418,479170,47,24579,37
3,KUDX20181023_140524_V06,49.062,0.089,23.797,489.294,44.463,-104.530,43.260,22231.483,167421.648,20181023_080524,479173,61,21422,32
1,KUDX20181025_123138_V06,-47.295,0.224,188.458,362.956,9.448,-103.523,43.840,4723.970,64041.318,20181025_063138,479171,41,43709,27
2,KUDX20181025_141850_V06,59.905,0.111,194.876,365.471,15.962,-103.483,43.829,7980.957,61922.115,20181025_081850,479173,59,27585,38
1,KUDX20181026_122317_V06,-56.947,0.118,192.684,361.815,8.622,-103.497,43.845,4310.751,61922.948,20181026_062317,479177,27,35408,16
1,KUDX20181026_122750_V06,-52.397,0.072,192.500,361.661,14.244,-103.498,43.846,7121.948,61964.428,20181026_062750,479177,59,34120,21
2,KUDX20181026_124533_V06,-34.680,0.171,54.891,61.660,57.052,-104.389,45.187,28526.232,170942.056,20181026_064533,479170,36,36250,13
2,KUDX20181026_124953_V06,-30.347,0.171,56.299,59.555,61.662,-104.380,45.196,30830.878,171175.218,20181026_064953,479172,62,35145,29
2,KUDX20181027_124503_V06,-36.487,0.077,191.911,361.078,8.785,-103.502,43.848,4392.437,62076.136,20181027_064503,479175,30,29835,15
2,KUDX20181027_124923_V06,-32.153,0.068,192.693,362.382,16.746,-103.497,43.842,8372.902,62061.146,20181027_064923,479174,27,26800,14
1,KUDX20181027_122244_V06,-58.803,0.054,192.483,360.042,6.850,-103.498,43.853,3424.934,61572.816,20181027_062244,479166,25,28304,15
3,KUDX20181027_124503_V06,-36.487,0.061,29.570,75.128,44.650,-104.548,45.124,22325.001,175855.003,20181027_064503,479175,30,29835,15
4,KUDX20181027_134314_V06,21.697,0.086,317.941,198.613,13.033,-102.716,44.581,6516.697,51480.952,20181027_074314,479175,45,23899,26
1,KUDX20181028_122313_V06,-59.631,0.073,191.021,362.825,9.901,-103.507,43.840,4950.281,62895.765,20181028_062313,479170,9,45237,5
1,KUDX20181029_122826_V06,-55.729,0.090,166.717,343.770,3.044,-103.659,43.925,1522.026,70143.109,20181029_062826,479180,26,31462,10
2,KUDX20181029_143709_V06,72.988,0.053,166.379,344.482,2.822,-103.661,43.922,1411.140,70415.132,20181029_083709,479179,39,21112,23
5,KUDX20181030_143706_V06,71.619,0.065,191.253,361.095,8.815,-103.506,43.848,4407.589,62366.881,20181030_083706,479172,35,27795,22
5,KUDX20181030_144407_V06,78.636,0.058,190.939,361.220,15.816,-103.508,43.847,7907.766,62534.426,20181030_084407,479173,35,28137,17
1,KUDX20181030_123013_V06,-55.264,0.151,166.204,344.186,2.911,-103.662,43.923,1455.263,70451.939,20181030_063013,479171,35,28643,26
3,KUDX20181030_123715_V06,-48.231,0.081,196.884,366.891,17.179,-103.470,43.822,8589.352,61455.850,20181030_063715,479172,47,29099,25
1,KUDX20181031_123253_V06,-53.919,0.096,192.768,362.051,8.594,-103.496,43.844,4297.043,61945.467,20181031_063253,479171,30,21953,14
1,KUDX20181101_122930_V06,-58.628,0.409,192.624,362.081,8.998,-103.497,43.844,4498.962,62015.308,20181101_062930,479173,36,50769,15
1,KUDX20181101_123637_V06,-51.511,0.062,192.451,361.869,18.062,-103.498,43.845,9031.190,62037.437,20181101_063637,479172,40,52024,24
2,KUDX20181102_133430_V06,5.044,0.069,22.899,415.044,25.899,-104.545,43.594,12949.383,150017.040,20181102_073430,479186,30,53320,19
1,KUDX20181104_123230_V06,-59.620,0.075,192.062,360.121,6.812,-103.501,43.852,3405.836,61776.117,20181104_053230,479171,14,27741,2
1,KUDX20181104_124056_V06,-51.187,0.143,191.261,361.110,14.334,-103.506,43.848,7167.001,62367.099,20181104_054056,479173,13,28533,11
1,KUDX20181104_124940_V06,-42.454,0.483,196.332,368.959,17.443,-103.474,43.813,8721.393,62254.424,20181104_054940,479175,7,26955,5
5,KUDX20181104_133328_V06,1.346,0.055,191.547,362.404,6.420,-103.504,43.842,3210.230,62562.453,20181104_063328,479170,13,19922,7
5,KUDX20181104_134214_V06,10.113,0.162,191.027,362.772,14.469,-103.507,43.841,7234.744,62879.755,20181104_064214,479174,16,19615,5
4,KUDX20181104_132443_V06,-7.404,0.082,189.901,362.403,7.363,-103.514,43.842,3681.747,63276.938,20181104_062443,479174,12,19294,9
25,KUDX20181105_141947_V06,46.329,0.483,387.803,358.844,16.476,-102.283,43.859,8238.123,52848.884,20181105_071947,479178,185,87743,49
25,KUDX20181105_142458_V06,51.512,0.190,390.876,360.451,23.914,-102.264,43.852,11957.041,54572.846,20181105_072458,479167,380,88438,84
25,KUDX20181105_143010_V06,56.712,0.095,359.474,331.134,44.726,-102.459,43.984,22362.980,33564.986,20181105_073010,479172,382,88452,67
25,KUDX20181105_143522_V06,61.912,0.275,361.822,332.929,50.423,-102.444,43.976,25211.539,35022.540,20181105_073522,479178,332,87317,49
25,KUDX20181105_144031_V06,67.062,0.318,393.861,356.076,24.466,-102.246,43.871,12233.034,54667.894,20181105_074031,479186,256,85303,46
3,KUDX20181105_124032_V06,-52.921,0.055,187.842,362.813,8.902,-103.527,43.840,4450.987,64274.616,20181105_054032,479174,8,69707,7
7,KUDX20181105_125053_V06,-42.571,0.143,298.146,390.936,9.415,-102.841,43.716,4707.579,45477.243,20181105_055053,479171,10,71189,10
20,KUDX20181105_140410_V06,30.712,0.132,386.610,337.293,20.638,-102.290,43.956,10319.248,47148.737,20181105_070410,479176,95,92212,35
21,KUDX20181105_140410_V06,30.712,0.094,303.173,11.208,12.597,-102.809,45.424,6298.428,144404.620,20181105_070410,479176,95,92212,35
23,KUDX20181105_141435_V06,41.129,0.090,430.230,154.941,32.488,-102.007,44.775,16244.194,97470.391,20181105_071435,479175,114,89254,32
24,KUDX20181105_141435_V06,41.129,0.059,419.834,186.201,19.184,-102.074,44.635,9592.098,82629.394,20181105_071435,479175,114,89254,32
1,KUDX20181106_133233_V06,-2.240,0.155,309.526,346.362,20.179,-102.770,43.916,10089.405,23665.367,20181106_063233,479169,24,17802,18
1,KUDX20181106_134052_V06,6.076,0.068,307.845,344.925,26.996,-102.781,43.923,13497.754,22802.605,20181106_064052,479170,32,18263,19
1,KUDX20181107_123825_V06,-57.710,0.150,166.663,344.648,3.354,-103.660,43.921,1676.952,70307.009,20181107_053825,479169,5,21121,3
1,KUDX20181107_124513_V06,-50.910,0.057,166.609,344.671,10.295,-103.660,43.921,5147.370,70335.905,20181107_054513,479173,24,21247,18
1,KUDX20181108_125258_V06,-44.495,0.300,35.321,431.073,53.857,-104.466,43.523,26928.564,147677.905,20181108_055258,479173,19,185513,11
1,KUDX20181108_130711_V06,-30.279,0.170,41.953,437.375,61.494,-104.425,43.496,30747.152,146167.654,20181108_060711,479174,25,188068,13
1,KUDX20181109_130248_V06,-35.997,0.086,191.797,360.046,6.489,-103.502,43.853,3244.551,61873.600,20181109_060248,479173,8,44393,6
17,KUDX20181110_145846_V06,78.636,0.195,31.973,233.982,29.379,-104.512,44.410,14689.461,138018.747,20181110_075846,479171,36,87594,16
17,KUDX20181110_150732_V06,87.403,0.368,38.140,234.934,42.382,-104.473,44.406,21191.084,134911.348,20181110_080732,479171,34,90635,18
7,KUDX20181110_142344_V06,43.603,0.306,304.033,123.946,48.711,-102.804,44.917,24355.307,88049.976,20181110_072344,479171,44,78300,20
13,KUDX20181110_143229_V06,52.353,0.060,27.254,425.937,50.694,-104.517,43.546,25346.905,150208.626,20181110_073229,479171,35,79733,24
13,KUDX20181110_144115_V06,61.119,-1.000,27.254,425.937,64.633,-104.517,43.546,32316.405,150208.626,20181110_074115,479174,48,82628,36
13,KUDX20181110_145001_V06,69.886,0.294,30.969,408.871,53.821,-104.496,43.623,26910.507,145112.787,20181110_075001,479174,17,85484,16
1,KUDX20181111_124341_V06,-57.779,0.061,190.071,361.415,7.371,-103.513,43.847,3685.314,62960.536,20181111_054341,479170,2,25802,2
1,KUDX20181111_130044_V06,-40.729,0.105,191.433,361.189,14.699,-103.505,43.848,7349.363,62311.304,20181111_060044,479173,9,23704,8
3,KUDX20181111_133425_V06,-7.045,0.094,190.161,361.960,8.873,-103.512,43.844,4436.628,63054.761,20181111_063425,479175,11,20636,3
1,KUDX20181113_124603_V06,-58.066,0.054,192.315,360.376,7.513,-103.499,43.851,3756.542,61727.900,20181113_054603,479171,11,16473,4
1,KUDX20181113_130259_V06,-41.132,-1.000,192.315,360.376,34.437,-103.499,43.851,17218.542,61727.900,20181113_060259,479173,21,17724,16
1,KUDX20181113_131124_V06,-32.716,0.364,194.098,364.094,13.230,-103.488,43.835,6615.097,61893.768,20181113_061124,479173,35,17544,21
4,KUDX20181113_132809_V06,-15.966,0.057,305.110,335.069,15.777,-102.798,43.967,7888.550,17719.710,20181113_062809,479170,18,15499,15
5,KUDX20181113_133635_V06,-7.532,0.178,190.995,361.700,8.870,-103.507,43.845,4435.165,62627.762,20181113_063635,479171,24,15735,17
7,KUDX20181113_150159_V06,77.868,0.058,188.199,363.091,6.998,-103.525,43.839,3498.892,64187.116,20181113_080159,479173,52,17648,35
1,KUDX20181114_130254_V06,-42.536,0.338,190.793,361.709,8.983,-103.508,43.845,4491.407,62718.104,20181114_060254,479170,30,30561,23
4,KUDX20181114_133826_V06,-7.003,0.092,414.997,435.742,12.880,-102.118,43.512,6440.126,88952.774,20181114_063826,479171,77,20438,42
1,KUDX20181115_124950_V06,-56.919,0.291,190.293,361.659,7.771,-103.512,43.845,3885.561,62923.348,20181115_054950,479171,19,29450,7
1,KUDX20181115_130331_V06,-43.235,-1.000,190.293,361.659,29.528,-103.512,43.845,14763.811,62923.348,20181115_060331,479175,22,28457,13
1,KUDX20181115_131020_V06,-36.419,0.082,192.560,363.917,18.777,-103.497,43.835,9388.662,62507.218,20181115_061020,479171,39,25318,20
5,KUDX20181115_143218_V06,45.548,0.070,188.317,360.880,9.125,-103.524,43.849,4562.429,63599.364,20181115_073218,479169,31,20743,23
1,KUDX20181116_124818_V06,-59.762,0.130,197.380,363.779,11.418,-103.467,43.836,5709.150,60412.410,20181116_054818,479171,20,47195,16
1,KUDX20181116_130458_V06,-43.095,0.065,195.677,363.637,21.350,-103.478,43.837,10674.799,61100.349,20181116_060458,479173,29,47605,12
4,KUDX20181116_130458_V06,-43.095,0.058,166.482,344.359,2.740,-103.661,43.922,1370.083,70347.226,20181116_060458,479173,29,47605,12
1,KUDX20181117_130355_V06,-45.448,0.088,193.062,258.296,11.162,-103.500,44.311,5581.045,57391.145,20181117_060355,479171,5,141489,4
2,KUDX20181117_134743_V06,-1.648,0.058,191.039,361.901,8.832,-103.507,43.844,4416.071,62658.516,20181117_064743,479174,16,135607,11
3,KUDX20181117_143129_V06,42.118,0.056,191.494,361.084,8.870,-103.504,43.848,4435.022,62259.289,20181117_073129,479174,13,151507,8
5,KUDX20181117_150630_V06,77.135,0.143,190.494,361.500,8.839,-103.510,43.846,4419.645,62797.103,20181117_080630,479171,19,154587,13
1,KUDX20181119_130144_V06,-50.215,0.562,192.399,360.744,9.960,-103.499,43.850,4980.005,61781.446,20181119_060144,479172,14,100044,7
1,KUDX20181119_131029_V06,-41.465,0.458,191.924,360.996,15.515,-103.501,43.849,7757.255,62050.320,20181119_061029,479172,24,97763,19
4,KUDX20181119_131914_V06,-32.715,0.064,274.365,260.244,18.874,-102.990,44.304,9437.122,23651.850,20181119_061914,479169,4,98405,4
5,KUDX20181119_132759_V06,-23.965,0.109,323.058,312.631,32.658,-102.686,44.068,16329.149,13145.448,20181119_062759,479172,29,97023,10
1,KUDX20181120_131038_V06,-42.594,0.124,190.297,362.039,7.556,-103.512,43.844,3777.882,63014.887,20181120_061038,479167,36,22037,25
1,KUDX20181120_131738_V06,-35.594,0.071,190.196,362.099,14.569,-103.512,43.844,7284.670,63073.889,20181120_061738,479173,38,19077,22
1,KUDX20181120_132444_V06,-28.494,-1.000,190.104,362.153,22.139,-103.513,43.843,11069.296,63127.205,20181120_062444,479174,35,16749,23
1,KUDX20181120_133150_V06,-21.394,0.072,189.972,362.354,7.447,-103.514,43.842,3723.480,63234.103,20181120_063150,479173,58,17816,41
4,KUDX20181120_133150_V06,-21.394,0.064,414.988,426.132,2.872,-102.118,43.555,1436.111,85339.704,20181120_063150,479173,58,17816,41
5,KUDX20181120_140013_V06,6.989,0.095,189.874,361.821,8.412,-103.514,43.845,4206.055,63145.949,20181120_070013,479170,37,21004,22
6,KUDX20181120_143544_V06,42.506,0.128,190.039,362.373,8.943,-103.513,43.842,4471.359,63209.542,20181120_073544,479176,74,21021,53
7,KUDX20181120_150409_V06,70.923,0.067,189.723,362.408,7.153,-103.515,43.842,3576.540,63355.695,20181120_080409,479172,75,20477,37
1,KUDX20181121_130033_V06,-53.946,0.061,189.931,361.835,5.778,-103.514,43.845,2889.236,63124.193,20181121_060033,479174,35,33115,13
1,KUDX20181121_130739_V06,-46.846,0.058,189.944,362.040,12.889,-103.514,43.844,6444.391,63168.970,20181121_060739,479174,25,31709,20
2,KUDX20181121_151529_V06,80.987,0.156,189.563,362.896,8.660,-103.516,43.840,4329.832,63545.769,20181121_081529,479175,66,23288,49
2,KUDX20181121_152235_V06,88.087,0.080,189.682,362.621,15.662,-103.515,43.841,7830.753,63426.004,20181121_082235,479173,58,23087,24
1,KUDX20181122_130704_V06,-48.688,0.064,190.077,361.710,5.771,-103.513,43.845,2885.399,63030.023,20181122_060704,479174,20,34869,10
1,KUDX20181122_131411_V06,-41.571,0.073,190.109,361.949,12.824,-103.513,43.844,6412.001,63074.874,20181122_061411,479170,20,34088,19
1,KUDX20181122_132117_V06,-34.471,-1.000,190.137,362.162,20.311,-103.513,43.843,10155.546,63115.048,20181122_062117,479171,14,29350,4
1,KUDX20181122_132822_V06,-27.388,0.081,189.261,363.396,6.802,-103.518,43.838,3401.009,63801.152,20181122_062822,479174,18,28822,10
2,KUDX20181123_130246_V06,-54.234,0.062,166.128,345.635,2.936,-103.663,43.917,1467.779,70718.239,20181123_060246,479173,17,40551,16
2,KUDX20181123_131331_V06,-43.484,0.053,179.708,353.527,10.673,-103.578,43.882,5336.653,65831.638,20181123_061331,479172,12,42420,10
4,KUDX20181123_131331_V06,-43.484,0.121,191.946,360.858,7.682,-103.501,43.849,3841.221,62006.601,20181123_061331,479172,12,42420,10
1,KUDX20181125_130219_V06,-57.140,0.053,166.105,344.283,2.595,-103.663,43.923,1297.459,70513.859,20181125_060219,479173,8,24478,6
1,KUDX20181125_131039_V06,-48.807,0.127,166.125,344.658,9.887,-103.663,43.921,4943.675,70563.388,20181125_061039,479172,8,25609,5
1,KUDX20181126_144435_V06,43.919,0.074,189.484,362.199,7.416,-103.517,43.843,3708.055,63408.438,20181126_074435,479172,42,16930,21
1,KUDX20181127_130630_V06,-55.356,0.163,190.742,361.680,7.798,-103.509,43.845,3899.048,62733.257,20181127_060630,479175,25,14721,10
1,KUDX20181215_132803_V06,-51.534,0.066,192.571,360.139,6.886,-103.497,43.852,3442.862,61558.208,20181215_062803,479172,34,26549,18
2,KUDX20181215_150102_V06,41.449,0.053,191.873,361.442,8.788,-103.502,43.847,4393.936,62182.385,20181215_080102,479172,64,23832,46
1,KUDX20181216_132722_V06,-52.928,0.126,166.239,345.657,3.112,-103.662,43.917,1555.782,70669.349,20181216_062722,479172,28,21490,19
1,KUDX20181217_132651_V06,-54.120,0.086,190.214,362.648,5.995,-103.512,43.841,2997.719,63201.661,20181217_062651,479173,41,26711,28
1,KUDX20181217_133401_V06,-46.953,0.063,191.136,361.825,13.497,-103.506,43.845,6748.381,62597.140,20181217_063401,479173,66,26977,42
1,KUDX20181219_152130_V06,59.288,0.081,198.449,260.080,13.667,-103.466,44.303,6833.691,54557.802,20181219_082130,479173,49,21970,35
2,KUDX20181219_153722_V06,75.155,0.058,166.219,345.390,2.924,-103.662,43.918,1462.109,70635.840,20181219_083722,479175,43,23168,33
1,KUDX20181220_132322_V06,-59.411,0.264,193.225,362.057,9.143,-103.493,43.844,4571.512,61749.573,20181220_062322,479173,34,18814,29
1,KUDX20181220_133013_V06,-52.561,0.304,193.224,362.151,15.372,-103.493,43.843,7685.837,61773.623,20181220_063013,479173,28,19442,16
3,KUDX20181220_144058_V06,18.189,0.064,193.678,363.734,12.511,-103.490,43.836,6255.690,61980.634,20181220_074058,479173,55,19712,38
3,KUDX20181220_144753_V06,25.106,-1.000,193.678,363.734,23.509,-103.490,43.836,11754.440,61980.634,20181220_074753,479173,52,19926,39
3,KUDX20181220_150142_V06,38.923,0.052,193.962,362.964,13.144,-103.489,43.840,6571.760,61661.353,20181220_080142,479172,63,20834,34
5,KUDX20181220_154307_V06,80.339,0.050,166.090,344.472,2.956,-103.663,43.922,1477.787,70550.957,20181220_084307,479170,39,21571,31
1,KUDX20181221_132440_V06,-58.638,0.073,166.317,344.285,3.089,-103.662,43.923,1544.579,70413.718,20181221_062440,479172,17,33736,8
2,KUDX20181221_140600_V06,-17.305,0.060,45.135,162.977,52.125,-104.438,44.730,26062.592,144682.005,20181221_070600,479173,46,29536,21
3,KUDX20181221_145016_V06,26.962,0.078,25.208,260.212,39.260,-104.551,44.291,19630.205,138828.747,20181221_075016,479174,56,30544,42
1,KUDX20181223_133005_V06,-54.161,0.192,166.067,344.429,3.018,-103.663,43.922,1508.881,70555.016,20181223_063005,479170,17,19884,7
3,KUDX20181223_143250_V06,8.589,0.052,166.324,344.197,2.902,-103.662,43.923,1450.752,70396.277,20181223_073250,479175,19,18837,15
1,KUDX20181224_132540_V06,-58.988,0.097,190.349,362.459,7.467,-103.511,43.842,3733.627,63095.930,20181224_062540,479173,22,24908,8
2,KUDX20181224_140833_V06,-16.105,0.056,189.985,363.241,6.064,-103.513,43.838,3031.965,63448.213,20181224_070833,479171,17,31886,12
1,KUDX20181225_132615_V06,-58.776,0.072,166.471,345.182,3.024,-103.661,43.919,1512.003,70482.858,20181225_062615,479180,24,30657,10
2,KUDX20181225_133734_V06,-47.460,0.051,191.028,362.442,8.601,-103.507,43.842,4300.573,62797.236,20181225_063734,479173,14,28549,8
3,KUDX20181225_134314_V06,-41.793,0.057,166.366,344.945,2.812,-103.661,43.920,1406.111,70494.835,20181225_064314,479178,26,28574,5
4,KUDX20181225_150211_V06,37.157,0.062,166.247,344.258,2.725,-103.662,43.923,1362.478,70442.544,20181225_080211,479176,35,28638,10
1,KUDX20181227_134112_V06,-44.448,0.333,194.490,362.080,14.235,-103.485,43.844,7117.489,61209.115,20181227_064112,479172,19,72144,15
1,KUDX20181227_134941_V06,-35.965,0.072,199.094,361.035,23.579,-103.457,43.849,11789.640,58964.736,20181227_064941,479173,41,79168,26
1,KUDX20181228_133321_V06,-52.548,0.223,191.246,362.024,8.968,-103.506,43.844,4484.211,62599.069,20181228_063321,479170,18,23860,14
1,KUDX20181228_134144_V06,-44.164,0.273,191.842,361.575,15.528,-103.502,43.846,7764.050,62228.677,20181228_064144,479171,31,23175,17
1,KUDX20181228_135006_V06,-35.798,-1.000,192.390,361.161,22.606,-103.499,43.848,11303.087,61888.129,20181228_065006,479173,19,21954,14
1,KUDX20181228_140651_V06,-19.048,0.065,189.973,362.425,8.554,-103.514,43.842,4277.006,63251.200,20181228_070651,479176,23,25701,18
1,KUDX20181228_141515_V06,-10.648,0.053,190.500,362.389,16.111,-103.510,43.842,8055.520,63012.966,20181228_071515,479174,16,27732,8
4,KUDX20181228_135006_V06,-35.798,0.399,314.340,320.422,16.893,-102.740,44.033,8446.587,12476.928,20181228_065006,479173,19,21954,14
4,KUDX20181228_140651_V06,-19.048,0.058,313.905,323.710,27.087,-102.743,44.018,13543.453,13743.411,20181228_070651,479176,23,25701,18
7,KUDX20181228_153127_V06,65.552,0.079,191.737,362.384,8.897,-103.503,43.842,4448.486,62475.020,20181228_083127,479170,47,15304,30
1,KUDX20181229_132811_V06,-57.923,0.098,189.544,361.966,7.415,-103.516,43.844,3707.298,63325.100,20181229_062811,479170,25,15980,20
1,KUDX20181229_133504_V06,-51.040,0.070,189.627,362.154,14.352,-103.516,43.843,7176.212,63335.117,20181229_063504,479172,18,16101,10
2,KUDX20181229_144409_V06,18.044,0.284,40.763,87.963,59.886,-104.475,45.067,29943.024,167454.207,20181229_074409,479173,39,22346,31
2,KUDX20181229_145059_V06,24.877,0.338,38.969,90.095,64.376,-104.486,45.058,32188.128,167479.316,20181229_075059,479171,45,22510,23
2,KUDX20181230_134224_V06,-43.874,0.106,9.597,211.558,12.010,-104.656,44.508,6005.078,151786.081,20181230_064224,479169,15,39368,4
2,KUDX20181230_135111_V06,-35.091,0.431,14.812,210.314,22.233,-104.623,44.515,11116.406,149478.640,20181230_065111,479171,24,42761,9
2,KUDX20181230_140844_V06,-17.541,0.224,28.103,196.518,38.180,-104.541,44.578,19090.147,145461.555,20181230_070844,479167,16,48525,8
2,KUDX20181230_141732_V06,-8.741,-1.000,34.667,189.920,46.316,-104.501,44.608,23158.198,143630.739,20181230_071732,479175,35,56791,13
2,KUDX20181230_142620_V06,0.059,0.064,25.209,219.409,35.810,-104.556,44.475,17904.823,143182.565,20181230_072620,479176,41,59198,14
4,KUDX20181230_144326_V06,17.159,0.117,14.145,378.176,22.844,-104.604,43.759,11422.148,148175.752,20181230_074326,479173,46,70002,14
4,KUDX20181230_150046_V06,34.493,0.160,26.384,401.995,54.907,-104.525,43.653,27453.263,146003.949,20181230_080046,479173,25,86321,10
4,KUDX20181230_150934_V06,43.293,0.059,31.684,410.392,63.038,-104.492,43.616,31518.899,145068.835,20181230_080934,479173,21,96074,8
7,KUDX20181230_153555_V06,69.643,0.085,70.842,170.073,92.388,-104.275,44.701,46193.932,131714.007,20181230_083555,479170,35,126377,20
7,KUDX20181230_154442_V06,78.426,0.331,74.687,176.983,101.230,-104.250,44.670,50615.249,128353.991,20181230_084442,479169,42,137977,29
5,KUDX20181230_152708_V06,60.859,0.065,49.830,236.690,51.350,-104.400,44.399,25674.854,129028.136,20181230_082708,479173,24,115864,7
6,KUDX20181230_153555_V06,69.643,0.140,28.111,435.255,31.897,-104.511,43.504,15948.578,151836.747,20181230_083555,479170,35,126377,20
