track_id,filename,from_sunrise,det_score,x,y,r,lon,lat,radius,geo_dist,local_time,n_radar_pixels,n_refAbove40_pixels,n_xcorrAbove0.95_pixels,n_xcorrBelow0.95_refAbove40_pixels
1,KMUX20210602_123151_V06,-16.783,0.106,347.611,31.782,6.471,-121.625,38.363,3235.680,136205.517,20210602_053151,479108,14,50212,7
1,KMUX20210603_122657_V06,-21.384,0.355,20.770,481.262,22.645,-123.452,36.328,11322.368,166451.889,20210603_052657,479105,8,64219,7
1,KMUX20210615_130659_V06,19.935,0.138,254.192,36.737,12.659,-122.159,38.341,6329.308,133609.083,20210615_060659,479104,7,41196,2
1,KMUX20210616_131102_V06,23.905,0.052,301.933,370.684,24.180,-121.887,36.837,12090.189,35355.198,20210616_061102,479109,0,41925,0
4,KMUX20210617_131520_V06,28.098,0.112,22.259,233.810,21.948,-123.467,37.443,10974.223,142759.541,20210617_061520,479106,159,56669,156
4,KMUX20210617_132356_V06,36.698,-1.000,22.259,233.810,35.622,-123.467,37.443,17811.223,142759.541,20210617_062356,479103,59,57891,53
4,KMUX20210617_133232_V06,45.298,-1.000,22.259,233.810,49.296,-123.467,37.443,24648.223,142759.541,20210617_063232,479097,46,58506,43
4,KMUX20210617_134109_V06,53.915,-1.000,22.259,233.810,62.997,-123.467,37.443,31498.473,142759.541,20210617_064109,479108,444,58991,443
4,KMUX20210617_134945_V06,62.515,0.203,30.546,220.337,58.376,-123.421,37.504,29187.915,140491.524,20210617_064945,479106,804,55974,794
4,KMUX20210617_140910_V06,81.932,0.199,42.307,254.148,57.499,-123.352,37.353,28749.297,130870.433,20210617_070910,479098,200,52241,195
1,KMUX20210617_121505_V06,-32.152,0.062,119.178,117.221,16.384,-122.926,37.974,8192.177,128554.173,20210617_051505,479104,41,57514,40
2,KMUX20210617_130643_V06,19.482,0.096,43.272,246.551,56.958,-123.347,37.387,28479.109,131116.365,20210617_060643,479106,41,53097,35
3,KMUX20210617_130643_V06,19.482,0.068,354.949,71.581,46.721,-121.584,38.184,23360.447,117467.909,20210617_060643,479106,41,53097,35
6,KMUX20210617_134109_V06,53.915,0.133,29.463,131.751,23.209,-123.436,37.903,11604.619,159293.852,20210617_064109,479108,444,58991,443
1,KMUX20210619_132407_V06,36.586,0.095,276.352,54.429,6.371,-122.033,38.261,3185.726,123353.416,20210619_062407,479101,56,56844,48
1,KMUX20210620_115051_V06,-56.868,0.240,366.795,507.593,7.178,-121.526,36.219,3589.108,109037.301,20210620_045051,479102,8,41059,4
1,KMUX20210620_120757_V06,-39.768,0.141,362.494,505.474,20.404,-121.550,36.229,10201.813,107383.780,20210620_050757,479105,9,35462,6
1,KMUX20210621_122434_V06,-23.365,0.361,333.082,51.056,23.910,-121.708,38.277,11955.021,125566.115,20210621_052434,479106,16,45318,13
2,KMUX20210621_131606_V06,28.168,0.212,345.830,45.697,18.519,-121.636,38.301,9259.491,129199.912,20210621_061606,479109,16,51692,10
1,KMUX20210624_114956_V06,-58.793,0.111,295.007,140.037,2.248,-121.926,37.876,1124.107,80020.251,20210624_044956,479103,6,80256,6
1,KMUX20210629_123200_V06,-18.537,0.120,100.600,380.303,30.683,-123.015,36.788,15341.366,107481.278,20210629_053200,479110,1,45967,1
1,KMUX20210701_120934_V06,-41.855,0.267,294.772,139.766,5.925,-121.927,37.877,2962.593,80159.843,20210701_050934,479107,38,36514,27
2,KMUX20210701_124545_V06,-5.671,0.098,430.900,516.777,17.596,-121.170,36.176,8798.190,126616.775,20210701_054545,479103,101,30138,84
1,KMUX20210703_123828_V06,-13.924,0.370,385.704,337.981,17.084,-121.416,36.983,8542.166,46871.211,20210703_053828,479102,28,28824,22
1,KMUX20210703_130235_V06,10.193,0.441,384.943,336.688,23.241,-121.420,36.989,11620.557,46263.390,20210703_060235,479103,11,34603,4
1,KMUX20210709_120920_V06,-46.426,0.067,23.406,281.795,20.351,-123.456,37.227,10175.632,138596.203,20210709_050920,479109,3,36528,1
1,KMUX20210709_122124_V06,-34.360,-1.000,23.406,281.795,39.537,-123.456,37.227,19768.632,138596.203,20210709_052124,479101,1,35592,1
1,KMUX20210709_123327_V06,-22.310,0.643,27.900,278.169,28.589,-123.431,37.244,14294.594,136487.310,20210709_053327,479104,1,33929,1
2,KMUX20210709_122124_V06,-34.360,0.098,262.769,405.666,5.092,-122.106,36.679,2546.022,56016.611,20210709_052124,479101,1,35592,1
4,KMUX20210709_141000_V06,74.240,0.099,33.930,281.616,31.630,-123.397,37.229,15815.105,133352.348,20210709_071000,479105,2,49279,2
1,KMUX20210710_120115_V06,-55.132,0.052,130.740,293.266,13.513,-122.851,37.182,6756.359,84696.994,20210710_050115,479104,3,37090,1
1,KMUX20210712_120828_V06,-49.204,0.081,352.897,416.319,2.070,-121.602,36.631,1034.920,63891.019,20210712_050828,479103,132,19597,95
2,KMUX20210712_122032_V06,-37.137,0.090,309.146,310.120,13.629,-121.846,37.110,6814.564,6820.210,20210712_052032,479106,162,20155,123
1,KMUX20210713_134254_V06,44.564,0.057,26.300,220.521,39.851,-123.445,37.503,19925.594,142503.091,20210713_064254,479107,136,49868,99
1,KMUX20210715_132821_V06,28.643,0.050,315.905,295.821,15.076,-121.808,37.174,7537.930,8222.539,20210715_062821,479099,11,46687,5
1,KMUX20210716_120134_V06,-58.843,0.205,355.337,417.186,2.443,-121.588,36.627,1221.376,64797.374,20210716_050134,479105,39,37541,25
1,KMUX20210717_123707_V06,-24.008,0.448,275.731,104.431,5.125,-122.036,38.036,2562.698,98534.405,20210717_053707,479105,18,39452,13
1,KMUX20210718_140910_V06,67.317,0.659,23.280,404.874,29.438,-123.445,36.673,14718.997,147963.463,20210718_070910,479105,13,54746,7
3,KMUX20210718_141748_V06,75.950,0.147,27.170,241.447,29.544,-123.438,37.409,14771.786,139521.255,20210718_071748,479110,6,53488,2
1,KMUX20210720_131732_V06,14.204,0.212,110.905,293.308,28.310,-122.962,37.181,14154.826,94606.794,20210720_061732,479100,179,41567,165
1,KMUX20210720_132608_V06,22.804,0.065,115.891,293.947,23.934,-122.934,37.178,11966.840,92104.112,20210720_062608,479100,154,43008,120
2,KMUX20210721_133837_V06,34.534,0.052,83.244,154.367,19.247,-123.128,37.805,9623.294,130568.119,20210721_063837,479095,693,40824,684
2,KMUX20210721_134714_V06,43.150,0.291,66.166,152.459,27.001,-123.225,37.813,13500.292,138244.731,20210721_064714,479110,361,40668,347
1,KMUX20210721_122944_V06,-34.350,0.050,23.455,144.789,13.016,-123.468,37.844,6507.988,158562.046,20210721_052944,479106,138,35143,131
1,KMUX20210723_121910_V06,-46.448,0.074,127.899,378.100,29.453,-122.862,36.799,14726.376,94496.225,20210723_051910,479109,131,36652,129
2,KMUX20210723_122746_V06,-37.848,0.075,190.198,377.300,40.390,-122.513,36.805,20194.988,67141.281,20210723_052746,479107,122,36719,117
3,KMUX20210723_141934_V06,73.952,0.200,152.494,289.803,29.936,-122.728,37.198,14967.999,73929.193,20210723_071934,479105,48,34910,42
1,KMUX20210724_130427_V06,-1.942,0.052,343.406,46.197,6.619,-121.649,38.298,3309.727,128743.899,20210724_060427,479096,6,38151,4
1,KMUX20210724_131256_V06,6.542,-1.000,343.406,46.197,20.108,-121.649,38.298,10053.977,128743.899,20210724_061256,479107,3,42720,2
1,KMUX20210724_132133_V06,15.158,0.221,343.654,48.862,6.779,-121.648,38.286,3389.561,127452.053,20210724_062133,479104,7,46995,2
1,KMUX20210724_133009_V06,23.758,-1.000,343.654,48.862,20.453,-121.648,38.286,10226.561,127452.053,20210724_063009,479106,6,48492,0
1,KMUX20210724_133846_V06,32.375,0.154,342.632,50.199,6.903,-121.654,38.280,3451.717,126706.544,20210724_063846,479104,23,50466,16
1,KMUX20210724_134715_V06,40.858,-1.000,342.632,50.199,20.392,-121.654,38.280,10195.967,126706.544,20210724_064715,479103,12,50208,4
1,KMUX20210724_140428_V06,58.075,0.052,343.452,50.675,7.480,-121.649,38.278,3739.910,126541.293,20210724_070428,479103,20,48763,16
1,KMUX20210726_121231_V06,-55.450,0.067,364.259,424.421,2.160,-121.538,36.594,1080.069,70017.317,20210726_051231,479107,25,43851,4
2,KMUX20210726_121753_V06,-50.083,0.065,358.166,494.257,11.528,-121.574,36.280,5763.951,101388.928,20210726_051753,479101,10,44375,3
4,KMUX20210727_123325_V06,-35.346,0.183,290.509,382.005,30.652,-121.951,36.786,15325.861,41276.220,20210727_053325,479111,30,84069,1
4,KMUX20210728_141927_V06,69.884,0.083,29.848,80.528,38.346,-123.438,38.134,19172.792,174033.112,20210728_071927,479109,16,63405,13
1,KMUX20210801_121321_V06,-59.474,0.082,118.194,117.421,13.662,-122.932,37.973,6831.239,128829.754,20210801_051321,479098,6,48245,2
2,KMUX20210801_121321_V06,-59.474,0.050,152.268,133.826,8.189,-122.737,37.901,4094.418,111174.070,20210801_051321,479098,6,48245,2
1,KMUX20210806_121831_V06,-58.460,0.578,309.314,81.550,12.056,-121.844,38.139,6027.901,109324.120,20210806_051831,479096,195,60358,172
1,KMUX20210807_122336_V06,-54.213,0.092,353.116,416.602,4.929,-121.601,36.630,2464.615,64065.320,20210807_052336,479099,12,53114,7
1,KMUX20210809_123002_V06,-49.457,0.114,267.650,57.840,14.330,-122.082,38.246,7164.762,122155.373,20210809_053002,479103,37,42634,27
1,KMUX20210809_123838_V06,-40.857,0.178,268.264,57.705,23.177,-122.079,38.247,11588.500,122182.361,20210809_053838,479107,45,40932,31
1,KMUX20210811_132508_V06,3.964,0.082,268.937,124.512,36.457,-122.074,37.946,18228.689,89107.740,20210811_062508,479104,33,60116,13
7,KMUX20210812_123629_V06,-45.526,0.062,195.569,221.082,18.529,-122.488,37.509,9264.328,65448.009,20210812_053629,479104,39,80530,8
13,KMUX20210812_131029_V06,-11.526,0.053,177.660,339.078,35.336,-122.585,36.977,17667.950,64214.650,20210812_061029,479106,14,89490,2
13,KMUX20210812_131718_V06,-4.709,-1.000,177.660,339.078,46.174,-122.585,36.977,23087.200,64214.650,20210812_061718,479108,19,88793,0
13,KMUX20210812_132407_V06,2.107,0.058,157.356,314.018,30.839,-122.700,37.089,15419.518,71665.754,20210812_062407,479105,18,88407,0
1,KMUX20210816_141635_V06,51.221,0.064,43.903,224.902,20.525,-123.345,37.485,10262.716,133440.382,20210816_071635,479108,1768,61864,1755
1,KMUX20210818_141019_V06,43.284,0.052,366.611,244.168,23.889,-121.521,37.406,11944.420,43457.452,20210818_071019,479103,29,74113,16
1,KMUX20210820_134500_V06,16.302,0.087,397.606,218.489,71.040,-121.345,37.521,35519.825,63582.407,20210820_064500,479106,12,62941,6
1,KMUX20210823_134139_V06,10.465,0.051,361.208,423.422,10.395,-121.555,36.599,5197.359,68882.657,20210823_064139,479100,5,51159,1
2,KMUX20210825_134910_V06,16.329,0.265,25.997,436.203,38.349,-123.427,36.532,19174.414,152994.057,20210825_064910,479103,22,60052,18
2,KMUX20210825_140624_V06,33.562,-1.000,25.997,436.203,65.750,-123.427,36.532,32874.914,152994.057,20210825_070624,479109,61,57300,48
2,KMUX20210825_141501_V06,42.179,0.061,31.510,426.485,46.699,-123.397,36.576,23349.552,148395.601,20210825_071501,479105,43,54359,24
4,KMUX20210825_142338_V06,50.796,0.063,29.493,248.435,32.128,-123.425,37.378,16063.848,137688.966,20210825_072338,479105,40,53171,28
1,KMUX20210826_134551_V06,12.188,0.075,31.364,403.880,29.120,-123.400,36.678,14560.188,144010.846,20210826_064551,479103,206,56328,202
2,KMUX20210826_134551_V06,12.188,0.066,24.087,249.054,25.293,-123.455,37.375,12646.585,140288.347,20210826_064551,479103,206,56328,202
1,KMUX20210830_132745_V06,-9.201,0.102,95.639,290.544,12.579,-123.048,37.192,6289.602,102289.899,20210830_062745,479102,6,49731,3
2,KMUX20210830_141924_V06,42.449,0.089,27.573,256.514,23.735,-123.435,37.341,11867.258,137937.857,20210830_071924,479106,5,71837,4
3,KMUX20210830_144514_V06,68.283,0.092,35.601,271.613,38.130,-123.388,37.274,19064.890,132959.139,20210830_074514,479101,9,62614,3
1,KMUX20210902_144159_V06,62.575,0.078,383.096,430.070,26.082,-121.433,36.568,13041.103,77173.949,20210902_074159,479106,53,52253,38
1,KMUX20210903_133733_V06,-2.677,0.066,386.793,262.646,51.961,-121.408,37.323,25980.610,47244.840,20210903_063733,479111,53,70250,38
2,KMUX20210904_133537_V06,-5.428,0.063,376.597,278.126,26.320,-121.466,37.253,13160.168,39829.714,20210904_063537,479107,2,63689,2
3,KMUX20210904_141842_V06,37.656,0.070,360.617,259.465,37.951,-121.555,37.337,18975.342,36460.647,20210904_071842,479108,25,75480,6
1,KMUX20210907_141631_V06,33.022,0.070,269.215,330.720,28.225,-122.070,37.017,14112.511,21745.509,20210907_071631,479103,28,66708,17
15,KMUX20210909_141635_V06,31.458,0.271,224.191,342.180,24.416,-122.323,36.964,12208.136,43376.625,20210909_071635,479108,36,75519,7
15,KMUX20210909_142304_V06,37.941,0.136,223.401,342.252,34.721,-122.328,36.964,17360.262,43739.351,20210909_072304,479112,61,75659,10
2,KMUX20210909_130634_V06,-38.559,0.556,288.726,442.349,28.703,-121.960,36.514,14351.673,71397.204,20210909_060634,479107,6,59073,3
7,KMUX20210909_132442_V06,-20.426,0.145,259.099,381.513,17.002,-122.127,36.788,8501.030,45599.325,20210909_062442,479100,15,61739,3
12,KMUX20210909_135024_V06,5.274,0.070,286.767,158.765,28.401,-121.973,37.792,14200.348,70926.788,20210909_065024,479111,16,76211,8
13,KMUX20210909_141006_V06,24.974,0.080,333.313,77.759,19.249,-121.707,38.156,9624.649,112361.985,20210909_071006,479107,30,77995,9
14,KMUX20210909_141006_V06,24.974,0.064,60.607,354.563,16.351,-123.241,36.902,8175.454,122766.316,20210909_071006,479107,30,77995,9
16,KMUX20210909_141635_V06,31.458,0.097,187.876,230.998,15.160,-122.531,37.464,7580.194,65827.428,20210909_071635,479108,36,75519,7
14,KMUX20210910_150309_V06,77.209,0.688,338.362,344.398,17.314,-121.682,36.955,8657.095,29337.729,20210910_080309,479102,7,54644,3
14,KMUX20210910_150807_V06,82.176,0.525,340.505,341.394,22.613,-121.670,36.969,11306.509,28957.377,20210910_080807,479104,25,52793,16
14,KMUX20210910_151307_V06,87.176,0.867,348.418,332.125,22.873,-121.625,37.010,11436.300,29052.917,20210910_081307,479095,10,51471,4
2,KMUX20210910_124605_V06,-59.858,0.125,350.002,416.334,2.684,-121.618,36.631,1342.022,63312.364,20210910_054605,479099,273,71379,6
2,KMUX20210912_140528_V06,17.895,0.146,260.221,188.672,59.074,-122.123,37.657,29536.951,59110.564,20210912_070528,479104,11,72073,0
2,KMUX20210912_141405_V06,26.512,0.071,256.929,191.924,64.006,-122.142,37.642,32003.174,58170.938,20210912_071405,479108,6,77143,1
1,KMUX20210912_130309_V06,-44.421,0.074,220.992,416.323,2.031,-122.339,36.630,1015.291,70308.846,20210912_060309,479108,4,63341,0
1,KMUX20210913_131024_V06,-37.986,0.190,123.311,296.283,25.467,-122.892,37.168,12733.269,88364.215,20210913_061024,479104,66,56574,60
3,KMUX20210913_142142_V06,33.314,0.063,285.141,351.270,26.524,-121.981,36.924,13261.871,26689.814,20210913_072142,479108,140,60633,133
1,KMUX20210916_140809_V06,17.316,0.239,258.971,317.772,23.244,-122.128,37.075,11621.994,22356.468,20210916_070809,479104,6,75473,1
1,KMUX20210918_134137_V06,-10.852,0.197,327.669,106.474,36.059,-121.740,38.027,18029.415,97746.847,20210918_064137,479112,28,89069,8
1,KMUX20210920_134624_V06,-7.709,0.076,364.435,236.629,30.096,-121.533,37.440,15047.966,45187.929,20210920_064624,479107,9,80238,7
2,KMUX20210920_140338_V06,9.524,0.067,116.451,121.989,13.277,-122.942,37.953,6638.532,127845.985,20210920_070338,479104,5,75900,2
1,KMUX20210922_140732_V06,11.776,0.091,435.392,168.794,32.583,-121.129,37.744,16291.271,94268.384,20210922_070732,479106,14,54239,7
1,KMUX20210922_141608_V06,20.376,0.095,446.845,163.128,51.101,-121.064,37.769,25550.743,100370.841,20210922_071608,479100,10,56268,5
1,KMUX20210923_144259_V06,46.399,0.052,245.447,311.624,10.886,-122.204,37.103,5443.047,27888.920,20210923_074259,479103,8,71060,7
1,KMUX20210924_142623_V06,28.969,0.089,282.595,335.903,18.227,-121.995,36.993,9113.520,19949.437,20210924_072623,479109,26,63435,19
1,KMUX20210926_141551_V06,16.766,0.099,371.484,133.697,16.231,-121.491,37.904,8115.749,90508.008,20210926_071551,479107,24,55252,20
1,KMUX20210926_142428_V06,25.382,0.114,370.235,136.913,29.961,-121.498,37.889,14980.699,88783.746,20210926_072428,479101,30,55821,13
2,KMUX20210930_141341_V06,11.218,0.125,465.552,252.299,16.462,-120.963,37.367,8230.824,86143.622,20210930_071341,479109,7,57450,4
2,KMUX20210930_142217_V06,19.818,0.073,466.808,250.729,30.388,-120.956,37.374,15193.876,86966.228,20210930_072217,479109,3,54923,0
1,KMUX20210930_131320_V06,-49.132,0.172,128.437,281.830,6.463,-122.864,37.233,3231.649,86261.098,20210930_061320,479105,0,59190,0
3,KMUX20210930_142217_V06,19.818,0.097,385.907,161.648,16.388,-121.410,37.778,8194.061,81426.900,20210930_072217,479109,3,54923,0
1,KMUX20211001_140708_V06,3.812,0.217,397.803,156.189,7.708,-121.342,37.802,3853.813,86958.220,20211001_070708,479109,10,65056,4
1,KMUX20211001_141545_V06,12.429,0.427,405.232,160.889,16.587,-121.300,37.780,8293.467,87214.680,20211001_071545,479106,12,63078,12
1,KMUX20211001_142423_V06,21.062,0.210,413.534,163.366,20.762,-121.253,37.769,10380.910,88823.829,20211001_072423,479105,4,61238,4
1,KMUX20211001_143259_V06,29.662,0.087,414.296,162.866,22.171,-121.249,37.771,11085.617,89259.610,20211001_073259,479104,12,60537,8
1,KMUX20211002_141120_V06,7.153,0.319,412.840,163.125,9.089,-121.257,37.770,4544.662,88695.402,20211002_071120,479107,9,63057,4
1,KMUX20211002_141958_V06,15.786,0.077,412.319,161.595,17.634,-121.260,37.777,8817.122,89122.883,20211002_071958,479104,4,63041,4
1,KMUX20211002_142834_V06,24.386,0.909,420.530,163.088,31.349,-121.214,37.770,15674.563,91203.595,20211002_072834,479103,11,62341,9
1,KMUX20211002_143711_V06,33.003,0.850,422.185,156.563,37.727,-121.204,37.799,18863.733,94211.779,20211002_073711,479106,11,64293,9
1,KMUX20211002_144549_V06,41.636,0.538,416.362,152.298,35.092,-121.237,37.819,17545.874,94016.047,20211002_074549,479105,3,65895,3
1,KMUX20211002_150302_V06,58.853,0.081,404.311,145.808,29.633,-121.305,37.848,14816.612,93080.404,20211002_080302,479109,3,67555,3
2,KMUX20211003_144023_V06,35.338,0.060,382.693,164.012,2.008,-121.428,37.767,1003.860,79578.339,20211003_074023,479104,4,65116,0
1,KMUX20211004_131220_V06,-53.580,0.075,345.873,407.545,2.505,-121.641,36.670,1252.340,58460.053,20211004_061220,479105,3,48332,2
1,KMUX20211005_151304_V06,66.279,0.068,238.872,105.106,41.019,-122.246,38.033,20509.661,102127.494,20211005_081304,479102,17,53809,10
1,KMUX20211006_140855_V06,1.251,0.304,466.268,240.405,6.170,-120.958,37.420,3084.850,88313.030,20211006_070855,479107,28,49283,15
2,KMUX20211007_133827_V06,-30.098,0.192,109.905,383.119,17.744,-122.962,36.776,8871.812,103736.340,20211007_063827,479107,25,63412,14
2,KMUX20211009_141307_V06,2.787,0.247,458.317,255.304,8.980,-121.004,37.353,4490.055,82252.669,20211009_071307,479108,4,72705,4
2,KMUX20211009_141828_V06,8.137,0.655,457.303,255.931,17.170,-121.010,37.351,8585.069,81679.937,20211009_071828,479109,2,71652,0
2,KMUX20211009_142351_V06,13.521,0.599,457.315,254.906,24.374,-121.010,37.355,12187.018,81825.178,20211009_072351,479106,3,70505,3
1,KMUX20211010_142402_V06,12.806,0.454,395.145,172.816,7.352,-121.358,37.727,3675.858,79416.972,20211010_072402,479105,0,48182,0
1,KMUX20211010_143606_V06,24.873,0.702,401.281,173.230,20.096,-121.323,37.725,10047.931,81130.208,20211010_073606,479106,0,46205,0
1,KMUX20211011_133816_V06,-33.863,0.145,54.702,381.740,59.073,-123.271,36.779,29536.404,129279.169,20211011_063816,479109,216,51675,216
1,KMUX20211012_144247_V06,29.746,0.203,23.106,253.368,21.492,-123.460,37.355,10745.899,140396.546,20211012_074247,479104,4,36407,3
4,KMUX20211013_143515_V06,21.300,0.181,58.286,209.447,30.951,-123.265,37.555,15475.680,129059.735,20211013_073515,479102,7,45083,7
2,KMUX20211015_142010_V06,4.375,0.873,418.806,169.086,24.319,-121.224,37.743,12159.527,88393.286,20211015_072010,479110,3,45827,3
2,KMUX20211015_142839_V06,12.859,0.890,420.721,164.018,34.010,-121.212,37.766,17005.174,90918.440,20211015_072839,479104,4,44210,3
2,KMUX20211015_143708_V06,21.342,0.913,421.531,161.052,42.592,-121.208,37.779,21295.991,92298.631,20211015_073708,479109,4,44476,2
2,KMUX20211015_144536_V06,29.809,0.811,413.942,155.179,44.849,-121.251,37.806,22424.270,92135.740,20211015_074536,479109,3,45287,2
2,KMUX20211015_150249_V06,47.025,0.073,406.139,148.197,46.156,-121.295,37.838,23078.207,92614.173,20211015_080249,479101,2,44225,2
1,KMUX20211015_141141_V06,-4.108,0.231,443.212,220.273,8.175,-121.088,37.512,4087.681,81954.265,20211015_071141,479109,6,47317,5
1,KMUX20211015_142010_V06,4.375,0.304,443.760,220.876,16.395,-121.085,37.509,8197.598,82047.924,20211015_072010,479110,3,45827,3
1,KMUX20211015_142839_V06,12.859,0.617,443.243,220.327,17.642,-121.087,37.511,8821.086,81954.607,20211015_072839,479104,4,44210,3
1,KMUX20211015_143708_V06,21.342,0.384,444.058,222.076,25.904,-121.083,37.504,12951.964,81891.259,20211015_073708,479109,4,44476,2
5,KMUX20211015_142839_V06,12.859,0.489,366.424,149.607,20.806,-121.520,37.832,10402.756,82204.397,20211015_072839,479104,4,44210,3
5,KMUX20211015_143708_V06,21.342,0.613,365.879,148.198,30.624,-121.523,37.839,15311.965,82740.208,20211015_073708,479109,4,44476,2
5,KMUX20211015_144536_V06,29.809,0.448,359.267,146.309,30.097,-121.561,37.847,15048.528,82361.176,20211015_074536,479109,3,45287,2
1,KMUX20211016_141721_V06,0.630,0.261,418.434,181.381,2.261,-121.226,37.688,1130.405,83810.672,20211016_071721,479108,3,56522,1
1,KMUX20211016_142558_V06,9.247,0.500,413.487,169.128,17.189,-121.254,37.743,8594.678,86612.074,20211016_072558,479105,1,55209,1
1,KMUX20211016_143434_V06,17.847,0.905,412.184,160.243,27.738,-121.261,37.783,13869.124,89606.543,20211016_073434,479102,2,52786,2
1,KMUX20211016_144311_V06,26.463,0.650,409.429,154.291,32.854,-121.276,37.810,16427.122,91112.401,20211016_074311,479109,1,54283,1
3,KMUX20211016_141721_V06,0.630,0.053,402.512,161.028,5.338,-121.316,37.780,2669.113,86345.083,20211016_071721,479108,3,56522,1
3,KMUX20211016_142558_V06,9.247,-1.000,402.512,161.028,19.039,-121.316,37.780,9519.363,86345.083,20211016_072558,479105,1,55209,1
3,KMUX20211016_143434_V06,17.847,0.060,377.672,151.405,28.342,-121.456,37.824,14170.778,83835.570,20211016_073434,479102,2,52786,2
3,KMUX20211016_144311_V06,26.463,0.291,367.919,144.416,31.949,-121.512,37.856,15974.650,84881.160,20211016_074311,479109,1,54283,1
4,KMUX20211016_142558_V06,9.247,0.165,457.938,239.887,13.510,-121.005,37.423,6755.180,84495.743,20211016_072558,479105,1,55209,1
4,KMUX20211016_143434_V06,17.847,0.063,459.565,241.966,22.911,-120.996,37.413,11455.519,84895.529,20211016_073434,479102,2,52786,2
3,KMUX20211018_134317_V06,-35.310,0.158,260.013,420.544,30.945,-122.121,36.612,15472.527,63501.455,20211018_064317,479102,3,55729,0
3,KMUX20211018_134944_V06,-28.860,0.304,263.922,423.414,36.245,-122.099,36.599,18122.623,64289.755,20211018_064944,479109,9,55898,2
3,KMUX20211018_140238_V06,-15.960,0.414,276.703,430.158,32.616,-122.028,36.569,16308.228,66113.192,20211018_070238,479114,14,53982,1
3,KMUX20211018_140853_V06,-9.710,0.528,279.524,434.207,37.590,-122.012,36.551,18794.805,67880.168,20211018_070853,479099,6,53469,2
2,KMUX20211023_152305_V06,59.705,0.173,50.823,179.807,78.097,-123.310,37.688,39048.458,138325.389,20211023_082305,479105,5,45153,3
2,KMUX20211023_152835_V06,65.205,0.135,51.580,181.156,85.581,-123.306,37.682,42790.255,137691.939,20211023_082835,479102,3,45190,3
2,KMUX20211023_153405_V06,70.705,0.146,51.971,183.352,86.689,-123.303,37.672,43344.340,137044.706,20211023_083405,479109,11,45635,9
2,KMUX20211023_153935_V06,76.205,0.052,55.229,193.983,83.767,-123.284,37.625,41883.595,133372.128,20211023_083935,479106,11,46715,7
1,KMUX20211023_143946_V06,16.388,0.211,481.420,238.371,31.638,-120.873,37.429,15818.928,95801.317,20211023_073946,479104,2,47341,1
3,KMUX20211024_152558_V06,61.614,0.073,48.486,194.958,62.231,-123.322,37.620,31115.448,136283.723,20211024_082558,479101,170,258164,32
3,KMUX20211025_141557_V06,-9.383,0.108,35.185,550.090,40.383,-123.366,36.019,20191.587,182120.692,20211025_071557,479111,1696,233287,71
1,KMUX20211026_151426_V06,48.114,0.216,20.869,195.067,28.835,-123.478,37.617,14417.569,149101.468,20211026_081426,479113,1,35746,0
1,KMUX20211026_151957_V06,53.630,0.211,21.713,199.677,35.761,-123.473,37.597,17880.305,147908.887,20211026_081957,479109,8,36296,6
1,KMUX20211027_141843_V06,-8.595,0.119,542.346,307.193,17.299,-120.534,37.115,8649.357,121226.154,20211027_071843,479100,0,39874,0
1,KMUX20211027_142720_V06,0.022,0.412,544.098,313.478,29.050,-120.525,37.087,14525.139,122234.659,20211027_072720,479103,7,37036,7
1,KMUX20211027_143543_V06,8.405,0.628,547.486,326.383,36.706,-120.507,37.028,18353.004,124444.082,20211027_073543,479106,4,36566,3
1,KMUX20211027_144412_V06,16.888,0.417,551.129,328.269,42.478,-120.486,37.020,21238.957,126357.744,20211027_074412,479103,4,35864,3
2,KMUX20211028_142635_V06,-1.726,0.945,371.466,105.708,10.685,-121.491,38.030,5342.587,103509.630,20211028_072635,479100,6,68132,6
2,KMUX20211028_143512_V06,6.891,0.869,373.022,111.741,24.183,-121.482,38.003,12091.464,100962.496,20211028_073512,479100,8,64225,3
2,KMUX20211028_144348_V06,15.491,0.903,370.816,119.195,34.431,-121.495,37.969,17215.395,97089.279,20211028_074348,479105,20,60720,8
2,KMUX20211028_150103_V06,32.741,0.852,366.706,111.123,45.207,-121.518,38.006,22603.695,100154.907,20211028_080103,479107,6,58498,4
2,KMUX20211028_151140_V06,43.357,0.508,357.894,102.467,49.952,-121.568,38.045,24976.146,102921.062,20211028_081140,479104,9,56924,4
1,KMUX20211028_141758_V06,-10.343,0.087,531.823,288.037,17.112,-120.592,37.202,8556.114,116065.697,20211028_071758,479100,8,71571,5
1,KMUX20211028_142635_V06,-1.726,0.054,532.019,286.851,26.842,-120.591,37.207,13421.052,116195.582,20211028_072635,479100,6,68132,6
1,KMUX20211028_143512_V06,6.891,0.120,533.534,283.808,29.469,-120.582,37.221,14734.412,117047.091,20211028_073512,479100,8,64225,3
1,KMUX20211028_144348_V06,15.491,0.158,533.368,284.296,31.585,-120.583,37.219,15792.433,116947.763,20211028_074348,479105,20,60720,8
4,KMUX20211028_143512_V06,6.891,0.124,374.673,137.695,20.676,-121.473,37.886,10338.181,89329.361,20211028_073512,479100,8,64225,3
1,KMUX20211029_143330_V06,4.188,0.550,373.774,94.084,12.773,-121.477,38.082,6386.669,109366.112,20211029_073330,479107,41,48861,24
1,KMUX20211029_144206_V06,12.788,0.774,382.446,95.428,25.890,-121.428,38.076,12944.927,110280.381,20211029_074206,479099,39,46338,12
1,KMUX20211029_145042_V06,21.388,0.809,387.012,95.083,32.088,-121.402,38.077,16044.250,111312.408,20211029_075042,479104,27,47444,11
1,KMUX20211029_150757_V06,38.638,0.525,378.275,92.149,29.397,-121.451,38.091,14698.345,111050.806,20211029_080757,479101,11,50611,7
1,KMUX20211029_151633_V06,47.238,0.054,375.468,95.800,34.485,-121.467,38.074,17242.330,108849.543,20211029_081633,479107,11,52483,8
3,KMUX20211029_144206_V06,12.788,0.069,111.944,278.339,31.271,-122.957,37.248,15635.563,94649.771,20211029_074206,479099,39,46338,12
4,KMUX20211029_144206_V06,12.788,0.065,207.241,246.928,18.258,-122.421,37.393,9129.246,53434.139,20211029_074206,479099,39,46338,12
5,KMUX20211029_151633_V06,47.238,0.189,95.390,289.160,16.012,-123.050,37.199,8006.184,102448.368,20211029_081633,479107,11,52483,8
3,KMUX20211030_144206_V06,11.779,0.109,362.761,96.453,4.708,-121.540,38.072,2353.951,106501.605,20211030_074206,479108,3,45917,3
2,KMUX20211103_142425_V06,-9.986,0.659,391.987,105.999,10.283,-121.374,38.028,5141.285,107352.027,20211103_072425,479102,76,61659,64
2,KMUX20211103_143302_V06,-1.370,0.914,385.363,101.868,20.327,-121.411,38.047,10163.413,107869.063,20211103_073302,479104,47,54910,42
2,KMUX20211103_144138_V06,7.230,0.961,387.048,98.962,30.495,-121.402,38.060,15247.600,109537.467,20211103_074138,479103,63,52287,46
2,KMUX20211103_145014_V06,15.830,0.963,390.464,101.443,37.730,-121.382,38.049,18865.000,109097.249,20211103_075014,479099,64,50171,55
2,KMUX20211103_150727_V06,33.047,0.943,392.361,100.210,58.551,-121.371,38.054,29275.664,110052.884,20211103_080727,479103,117,50117,86
2,KMUX20211103_151603_V06,41.647,0.837,395.201,101.132,69.827,-121.355,38.050,34913.707,110240.332,20211103_081603,479102,134,50301,112
2,KMUX20211103_152439_V06,50.247,0.054,396.226,109.088,76.724,-121.350,38.014,38362.174,106895.915,20211103_082439,479102,150,52551,125
1,KMUX20211103_142425_V06,-9.986,0.661,524.579,283.466,19.896,-120.632,37.223,9947.960,112593.414,20211103_072425,479102,76,61659,64
1,KMUX20211103_143302_V06,-1.370,0.840,526.443,282.726,26.566,-120.622,37.226,13282.817,113550.683,20211103_073302,479104,47,54910,42
1,KMUX20211103_144138_V06,7.230,0.363,531.405,280.125,34.742,-120.594,37.238,17371.065,116128.669,20211103_074138,479103,63,52287,46
1,KMUX20211103_145014_V06,15.830,0.286,534.966,276.902,43.253,-120.573,37.252,21626.453,118049.299,20211103_075014,479099,64,50171,55
6,KMUX20211103_144138_V06,7.230,0.323,107.892,533.578,12.892,-122.964,36.098,6445.986,151215.371,20211103_074138,479103,63,52287,46
9,KMUX20211103_153314_V06,58.830,0.106,351.658,442.812,8.186,-121.609,36.511,4092.958,75934.129,20211103_083314,479103,148,52837,126
1,KMUX20211105_141635_V06,-19.885,0.055,521.821,288.132,7.158,-120.648,37.202,3578.941,111069.204,20211105_071635,479103,42,53038,36
1,KMUX20211105_142511_V06,-11.285,0.560,521.183,290.575,14.537,-120.652,37.191,7268.262,110691.634,20211105_072511,479104,39,47478,34
1,KMUX20211105_143347_V06,-2.685,0.489,526.177,292.436,23.652,-120.624,37.183,11826.022,113151.530,20211105_073347,479098,33,42029,22
1,KMUX20211105_144223_V06,5.915,0.608,526.976,293.646,28.218,-120.620,37.177,14108.940,113532.512,20211105_074223,479106,29,40440,22
1,KMUX20211105_145100_V06,14.531,0.364,524.075,296.302,26.604,-120.636,37.165,13301.973,112052.935,20211105_075100,479109,40,39956,24
3,KMUX20211105_144223_V06,5.915,0.328,374.324,96.440,15.493,-121.474,38.072,7746.685,108352.270,20211105_074223,479106,29,40440,22
3,KMUX20211105_145100_V06,14.531,0.812,376.168,96.089,23.919,-121.463,38.073,11959.533,108835.983,20211105_075100,479109,40,39956,24
3,KMUX20211105_150813_V06,31.748,0.349,381.756,97.389,29.198,-121.432,38.067,14599.175,109242.080,20211105_080813,479104,27,39023,17
1,KMUX20211106_142400_V06,-13.506,0.138,522.286,294.374,9.258,-120.646,37.174,4629.166,111178.533,20211106_072400,479107,4,35954,3
1,KMUX20211106_142922_V06,-8.139,0.307,522.315,294.098,17.029,-120.646,37.175,8514.359,111196.770,20211106_072922,479104,6,34811,1
1,KMUX20211106_143444_V06,-2.773,0.492,524.153,293.340,22.682,-120.635,37.179,11340.873,112126.128,20211106_073444,479106,9,34005,3
1,KMUX20211106_144006_V06,2.594,0.298,527.522,289.971,29.707,-120.616,37.194,14853.283,113871.261,20211106_074006,479107,7,33643,4
1,KMUX20211106_144529_V06,7.977,0.125,525.238,288.545,33.256,-120.629,37.200,16627.863,112764.349,20211106_074529,479105,9,34637,3
2,KMUX20211106_151742_V06,40.194,0.091,47.329,133.298,59.885,-123.334,37.898,29942.646,151354.163,20211106_081742,479111,3,37513,1
4,KMUX20211108_144749_V06,8.228,0.421,366.552,95.970,19.226,-121.518,38.074,9612.797,107304.867,20211108_064749,479108,7,30759,7
4,KMUX20211108_150443_V06,25.128,0.291,369.287,97.006,35.550,-121.503,38.069,17774.960,107246.674,20211108_070443,479107,11,29011,4
5,KMUX20211108_152959_V06,50.395,0.110,117.376,115.331,12.675,-122.937,37.983,6337.688,129859.812,20211108_072959,479110,1,30150,0
13,KMUX20211109_153941_V06,59.051,0.087,270.885,414.770,41.784,-122.060,36.638,20892.197,59202.692,20211109_073941,479106,5,144249,0
13,KMUX20211109_154607_V06,65.485,0.074,275.012,414.926,47.321,-122.037,36.637,23660.587,58805.737,20211109_074607,479108,3,142256,2
14,KMUX20211109_153941_V06,59.051,0.051,175.940,213.928,28.457,-122.599,37.541,14228.376,75497.126,20211109_073941,479106,5,144249,0
14,KMUX20211109_154607_V06,65.485,-1.000,175.940,213.928,38.686,-122.599,37.541,19342.876,75497.126,20211109_074607,479108,3,142256,2
14,KMUX20211109_155234_V06,71.935,0.060,177.861,205.001,43.253,-122.589,37.581,21626.434,77367.289,20211109_075234,479108,2,142342,0
7,KMUX20211109_150812_V06,27.568,0.068,302.720,140.592,19.788,-121.882,37.873,9894.073,79715.640,20211109_070812,479108,2,165245,1
1,KMUX20211110_134251_V06,-58.827,0.446,385.204,519.697,8.613,-121.424,36.164,4306.668,117820.273,20211110_054251,479100,44,53112,32
1,KMUX20211110_135102_V06,-50.644,0.244,385.252,519.812,15.082,-121.424,36.164,7541.159,117882.465,20211110_055102,479106,13,54491,9
3,KMUX20211110_135102_V06,-50.644,0.150,295.738,141.570,2.849,-121.922,37.869,1424.511,79243.809,20211110_055102,479106,13,54491,9
1,KMUX20211112_143626_V06,-7.334,0.419,340.959,83.759,6.127,-121.664,38.129,3063.545,110042.916,20211112_063626,479101,7,45276,5
1,KMUX20211112_144503_V06,1.282,-1.000,340.959,83.759,19.828,-121.664,38.129,9913.795,110042.916,20211112_064503,479105,6,43973,3
1,KMUX20211112_150216_V06,18.499,0.369,361.717,148.851,41.923,-121.547,37.836,20961.467,81631.878,20211112_070216,479109,8,44574,5
1,KMUX20211112_151052_V06,27.099,0.436,360.308,160.490,52.682,-121.555,37.783,26341.130,75993.549,20211112_071052,479102,16,44397,1
2,KMUX20211112_144503_V06,1.282,0.906,352.260,149.475,20.512,-121.601,37.833,10255.981,79669.297,20211112_064503,479105,6,43973,3
2,KMUX20211121_144011_V06,-12.915,0.877,342.359,82.096,7.001,-121.656,38.137,3500.313,110991.650,20211121_064011,479106,0,48557,0
2,KMUX20211121_144834_V06,-4.531,0.459,344.121,82.888,16.851,-121.646,38.133,8425.299,110774.997,20211121_064834,479109,1,44486,1
2,KMUX20211121_150530_V06,12.402,0.107,346.223,83.493,34.800,-121.634,38.130,17400.071,110693.299,20211121_070530,479101,1,40876,1
3,KMUX20211121_144011_V06,-12.915,0.192,436.238,221.673,5.592,-121.127,37.506,2795.765,78574.707,20211121_064011,479106,0,48557,0
3,KMUX20211121_144834_V06,-4.531,0.086,436.703,222.683,13.250,-121.124,37.501,6625.122,78526.638,20211121_064834,479109,1,44486,1
1,KMUX20211121_140645_V06,-46.348,0.053,118.372,107.446,7.450,-122.932,38.018,3724.844,132349.637,20211121_060645,479104,7,53610,3
1,KMUX20211124_144852_V06,-7.267,0.076,25.747,264.036,22.480,-123.444,37.307,11239.834,138300.589,20211124_064852,479107,5,41953,2
2,KMUX20211124_160611_V06,70.050,0.116,181.470,388.695,44.780,-122.561,36.754,22389.961,74020.394,20211124_080611,479106,4,46075,3
2,KMUX20211125_151223_V06,15.252,0.132,453.905,236.669,8.391,-121.028,37.437,4195.454,83212.926,20211125_071223,479105,4,32892,4
2,KMUX20211125_152051_V06,23.719,0.184,452.915,236.803,20.929,-121.034,37.437,10464.501,82729.652,20211125_072051,479106,0,31930,0
2,KMUX20211125_152919_V06,32.186,0.131,458.512,235.774,28.807,-121.002,37.441,14403.319,85514.477,20211125_072919,479108,4,31513,3
1,KMUX20211125_150401_V06,6.886,0.124,298.649,307.649,18.712,-121.905,37.121,9356.186,3883.767,20211125_070401,479106,1,33269,1
4,KMUX20211126_151821_V06,20.229,0.112,457.509,253.618,15.057,-121.009,37.361,7528.584,82097.863,20211126_071821,479106,10,30142,9
4,KMUX20211126_152658_V06,28.846,0.057,461.146,250.015,29.474,-120.988,37.377,14736.757,84360.063,20211126_072658,479106,5,31209,5
3,KMUX20211126_150752_V06,9.746,0.095,455.006,267.918,18.922,-121.023,37.297,9461.239,79145.825,20211126_070752,479109,8,29738,8
1,KMUX20211127_151616_V06,17.165,0.276,450.921,273.801,24.099,-121.047,37.270,12049.328,76589.281,20211127_071616,479104,4,42070,4
1,KMUX20211128_150812_V06,8.128,0.508,441.338,240.765,13.955,-121.099,37.419,6977.261,76624.575,20211128_070812,479111,3,27264,3
1,KMUX20211128_151622_V06,16.294,0.106,443.625,243.860,21.274,-121.086,37.405,10636.820,77103.640,20211128_071622,479105,5,26790,3
1,KMUX20211128_152433_V06,24.478,0.081,448.874,243.355,25.291,-121.057,37.407,12645.622,79643.245,20211128_072433,479105,2,26560,2
4,KMUX20211128_150812_V06,8.128,0.059,325.426,85.831,14.971,-121.753,38.120,7485.439,107836.418,20211128_070812,479111,3,27264,3
2,KMUX20211129_150447_V06,3.750,0.237,451.438,250.250,10.851,-121.043,37.376,5425.335,79700.209,20211129_070447,479108,4,31250,2
2,KMUX20211129_151309_V06,12.117,0.051,453.119,251.500,18.509,-121.033,37.371,9254.612,80308.523,20211129_071309,479103,4,32068,4
2,KMUX20211129_152131_V06,20.484,0.249,454.454,244.990,26.595,-121.025,37.400,13297.570,81978.700,20211129_072131,479104,4,30400,1
2,KMUX20211129_152946_V06,28.734,0.203,459.792,251.096,28.666,-120.995,37.372,14332.988,83553.842,20211129_072946,479108,8,30180,8
7,KMUX20211129_153808_V06,37.100,0.852,24.943,440.816,27.512,-123.433,36.511,13755.871,154503.457,20211129_073808,479104,21,31030,20
7,KMUX20211129_154828_V06,47.434,0.484,25.804,440.642,42.305,-123.428,36.512,21152.299,154080.727,20211129_074828,479111,85,32153,74
7,KMUX20211129_160504_V06,64.034,0.443,25.992,451.298,46.327,-123.426,36.464,23163.439,156501.868,20211129_080504,479103,8,34267,5
1,KMUX20211129_143948_V06,-21.233,0.196,434.085,235.502,30.852,-121.140,37.443,15426.098,74395.553,20211129_063948,479105,13,33901,12
6,KMUX20211129_152946_V06,28.734,0.093,22.922,423.492,33.741,-123.446,36.589,16870.480,151675.934,20211129_072946,479108,8,30180,8
8,KMUX20211129_161320_V06,72.300,0.204,73.941,286.962,17.708,-123.171,37.207,8853.920,113217.213,20211129_081320,479105,37,34110,36
1,KMUX20211130_151529_V06,13.501,0.079,446.677,264.452,22.215,-121.070,37.313,11107.281,75461.671,20211130_071529,479104,3,40516,1
2,KMUX20211130_153241_V06,30.701,0.070,110.888,288.644,13.485,-122.963,37.202,6742.640,94726.487,20211130_073241,479102,22,40354,13
2,KMUX20211205_152840_V06,22.140,0.417,85.585,276.867,23.421,-123.106,37.253,11710.485,107829.774,20211205_072840,479104,16,24155,15
2,KMUX20211205_153716_V06,30.740,-1.000,85.585,276.867,37.095,-123.106,37.253,18547.485,107829.774,20211205_073716,479106,29,24301,22
2,KMUX20211205_154552_V06,39.340,0.334,74.509,267.326,44.628,-123.169,37.296,22314.136,113923.143,20211205_074552,479107,34,24478,31
2,KMUX20211205_160304_V06,56.540,0.104,73.762,266.606,46.352,-123.173,37.299,23176.172,114344.824,20211205_080304,479108,11,27961,6
1,KMUX20211205_144540_V06,-20.860,0.138,123.137,390.349,20.698,-122.888,36.744,10348.767,99301.865,20211205_064540,479099,29,25148,27
1,KMUX20211205_150252_V06,-3.660,0.198,102.818,389.193,36.344,-123.002,36.748,18172.198,108208.490,20211205_070252,479099,38,23686,34
1,KMUX20211206_154454_V06,37.512,0.064,213.711,404.002,58.408,-122.380,36.686,29204.163,67569.096,20211206_074454,479106,5,28364,3
4,KMUX20211209_151653_V06,7.020,0.061,389.441,221.558,77.239,-121.392,37.508,38619.583,59482.698,20211209_071653,479105,7,149435,3
8,KMUX20211209_160536_V06,55.737,0.066,284.049,41.521,23.429,-121.989,38.320,11714.634,129485.162,20211209_080536,479111,8,123250,1
1,KMUX20211210_150652_V06,-3.781,0.081,307.662,288.310,13.684,-121.854,37.208,6842.010,6988.306,20211210_070652,479102,12,27589,0
34,KMUX20211214_160946_V06,56.201,0.304,27.554,257.430,46.707,-123.435,37.337,23353.434,137876.058,20211214_080946,479093,326,135371,26
34,KMUX20211214_161447_V06,61.218,0.194,27.797,259.890,52.528,-123.433,37.326,26264.077,137571.279,20211214_081447,479085,317,133926,22
34,KMUX20211214_162041_V06,67.118,0.098,29.728,266.803,52.410,-123.422,37.295,26205.132,136151.725,20211214_082041,479091,324,129427,22
34,KMUX20211214_162554_V06,72.334,0.101,35.043,267.981,57.484,-123.392,37.290,28741.857,133442.144,20211214_082554,479102,345,128501,18
34,KMUX20211214_163107_V06,77.551,0.190,36.808,277.010,56.794,-123.381,37.250,28397.134,132096.989,20211214_083107,479090,476,128173,48
34,KMUX20211214_163632_V06,82.968,0.109,40.344,263.455,59.304,-123.362,37.311,29652.177,131107.607,20211214_083632,479097,475,128963,54
34,KMUX20211214_164145_V06,88.184,0.137,42.756,250.602,70.022,-123.350,37.369,35010.753,130971.929,20211214_084145,479111,385,128513,22
6,KMUX20211214_142730_V06,-46.066,0.159,322.761,456.932,25.635,-121.771,36.448,12817.358,79286.862,20211214_062730,479102,648,177832,35
6,KMUX20211214_143257_V06,-40.616,0.093,319.537,454.348,36.485,-121.789,36.460,18242.721,77789.884,20211214_063257,479103,539,173788,19
6,KMUX20211214_143824_V06,-35.166,0.098,322.683,446.573,38.190,-121.771,36.495,19094.941,74158.965,20211214_063824,479097,416,176818,19
1,KMUX20211214_142151_V06,-51.716,0.118,40.230,247.391,77.874,-123.364,37.383,38937.050,132521.678,20211214_062151,479107,764,182707,63
1,KMUX20211214_142730_V06,-46.066,0.241,40.457,247.248,84.244,-123.363,37.384,42122.084,132424.722,20211214_062730,479102,648,177832,35
22,KMUX20211214_153231_V06,18.951,0.305,81.989,394.661,13.436,-123.118,36.722,6718.103,118837.516,20211214_073231,479095,575,177684,37
22,KMUX20211214_153743_V06,24.151,0.109,82.769,394.717,19.687,-123.113,36.722,9843.627,118491.212,20211214_073743,479100,569,172007,61
22,KMUX20211214_154242_V06,29.134,0.150,89.059,395.046,14.579,-123.078,36.721,7289.449,115682.844,20211214_074242,479102,525,167355,63
2,KMUX20211214_142151_V06,-51.716,0.076,305.362,454.212,40.914,-121.868,36.460,20456.993,77152.516,20211214_062151,479107,764,182707,63
4,KMUX20211214_142151_V06,-51.716,0.057,138.198,176.917,21.044,-122.815,37.706,10521.794,101647.855,20211214_062151,479107,764,182707,63
17,KMUX20211214_151551_V06,2.284,0.059,312.806,195.430,39.611,-121.825,37.626,19805.534,52675.681,20211214_071551,479116,529,183999,44
17,KMUX20211214_152128_V06,7.901,0.083,335.808,206.672,25.430,-121.695,37.576,12714.775,49980.887,20211214_072128,479099,544,180943,32
29,KMUX20211214_154754_V06,34.334,0.076,24.871,466.458,29.952,-123.431,36.395,14976.222,160782.361,20211214_074754,479101,521,158627,51
5,KMUX20211215_145203_V06,-22.186,0.067,302.361,375.044,10.200,-121.884,36.817,5100.147,37540.741,20211215_065203,479108,7,41767,7
7,KMUX20211216_150639_V06,-8.231,0.075,389.935,302.115,11.731,-121.391,37.145,5865.551,44979.968,20211216_070639,479106,11,141839,5
9,KMUX20211216_152557_V06,11.069,0.094,371.824,326.825,22.325,-121.494,37.034,11162.724,38334.806,20211216_072557,479107,18,132776,4
10,KMUX20211216_152557_V06,11.069,0.091,350.406,190.933,22.216,-121.612,37.646,11108.036,60075.733,20211216_072557,479107,18,132776,4
1,KMUX20211217_152256_V06,7.432,0.109,316.261,288.898,18.277,-121.806,37.205,9138.371,9844.793,20211217_072256,479105,13,39058,8
1,KMUX20211224_141932_V06,-59.535,0.057,246.971,207.372,12.090,-122.198,37.572,6045.115,53366.601,20211224_061932,479105,284,167694,68
3,KMUX20211224_151133_V06,-7.519,0.092,237.973,547.270,25.929,-122.242,36.041,12964.683,127465.516,20211224_071133,479113,104,132106,22
5,KMUX20211225_150842_V06,-10.762,0.236,196.348,412.802,13.973,-122.477,36.646,6986.738,76596.196,20211225_070842,479111,1066,149761,251
5,KMUX20211225_151536_V06,-3.862,0.193,198.099,410.787,21.562,-122.467,36.655,10781.131,75262.069,20211225_071536,479109,1154,149619,273
5,KMUX20211225_152217_V06,2.821,0.154,204.642,404.666,18.646,-122.431,36.683,9322.983,70795.613,20211225_072217,479106,1249,148637,261
5,KMUX20211225_152843_V06,9.255,0.604,207.338,401.121,25.102,-122.416,36.699,12550.980,68577.674,20211225_072843,479109,1467,146103,324
7,KMUX20211225_152217_V06,2.821,0.089,41.384,121.484,62.211,-123.369,37.950,31105.396,157122.694,20211225_072217,479106,1249,148637,261
7,KMUX20211225_152843_V06,9.255,0.126,43.069,120.464,68.963,-123.359,37.955,34481.489,156721.545,20211225_072843,479109,1467,146103,324
13,KMUX20211225_161356_V06,54.471,0.126,211.378,233.425,29.228,-122.398,37.454,14614.178,55421.526,20211225_081356,479104,2539,147609,918
11,KMUX20211226_151158_V06,-7.858,0.148,236.439,212.421,28.726,-122.257,37.549,14362.997,54106.561,20211226_071158,479118,0,54584,0
11,KMUX20211226_151825_V06,-1.408,0.243,237.595,211.695,36.711,-122.251,37.553,18355.700,54065.135,20211226_071825,479115,2,52768,2
11,KMUX20211226_152441_V06,4.859,0.113,244.514,209.939,30.716,-122.211,37.561,15358.086,52890.409,20211226_072441,479111,3,52350,3
11,KMUX20211226_153057_V06,11.125,-1.000,244.514,209.939,40.680,-122.211,37.561,20340.086,52890.409,20211226_073057,479104,3,50666,3
11,KMUX20211226_153713_V06,17.392,0.169,238.156,198.767,45.212,-122.248,37.611,22606.041,59314.652,20211226_073713,479111,2,48748,1
24,KMUX20211226_164037_V06,80.792,0.085,235.489,77.703,19.901,-122.266,38.156,9950.645,115734.086,20211226_084037,479109,4,52543,3
24,KMUX20211226_164653_V06,87.059,0.302,237.766,77.232,26.385,-122.253,38.158,13192.343,115648.837,20211226_084653,479107,6,53502,4
5,KMUX20211226_144654_V06,-32.925,0.079,244.932,364.292,10.536,-122.206,36.865,5268.120,42326.140,20211226_064654,479115,3,58848,3
8,KMUX20211226_150542_V06,-14.125,0.067,298.054,399.088,21.153,-121.908,36.709,10576.551,49553.374,20211226_070542,479117,4,55837,4
9,KMUX20211226_150542_V06,-14.125,0.055,345.909,470.468,17.721,-121.642,36.387,8860.448,88271.045,20211226_070542,479117,4,55837,4
12,KMUX20211226_151158_V06,-7.858,0.064,219.022,376.123,15.263,-122.351,36.811,7631.561,55570.164,20211226_071158,479118,0,54584,0
13,KMUX20211226_151158_V06,-7.858,0.053,214.611,181.195,33.786,-122.382,37.690,16893.055,73153.892,20211226_071158,479118,0,54584,0
22,KMUX20211227_163818_V06,78.144,0.097,21.337,133.931,28.817,-123.482,37.893,14408.252,162197.204,20211227_083818,479101,11045,216637,2357
22,KMUX20211227_164459_V06,84.827,0.140,23.456,135.660,36.570,-123.469,37.885,18285.089,160844.822,20211227_084459,479107,9174,208701,1877
3,KMUX20211227_151429_V06,-5.673,0.060,34.664,264.150,41.789,-123.394,37.307,20894.711,133873.359,20211227_071429,479108,62682,288803,7473
4,KMUX20211227_151429_V06,-5.673,0.058,227.457,79.389,22.703,-122.311,38.148,11351.324,116116.052,20211227_071429,479108,62682,288803,7473
12,KMUX20211227_160947_V06,49.627,0.116,161.851,152.130,72.974,-122.682,37.819,36486.881,101181.398,20211227_080947,479104,36546,246342,6134
14,KMUX20211227_161727_V06,57.294,0.105,38.793,455.690,32.108,-123.354,36.445,16054.039,152043.117,20211227_081727,479108,24647,241485,5038
21,KMUX20211227_163818_V06,78.144,0.119,188.558,431.693,18.520,-122.520,36.560,9259.808,86259.130,20211227_083818,479101,11045,216637,2357
12,KMUX20211228_162441_V06,64.227,0.113,345.995,166.553,53.518,-121.637,37.756,26759.026,70575.284,20211228_082441,479110,3,167631,3
12,KMUX20211228_163107_V06,70.660,0.084,348.136,170.191,59.850,-121.624,37.740,29925.069,69223.347,20211228_083107,479117,10,161801,8
3,KMUX20211228_152151_V06,1.394,0.096,189.464,205.506,31.244,-122.523,37.579,15622.234,72710.753,20211228_072151,479115,17,249429,0
15,KMUX20211229_160558_V06,45.242,0.151,332.192,163.021,38.384,-121.715,37.772,19191.776,70355.589,20211229_080558,479101,525,156210,87
15,KMUX20211229_161229_V06,51.758,0.316,354.221,169.338,26.762,-121.590,37.744,13381.229,70732.910,20211229_081229,479107,529,153238,75
