track_id,filename,from_sunrise,det_score,x,y,r,lon,lat,radius,geo_dist,local_time,n_radar_pixels,n_refAbove40_pixels,n_xcorrAbove0.95_pixels,n_xcorrBelow0.95_refAbove40_pixels
1,KDGX20230601_100447_V06,-49.292,0.278,299.204,302.123,8.839,-89.989,32.270,4419.449,1133.852,20230601_050447,479162,0,74331,0
1,KDGX20230603_102944_V06,-23.857,0.251,345.083,162.576,74.366,-89.744,32.899,37182.888,72314.994,20230603_052944,479161,3,66024,3
1,KDGX20230604_103759_V06,-15.402,0.108,370.546,324.415,17.447,-89.610,32.169,8723.354,37325.623,20230604_053759,479156,5,81086,3
2,KDGX20230604_120827_V06,75.065,0.053,355.125,513.966,40.478,-89.695,31.315,20238.760,110476.459,20230604_070827,479159,4,75650,0
1,KDGX20230605_101656_V06,-36.272,0.116,450.608,187.578,3.556,-89.181,32.784,1777.843,93970.128,20230605_051656,479160,6,81024,1
1,KDGX20230605_102709_V06,-26.055,0.317,450.640,189.367,12.714,-89.180,32.776,6356.964,93450.687,20230605_052709,479160,0,75895,0
1,KDGX20230605_103721_V06,-15.855,0.214,454.276,190.385,18.012,-89.161,32.772,9006.209,94626.075,20230605_053721,479161,0,63891,0
1,KDGX20230605_104733_V06,-5.655,0.053,457.363,193.981,27.910,-89.145,32.755,13955.004,94872.618,20230605_054733,479161,3,62248,3
1,KDGX20230608_101839_V06,-34.168,0.154,292.424,277.072,8.276,-90.025,32.383,4137.917,12073.537,20230608_051839,479162,4,83915,0
1,KDGX20230611_110642_V06,14.044,0.060,26.819,450.177,37.192,-91.424,31.595,18595.779,155869.106,20230611_060642,479165,0,72504,0
2,KDGX20230611_114057_V06,48.294,0.057,422.706,406.285,32.212,-89.337,31.799,16106.153,81168.644,20230611_064057,479160,0,77828,0
6,KDGX20230613_114148_V06,49.127,0.062,176.625,23.381,18.041,-90.648,33.525,9020.477,151442.421,20230613_064148,479164,163,93669,4
13,KDGX20230616_115055_V06,58.038,0.117,234.058,351.244,84.315,-90.334,32.048,42157.349,41756.021,20230616_065055,479151,21108,248907,396
2,KDGX20230620_105910_V06,5.689,0.187,36.853,474.550,37.514,-91.369,31.485,18756.796,157887.539,20230620_055910,479159,12,90517,3
2,KDGX20230620_110450_V06,11.356,0.057,37.403,475.462,45.207,-91.366,31.481,22603.304,157911.459,20230620_060450,479170,8,87916,5
1,KDGX20230620_104057_V06,-12.528,0.129,114.500,274.605,20.180,-90.970,32.391,10089.911,93615.077,20230620_054057,479150,114,99856,8
1,KDGX20230621_102149_V06,-31.866,0.054,30.605,349.981,9.116,-91.411,32.047,4557.949,136996.036,20230621_052149,479157,4,159547,0
1,KDGX20230622_102234_V06,-31.342,0.368,358.777,291.836,5.713,-89.672,32.316,2856.541,29670.498,20230622_052234,479163,0,165216,0
3,KDGX20230622_103941_V06,-14.225,0.077,383.089,318.932,5.398,-89.544,32.194,2698.772,42609.350,20230622_053941,479163,0,175116,0
4,KDGX20230622_110522_V06,11.458,0.341,269.112,383.961,13.147,-90.148,31.901,6573.338,44731.065,20230622_060522,479159,0,119288,0
1,KDGX20230623_103304_V06,-21.089,0.441,448.223,190.229,10.576,-89.193,32.772,5288.204,92222.354,20230623_053304,479160,4,122696,0
1,KDGX20230623_104457_V06,-9.206,0.102,450.371,188.798,22.179,-89.182,32.779,11089.649,93511.054,20230623_054457,479159,0,79736,0
3,KDGX20230623_110846_V06,14.611,0.197,318.821,408.223,13.031,-89.885,31.792,6515.417,54923.766,20230623_060846,479160,0,65347,0
3,KDGX20230623_112039_V06,26.494,0.362,322.459,407.918,24.663,-89.866,31.793,12331.659,55115.201,20230623_062039,479164,0,74469,0
2,KDGX20230623_103304_V06,-21.089,0.088,63.685,233.285,76.086,-91.243,32.575,38042.763,122776.024,20230623_053304,479160,4,122696,0
1,KDGX20230624_103151_V06,-22.573,0.053,297.072,270.919,4.619,-90.000,32.411,2309.357,14614.064,20230624_053151,479158,0,175396,0
2,KDGX20230624_111926_V06,25.010,0.052,294.904,198.397,21.501,-90.012,32.738,10750.492,50865.161,20230624_061926,479163,2,95804,0
11,KDGX20230626_110417_V06,9.267,0.096,378.888,327.698,21.098,-89.566,32.154,10549.057,41804.812,20230626_060417,479157,5576,114223,108
12,KDGX20230626_110911_V06,14.167,0.261,63.836,111.063,64.659,-91.250,33.126,32329.510,151220.538,20230626_060911,479167,4838,116874,81
15,KDGX20230626_111405_V06,19.067,0.458,324.863,23.444,19.434,-89.851,33.527,9717.247,138835.659,20230626_061405,479151,4253,119220,86
19,KDGX20230626_115050_V06,55.817,0.116,46.987,172.526,56.216,-91.336,32.848,28108.210,141655.478,20230626_065050,479165,3356,122519,58
22,KDGX20230626_121142_V06,76.684,0.073,188.261,137.471,2.643,-90.582,33.011,1321.583,98617.123,20230626_071142,479151,3383,124084,8
3,KDGX20230627_104523_V06,-9.958,0.169,120.989,252.719,16.312,-90.937,32.490,8156.089,92574.722,20230627_054523,479162,43,93258,0
5,KDGX20230627_110231_V06,7.175,0.151,248.374,252.563,9.192,-90.259,32.494,4595.764,35055.130,20230627_060231,479163,39,76715,0
6,KDGX20230627_110231_V06,7.175,0.051,184.873,219.905,13.715,-90.598,32.640,6857.407,70123.910,20230627_060231,479163,39,76715,0
4,KDGX20230628_104139_V06,-14.035,0.919,118.793,249.745,14.420,-90.949,32.503,7209.819,94023.347,20230628_054139,479161,0,123767,0
4,KDGX20230628_110527_V06,9.765,0.256,118.112,249.385,25.575,-90.952,32.505,12787.672,94399.509,20230628_060527,479158,0,37345,0
1,KDGX20230628_102946_V06,-25.919,0.233,295.420,274.594,8.474,-90.009,32.395,4236.942,12907.520,20230628_052946,479161,0,141626,0
3,KDGX20230628_102946_V06,-25.919,0.058,390.935,316.520,4.800,-89.502,32.205,2400.177,46211.522,20230628_052946,479161,0,141626,0
1,KDGX20230629_104307_V06,-12.930,0.526,120.683,245.320,13.185,-90.939,32.523,6592.339,93734.140,20230629_054307,479161,15,55980,8
1,KDGX20230629_110014_V06,4.187,0.051,123.078,244.934,28.717,-90.926,32.525,14358.715,92646.898,20230629_060014,479160,2,67671,1
1,KDGX20230630_104624_V06,-10.026,0.317,117.190,245.564,16.823,-90.957,32.522,8411.519,95371.130,20230630_054624,479162,0,106323,0
1,KDGX20230630_110334_V06,7.141,0.269,114.383,243.098,31.414,-90.972,32.533,15707.229,97071.539,20230630_060334,479163,1,93168,0
1,KDGX20230630_111209_V06,15.724,0.064,115.875,239.275,39.042,-90.965,32.550,19520.903,96940.218,20230630_061209,479160,0,91195,0
1,KDGX20230701_104055_V06,-15.905,0.684,119.343,247.425,7.442,-90.946,32.513,3720.801,94075.655,20230701_054055,479162,0,114047,0
1,KDGX20230701_110119_V06,4.495,0.201,125.897,238.019,29.451,-90.911,32.556,14725.255,92403.094,20230701_060119,479160,0,94341,0
2,KDGX20230701_110119_V06,4.495,0.081,74.408,142.629,25.215,-91.191,32.984,12607.393,137529.409,20230701_060119,479160,0,94341,0
2,KDGX20230702_104206_V06,-15.134,0.618,120.541,244.203,10.327,-90.940,32.528,5163.704,93966.547,20230702_054206,479157,397,64569,17
2,KDGX20230702_104554_V06,-11.334,0.341,121.396,243.929,15.982,-90.935,32.529,7991.056,93599.079,20230702_054554,479149,417,64655,11
2,KDGX20230702_104942_V06,-7.534,0.343,125.093,242.005,19.566,-90.915,32.538,9783.052,92135.684,20230702_054942,479156,429,67745,20
2,KDGX20230702_105328_V06,-3.767,0.455,129.428,236.849,23.759,-90.893,32.561,11879.522,90943.561,20230702_055328,479150,427,70349,37
2,KDGX20230702_110104_V06,3.833,0.382,134.528,232.108,32.430,-90.866,32.583,16215.218,89429.327,20230702_060104,479161,446,73776,12
2,KDGX20230702_110452_V06,7.633,0.291,135.609,229.741,34.896,-90.860,32.594,17448.204,89387.709,20230702_060452,479156,436,75487,17
2,KDGX20230702_110839_V06,11.416,0.351,141.191,223.407,42.025,-90.831,32.623,21012.500,88157.394,20230702_060839,479154,424,76423,11
2,KDGX20230702_111226_V06,15.200,0.151,143.873,219.567,46.292,-90.816,32.640,23146.125,87813.789,20230702_061226,479162,483,77346,27
2,KDGX20230702_111614_V06,19.000,0.187,143.721,218.116,50.353,-90.817,32.646,25176.290,88215.802,20230702_061614,479156,508,78248,12
2,KDGX20230702_112000_V06,22.766,0.070,144.362,215.424,52.842,-90.814,32.659,26421.124,88567.027,20230702_062000,479160,460,79671,15
1,KDGX20230702_103431_V06,-22.717,0.082,400.624,311.989,8.151,-89.451,32.225,4075.283,50667.699,20230702_053431,479160,369,70353,13
3,KDGX20230702_104554_V06,-11.334,0.061,536.698,241.976,15.957,-88.725,32.535,7978.531,121853.206,20230702_054554,479149,417,64655,11
5,KDGX20230703_104632_V06,-11.129,0.131,120.204,245.655,14.152,-90.941,32.521,7076.075,93914.692,20230703_054632,479152,288,62353,3
5,KDGX20230703_105032_V06,-7.129,0.591,120.839,245.552,18.736,-90.938,32.522,9367.861,93625.733,20230703_055032,479156,355,61028,2
5,KDGX20230703_105448_V06,-2.862,0.490,123.844,245.001,20.283,-90.922,32.525,10141.611,92271.118,20230703_055448,479145,414,61662,4
5,KDGX20230703_110223_V06,4.721,0.353,128.056,244.701,27.214,-90.900,32.526,13606.855,90308.669,20230703_060223,479161,512,63005,3
5,KDGX20230703_110610_V06,8.505,0.352,129.711,244.003,31.639,-90.891,32.529,15819.675,89629.970,20230703_060610,479166,494,63848,1
5,KDGX20230703_110957_V06,12.288,0.244,130.540,243.140,34.999,-90.886,32.533,17499.652,89372.189,20230703_060957,479159,508,63821,2
5,KDGX20230703_111344_V06,16.071,0.336,129.337,240.427,35.979,-90.893,32.545,17989.354,90380.830,20230703_061344,479159,467,63990,1
5,KDGX20230703_111731_V06,19.855,0.426,136.322,235.067,42.275,-90.856,32.570,21137.595,88043.627,20230703_061731,479163,401,64451,0
5,KDGX20230703_112118_V06,23.638,0.322,135.080,234.018,43.532,-90.863,32.574,21766.233,88814.979,20230703_062118,479154,328,63243,1
9,KDGX20230703_115534_V06,57.905,0.228,25.224,449.391,34.713,-91.432,31.598,17356.445,156380.658,20230703_065534,479153,108,57465,0
9,KDGX20230703_120308_V06,65.471,0.459,27.085,448.342,42.459,-91.422,31.603,21229.572,155312.703,20230703_070308,479163,36,55136,2
1,KDGX20230704_104546_V06,-12.339,0.637,122.904,244.683,14.902,-90.927,32.526,7451.210,92767.177,20230704_054546,479156,221,46965,2
1,KDGX20230704_105044_V06,-7.372,0.735,123.990,244.203,20.377,-90.921,32.528,10188.656,92321.297,20230704_055044,479148,116,49448,3
1,KDGX20230704_110029_V06,2.378,0.669,129.571,240.262,29.146,-90.892,32.546,14572.952,90297.838,20230704_060029,479163,35,56322,4
1,KDGX20230704_110515_V06,7.144,0.581,133.279,238.227,37.778,-90.872,32.555,18889.064,88898.725,20230704_060515,479159,23,58641,1
1,KDGX20230704_110945_V06,11.644,0.255,136.584,233.775,42.932,-90.855,32.576,21465.824,88162.448,20230704_060945,479169,38,62175,8
1,KDGX20230704_111433_V06,16.444,0.189,135.175,228.857,46.610,-90.862,32.598,23304.931,89761.592,20230704_061433,479157,80,63506,3
1,KDGX20230704_111903_V06,20.944,0.094,125.165,236.136,33.883,-90.915,32.565,16941.685,93067.015,20230704_061903,479153,59,65006,1
2,KDGX20230704_110029_V06,2.378,0.268,170.974,506.627,16.349,-90.662,31.346,8174.257,121801.401,20230704_060029,479163,35,56322,4
2,KDGX20230704_110515_V06,7.144,0.205,171.460,505.986,23.059,-90.660,31.349,11529.319,121401.024,20230704_060515,479159,23,58641,1
1,KDGX20230705_104025_V06,-18.148,0.076,118.273,249.694,8.244,-90.951,32.503,4121.955,94280.881,20230705_054025,479162,0,42162,0
1,KDGX20230705_110051_V06,2.286,0.524,132.087,247.536,29.104,-90.878,32.513,14551.929,87959.257,20230705_060051,479158,0,64810,0
1,KDGX20230705_111103_V06,12.486,0.083,134.099,246.928,30.022,-90.867,32.516,15010.847,87091.439,20230705_061103,479163,0,75196,0
1,KDGX20230705_112106_V06,22.536,0.066,137.049,246.419,37.595,-90.852,32.519,18797.271,85767.304,20230705_062106,479161,0,78625,0
2,KDGX20230705_113119_V06,32.752,0.060,414.128,290.151,9.973,-89.378,32.323,4986.378,57276.089,20230705_063119,479159,0,75313,0
2,KDGX20230706_105128_V06,-7.571,0.385,125.356,250.310,17.349,-90.914,32.501,8674.457,90787.822,20230706_055128,479159,12,91683,9
2,KDGX20230706_110417_V06,5.246,0.264,128.775,250.574,29.818,-90.895,32.500,14909.169,89108.237,20230706_060417,479167,1,105765,1
2,KDGX20230706_111056_V06,11.896,0.129,134.176,249.672,37.226,-90.867,32.504,18612.775,86646.635,20230706_061056,479160,0,115440,0
2,KDGX20230706_111721_V06,18.312,0.134,140.920,248.586,43.989,-90.831,32.509,21994.666,83591.277,20230706_061721,479161,0,125600,0
1,KDGX20230706_101146_V06,-47.271,0.057,61.664,203.057,5.452,-91.255,32.711,2725.953,128648.602,20230706_051146,479156,5,99360,1
3,KDGX20230706_105128_V06,-7.571,0.056,70.445,160.575,18.182,-91.211,32.903,9091.228,134289.735,20230706_055128,479159,12,91683,9
8,KDGX20230707_104658_V06,-12.559,0.527,112.059,256.698,11.866,-90.984,32.471,5932.913,96432.446,20230707_054658,479166,22,114556,0
8,KDGX20230707_110044_V06,1.208,0.484,114.828,257.690,24.188,-90.969,32.467,12094.238,94972.059,20230707_060044,479165,133,119474,3
8,KDGX20230707_110722_V06,7.841,0.203,116.112,258.308,28.315,-90.962,32.464,14157.600,94277.529,20230707_060722,479161,65,121702,0
8,KDGX20230707_111401_V06,14.491,0.278,118.836,257.580,35.269,-90.948,32.468,17634.633,93032.249,20230707_061401,479161,78,119569,2
8,KDGX20230707_112040_V06,21.141,0.089,117.729,254.060,40.617,-90.954,32.483,20308.493,93985.507,20230707_062040,479158,45,114078,0
7,KDGX20230707_104658_V06,-12.559,0.930,229.038,17.178,12.279,-90.366,33.555,6139.580,145794.100,20230707_054658,479166,22,114556,0
7,KDGX20230707_110044_V06,1.208,0.194,229.323,18.628,20.546,-90.365,33.548,10272.873,145056.527,20230707_060044,479165,133,119474,3
12,KDGX20230707_110044_V06,1.208,0.307,189.624,147.899,8.584,-90.575,32.964,4291.840,93964.808,20230707_060044,479165,133,119474,3
12,KDGX20230707_110722_V06,7.841,0.155,189.432,147.508,15.361,-90.576,32.966,7680.345,94179.651,20230707_060722,479161,65,121702,0
3,KDGX20230707_102051_V06,-38.675,0.084,314.607,365.949,10.320,-89.907,31.983,5159.931,33773.637,20230707_052051,479160,0,109667,0
9,KDGX20230707_104658_V06,-12.559,0.396,334.453,375.872,29.578,-89.802,31.938,14788.893,41663.890,20230707_054658,479166,22,114556,0
13,KDGX20230707_110044_V06,1.208,0.071,62.114,165.551,15.937,-91.255,32.880,7968.743,136625.628,20230707_060044,479165,133,119474,3
17,KDGX20230707_110722_V06,7.841,0.242,450.063,79.072,27.865,-89.179,33.274,13932.297,133536.674,20230707_060722,479161,65,121702,0
3,KDGX20230708_104257_V06,-17.077,0.288,124.399,252.658,13.141,-90.919,32.490,6570.602,90935.231,20230708_054257,479154,15,60853,0
3,KDGX20230708_104904_V06,-10.960,0.508,126.316,253.136,20.450,-90.908,32.488,10224.793,89947.477,20230708_054904,479168,10,66979,0
3,KDGX20230708_110108_V06,1.107,0.388,131.422,252.639,27.227,-90.881,32.490,13613.317,87552.200,20230708_060108,479162,0,88035,0
3,KDGX20230708_110732_V06,7.507,0.211,135.165,254.449,35.393,-90.861,32.482,17696.447,85506.375,20230708_060732,479164,0,95536,0
4,KDGX20230708_104257_V06,-17.077,0.106,538.548,256.585,13.789,-88.716,32.469,6894.356,121233.409,20230708_054257,479154,15,60853,0
4,KDGX20230708_104904_V06,-10.960,0.329,539.814,257.612,21.517,-88.709,32.465,10758.465,121765.837,20230708_054904,479168,10,66979,0
2,KDGX20230708_103247_V06,-27.243,0.056,368.898,504.280,17.862,-89.622,31.358,8931.033,107793.142,20230708_053247,479160,27,69221,0
1,KDGX20230712_104358_V06,-18.191,0.182,122.528,242.551,14.106,-90.929,32.535,7052.921,93269.463,20230712_054358,479167,2742,45382,7
1,KDGX20230712_104844_V06,-13.424,0.148,123.581,242.226,20.451,-90.923,32.537,10225.685,92819.147,20230712_054844,479152,2348,45133,6
1,KDGX20230712_105342_V06,-8.458,0.572,131.097,237.924,23.125,-90.884,32.557,11562.320,89974.637,20230712_055342,479153,2417,49550,4
1,KDGX20230712_110507_V06,2.959,0.596,138.311,233.726,32.334,-90.845,32.576,16166.786,87372.096,20230712_060507,479160,2183,78388,11
1,KDGX20230712_111017_V06,8.126,0.477,141.897,227.363,42.034,-90.827,32.605,21016.873,86995.224,20230712_061017,479147,2371,92883,9
1,KDGX20230712_111528_V06,13.309,0.322,145.055,222.463,45.977,-90.810,32.627,22988.633,86631.127,20230712_061528,479158,2683,103528,20
1,KDGX20230712_112028_V06,18.309,0.261,147.487,218.803,50.099,-90.797,32.643,25049.670,86390.094,20230712_062028,479164,3190,110643,95
1,KDGX20230712_112538_V06,23.476,0.080,151.758,217.040,55.271,-90.774,32.652,27635.263,84938.140,20230712_062538,479160,3424,115629,90
3,KDGX20230712_113049_V06,28.659,0.065,110.856,317.531,27.856,-90.987,32.197,13928.201,94977.476,20230712_063049,479159,3277,118528,38
3,KDGX20230712_113600_V06,33.842,0.063,111.807,314.430,35.410,-90.983,32.211,17704.761,94372.517,20230712_063600,479153,3629,120774,35
8,KDGX20230713_104510_V06,-17.553,0.152,126.202,242.062,10.154,-90.910,32.538,5077.051,91600.639,20230713_054510,479164,7316,101086,45
8,KDGX20230713_105037_V06,-12.103,0.114,127.700,241.700,18.914,-90.902,32.540,9456.910,90947.853,20230713_055037,479152,7027,102617,102
8,KDGX20230713_110126_V06,-1.286,0.589,140.200,240.942,27.507,-90.835,32.543,13753.569,85181.867,20230713_060126,479159,7627,115652,81
8,KDGX20230713_110651_V06,4.131,0.657,144.234,239.292,32.988,-90.814,32.551,16494.236,83589.183,20230713_060651,479170,7462,123453,25
8,KDGX20230713_111331_V06,10.797,0.233,145.255,238.176,35.596,-90.808,32.556,17798.192,83318.916,20230713_061331,479156,6987,132721,14
8,KDGX20230713_111855_V06,16.197,0.309,140.645,236.592,34.591,-90.833,32.563,17295.604,85753.441,20230713_061855,479142,7054,137441,19
8,KDGX20230713_112407_V06,21.397,0.342,140.711,234.408,34.197,-90.833,32.573,17098.294,86132.389,20230713_062407,479169,7159,142229,17
8,KDGX20230713_112918_V06,26.581,0.164,145.450,232.159,42.821,-90.807,32.583,21410.588,84392.081,20230713_062918,479154,7868,145180,22
6,KDGX20230713_100451_V06,-57.869,0.087,470.342,517.506,9.799,-89.090,31.296,4899.686,138135.275,20230713_050451,479160,6754,107874,116
16,KDGX20230713_112407_V06,21.397,0.091,189.089,137.716,6.030,-90.578,33.010,3015.036,98281.966,20230713_062407,479169,7159,142229,17
3,KDGX20230714_104741_V06,-15.608,0.062,133.181,245.671,23.243,-90.872,32.522,11621.406,87721.607,20230714_054741,479165,0,81129,0
3,KDGX20230714_110804_V06,4.776,0.447,133.241,238.707,33.113,-90.872,32.553,16556.360,88833.139,20230714_060804,479162,0,72618,0
3,KDGX20230714_111815_V06,14.959,0.282,137.759,234.254,41.092,-90.848,32.573,20546.063,87528.223,20230714_061815,479161,0,77141,0
3,KDGX20230714_112942_V06,26.409,0.205,143.244,230.813,54.568,-90.819,32.589,27283.980,85672.622,20230714_062942,479158,1,88582,0
1,KDGX20230714_102718_V06,-35.991,0.100,128.811,238.740,17.602,-90.896,32.553,8800.756,90910.046,20230714_052718,479163,0,104884,0
1,KDGX20230714_103730_V06,-25.791,0.092,131.378,239.611,27.092,-90.882,32.549,13545.893,89554.594,20230714_053730,479160,0,95447,0
2,KDGX20230714_104741_V06,-15.608,0.465,535.652,256.846,17.272,-88.731,32.468,8636.078,119785.199,20230714_054741,479165,0,81129,0
2,KDGX20230714_110804_V06,4.776,0.115,534.617,260.851,33.685,-88.737,32.450,16842.527,118930.481,20230714_060804,479162,0,72618,0
4,KDGX20230714_104741_V06,-15.608,0.058,248.616,12.568,13.067,-90.261,33.576,6533.632,145994.582,20230714_054741,479165,0,81129,0
4,KDGX20230714_110804_V06,4.776,0.359,250.585,20.853,28.825,-90.250,33.538,14412.462,141743.368,20230714_060804,479162,0,72618,0
5,KDGX20230715_105144_V06,-12.139,0.627,107.012,255.307,9.684,-91.011,32.477,4842.087,99047.573,20230715_055144,479160,654,144050,0
5,KDGX20230715_110531_V06,1.644,0.658,109.607,255.896,27.684,-90.997,32.475,13842.250,97717.144,20230715_060531,479161,63,128373,0
5,KDGX20230715_111225_V06,8.544,0.478,112.954,254.170,36.277,-90.979,32.483,18138.507,96289.447,20230715_061225,479168,13,124930,0
5,KDGX20230715_111921_V06,15.477,0.226,116.480,253.060,44.168,-90.961,32.488,22083.818,94713.897,20230715_061921,479158,47,119312,1
5,KDGX20230715_112615_V06,22.377,0.075,117.596,249.982,52.037,-90.955,32.502,26018.295,94568.866,20230715_062615,479155,62,111173,3
18,KDGX20230715_114056_V06,37.061,0.064,296.366,204.523,97.724,-90.004,32.710,48862.000,47773.129,20230715_064056,479155,27,95612,11
18,KDGX20230715_114742_V06,43.827,0.124,295.437,202.017,107.824,-90.009,32.722,53911.969,49044.462,20230715_064742,479161,13,93887,4
18,KDGX20230715_120056_V06,57.061,0.325,312.153,217.439,103.081,-89.920,32.652,51540.407,41725.220,20230715_070056,479161,25,89712,2
18,KDGX20230715_120722_V06,63.494,0.325,321.292,217.715,102.550,-89.871,32.651,51274.885,42497.794,20230715_070722,479161,38,85300,0
18,KDGX20230715_121333_V06,69.677,0.098,343.041,230.669,91.049,-89.755,32.592,45524.704,40802.288,20230715_071333,479159,26,81676,1
18,KDGX20230715_121930_V06,75.627,0.062,369.938,249.034,71.371,-89.612,32.509,35685.719,43269.161,20230715_071930,479159,6,79271,1
3,KDGX20230715_101727_V06,-46.423,0.074,264.685,249.697,18.280,-90.172,32.507,9140.093,30731.046,20230715_051727,479170,1404,138654,3
3,KDGX20230715_102234_V06,-41.306,0.057,265.979,249.911,24.490,-90.165,32.506,12245.244,30275.146,20230715_052234,479161,1386,137561,8
1,KDGX20230715_100712_V06,-56.673,0.116,31.065,254.884,9.378,-91.415,32.475,4688.996,136346.543,20230715_050712,479161,1353,143873,5
10,KDGX20230715_111225_V06,8.544,0.086,14.529,143.013,15.644,-91.511,32.979,7822.174,162894.484,20230715_061225,479168,13,124930,0
13,KDGX20230715_111921_V06,15.477,0.172,66.884,337.146,11.828,-91.219,32.106,5914.249,118028.368,20230715_061921,479158,47,119312,1
14,KDGX20230715_111921_V06,15.477,0.086,76.155,137.988,12.744,-91.182,33.005,6372.077,138161.375,20230715_061921,479158,47,119312,1
15,KDGX20230715_111921_V06,15.477,0.075,11.500,331.195,18.894,-91.513,32.130,9446.803,145090.931,20230715_061921,479158,47,119312,1
16,KDGX20230715_111921_V06,15.477,0.058,320.271,401.990,15.790,-89.877,31.820,7894.857,51992.718,20230715_061921,479158,47,119312,1
21,KDGX20230715_120056_V06,57.061,0.077,156.808,153.186,21.668,-90.750,32.940,10834.133,102540.368,20230715_070056,479161,25,89712,2
24,KDGX20230715_121333_V06,69.677,0.059,298.777,343.809,15.523,-89.991,32.082,7761.326,21913.134,20230715_071333,479159,26,81676,1
2,KDGX20230716_110508_V06,0.670,0.804,112.493,260.073,28.467,-90.982,32.456,14233.508,95855.580,20230716_060508,479156,33,51448,20
2,KDGX20230716_111342_V06,9.237,0.521,114.196,260.696,37.755,-90.973,32.453,18877.557,94957.946,20230716_061342,479164,41,52545,15
2,KDGX20230716_112216_V06,17.803,0.370,120.069,257.930,47.840,-90.941,32.466,23919.974,92392.104,20230716_062216,479161,39,55465,6
2,KDGX20230716_113049_V06,26.353,0.352,120.202,255.612,54.685,-90.941,32.477,27342.356,92598.189,20230716_063049,479163,45,61199,3
2,KDGX20230716_114036_V06,36.137,0.059,123.630,251.962,63.516,-90.923,32.493,31758.250,91397.692,20230716_064036,479161,6,67204,3
1,KDGX20230716_104809_V06,-16.313,0.053,428.463,409.869,2.591,-89.306,31.783,1295.527,84518.908,20230716_054809,479161,6,70748,2
3,KDGX20230716_110508_V06,0.670,0.302,522.963,266.352,25.245,-88.799,32.426,12622.307,112743.663,20230716_060508,479156,33,51448,20
4,KDGX20230716_110508_V06,0.670,0.061,414.918,190.422,18.072,-89.371,32.773,9035.816,79393.881,20230716_060508,479156,33,51448,20
5,KDGX20230716_111342_V06,9.237,0.059,270.086,415.067,12.376,-90.142,31.761,6188.112,59445.801,20230716_061342,479164,41,52545,15
6,KDGX20230716_114036_V06,36.137,0.089,412.186,350.763,23.981,-89.390,32.050,11990.450,61568.088,20230716_064036,479161,6,67204,3
1,KDGX20230717_104451_V06,-20.212,0.054,117.247,245.969,25.597,-90.957,32.520,12798.251,95286.470,20230717_054451,479157,68,78556,61
2,KDGX20230717_110401_V06,-1.046,0.269,525.236,246.481,22.784,-88.786,32.516,11392.143,115753.731,20230717_060401,479164,155,74732,153
3,KDGX20230717_111649_V06,11.754,0.121,79.858,141.228,18.922,-91.162,32.990,9460.930,135712.045,20230717_061649,479163,11,71866,4
1,KDGX20230718_102916_V06,-36.403,0.271,196.787,334.852,3.715,-90.531,32.122,1857.475,54469.177,20230718_052916,479155,0,106849,0
5,KDGX20230718_104110_V06,-24.503,0.314,125.568,250.367,15.349,-90.913,32.500,7674.403,90678.138,20230718_054110,479165,0,117650,0
6,KDGX20230718_112846_V06,23.097,0.092,196.359,176.400,37.933,-90.538,32.836,18966.511,80651.121,20230718_062846,479162,0,36451,0
2,KDGX20230719_103850_V06,-27.450,0.072,116.135,244.388,8.675,-90.963,32.527,4337.485,96045.663,20230719_053850,479162,0,65382,0
2,KDGX20230719_104725_V06,-18.867,0.609,119.466,240.502,16.538,-90.945,32.545,8268.876,95042.721,20230719_054725,479161,0,60229,0
2,KDGX20230719_110431_V06,-1.767,0.610,125.267,227.042,28.175,-90.915,32.606,14087.530,94676.485,20230719_060431,479162,0,69539,0
2,KDGX20230719_111305_V06,6.800,0.634,129.038,221.306,33.773,-90.895,32.632,16886.611,94101.799,20230719_061305,479158,3,78976,0
2,KDGX20230719_112138_V06,15.350,0.236,133.526,217.735,44.155,-90.872,32.648,22077.619,92845.314,20230719_062138,479161,0,84064,0
2,KDGX20230719_113012_V06,23.916,0.247,130.636,212.845,49.128,-90.887,32.670,24563.960,95236.991,20230719_063012,479159,0,85415,0
2,KDGX20230719_113846_V06,32.483,0.147,133.769,207.592,55.633,-90.871,32.694,27816.664,95094.624,20230719_063846,479162,0,86644,0
1,KDGX20230719_102143_V06,-44.567,0.083,22.438,262.576,28.436,-91.460,32.440,14218.082,140036.816,20230719_052143,479162,0,58835,0
1,KDGX20230719_103016_V06,-36.017,0.207,23.165,265.509,38.730,-91.456,32.427,19364.798,139487.673,20230719_053016,479160,2,64012,0
1,KDGX20230719_103850_V06,-27.450,0.217,22.686,261.151,36.982,-91.459,32.447,18491.238,140010.793,20230719_053850,479162,0,65382,0
1,KDGX20230719_104725_V06,-18.867,0.448,27.023,246.674,41.700,-91.437,32.512,20849.774,139068.591,20230719_054725,479161,0,60229,0
3,KDGX20230719_104725_V06,-18.867,0.631,535.480,245.730,13.821,-88.731,32.518,6910.404,120826.551,20230719_054725,479161,0,60229,0
3,KDGX20230719_110431_V06,-1.767,0.494,536.120,237.278,35.487,-88.727,32.557,17743.545,122154.446,20230719_060431,479162,0,69539,0
3,KDGX20230719_111305_V06,6.800,0.427,543.007,234.728,43.957,-88.691,32.568,21978.306,125810.464,20230719_061305,479158,3,78976,0
3,KDGX20230719_112138_V06,15.350,0.234,546.353,228.897,47.764,-88.672,32.594,23882.165,128204.481,20230719_062138,479161,0,84064,0
5,KDGX20230719_112138_V06,15.350,0.285,177.148,146.552,8.496,-90.641,32.970,4248.037,98283.971,20230719_062138,479161,0,84064,0
5,KDGX20230719_113012_V06,23.916,0.229,180.272,149.140,20.242,-90.625,32.959,10121.114,96298.231,20230719_063012,479159,0,85415,0
5,KDGX20230719_113846_V06,32.483,0.222,182.127,158.070,31.619,-90.615,32.918,15809.402,92247.503,20230719_063846,479162,0,86644,0
5,KDGX20230719_114719_V06,41.033,0.053,188.050,148.274,31.989,-90.583,32.963,15994.521,94278.270,20230719_064719,479159,0,89743,0
4,KDGX20230719_110431_V06,-1.767,0.078,24.071,191.135,22.713,-91.457,32.762,11356.546,148314.349,20230719_060431,479162,0,69539,0
4,KDGX20230719_111305_V06,6.800,0.152,25.732,201.993,36.022,-91.447,32.713,18010.777,145626.324,20230719_061305,479158,3,78976,0
6,KDGX20230719_112138_V06,15.350,0.070,162.532,131.566,14.793,-90.720,33.037,7396.458,108705.403,20230719_062138,479161,0,84064,0
1,KDGX20230720_105417_V06,-12.621,0.052,545.435,245.070,22.049,-88.678,32.521,11024.490,125753.448,20230720_055417,479158,32,83969,27
1,KDGX20230720_110513_V06,-1.688,0.103,543.875,247.714,30.719,-88.687,32.509,15359.363,124708.540,20230720_060513,479154,83,90076,60
1,KDGX20230720_111154_V06,4.995,0.164,546.373,248.995,34.829,-88.674,32.503,17414.277,125798.732,20230720_061154,479162,2,92599,2
2,KDGX20230720_110513_V06,-1.688,0.281,296.698,525.548,16.556,-90.002,31.263,8277.964,112786.283,20230720_060513,479154,83,90076,60
3,KDGX20230720_110513_V06,-1.688,0.123,107.153,247.666,24.689,-91.011,32.512,12344.443,99910.808,20230720_060513,479154,83,90076,60
3,KDGX20230720_111154_V06,4.995,-1.000,107.153,247.666,35.315,-91.011,32.512,17657.693,99910.808,20230720_061154,479162,2,92599,2
3,KDGX20230720_111722_V06,10.462,0.056,122.777,228.338,43.938,-90.928,32.600,21968.899,95581.867,20230720_061722,479166,14,93609,6
1,KDGX20230721_104349_V06,-23.715,0.260,119.250,252.351,8.574,-90.946,32.491,4286.853,93462.557,20230721_054349,479158,1,72913,0
1,KDGX20230721_110032_V06,-6.998,0.865,130.263,248.978,24.273,-90.888,32.507,12136.534,88619.754,20230721_060032,479158,6,68310,0
1,KDGX20230721_110840_V06,1.135,0.430,132.399,247.156,27.864,-90.876,32.515,13932.215,87867.381,20230721_060840,479158,0,75545,0
1,KDGX20230721_111655_V06,9.385,0.258,132.894,247.052,31.276,-90.874,32.516,15638.113,87646.875,20230721_061655,479160,0,82640,0
1,KDGX20230721_112510_V06,17.635,0.150,134.166,243.647,39.711,-90.867,32.531,19855.367,87573.543,20230721_062510,479160,1,86931,0
1,KDGX20230721_113344_V06,26.202,0.241,136.624,239.787,48.201,-90.854,32.548,24100.745,87059.155,20230721_063344,479159,0,89336,0
1,KDGX20230721_114209_V06,34.618,0.137,136.825,236.767,52.262,-90.853,32.562,26130.843,87499.362,20230721_064209,479158,1,93292,1
2,KDGX20230721_110032_V06,-6.998,0.366,539.556,251.513,19.729,-88.710,32.492,9864.452,122206.659,20230721_060032,479158,6,68310,0
2,KDGX20230721_110840_V06,1.135,0.491,540.551,250.980,28.171,-88.705,32.495,14085.385,122747.458,20230721_060840,479158,0,75545,0
2,KDGX20230721_111655_V06,9.385,0.101,542.749,251.555,34.381,-88.693,32.492,17190.592,123767.936,20230721_061655,479160,0,82640,0
2,KDGX20230721_112510_V06,17.635,0.115,545.911,252.661,35.660,-88.676,32.487,17829.919,125213.253,20230721_062510,479160,1,86931,0
4,KDGX20230721_111655_V06,9.385,0.196,30.929,287.653,22.672,-91.413,32.328,11335.766,134677.028,20230721_061655,479160,0,82640,0
4,KDGX20230721_112510_V06,17.635,0.147,29.508,287.863,30.275,-91.421,32.327,15137.728,135382.082,20230721_062510,479160,1,86931,0
8,KDGX20230721_121740_V06,70.135,0.076,394.061,508.613,12.823,-89.490,31.338,6411.629,114418.920,20230721_071740,479159,19,105489,15
8,KDGX20230721_122308_V06,75.602,0.073,393.958,508.978,20.582,-89.491,31.337,10290.778,114564.166,20230721_072308,479164,2,106538,1
3,KDGX20230721_110032_V06,-6.998,0.179,21.895,244.285,33.055,-91.465,32.523,16527.439,141815.731,20230721_060032,479158,6,68310,0
5,KDGX20230721_120116_V06,53.735,0.054,205.829,107.581,46.001,-90.489,33.147,23000.362,107113.568,20230721_070116,479164,2,108052,1
6,KDGX20230721_120644_V06,59.202,0.054,285.423,521.774,10.620,-90.061,31.280,5309.979,111126.231,20230721_070644,479158,18,108559,8
5,KDGX20230722_103526_V06,-32.731,0.367,109.589,254.916,10.238,-90.997,32.479,5119.241,97837.681,20230722_053526,479156,10414,116072,65
5,KDGX20230722_103932_V06,-28.631,0.294,110.362,255.089,15.730,-90.993,32.478,7864.949,97441.837,20230722_053932,479160,10896,116166,68
5,KDGX20230722_104350_V06,-24.331,0.116,114.472,254.877,19.588,-90.971,32.480,9793.846,95468.146,20230722_054350,479153,11301,111564,74
5,KDGX20230722_104815_V06,-19.914,0.097,119.870,257.322,23.068,-90.942,32.469,11534.087,92558.251,20230722_054815,479159,11805,105918,66
5,KDGX20230722_105233_V06,-15.614,0.248,123.951,257.220,27.672,-90.921,32.469,13835.803,90586.045,20230722_055233,479166,11544,101741,68
5,KDGX20230722_110129_V06,-6.681,0.204,124.519,253.736,27.962,-90.918,32.485,13980.754,90738.471,20230722_060129,479166,12272,103454,73
5,KDGX20230722_110600_V06,-2.164,0.190,126.206,252.399,30.903,-90.909,32.491,15451.534,90097.689,20230722_060600,479150,11915,105221,100
5,KDGX20230722_111032_V06,2.369,0.169,125.605,251.242,33.650,-90.912,32.496,16825.015,90541.300,20230722_061032,479162,11740,106112,127
5,KDGX20230722_111504_V06,6.902,0.179,126.922,248.663,39.766,-90.905,32.508,19882.904,90265.788,20230722_061504,479153,11804,106918,175
5,KDGX20230722_111936_V06,11.436,0.111,128.680,247.019,44.473,-90.896,32.516,22236.640,89662.486,20230722_061936,479156,12044,106140,287
5,KDGX20230722_112401_V06,15.852,0.108,125.244,247.840,44.676,-90.914,32.512,22338.023,91187.081,20230722_062401,479149,11388,105032,274
5,KDGX20230722_112833_V06,20.386,0.080,122.117,250.999,46.018,-90.931,32.497,23009.232,92254.428,20230722_062833,479150,11126,103924,156
8,KDGX20230722_110129_V06,-6.681,0.433,541.077,249.607,23.992,-88.702,32.501,11996.208,123143.825,20230722_060129,479166,12272,103454,73
8,KDGX20230722_110600_V06,-2.164,0.082,540.722,249.007,30.052,-88.704,32.503,15026.033,123031.933,20230722_060600,479150,11915,105221,100
8,KDGX20230722_111032_V06,2.369,0.190,541.517,248.311,31.634,-88.699,32.507,15817.015,123493.080,20230722_061032,479162,11740,106112,127
8,KDGX20230722_111504_V06,6.902,0.086,544.957,245.579,36.051,-88.681,32.519,18025.550,125464.512,20230722_061504,479153,11804,106918,175
10,KDGX20230722_110600_V06,-2.164,0.091,201.237,374.397,16.753,-90.507,31.943,8376.461,61824.670,20230722_060600,479150,11915,105221,100
11,KDGX20230722_110600_V06,-2.164,0.077,31.092,158.797,32.130,-91.422,32.908,16064.848,151863.282,20230722_060600,479150,11915,105221,100
13,KDGX20230722_114257_V06,34.786,0.059,265.665,190.400,8.147,-90.168,32.774,4073.448,57426.030,20230722_064257,479159,9966,98059,184
19,KDGX20230722_121714_V06,69.069,0.057,145.287,186.528,42.879,-90.810,32.789,21439.354,95932.399,20230722_071714,479166,9022,88838,248
1,KDGX20230723_104603_V06,-22.752,0.453,108.974,259.457,16.063,-91.000,32.459,8031.675,97640.668,20230723_054603,479159,4,55772,2
1,KDGX20230723_110311_V06,-5.619,0.422,111.519,260.581,30.120,-90.987,32.454,15059.795,96279.209,20230723_060311,479156,29,63123,20
1,KDGX20230723_110825_V06,-0.386,0.316,112.550,262.350,33.097,-90.981,32.446,16548.580,95597.041,20230723_060825,479162,24,60490,5
1,KDGX20230723_111352_V06,5.064,0.328,112.535,263.972,34.771,-90.981,32.439,17385.597,95447.951,20230723_061352,479162,21,60420,1
1,KDGX20230723_111920_V06,10.531,0.249,114.997,265.179,44.181,-90.968,32.433,22090.278,94125.606,20230723_061920,479159,18,61164,2
1,KDGX20230723_112449_V06,16.014,0.144,113.917,263.820,50.452,-90.974,32.439,25225.924,94783.603,20230723_062449,479163,67,62585,5
1,KDGX20230723_113017_V06,21.481,0.053,110.976,258.640,54.207,-90.990,32.462,27103.608,96747.848,20230723_063017,479163,92,63562,1
1,KDGX20230723_113546_V06,26.964,0.051,107.479,258.764,58.645,-91.008,32.462,29322.692,98443.697,20230723_063546,479157,131,67016,0
2,KDGX20230723_110311_V06,-5.619,0.062,267.769,387.516,7.898,-90.155,31.885,3948.877,46631.055,20230723_060311,479156,29,63123,20
1,KDGX20230724_104425_V06,-25.028,0.658,110.879,252.566,11.021,-90.991,32.490,5510.322,97489.250,20230724_054425,479163,1,60104,1
1,KDGX20230724_110134_V06,-7.878,0.755,113.536,257.473,31.086,-90.976,32.468,15542.862,95626.130,20230724_060134,479162,0,56166,0
1,KDGX20230724_111009_V06,0.705,0.245,116.064,260.931,41.974,-90.963,32.452,20986.920,94019.835,20230724_061009,479164,3,65938,1
1,KDGX20230724_111843_V06,9.272,0.128,113.806,257.665,49.859,-90.975,32.467,24929.476,95473.255,20230724_061843,479159,0,67208,0
1,KDGX20230724_112717_V06,17.839,0.231,109.173,253.995,56.484,-91.000,32.483,28241.788,98147.173,20230724_062717,479163,0,64232,0
1,KDGX20230724_113552_V06,26.422,0.075,107.888,251.267,69.079,-91.007,32.496,34539.510,99098.582,20230724_063552,479160,0,62286,0
2,KDGX20230724_110134_V06,-7.878,0.525,523.746,266.356,26.821,-88.795,32.426,13410.706,113130.695,20230724_060134,479162,0,56166,0
2,KDGX20230724_111009_V06,0.705,0.666,521.572,268.502,35.541,-88.807,32.417,17770.484,111899.558,20230724_061009,479164,3,65938,1
2,KDGX20230724_111843_V06,9.272,0.541,520.551,269.589,44.908,-88.812,32.412,22454.063,111318.683,20230724_061843,479159,0,67208,0
2,KDGX20230724_112717_V06,17.839,0.319,522.463,275.203,51.200,-88.802,32.386,25599.755,111920.533,20230724_062717,479163,0,64232,0
3,KDGX20230724_111843_V06,9.272,0.111,62.689,162.851,22.307,-91.253,32.892,11153.620,137046.040,20230724_061843,479159,0,67208,0
3,KDGX20230724_112717_V06,17.839,0.087,64.677,159.988,30.525,-91.242,32.905,15262.724,136912.377,20230724_062717,479163,0,64232,0
3,KDGX20230724_113552_V06,26.422,-1.000,66.519,157.337,39.169,-91.232,32.917,19584.388,136808.261,20230724_063552,479160,0,62286,0
3,KDGX20230724_114427_V06,35.005,-1.000,68.361,154.686,47.812,-91.223,32.929,23906.051,136723.123,20230724_064427,479161,1,61468,0
3,KDGX20230724_120134_V06,52.122,0.152,26.989,197.194,49.374,-91.441,32.735,24687.184,145863.241,20230724_070134,479161,1,66250,0
4,KDGX20230724_112717_V06,17.839,0.084,382.311,20.705,32.673,-89.541,33.538,16336.578,145585.732,20230724_062717,479163,0,64232,0
4,KDGX20230724_113552_V06,26.422,0.101,380.949,25.241,46.423,-89.549,33.518,23211.731,143217.568,20230724_063552,479160,0,62286,0
2,KDGX20230725_110123_V06,-8.708,0.918,117.496,252.003,34.879,-90.955,32.493,17439.529,94354.884,20230725_060123,479162,2,65385,0
2,KDGX20230725_111317_V06,3.192,0.914,112.864,251.190,41.345,-90.980,32.496,20672.262,96698.343,20230725_061317,479160,0,63032,0
2,KDGX20230725_112512_V06,15.109,0.591,109.774,248.489,45.237,-90.997,32.508,22618.418,98538.265,20230725_062512,479159,2,54065,2
2,KDGX20230725_113706_V06,27.009,0.542,107.136,241.503,56.306,-91.011,32.540,28153.103,100770.205,20230725_063706,479161,0,51129,0
3,KDGX20230725_110123_V06,-8.708,0.211,526.354,261.766,28.246,-88.781,32.447,14122.993,114780.378,20230725_060123,479162,2,65385,0
3,KDGX20230725_111317_V06,3.192,0.714,521.463,264.893,38.746,-88.807,32.433,19372.993,112113.940,20230725_061317,479160,0,63032,0
3,KDGX20230725_112512_V06,15.109,0.167,511.931,263.214,44.568,-88.858,32.441,22283.970,107549.703,20230725_062512,479159,2,54065,2
1,KDGX20230725_102541_V06,-44.408,0.094,269.948,217.479,10.864,-90.145,32.652,5431.767,43911.397,20230725_052541,479161,0,67679,0
4,KDGX20230725_110123_V06,-8.708,0.137,256.208,333.420,13.976,-90.216,32.129,6987.833,27543.947,20230725_060123,479162,2,65385,0
2,KDGX20230726_110742_V06,-3.042,0.935,112.883,247.276,33.351,-90.980,32.514,16675.373,97201.450,20230726_060742,479162,0,66206,0
2,KDGX20230726_111937_V06,8.875,0.865,109.010,242.163,42.653,-91.001,32.537,21326.641,99777.533,20230726_061937,479160,0,64254,0
2,KDGX20230726_113130_V06,20.758,0.792,108.852,240.299,52.561,-91.002,32.545,26280.433,100127.175,20230726_063130,479160,0,58180,0
2,KDGX20230726_114324_V06,32.658,0.555,108.888,237.182,54.696,-91.002,32.559,27347.880,100585.408,20230726_064324,479163,0,58424,0
2,KDGX20230726_120712_V06,56.458,0.050,101.491,227.137,72.862,-91.042,32.604,36430.751,105729.284,20230726_070712,479164,0,62660,0
3,KDGX20230726_110742_V06,-3.042,0.792,517.922,250.833,32.662,-88.825,32.496,16330.853,111699.581,20230726_060742,479162,0,66206,0
3,KDGX20230726_111937_V06,8.875,0.074,516.048,247.702,44.981,-88.835,32.511,22490.427,111143.915,20230726_061937,479160,0,64254,0
1,KDGX20230726_103016_V06,-40.475,0.076,175.450,176.760,29.607,-90.650,32.834,14803.383,87608.309,20230726_053016,479163,0,75398,0
1,KDGX20230727_104308_V06,-28.262,0.349,109.540,250.218,8.504,-90.998,32.500,4252.029,98429.414,20230727_054308,479163,2,59448,0
1,KDGX20230727_110128_V06,-9.928,0.737,114.101,249.972,26.992,-90.974,32.502,13495.899,96256.502,20230727_060128,479162,3,48637,3
1,KDGX20230727_111002_V06,-1.362,0.419,115.447,251.098,33.136,-90.966,32.497,16567.963,95460.845,20230727_061002,479158,1,60238,1
1,KDGX20230727_111516_V06,3.872,0.262,114.215,251.230,35.438,-90.973,32.496,17718.808,96039.892,20230727_061516,479162,0,66574,0
1,KDGX20230727_112044_V06,9.338,0.290,114.044,252.171,43.696,-90.974,32.492,21848.050,96004.268,20230727_062044,479165,5,73795,3
1,KDGX20230727_112613_V06,14.822,0.237,114.211,249.942,52.023,-90.973,32.502,26011.422,96207.427,20230727_062613,479162,4,80395,2
1,KDGX20230727_113140_V06,20.272,0.148,111.711,249.084,59.991,-90.986,32.506,29995.412,97525.812,20230727_063140,479163,7,84742,4
1,KDGX20230727_113708_V06,25.738,-1.000,109.979,248.077,67.932,-90.996,32.510,33965.992,98493.450,20230727_063708,479156,2,87157,0
1,KDGX20230727_114238_V06,31.238,0.061,109.534,228.541,60.045,-90.999,32.598,30022.675,101714.879,20230727_064238,479164,15,90315,12
2,KDGX20230727_110128_V06,-9.928,0.695,525.644,253.348,27.934,-88.784,32.485,13966.858,115208.148,20230727_060128,479162,3,48637,3
2,KDGX20230727_111002_V06,-1.362,0.643,526.073,254.906,36.204,-88.782,32.478,18101.766,115263.481,20230727_061002,479158,1,60238,1
2,KDGX20230727_111516_V06,3.872,0.426,528.462,252.803,40.011,-88.769,32.487,20005.685,116642.891,20230727_061516,479162,0,66574,0
2,KDGX20230727_112044_V06,9.338,0.135,527.445,250.831,42.938,-88.774,32.496,21468.932,116349.628,20230727_062044,479165,5,73795,3
2,KDGX20230727_112613_V06,14.822,0.082,528.320,248.379,46.944,-88.770,32.507,23471.771,117041.159,20230727_062613,479162,4,80395,2
3,KDGX20230727_110128_V06,-9.928,0.421,290.174,410.053,23.485,-90.036,31.784,11742.474,55245.389,20230727_060128,479162,3,48637,3
5,KDGX20230727_111002_V06,-1.362,0.125,24.848,426.674,33.738,-91.436,31.700,16868.801,151455.321,20230727_061002,479158,1,60238,1
6,KDGX20230727_111002_V06,-1.362,0.054,277.274,377.753,17.078,-90.105,31.929,8538.784,40503.143,20230727_061002,479158,1,60238,1
1,KDGX20230728_104519_V06,-26.735,0.599,112.164,248.147,11.192,-90.984,32.510,5595.793,97430.747,20230728_054519,479163,1,58170,0
1,KDGX20230728_110335_V06,-8.468,0.707,112.470,245.786,29.190,-90.982,32.520,14594.957,97604.841,20230728_060335,479161,0,47042,0
1,KDGX20230728_111210_V06,0.115,0.686,110.894,243.393,36.563,-90.991,32.531,18281.529,98698.187,20230728_061210,479159,6,54317,3
1,KDGX20230728_112043_V06,8.665,0.396,111.427,243.352,49.658,-90.988,32.531,24828.846,98448.741,20230728_062043,479158,3,60380,2
1,KDGX20230728_112918_V06,17.249,0.289,108.246,236.534,59.166,-91.005,32.562,29582.847,100992.062,20230728_062918,479162,18,63639,10
1,KDGX20230728_113752_V06,25.815,0.284,103.750,233.702,64.902,-91.029,32.575,32451.182,103572.804,20230728_063752,479160,10,68863,6
1,KDGX20230728_114626_V06,34.382,0.052,102.800,229.820,73.220,-91.035,32.592,36609.834,104657.670,20230728_064626,479159,0,73297,0
2,KDGX20230728_110335_V06,-8.468,0.421,517.345,257.729,28.957,-88.828,32.465,14478.561,110708.793,20230728_060335,479161,0,47042,0
2,KDGX20230728_111210_V06,0.115,0.349,518.231,255.750,36.645,-88.824,32.474,18322.441,111335.818,20230728_061210,479159,6,54317,3
2,KDGX20230728_112043_V06,8.665,0.164,520.806,250.900,41.061,-88.810,32.496,20530.620,113099.844,20230728_062043,479158,3,60380,2
3,KDGX20230728_110335_V06,-8.468,0.083,274.724,381.274,8.579,-90.118,31.913,4289.377,42556.663,20230728_060335,479161,0,47042,0
3,KDGX20230728_111210_V06,0.115,0.054,276.004,380.869,19.489,-90.111,31.915,9744.354,42177.260,20230728_061210,479159,6,54317,3
4,KDGX20230728_113752_V06,25.815,0.149,300.522,302.432,9.387,-89.982,32.269,4693.726,1243.442,20230728_063752,479160,10,68863,6
1,KDGX20230729_104453_V06,-27.827,0.053,114.829,255.392,7.909,-90.969,32.477,3954.420,95234.153,20230729_054453,479161,0,76673,0
1,KDGX20230729_110201_V06,-10.693,0.666,119.370,256.167,27.256,-90.945,32.474,13627.825,92936.260,20230729_060201,479160,0,65444,0
1,KDGX20230729_111148_V06,-0.910,0.383,121.810,258.774,38.266,-90.932,32.462,19132.806,91448.320,20230729_061148,479158,3,69434,0
1,KDGX20230729_112022_V06,7.657,0.295,123.806,256.067,44.984,-90.922,32.475,22492.166,90794.165,20230729_062022,479161,3,72814,0
1,KDGX20230729_112856_V06,16.223,0.313,122.627,246.890,53.698,-90.928,32.516,26848.963,92576.608,20230729_062856,479160,7,72235,1
1,KDGX20230729_113729_V06,24.773,0.256,119.763,239.860,62.360,-90.944,32.548,31180.117,95002.830,20230729_063729,479160,3,72623,0
1,KDGX20230729_114603_V06,33.340,0.132,116.877,223.051,79.286,-90.960,32.623,39643.078,99316.393,20230729_064603,479160,3,72566,1
2,KDGX20230729_110201_V06,-10.693,0.301,525.907,259.925,26.603,-88.783,32.455,13301.537,114716.988,20230729_060201,479160,0,65444,0
2,KDGX20230729_111148_V06,-0.910,0.525,526.860,262.431,37.978,-88.778,32.444,18988.811,114975.098,20230729_061148,479158,3,69434,0
2,KDGX20230729_112022_V06,7.657,0.458,529.382,264.223,42.570,-88.765,32.435,21285.078,116077.692,20230729_062022,479161,3,72814,0
2,KDGX20230729_112856_V06,16.223,0.144,529.437,260.966,48.356,-88.764,32.450,24178.019,116366.959,20230729_062856,479160,7,72235,1
3,KDGX20230729_111148_V06,-0.910,0.072,281.131,388.276,23.400,-90.084,31.882,11699.755,45134.875,20230729_061148,479158,3,69434,0
4,KDGX20230729_121143_V06,59.007,0.062,202.764,101.979,27.605,-90.506,33.172,13802.425,110303.108,20230729_071143,479159,0,72345,0
2,KDGX20230730_110456_V06,-8.437,0.102,116.063,253.400,23.893,-90.963,32.486,11946.724,94874.155,20230730_060456,479163,2,46702,2
2,KDGX20230730_111330_V06,0.129,0.245,116.039,257.622,38.177,-90.963,32.467,19088.590,94389.736,20230730_061330,479161,4,45607,1
2,KDGX20230730_112321_V06,9.979,-1.000,116.013,262.109,54.543,-90.963,32.447,27271.551,93924.128,20230730_062321,479161,1,49020,0
2,KDGX20230730_113155_V06,18.546,0.078,113.633,249.357,51.849,-90.976,32.504,25924.560,96562.574,20230730_063155,479159,3,53190,3
2,KDGX20230730_114030_V06,27.129,-1.000,112.379,244.567,57.268,-90.983,32.526,28634.047,97819.104,20230730_064030,479162,2,58289,2
2,KDGX20230730_114903_V06,35.679,0.076,109.142,242.209,66.962,-91.000,32.536,33481.051,99707.581,20230730_064903,479162,1,60460,1
1,KDGX20230730_110456_V06,-8.437,0.344,531.966,270.276,30.712,-88.751,32.408,15356.083,116931.430,20230730_060456,479163,2,46702,2
1,KDGX20230730_111330_V06,0.129,0.331,531.222,270.942,37.903,-88.755,32.405,18951.360,116520.249,20230730_061330,479161,4,45607,1
1,KDGX20230730_112321_V06,9.979,0.367,536.289,269.545,43.082,-88.728,32.411,21540.835,119121.820,20230730_062321,479161,1,49020,0
3,KDGX20230730_112321_V06,9.979,0.392,114.750,252.104,34.044,-90.970,32.492,17021.843,95670.664,20230730_062321,479161,1,49020,0
4,KDGX20230730_112321_V06,9.979,0.097,224.100,196.907,17.997,-90.389,32.744,8998.703,64009.425,20230730_062321,479161,1,49020,0
5,KDGX20230730_113155_V06,18.546,0.063,393.715,24.960,31.433,-89.480,33.519,15716.496,145283.712,20230730_063155,479159,3,53190,3
1,KDGX20230731_104955_V06,-24.116,0.087,108.115,250.493,7.833,-91.005,32.499,3916.528,99084.171,20230731_054955,479155,754,78493,12
1,KDGX20230731_110016_V06,-13.766,0.393,111.096,256.954,24.002,-90.989,32.470,12001.098,96873.194,20230731_060016,479149,822,63643,9
1,KDGX20230731_110533_V06,-8.483,0.296,111.578,257.121,24.800,-90.987,32.469,12399.860,96619.839,20230731_060533,479160,764,62312,9
1,KDGX20230731_111048_V06,-3.233,0.413,109.836,261.515,28.783,-90.996,32.449,14391.445,97009.341,20230731_061048,479146,891,65179,15
1,KDGX20230731_111614_V06,2.200,0.422,109.970,266.605,33.083,-90.995,32.427,16541.318,96470.869,20230731_061614,479163,802,68564,8
1,KDGX20230731_112130_V06,7.467,0.294,107.511,267.790,34.669,-91.008,32.421,17334.341,97582.789,20230731_062130,479162,750,71050,4
1,KDGX20230731_112756_V06,13.900,0.239,106.872,264.264,41.907,-91.011,32.437,20953.358,98203.305,20230731_062756,479152,813,75540,6
1,KDGX20230731_113322_V06,19.334,0.106,104.520,261.804,46.429,-91.024,32.448,23214.308,99588.184,20230731_063322,479149,975,80420,14
1,KDGX20230731_113838_V06,24.600,0.090,102.499,257.455,48.127,-91.035,32.467,24063.728,101015.743,20230731_063838,479152,947,84771,7
3,KDGX20230731_110016_V06,-13.766,0.082,524.902,266.799,26.011,-88.789,32.424,13005.562,113669.708,20230731_060016,479149,822,63643,9
3,KDGX20230731_110533_V06,-8.483,0.310,524.746,266.502,32.306,-88.790,32.425,16152.935,113614.525,20230731_060533,479160,764,62312,9
3,KDGX20230731_111048_V06,-3.233,0.190,524.860,266.279,33.881,-88.789,32.426,16940.362,113687.332,20230731_061048,479146,891,65179,15
3,KDGX20230731_111614_V06,2.200,0.200,525.986,265.628,34.049,-88.783,32.429,17024.338,114292.723,20230731_061614,479163,802,68564,8
3,KDGX20230731_112130_V06,7.467,0.054,526.222,261.864,36.890,-88.782,32.446,18444.936,114707.163,20230731_062130,479162,750,71050,4
2,KDGX20230731_110016_V06,-13.766,0.336,268.847,377.669,6.653,-90.149,31.930,3326.326,41841.775,20230731_060016,479149,822,63643,9
2,KDGX20230731_110533_V06,-8.483,0.242,268.966,377.188,14.208,-90.149,31.932,7104.035,41596.445,20230731_060533,479160,764,62312,9
2,KDGX20230731_111048_V06,-3.233,0.285,269.160,377.682,20.699,-90.148,31.930,10349.351,41789.965,20230731_061048,479146,891,65179,15
4,KDGX20230731_110016_V06,-13.766,0.074,183.510,207.102,13.186,-90.606,32.697,6592.791,74498.142,20230731_060016,479149,822,63643,9
5,KDGX20230731_122731_V06,73.484,0.051,64.737,181.938,73.996,-91.240,32.806,36997.940,131612.261,20230731_072731,479161,381,93511,6
6,KDGX20230731_123311_V06,79.150,0.060,128.469,49.571,31.110,-90.906,33.406,15555.032,151771.054,20230731_073311,479156,331,94502,25
1,KDGX20230801_110134_V06,-13.130,0.721,107.724,251.679,27.059,-91.007,32.494,13529.383,99127.627,20230801_060134,479157,0,56198,0
1,KDGX20230801_111145_V06,-2.947,0.405,108.519,252.506,37.659,-91.003,32.490,18829.476,98641.836,20230801_061145,479160,3,64462,2
1,KDGX20230801_112157_V06,7.253,0.195,111.249,252.592,44.232,-90.989,32.490,22115.911,97306.956,20230801_062157,479160,1,75436,1
1,KDGX20230801_113207_V06,17.420,0.349,105.728,248.422,50.152,-91.018,32.508,25075.923,100501.209,20230801_063207,479162,2,78765,2
1,KDGX20230801_114332_V06,28.836,0.150,100.713,247.991,58.361,-91.045,32.510,29180.624,102981.042,20230801_064332,479161,4,83700,4
2,KDGX20230801_111145_V06,-2.947,0.395,523.613,267.386,30.204,-88.796,32.421,15102.051,112989.408,20230801_061145,479160,3,64462,2
3,KDGX20230801_111145_V06,-2.947,0.354,268.060,375.680,14.774,-90.153,31.939,7387.136,41071.839,20230801_061145,479160,3,64462,2
4,KDGX20230801_114332_V06,28.836,0.060,436.762,26.111,30.590,-89.248,33.513,15295.074,153067.992,20230801_064332,479161,4,83700,4
1,KDGX20230802_110434_V06,-10.795,0.262,117.688,240.034,30.213,-90.955,32.547,15106.386,95960.277,20230802_060434,479160,0,36695,0
1,KDGX20230802_111628_V06,1.105,0.861,115.980,239.762,34.642,-90.964,32.548,17320.765,96814.070,20230802_061628,479156,2,33771,2
1,KDGX20230802_112821_V06,12.988,0.719,119.270,238.149,44.944,-90.947,32.555,22472.206,95510.376,20230802_062821,479160,0,34495,0
1,KDGX20230802_114015_V06,24.888,0.271,110.869,233.505,50.787,-90.992,32.576,25393.584,100239.704,20230802_064015,479162,0,38992,0
2,KDGX20230802_112821_V06,12.988,0.059,443.072,283.927,18.979,-89.224,32.350,9489.445,71986.098,20230802_062821,479160,0,34495,0
1,KDGX20230803_104937_V06,-26.412,0.092,118.255,250.242,8.832,-90.951,32.501,4416.221,94216.502,20230803_054937,479159,4,66368,2
1,KDGX20230803_110645_V06,-9.278,0.849,128.242,241.204,27.028,-90.899,32.542,13514.208,90771.513,20230803_060645,479163,0,65987,0
1,KDGX20230803_111519_V06,-0.712,0.661,129.690,240.598,31.928,-90.891,32.545,15963.968,90186.073,20230803_061519,479160,13,66229,3
1,KDGX20230803_112352_V06,7.838,0.428,131.709,241.512,42.993,-90.880,32.541,21496.643,89082.487,20230803_062352,479162,8,86610,4
1,KDGX20230803_112906_V06,13.072,0.270,128.686,235.610,47.367,-90.897,32.567,23683.325,91507.380,20230803_062906,479160,9,86847,3
1,KDGX20230803_113434_V06,18.538,0.299,125.600,230.588,48.491,-90.913,32.590,24245.289,93852.674,20230803_063434,479159,1,86518,0
1,KDGX20230803_114002_V06,24.005,0.073,125.319,229.692,51.434,-90.915,32.594,25717.196,94149.726,20230803_064002,479161,5,88940,2
1,KDGX20230804_104637_V06,-30.079,0.162,120.913,250.553,6.755,-90.937,32.499,3377.275,92894.223,20230804_054637,479161,0,55368,0
1,KDGX20230804_110344_V06,-12.962,0.825,135.620,243.720,22.445,-90.859,32.531,11222.354,86873.810,20230804_060344,479165,0,56248,0
1,KDGX20230804_111204_V06,-4.629,0.652,137.636,240.108,28.216,-90.849,32.547,14108.207,86528.834,20230804_061204,479158,0,69469,0
1,KDGX20230804_112038_V06,3.938,0.389,139.495,239.707,32.628,-90.839,32.549,16314.038,85727.821,20230804_062038,479159,1,76095,1
1,KDGX20230804_112904_V06,12.371,0.602,139.191,235.030,36.888,-90.841,32.570,18444.169,86718.631,20230804_062904,479161,0,75248,0
1,KDGX20230804_113729_V06,20.788,0.308,141.681,231.586,48.728,-90.828,32.586,24364.047,86234.359,20230804_063729,479164,0,72414,0
1,KDGX20230804_114555_V06,29.221,0.150,139.376,228.908,56.084,-90.840,32.598,28041.903,87826.896,20230804_064555,479159,0,72412,0
4,KDGX20230804_113729_V06,20.788,0.061,235.109,98.965,20.781,-90.332,33.186,10390.675,105624.398,20230804_063729,479164,0,72414,0
4,KDGX20230804_114555_V06,29.221,-1.000,235.109,98.965,34.190,-90.332,33.186,17095.175,105624.398,20230804_064555,479159,0,72412,0
4,KDGX20230804_120247_V06,46.088,0.099,216.516,98.633,67.535,-90.432,33.187,33767.512,108993.650,20230804_070247,479161,3,78082,0
2,KDGX20230804_111204_V06,-4.629,0.279,274.505,379.744,20.273,-90.119,31.920,10136.620,41860.183,20230804_061204,479158,0,69469,0
3,KDGX20230804_113729_V06,20.788,0.066,410.147,20.147,26.013,-89.392,33.540,13006.676,150374.808,20230804_063729,479164,0,72414,0
1,KDGX20230805_105152_V06,-25.496,0.075,123.366,252.565,11.755,-90.924,32.490,5877.507,91446.249,20230805_055152,479159,21,86157,19
1,KDGX20230805_110441_V06,-12.680,0.649,132.158,249.142,25.141,-90.878,32.506,12570.407,87688.902,20230805_060441,479153,136,92361,128
1,KDGX20230805_111104_V06,-6.296,0.590,134.892,245.790,29.804,-90.863,32.521,14901.916,86889.923,20230805_061104,479162,35,94444,32
1,KDGX20230805_111729_V06,0.120,0.339,138.238,244.650,34.620,-90.845,32.527,17310.086,85484.564,20230805_061729,479158,17,79486,11
1,KDGX20230805_112730_V06,10.137,0.227,137.741,240.929,45.288,-90.848,32.543,22644.093,86338.272,20230805_062730,479162,5,81006,5
1,KDGX20230805_113741_V06,20.320,0.088,135.496,230.245,52.724,-90.861,32.591,26362.159,89341.242,20230805_063741,479161,5,78703,5
2,KDGX20230805_111104_V06,-6.296,0.130,279.464,374.049,17.634,-90.093,31.946,8817.179,38421.675,20230805_061104,479162,35,94444,32
3,KDGX20230805_111729_V06,0.120,0.175,489.199,436.281,7.000,-88.987,31.662,3500.000,116585.271,20230805_061729,479158,17,79486,11
4,KDGX20230805_111729_V06,0.120,0.051,382.423,494.108,31.051,-89.551,31.404,15525.700,105441.230,20230805_061729,479158,17,79486,11
5,KDGX20230805_113741_V06,20.320,0.080,165.562,39.406,3.260,-90.707,33.453,1630.226,146613.945,20230805_063741,479161,5,78703,5
1,KDGX20230806_103908_V06,-38.898,0.075,121.102,253.343,6.608,-90.936,32.487,3303.998,92441.054,20230806_053908,479160,0,63498,0
1,KDGX20230806_104919_V06,-28.714,0.157,124.166,252.184,16.932,-90.920,32.492,8465.987,91109.779,20230806_054919,479158,7,70751,7
1,KDGX20230806_110940_V06,-8.364,0.580,133.618,243.686,27.196,-90.870,32.531,13597.792,87826.879,20230806_060940,479161,2,81436,2
1,KDGX20230806_111950_V06,1.802,0.542,134.986,238.869,31.720,-90.863,32.553,15860.069,87986.568,20230806_061950,479153,2,98066,2
1,KDGX20230806_112557_V06,7.919,0.387,136.155,239.927,34.829,-90.857,32.548,17414.504,87255.175,20230806_062557,479159,1,97958,1
1,KDGX20230806_113221_V06,14.319,0.384,136.115,234.290,46.078,-90.857,32.573,23039.114,88283.596,20230806_063221,479158,1,95738,1
1,KDGX20230806_113844_V06,20.702,0.086,134.707,234.054,50.703,-90.865,32.574,25351.308,88981.287,20230806_063844,479157,1,94964,1
1,KDGX20230807_110123_V06,-17.316,0.186,130.617,242.214,22.564,-90.886,32.537,11282.012,89484.553,20230807_060123,479159,22,75910,4
1,KDGX20230807_110956_V06,-8.766,0.190,131.700,241.634,32.413,-90.880,32.540,16206.274,89066.868,20230807_060956,479157,0,104776,0
1,KDGX20230807_111510_V06,-3.533,-1.000,132.312,241.305,38.615,-90.877,32.541,19307.303,88831.613,20230807_061510,479160,8,111656,6
1,KDGX20230807_112038_V06,1.934,-1.000,132.952,240.963,45.093,-90.874,32.543,22546.594,88586.656,20230807_062038,479164,0,115272,0
1,KDGX20230807_112606_V06,7.400,-1.000,133.592,240.620,51.572,-90.870,32.545,25785.885,88342.510,20230807_062606,479161,0,114507,0
1,KDGX20230807_113135_V06,12.884,0.128,125.760,231.056,48.399,-90.912,32.587,24199.264,93692.187,20230807_063135,479162,0,114046,0
1,KDGX20230807_113703_V06,18.350,0.072,123.890,229.264,51.480,-90.922,32.595,25740.088,94892.230,20230807_063703,479158,1,113532,0
2,KDGX20230807_110123_V06,-17.316,0.109,278.093,390.615,16.074,-90.100,31.871,8037.033,46612.746,20230807_060123,479159,22,75910,4
3,KDGX20230807_110956_V06,-8.766,0.054,417.717,518.185,6.241,-89.366,31.295,3120.633,123957.643,20230807_060956,479157,0,104776,0
4,KDGX20230807_113703_V06,18.350,0.076,314.998,81.952,14.202,-89.904,33.263,7100.941,109281.566,20230807_063703,479158,1,113532,0
8,KDGX20230808_113025_V06,11.049,0.171,115.872,236.067,35.996,-90.965,32.564,17998.013,97455.563,20230808_063025,479157,7204,140851,1242
8,KDGX20230808_113531_V06,16.149,0.080,116.037,234.304,43.962,-90.964,32.572,21980.864,97671.083,20230808_063531,479164,7295,139788,1301
8,KDGX20230808_114016_V06,20.899,0.206,119.770,231.629,47.126,-90.944,32.585,23563.148,96381.526,20230808_064016,479166,7946,140454,1432
8,KDGX20230808_114511_V06,25.815,0.374,120.741,228.757,48.566,-90.939,32.598,24282.971,96448.662,20230808_064511,479162,8304,142416,1125
8,KDGX20230808_115006_V06,30.732,0.406,122.718,223.949,54.075,-90.929,32.619,27037.676,96452.862,20230808_065006,479157,8176,145447,1070
8,KDGX20230808_120035_V06,41.215,0.357,117.658,225.509,58.875,-90.956,32.612,29437.356,98485.279,20230808_070035,479161,9010,152767,255
3,KDGX20230808_110130_V06,-17.868,0.149,150.253,57.392,61.542,-90.789,33.371,30770.914,142550.482,20230808_060130,479167,3423,106988,458
3,KDGX20230808_110610_V06,-13.201,0.166,151.376,57.878,68.008,-90.783,33.369,34004.022,142049.175,20230808_060610,479150,4003,120424,435
6,KDGX20230808_112053_V06,1.515,0.074,186.546,56.802,63.515,-90.594,33.375,31757.639,134179.988,20230808_062053,479160,6305,145505,934
6,KDGX20230808_112531_V06,6.149,0.058,189.897,56.931,68.831,-90.576,33.374,34415.575,133421.428,20230808_062531,479155,6853,143430,1247
6,KDGX20230808_113025_V06,11.049,0.260,208.631,56.128,57.107,-90.475,33.379,28553.736,130212.975,20230808_063025,479157,7204,140851,1242
6,KDGX20230808_113531_V06,16.149,0.210,212.811,56.748,61.884,-90.453,33.376,30942.249,129202.739,20230808_063531,479164,7295,139788,1301
2,KDGX20230808_102511_V06,-54.185,0.053,165.769,202.555,8.476,-90.700,32.717,4238.222,82935.941,20230808_052511,479161,268,78900,13
5,KDGX20230808_111558_V06,-3.401,0.060,445.487,420.210,29.943,-89.217,31.736,14971.540,94362.260,20230808_061558,479162,5741,147550,803
2,KDGX20230809_110424_V06,-15.636,0.384,120.690,244.029,15.930,-90.939,32.529,7965.173,93921.142,20230809_060424,479159,142,57490,0
2,KDGX20230809_111013_V06,-9.820,0.442,122.116,243.421,24.733,-90.931,32.532,12366.570,93332.807,20230809_061013,479162,142,69957,0
2,KDGX20230809_111601_V06,-4.020,0.479,127.675,238.402,30.706,-90.902,32.554,15352.861,91501.877,20230809_061601,479155,129,81109,1
2,KDGX20230809_112150_V06,1.797,0.165,131.538,236.866,37.694,-90.881,32.561,18846.873,89951.905,20230809_062150,479159,40,89938,0
2,KDGX20230809_112718_V06,7.264,-1.000,135.380,234.798,44.153,-90.861,32.571,22076.426,88531.302,20230809_062718,479160,18,93269,0
2,KDGX20230809_113246_V06,12.730,0.302,135.989,233.989,40.562,-90.858,32.575,20280.821,88398.520,20230809_063246,479158,32,90573,0
2,KDGX20230809_113814_V06,18.197,0.164,138.509,233.265,44.965,-90.844,32.578,22482.685,87368.295,20230809_063814,479163,27,90877,0
2,KDGX20230809_114343_V06,23.680,0.174,139.730,229.928,51.170,-90.838,32.593,25584.908,87459.502,20230809_064343,479159,19,92031,1
2,KDGX20230809_114932_V06,29.497,0.149,137.885,225.426,54.634,-90.848,32.613,27317.218,89222.457,20230809_064932,479158,13,96156,0
2,KDGX20230809_120112_V06,41.164,0.168,136.540,218.496,54.217,-90.856,32.644,27108.447,91326.391,20230809_070112,479161,14,98288,0
3,KDGX20230809_112718_V06,7.264,0.137,130.803,242.213,32.599,-90.885,32.537,16299.332,89396.386,20230809_062718,479160,18,93269,0
1,KDGX20230810_105500_V06,-25.704,0.412,120.754,244.020,8.896,-90.938,32.529,4448.129,93892.134,20230810_055500,479156,1231,65241,14
1,KDGX20230810_110303_V06,-17.654,0.437,126.990,242.388,18.827,-90.905,32.536,9413.667,91175.121,20230810_060303,479160,1469,65566,10
1,KDGX20230810_110719_V06,-13.388,0.206,138.523,240.328,19.780,-90.844,32.546,9889.769,86075.121,20230810_060719,479155,1775,73546,8
1,KDGX20230810_111135_V06,-9.121,0.148,144.780,238.392,21.824,-90.811,32.555,10912.011,83499.439,20230810_061135,479150,2045,85797,10
2,KDGX20230810_110719_V06,-13.388,0.457,266.037,377.064,3.172,-90.164,31.932,1585.886,42108.055,20230810_060719,479155,1775,73546,8
2,KDGX20230810_111135_V06,-9.121,0.482,267.234,376.209,9.303,-90.158,31.936,4651.720,41477.365,20230810_061135,479150,2045,85797,10
6,KDGX20230810_113707_V06,16.412,0.065,363.905,132.753,9.269,-89.642,33.034,4634.476,89520.271,20230810_063707,479151,2663,176524,11
6,KDGX20230810_114135_V06,20.879,0.422,365.510,136.411,14.006,-89.634,33.017,7003.137,88109.288,20230810_064135,479155,2820,176035,10
9,KDGX20230810_115509_V06,34.446,0.112,379.949,154.723,14.890,-89.557,32.934,7444.767,82911.347,20230810_065509,479163,3075,178844,12
4,KDGX20230811_111458_V06,-6.405,0.111,138.844,250.269,29.583,-90.842,32.501,14791.668,84327.184,20230811_061458,479162,9,81328,0
4,KDGX20230811_112332_V06,2.162,0.176,141.580,250.163,41.485,-90.827,32.502,20742.327,83037.007,20230811_062332,479166,58,86167,0
5,KDGX20230811_112332_V06,2.162,0.156,422.636,9.317,13.741,-89.324,33.589,6870.594,157746.913,20230811_062332,479166,58,86167,0
5,KDGX20230811_113207_V06,10.745,0.305,429.553,16.766,22.051,-89.287,33.555,11025.529,155728.502,20230811_063207,479164,48,78992,4
1,KDGX20230811_105009_V06,-31.222,0.099,120.400,254.083,6.958,-90.940,32.483,3479.173,92688.239,20230811_055009,479160,0,60689,0
2,KDGX20230811_110644_V06,-14.638,0.541,264.445,377.315,5.975,-90.172,31.931,2987.486,42549.298,20230811_060644,479164,0,61837,0
8,KDGX20230811_121830_V06,57.128,0.114,209.481,133.411,77.834,-90.469,33.030,38916.824,94796.590,20230811_071830,479150,1,140909,1
1,KDGX20230812_102236_V06,-59.438,0.058,116.424,252.252,5.237,-90.961,32.492,2618.534,94841.821,20230812_052236,479168,6,100759,6
2,KDGX20230812_110059_V06,-21.055,0.069,132.730,251.540,21.001,-90.874,32.495,10500.471,87074.051,20230812_060059,479154,8,80456,8
3,KDGX20230812_112218_V06,0.262,0.108,24.394,123.088,26.696,-91.460,33.069,13348.190,163750.391,20230812_062218,479158,7,128367,7
4,KDGX20230812_122202_V06,59.995,0.052,95.468,138.464,23.581,-91.079,33.004,11790.689,130314.120,20230812_072202,479164,3,139180,3
1,KDGX20230813_104700_V06,-35.703,0.240,122.344,263.494,7.747,-90.929,32.441,3873.343,90684.208,20230813_054700,479164,0,79992,0
1,KDGX20230813_110407_V06,-18.587,0.360,125.273,267.059,20.168,-90.913,32.425,10083.994,88902.545,20230813_060407,479157,4,83029,0
1,KDGX20230813_111241_V06,-10.020,0.053,129.092,256.335,26.938,-90.893,32.474,13469.177,88198.857,20230813_061241,479159,0,94639,0
1,KDGX20230813_112115_V06,-1.453,0.111,133.031,257.948,41.548,-90.872,32.466,20773.799,86091.360,20230813_062115,479161,1,92129,0
1,KDGX20230813_112948_V06,7.097,0.050,129.987,243.613,40.394,-90.889,32.531,20196.889,89559.945,20230813_062948,479163,0,89896,0
2,KDGX20230813_122947_V06,67.080,0.238,104.257,146.440,24.293,-91.031,32.968,12146.339,124394.718,20230813_072947,479161,0,97266,0
3,KDGX20230813_122947_V06,67.080,0.097,390.116,290.646,12.965,-89.506,32.321,6482.353,45299.875,20230813_072947,479161,0,97266,0
1,KDGX20230814_110746_V06,-15.601,0.064,69.535,150.397,13.355,-91.217,32.949,6677.277,137381.639,20230814_060746,479160,53,80801,49
2,KDGX20230814_120535_V06,42.216,0.067,231.915,93.983,64.986,-90.350,33.208,32493.187,108488.152,20230814_070535,479157,2,78032,0
3,KDGX20230814_121159_V06,48.616,0.055,339.127,82.421,5.043,-89.774,33.261,2521.618,110534.362,20230814_071159,479161,4,76586,1
13,KDGX20230815_111137_V06,-12.413,0.068,189.386,138.649,8.697,-90.576,33.006,4348.368,97813.032,20230815_061137,479151,320,74539,5
13,KDGX20230815_111559_V06,-8.047,0.056,189.494,140.117,14.742,-90.576,32.999,7370.794,97177.756,20230815_061559,479164,314,66200,3
29,KDGX20230815_124645_V06,82.720,0.199,225.256,146.527,36.184,-90.384,32.971,18091.875,85353.174,20230815_074645,479153,9,53545,3
29,KDGX20230815_125156_V06,87.903,0.329,228.528,146.153,41.390,-90.367,32.973,20694.909,84819.307,20230815_075156,479169,18,53924,2
3,KDGX20230815_102537_V06,-58.413,0.090,128.949,142.155,9.499,-90.899,32.988,4749.515,116375.763,20230815_052537,479155,729,47301,5
9,KDGX20230815_104422_V06,-39.663,0.096,161.269,41.840,16.618,-90.730,33.442,8308.830,146537.146,20230815_054422,479156,599,50429,4
17,KDGX20230815_112905_V06,5.053,0.063,104.645,267.868,21.501,-91.023,32.421,10750.705,98989.890,20230815_062905,479157,648,57213,10
21,KDGX20230815_115056_V06,26.903,0.110,210.410,79.768,18.101,-90.465,33.272,9050.594,118878.851,20230815_065056,479161,479,61809,3
21,KDGX20230815_115535_V06,31.553,0.441,226.563,79.061,9.781,-90.379,33.275,4890.438,116411.963,20230815_065535,479159,344,60837,5
2,KDGX20230816_111330_V06,-11.191,0.413,105.572,256.423,14.023,-91.019,32.472,7011.371,99625.570,20230816_061330,479160,0,33683,0
2,KDGX20230816_112332_V06,-1.158,0.280,105.101,258.475,24.525,-91.021,32.463,12262.730,99636.563,20230816_062332,479158,2,43994,2
2,KDGX20230816_113335_V06,8.892,0.134,106.445,261.969,27.920,-91.014,32.447,13960.051,98628.119,20230816_063335,479160,0,51902,0
2,KDGX20230816_114347_V06,19.092,0.051,105.969,264.373,35.433,-91.016,32.436,17716.383,98637.177,20230816_064347,479157,1,55155,0
1,KDGX20230816_110317_V06,-21.408,0.096,88.176,277.345,24.262,-91.110,32.377,12131.113,106515.993,20230816_060317,479157,0,53851,0
1,KDGX20230817_110038_V06,-24.717,0.074,109.541,262.116,6.654,-90.997,32.447,3327.219,97095.280,20230817_060038,479162,0,67684,0
1,KDGX20230817_110912_V06,-16.150,0.257,105.954,267.007,18.766,-91.016,32.425,9382.810,98415.526,20230817_060912,479164,0,59895,0
1,KDGX20230817_111747_V06,-7.567,0.181,100.808,279.057,24.340,-91.043,32.370,12169.907,100144.970,20230817_061747,479160,3,48976,3
1,KDGX20230817_112622_V06,1.016,0.370,119.355,251.008,28.445,-90.946,32.497,14222.458,93585.403,20230817_062622,479159,2,59793,1
1,KDGX20230817_113456_V06,9.583,0.112,126.463,245.132,36.987,-90.908,32.524,18493.646,91001.987,20230817_063456,479159,1,67753,1
1,KDGX20230817_114331_V06,18.166,0.366,130.639,244.256,40.633,-90.886,32.528,20316.527,89149.328,20230817_064331,479162,1,67504,1
3,KDGX20230817_110912_V06,-16.150,0.058,111.491,245.323,11.756,-90.988,32.523,5877.977,98139.227,20230817_060912,479164,0,59895,0
3,KDGX20230817_111747_V06,-7.567,0.318,115.910,247.173,24.498,-90.964,32.514,12249.177,95759.992,20230817_061747,479160,3,48976,3
4,KDGX20230817_111747_V06,-7.567,0.090,454.219,194.330,5.940,-89.162,32.754,2970.245,93473.940,20230817_061747,479160,3,48976,3
4,KDGX20230817_112622_V06,1.016,0.382,456.353,195.037,13.762,-89.150,32.750,6880.935,94158.779,20230817_062622,479159,2,59793,1
1,KDGX20230818_110045_V06,-25.257,0.490,113.132,255.610,16.029,-90.978,32.476,8014.399,96034.211,20230818_060045,479164,0,45393,0
1,KDGX20230818_111240_V06,-13.341,0.712,114.735,253.092,23.353,-90.970,32.488,11676.445,95555.749,20230818_061240,479160,8,46627,4
1,KDGX20230818_112449_V06,-1.191,0.290,116.659,250.728,27.163,-90.960,32.498,13581.527,94923.067,20230818_062449,479160,1,82184,1
1,KDGX20230818_112925_V06,3.409,0.384,119.640,247.390,28.906,-90.944,32.514,14452.863,93938.277,20230818_062925,479161,3,67886,3
1,KDGX20230818_113754_V06,11.893,0.297,123.396,244.732,32.946,-90.924,32.526,16472.960,92525.199,20230818_063754,479160,8,72099,4
1,KDGX20230818_114628_V06,20.459,0.176,125.192,244.675,40.400,-90.915,32.526,20199.785,91676.905,20230818_064628,479159,3,73503,3
4,KDGX20230818_110045_V06,-25.257,0.056,103.020,124.016,5.352,-91.039,33.069,2676.080,132071.159,20230818_060045,479164,0,45393,0
1,KDGX20230819_112558_V06,-0.696,0.080,124.233,255.269,31.796,-90.919,32.478,15897.880,90684.630,20230819_062558,479162,0,52255,0
1,KDGX20230819_113432_V06,7.871,0.126,123.612,252.537,39.989,-90.923,32.491,19994.707,91331.106,20230819_063432,479163,1,59685,0
1,KDGX20230819_114305_V06,16.421,0.122,122.311,247.246,42.219,-90.930,32.514,21109.633,92677.368,20230819_064305,479157,0,69646,0
2,KDGX20230820_111907_V06,-8.199,0.085,99.931,278.563,18.520,-91.047,32.372,9259.833,100607.206,20230820_061907,479160,1,63000,1
2,KDGX20230820_112741_V06,0.368,-1.000,99.931,278.563,32.141,-91.047,32.372,16070.333,100607.206,20230820_062741,479160,0,74557,0
2,KDGX20230820_113615_V06,8.935,0.189,104.458,250.294,32.548,-91.025,32.500,16273.812,100880.305,20230820_063615,479156,0,87118,0
2,KDGX20230820_114448_V06,17.485,0.182,100.138,244.289,37.927,-91.048,32.527,18963.429,103740.822,20230820_064448,479158,0,88293,0
2,KDGX20230820_120156_V06,34.618,0.116,95.056,245.800,45.716,-91.075,32.520,22857.930,105995.002,20230820_070156,479161,1,84695,0
2,KDGX20230821_112202_V06,-5.933,0.154,116.324,248.853,21.847,-90.962,32.507,10923.676,95331.965,20230821_062202,479163,0,53328,0
2,KDGX20230821_113037_V06,2.651,0.121,114.845,250.905,34.780,-90.970,32.498,17390.055,95776.740,20230821_063037,479164,0,54387,0
2,KDGX20230821_113911_V06,11.217,0.087,113.452,249.310,39.748,-90.977,32.505,19874.126,96656.011,20230821_063911,479159,0,62237,0
2,KDGX20230821_114746_V06,19.801,0.141,109.955,249.054,43.241,-90.996,32.506,21620.669,98377.693,20230821_064746,479160,3,69981,0
3,KDGX20230821_112202_V06,-5.933,0.063,28.896,435.017,34.393,-91.414,31.663,17196.733,151432.447,20230821_062202,479163,0,53328,0
3,KDGX20230821_113037_V06,2.651,-1.000,28.896,435.017,48.041,-91.414,31.663,24020.483,151432.447,20230821_063037,479164,0,54387,0
3,KDGX20230821_113911_V06,11.217,0.125,26.096,433.304,37.642,-91.429,31.671,18820.801,152309.949,20230821_063911,479159,0,62237,0
1,KDGX20230822_112006_V06,-8.514,0.060,107.761,251.078,12.589,-91.007,32.496,6294.378,99183.027,20230822_062006,479158,11,55406,1
2,KDGX20230822_113830_V06,9.886,0.147,83.767,158.687,19.287,-91.140,32.912,9643.575,129156.933,20230822_063830,479160,3,47062,1
5,KDGX20230823_112351_V06,-5.410,0.095,289.478,102.120,15.721,-90.041,33.172,7860.603,99079.723,20230823_062351,479162,0,45371,0
5,KDGX20230823_113224_V06,3.140,0.752,293.744,103.121,25.739,-90.018,33.168,12869.336,98489.333,20230823_063224,479159,0,45783,0
5,KDGX20230823_114058_V06,11.707,0.055,294.576,101.233,32.174,-90.014,33.176,16086.778,99420.359,20230823_064058,479161,2,50954,0
1,KDGX20230823_111516_V06,-13.993,0.342,57.608,233.261,66.702,-91.275,32.574,33351.219,125706.221,20230823_061516,479157,0,55396,0
1,KDGX20230823_112351_V06,-5.410,0.148,58.807,244.374,73.067,-91.268,32.524,36533.392,123761.964,20230823_062351,479162,0,45371,0
3,KDGX20230823_112351_V06,-5.410,0.258,48.179,172.005,11.305,-91.329,32.850,5652.583,141241.366,20230823_062351,479162,0,45371,0
3,KDGX20230823_113224_V06,3.140,-1.000,48.179,172.005,24.900,-91.329,32.850,12449.833,141241.366,20230823_063224,479159,0,45783,0
3,KDGX20230823_114058_V06,11.707,0.127,64.532,183.288,26.198,-91.241,32.800,13098.815,131402.591,20230823_064058,479161,2,50954,0
6,KDGX20230823_123221_V06,63.090,0.152,42.307,204.224,57.649,-91.359,32.704,28824.509,137458.170,20230823_073221,479162,5,64547,0
6,KDGX20230823_124055_V06,71.657,0.158,43.547,207.285,66.142,-91.352,32.691,33070.794,136349.030,20230823_074055,479161,0,64911,0
2,KDGX20230823_111516_V06,-13.993,0.057,171.487,228.887,10.397,-90.669,32.599,5198.685,73438.412,20230823_061516,479157,0,55396,0
1,KDGX20230824_111547_V06,-14.120,0.068,112.610,277.664,14.555,-90.980,32.377,7277.698,94358.111,20230824_061547,479160,0,60785,0
1,KDGX20230824_112421_V06,-5.554,0.143,104.748,273.479,27.067,-91.022,32.395,13533.294,98522.340,20230824_062421,479159,3,48662,3
1,KDGX20230824_113255_V06,3.013,0.063,96.739,262.317,42.379,-91.065,32.445,21189.515,103362.296,20230824_063255,479159,0,53720,0
2,KDGX20230824_111547_V06,-14.120,0.057,417.700,519.435,26.321,-89.366,31.289,13160.488,124503.906,20230824_061547,479160,0,60785,0
1,KDGX20230825_111240_V06,-17.878,0.294,110.489,272.676,15.561,-90.992,32.399,7780.504,95735.185,20230825_061240,479160,0,51741,0
1,KDGX20230825_112114_V06,-9.311,0.421,110.464,268.331,30.106,-90.992,32.419,15053.204,96081.886,20230825_062114,479160,0,43902,0
1,KDGX20230825_112948_V06,-0.745,0.613,121.393,256.411,33.014,-90.934,32.473,16507.138,91924.600,20230825_062948,479161,1,45944,0
1,KDGX20230825_113822_V06,7.822,0.511,130.556,250.189,32.309,-90.886,32.501,16154.508,88306.875,20230825_063822,479159,0,47512,0
1,KDGX20230825_114656_V06,16.389,0.333,136.234,243.608,38.098,-90.856,32.531,19049.015,86601.499,20230825_064656,479163,0,49804,0
1,KDGX20230825_120405_V06,33.539,0.186,142.486,233.432,48.614,-90.823,32.577,24307.011,85501.588,20230825_070405,479160,0,53491,0
1,KDGX20230825_121239_V06,42.105,0.088,141.666,227.010,51.763,-90.828,32.606,25881.716,87173.733,20230825_071239,479159,0,55648,0
2,KDGX20230826_112605_V06,-5.100,0.423,117.040,252.600,14.340,-90.958,32.490,7169.904,94499.969,20230826_062605,479159,9,47235,6
2,KDGX20230826_113617_V06,5.100,0.549,121.543,253.863,24.834,-90.934,32.484,12416.798,92162.364,20230826_063617,479161,4,51260,2
2,KDGX20230826_114628_V06,15.284,0.428,129.535,260.628,34.397,-90.891,32.454,17198.493,87476.340,20230826_064628,479160,6,54732,2
2,KDGX20230826_120652_V06,35.684,0.087,133.027,260.482,44.250,-90.872,32.455,22125.023,85792.916,20230826_070652,479163,6,62176,1
1,KDGX20230826_110541_V06,-25.500,0.090,224.030,109.422,8.693,-90.392,33.139,4346.731,102580.879,20230826_060541,479163,0,59055,0
3,KDGX20230826_123727_V06,66.267,0.070,30.887,178.520,48.483,-91.421,32.820,24241.714,147630.590,20230826_073727,479159,0,65512,0
7,KDGX20230827_121323_V06,41.564,0.080,224.981,129.660,11.113,-90.386,33.047,5556.292,93063.690,20230827_071323,479165,33,97933,5
8,KDGX20230828_120802_V06,35.580,0.173,53.256,241.497,12.424,-91.298,32.537,6211.768,126792.204,20230828_070802,479158,1050,84602,7
8,KDGX20230828_121300_V06,40.547,0.051,54.131,240.005,21.764,-91.293,32.544,10881.983,126541.667,20230828_071300,479147,984,86158,10
8,KDGX20230828_121758_V06,45.514,0.066,56.603,230.998,32.886,-91.281,32.584,16442.790,126494.311,20230828_071758,479160,804,87479,4
8,KDGX20230828_122256_V06,50.480,0.294,57.212,231.226,42.573,-91.277,32.583,21286.458,126170.101,20230828_072256,479162,641,87976,5
8,KDGX20230828_122743_V06,55.264,0.055,53.012,237.861,44.747,-91.299,32.553,22373.296,127342.295,20230828_072743,479162,494,88902,4
9,KDGX20230828_120802_V06,35.580,0.142,116.658,102.846,8.803,-90.967,33.165,4401.343,134614.224,20230828_070802,479158,1050,84602,7
9,KDGX20230828_121300_V06,40.547,-1.000,116.658,102.846,16.700,-90.967,33.165,8349.843,134614.224,20230828_071300,479147,984,86158,10
9,KDGX20230828_121758_V06,45.514,-1.000,116.658,102.846,24.597,-90.967,33.165,12298.343,134614.224,20230828_071758,479160,804,87479,4
9,KDGX20230828_122256_V06,50.480,-1.000,116.658,102.846,32.494,-90.967,33.165,16246.843,134614.224,20230828_072256,479162,641,87976,5
9,KDGX20230828_122743_V06,55.264,0.264,115.454,107.097,39.548,-90.973,33.146,19773.936,133480.870,20230828_072743,479162,494,88902,4
9,KDGX20230828_123221_V06,59.897,0.280,113.522,109.182,41.459,-90.984,33.136,20729.482,133402.942,20230828_073221,479161,307,89500,6
9,KDGX20230828_123658_V06,64.514,0.312,115.628,115.643,43.989,-90.972,33.107,21994.475,130365.419,20230828_073658,479158,190,89516,3
2,KDGX20230828_110423_V06,-28.070,0.237,135.080,390.150,8.517,-90.856,31.871,4258.395,93975.595,20230828_060423,479160,951,63030,8
6,KDGX20230828_113408_V06,1.680,0.075,85.739,287.362,46.364,-91.122,32.332,23181.993,107316.744,20230828_063408,479157,1609,77054,11
10,KDGX20230828_121758_V06,45.514,0.085,119.558,89.198,39.836,-90.952,33.227,19918.079,138741.385,20230828_071758,479160,804,87479,4
4,KDGX20230829_123529_V06,62.398,0.188,409.847,446.901,32.402,-89.406,31.616,16200.912,91714.618,20230829_073529,479163,0,50216,0
4,KDGX20230829_124541_V06,72.598,0.348,408.382,442.453,40.243,-89.413,31.636,20121.348,89497.726,20230829_074541,479164,0,52005,0
1,KDGX20230829_110354_V06,-29.185,0.346,170.153,235.951,7.163,-90.676,32.567,3581.284,72392.160,20230829_060354,479161,0,27198,0
3,KDGX20230829_122518_V06,52.215,0.102,308.727,407.841,21.922,-89.938,31.794,10960.917,54096.598,20230829_072518,479157,1,47813,0
5,KDGX20230901_121105_V06,36.114,0.119,406.177,247.026,15.096,-89.419,32.518,7548.248,59329.051,20230901_071105,479163,151,95559,0
5,KDGX20230901_121841_V06,43.714,0.147,406.616,248.822,26.883,-89.417,32.509,13441.257,59131.820,20230901_071841,479163,147,93556,0
5,KDGX20230901_122618_V06,51.331,0.114,403.979,241.396,29.301,-89.431,32.543,14650.747,59678.496,20230901_072618,479159,65,95216,0
5,KDGX20230901_123355_V06,58.948,-1.000,401.866,235.534,33.348,-89.442,32.569,16673.882,60275.515,20230901_073355,479165,56,95555,0
5,KDGX20230901_124103_V06,66.081,0.163,397.701,218.477,20.165,-89.464,32.646,10082.451,63622.851,20230901_074103,479163,47,96055,0
1,KDGX20230901_110144_V06,-33.236,0.113,389.446,316.221,29.509,-89.510,32.206,14754.473,45452.571,20230901_060144,479164,29,74924,0
4,KDGX20230901_113211_V06,-2.786,0.180,310.459,419.529,23.418,-89.929,31.741,11709.188,59993.033,20230901_063211,479163,38,84842,1
3,KDGX20230902_113102_V06,-4.560,0.051,95.680,238.628,39.086,-91.072,32.552,19543.053,106668.974,20230902_063102,479169,384,64023,1
3,KDGX20230902_113726_V06,1.840,0.084,96.828,241.282,47.503,-91.066,32.540,23751.589,105743.390,20230902_063726,479163,416,68318,1
3,KDGX20230902_114339_V06,8.056,0.064,104.935,253.567,47.159,-91.022,32.485,23579.494,100257.374,20230902_064339,479158,502,75901,0
3,KDGX20230902_115002_V06,14.440,0.055,98.822,244.611,52.782,-91.055,32.525,26391.082,104332.029,20230902_065002,479163,495,82345,0
1,KDGX20230903_112519_V06,-10.901,0.349,85.496,250.290,29.875,-91.126,32.499,14937.272,110094.508,20230903_062519,479159,0,58178,0
1,KDGX20230903_113500_V06,-1.218,0.333,83.260,246.903,46.444,-91.138,32.514,23222.226,111574.342,20230903_063500,479161,1,60521,0
3,KDGX20230904_112117_V06,-15.557,0.100,111.845,263.551,6.685,-90.985,32.440,3342.610,95826.558,20230904_062117,479166,529,62899,6
3,KDGX20230904_112517_V06,-11.557,0.127,111.090,262.415,12.951,-90.989,32.445,6475.285,96306.256,20230904_062517,479153,513,63417,7
3,KDGX20230904_112905_V06,-7.757,0.476,108.919,255.473,20.954,-91.001,32.477,10477.102,98100.026,20230904_062905,479147,534,67004,6
3,KDGX20230904_113321_V06,-3.490,0.568,103.625,249.422,29.016,-91.029,32.504,14507.777,101391.818,20230904_063321,479157,520,71502,0
3,KDGX20230904_113750_V06,0.993,0.699,105.052,247.081,31.530,-91.022,32.514,15764.980,101001.285,20230904_063750,479164,520,77596,6
3,KDGX20230904_114206_V06,5.260,0.323,106.336,246.061,32.612,-91.015,32.519,16305.995,100517.681,20230904_064206,479147,571,83641,4
3,KDGX20230904_114634_V06,9.726,0.097,106.895,246.988,34.507,-91.012,32.515,17253.348,100124.539,20230904_064634,479173,587,89528,4
3,KDGX20230905_112748_V06,-9.662,0.324,106.887,242.926,17.014,-91.012,32.533,8506.783,100685.373,20230905_062748,479160,3,56380,2
3,KDGX20230905_113622_V06,-1.096,0.789,111.084,235.696,28.006,-90.990,32.566,14002.886,99780.066,20230905_063622,479161,1,53450,0
3,KDGX20230905_114455_V06,7.454,0.267,110.546,226.148,40.116,-90.994,32.609,20057.948,101669.903,20230905_064455,479160,1,59201,1
1,KDGX20230906_112109_V06,-16.934,0.089,115.565,264.099,10.737,-90.965,32.438,5368.328,93948.277,20230906_062109,479158,0,91127,0
1,KDGX20230906_112722_V06,-10.717,0.348,114.827,264.602,20.686,-90.969,32.436,10342.883,94263.079,20230906_062722,479161,1,81914,0
1,KDGX20230906_113335_V06,-4.500,0.053,112.217,268.173,28.300,-90.983,32.420,14149.786,95230.627,20230906_063335,479164,4,79082,2
2,KDGX20230906_112722_V06,-10.717,0.141,168.292,241.201,15.162,-90.686,32.543,7581.211,72118.693,20230906_062722,479161,1,81914,0
1,KDGX20230908_114348_V06,4.475,0.113,470.019,418.312,16.389,-89.087,31.743,8194.729,103566.787,20230908_064348,479163,9,66736,5
1,KDGX20230910_112204_V06,-18.499,0.193,199.006,189.902,3.223,-90.523,32.775,1611.507,74701.664,20230910_062204,479159,0,49622,0
4,KDGX20230910_120251_V06,22.285,0.376,96.545,447.609,18.317,-91.056,31.610,9158.625,125680.382,20230910_070251,479163,1,39837,0
1,KDGX20230912_111401_V06,-27.789,0.090,184.606,230.706,2.812,-90.599,32.591,1405.817,67300.581,20230912_061401,479159,0,79414,0
1,KDGX20230912_112025_V06,-21.389,0.446,183.649,232.727,10.374,-90.604,32.582,5186.978,67199.836,20230912_062025,479159,0,87545,0
1,KDGX20230912_112649_V06,-14.989,0.113,183.185,236.329,14.855,-90.606,32.566,7427.743,66519.926,20230912_062649,479162,3,70496,3
15,KDGX20230914_123547_V06,52.736,0.747,166.166,376.745,13.154,-90.692,31.932,6576.996,77138.226,20230914_073547,479154,774,124081,19
15,KDGX20230914_124140_V06,58.620,0.715,168.694,377.421,18.215,-90.679,31.929,9107.279,76215.580,20230914_074140,479162,713,123535,10
15,KDGX20230914_124732_V06,64.486,0.703,173.705,379.256,17.291,-90.652,31.921,8645.281,74551.907,20230914_074732,479165,638,119760,5
15,KDGX20230914_125310_V06,70.120,-1.000,178.098,380.833,17.368,-90.629,31.914,8683.777,73133.593,20230914_075310,479160,621,117901,1
15,KDGX20230914_130415_V06,81.203,0.113,179.079,382.040,27.385,-90.624,31.908,13692.735,73062.418,20230914_080415,479152,446,114448,2
15,KDGX20230914_130941_V06,86.636,0.067,184.938,383.601,26.828,-90.593,31.902,13414.112,71113.082,20230914_080941,479160,491,112673,4
14,KDGX20230914_122954_V06,46.853,0.152,157.375,376.465,16.401,-90.739,31.933,8200.623,80914.707,20230914_072954,479161,991,125734,7
1,KDGX20230915_114306_V06,-0.569,0.106,417.429,194.022,6.526,-89.358,32.756,3263.119,79089.848,20230915_064306,479162,38,66477,32
2,KDGX20230915_114931_V06,5.848,0.096,167.014,253.368,22.900,-90.692,32.488,11449.766,70462.560,20230915_064931,479165,4,60531,4
3,KDGX20230915_114931_V06,5.848,0.056,214.325,453.662,16.224,-90.436,31.586,8111.853,87966.335,20230915_064931,479165,4,60531,4
1,KDGX20230916_112737_V06,-16.674,0.460,179.643,237.267,11.044,-90.625,32.561,5521.814,67862.429,20230916_062737,479158,4,48231,0
1,KDGX20230916_113749_V06,-6.474,0.160,179.846,237.688,21.158,-90.624,32.559,10579.011,67675.172,20230916_063749,479158,1,36889,1
1,KDGX20230917_112914_V06,-15.680,0.073,177.030,237.928,9.963,-90.639,32.558,4981.731,68874.130,20230917_062914,479159,1,45854,0
1,KDGX20230917_113926_V06,-5.480,0.061,177.695,238.389,21.088,-90.636,32.556,10544.001,68473.347,20230917_063926,479163,6,30777,4
2,KDGX20230917_122013_V06,35.303,0.058,454.970,489.010,21.958,-89.169,31.425,10978.921,122209.590,20230917_072013,479160,2,40125,0
1,KDGX20230918_124159_V06,56.446,0.149,67.841,428.653,62.575,-91.209,31.694,31287.430,132711.428,20230918_074159,479163,2,18865,0
1,KDGX20230920_114301_V06,-3.772,0.132,404.999,216.221,16.357,-89.425,32.657,8178.337,67163.480,20230920_064301,479161,0,59149,0
2,KDGX20230920_114301_V06,-3.772,0.119,370.776,300.011,15.261,-89.609,32.279,7630.455,35388.215,20230920_064301,479161,0,59149,0
1,KDGX20230925_113754_V06,-12.044,0.301,332.912,285.850,15.271,-89.810,32.344,7635.292,17912.268,20230925_063754,479152,2415,109065,5
1,KDGX20230925_114253_V06,-7.061,0.234,336.071,292.654,12.669,-89.793,32.313,6334.656,18405.749,20230925_064253,479146,2157,110900,7
4,KDGX20230925_114744_V06,-2.211,0.084,32.628,414.365,25.717,-91.396,31.756,12858.581,145402.170,20230925_064744,479149,2012,114557,5
7,KDGX20230925_120725_V06,17.473,0.065,35.086,148.590,50.806,-91.401,32.955,25403.084,152564.989,20230925_070725,479158,1213,137675,9
1,KDGX20230926_120752_V06,17.285,0.054,472.607,180.137,35.547,-89.063,32.817,17773.628,105071.708,20230926_070752,479163,1,59795,0
1,KDGX20230928_123551_V06,43.985,0.068,268.092,386.759,35.004,-90.153,31.889,17502.165,46220.175,20230928_073551,479158,0,75781,0
1,KDGX20230928_124425_V06,52.552,0.063,261.636,372.542,29.894,-90.187,31.953,14946.836,41030.760,20230928_074425,479160,0,79725,0
1,KDGX20230929_114208_V06,-10.377,0.422,167.490,229.572,5.242,-90.690,32.596,2621.082,75031.672,20230929_064208,479161,17,107147,16
1,KDGX20230929_115041_V06,-1.827,0.057,169.968,230.701,16.409,-90.677,32.591,8204.275,73672.787,20230929_065041,479162,5,94830,3
1,KDGX20231002_113705_V06,-17.389,0.171,435.521,243.335,9.252,-89.263,32.533,4626.087,73445.219,20231002_063705,479163,0,61638,0
2,KDGX20231002_113705_V06,-17.389,0.081,112.034,317.975,3.217,-90.981,32.195,1608.748,94411.640,20231002_063705,479163,0,61638,0
1,KDGX20231004_113920_V06,-16.469,0.076,402.353,300.197,22.589,-89.441,32.278,11294.415,51176.745,20231004_063920,479162,2,84206,2
2,KDGX20231004_115132_V06,-4.269,0.136,169.509,222.330,8.537,-90.680,32.628,4268.694,75928.404,20231004_065132,479167,85,91518,76
3,KDGX20231004_122927_V06,33.648,0.092,450.954,155.444,36.491,-89.177,32.929,18245.564,104503.309,20231004_072927,479157,1,121391,1
4,KDGX20231004_130143_V06,65.914,0.090,434.467,364.567,29.765,-89.273,31.987,14882.710,74582.824,20231004_080143,479160,0,129231,0
2,KDGX20231006_120903_V06,11.898,0.230,265.998,340.895,12.802,-90.165,32.095,6400.818,26592.184,20231006_070903,479159,2,79354,2
2,KDGX20231006_121904_V06,21.915,0.105,271.191,327.636,25.711,-90.137,32.155,12855.326,19960.676,20231006_071904,479158,0,88204,0
2,KDGX20231006_122916_V06,32.115,0.237,279.008,319.424,26.265,-90.096,32.192,13132.575,14300.040,20231006_072916,479160,0,94952,0
2,KDGX20231006_123927_V06,42.298,0.472,280.884,322.902,26.810,-90.086,32.177,13405.091,14915.800,20231006_073927,479163,0,100351,0
2,KDGX20231006_124938_V06,52.482,0.454,278.061,332.018,25.130,-90.101,32.136,12565.167,19406.894,20231006_074938,479162,0,102952,0
2,KDGX20231006_131002_V06,72.882,0.571,276.842,339.672,28.194,-90.107,32.101,14097.167,22968.015,20231006_081002,479164,1,102713,0
2,KDGX20231006_132013_V06,83.065,0.059,270.300,341.772,33.791,-90.142,32.092,16895.488,25626.988,20231006_082013,479161,0,102457,0
1,KDGX20231006_114413_V06,-12.935,0.395,422.507,287.669,18.413,-89.334,32.334,9206.253,61562.792,20231006_064413,479161,0,90472,0
1,KDGX20231006_114910_V06,-7.985,0.167,422.745,288.083,24.118,-89.333,32.332,12059.078,61661.153,20231006_064910,479151,0,100912,0
1,KDGX20231007_113905_V06,-18.751,0.138,166.292,241.877,7.789,-90.696,32.540,3894.405,72897.345,20231007_063905,479157,0,30283,0
3,KDGX20231007_120256_V06,5.099,0.053,293.096,230.936,3.039,-90.021,32.591,1519.695,34704.134,20231007_070256,479160,2,29371,2
1,KDGX20231008_114724_V06,-11.122,0.381,177.324,247.535,16.403,-90.637,32.515,8201.614,66711.833,20231008_064724,479158,0,53941,0
1,KDGX20231009_111440_V06,-44.549,0.306,215.971,223.913,8.381,-90.432,32.622,4190.351,56678.912,20231009_061440,479162,0,32954,0
1,KDGX20231010_120552_V06,5.952,0.119,254.589,292.598,10.921,-90.226,32.313,5460.392,23005.143,20231010_070552,479162,0,56347,0
1,KDGX20231011_122709_V06,26.530,0.060,41.183,186.341,67.183,-91.366,32.785,33591.370,141337.295,20231011_072709,479159,739,179869,128
1,KDGX20231013_110303_V06,-58.998,0.054,382.075,418.243,8.523,-89.551,31.746,4261.295,71968.136,20231013_060303,479161,0,37012,0
2,KDGX20231014_120413_V06,1.446,0.056,297.010,231.271,5.168,-90.000,32.590,2583.866,34396.878,20231014_070413,479157,0,27992,0
2,KDGX20231014_121608_V06,13.362,0.394,297.091,232.777,11.264,-90.000,32.583,5632.211,33642.973,20231014_071608,479160,0,32072,0
1,KDGX20231014_114023_V06,-22.388,0.064,174.395,243.222,5.820,-90.653,32.534,2910.191,68920.957,20231014_064023,479158,0,32234,0
1,KDGX20231015_124745_V06,44.250,0.062,161.427,290.651,14.674,-90.720,32.320,7336.992,69444.012,20231015_074745,479161,0,54491,0
1,KDGX20231017_122822_V06,23.390,0.060,218.024,186.001,23.603,-90.422,32.793,11801.683,70206.541,20231017_072822,479160,4,40739,0
1,KDGX20231018_121930_V06,13.776,0.090,376.025,396.438,16.407,-89.583,31.845,8203.520,61400.390,20231018_071930,479160,0,52172,0
1,KDGX20231019_111200_V06,-54.477,0.160,52.798,71.184,58.052,-91.312,33.305,29026.237,168423.350,20231019_061200,479166,0,62838,0
1,KDGX20231019_111728_V06,-49.011,0.157,55.747,70.582,64.741,-91.296,33.308,32370.378,167550.009,20231019_061728,479163,0,62790,0
1,KDGX20231019_112256_V06,-43.544,0.112,62.833,71.255,65.996,-91.258,33.305,32998.007,164751.725,20231019_062256,479164,0,63207,0
3,KDGX20231019_131618_V06,69.823,0.739,389.892,49.032,57.161,-89.501,33.411,28580.578,133290.357,20231019_081618,479158,0,31029,0
3,KDGX20231019_132153_V06,75.406,0.503,394.814,49.406,61.018,-89.475,33.409,30508.968,133965.536,20231019_082153,479169,0,30903,0
3,KDGX20231019_132727_V06,80.973,0.219,405.915,57.482,63.179,-89.415,33.372,31589.681,132318.910,20231019_082727,479159,0,30191,0
2,KDGX20231019_113913_V06,-27.261,0.064,25.531,426.572,37.572,-91.432,31.701,18785.751,151123.636,20231019_063913,479160,1,42170,0
2,KDGX20231020_120823_V06,1.146,0.438,259.511,119.131,5.348,-90.201,33.095,2673.977,92672.612,20231020_070823,479163,59,95535,56
2,KDGX20231020_121406_V06,6.863,0.067,259.810,120.271,14.058,-90.200,33.090,7028.965,92084.029,20231020_071406,479163,56,93126,46
1,KDGX20231020_120309_V06,-4.087,0.065,191.153,77.623,6.821,-90.569,33.281,3410.431,123793.306,20231020_070309,479165,91,90722,78
4,KDGX20231020_120823_V06,1.146,0.064,229.120,365.908,2.860,-90.359,31.982,1430.120,48393.744,20231020_070823,479163,59,95535,56
6,KDGX20231020_131428_V06,67.230,0.102,24.883,496.212,33.244,-91.431,31.387,16621.834,168958.741,20231020_081428,479167,33,105982,26
1,KDGX20231021_114711_V06,-20.819,0.191,213.927,412.638,4.814,-90.439,31.771,2406.988,70880.088,20231021_064711,479165,2,39173,2
3,KDGX20231021_132223_V06,74.381,0.065,455.954,186.147,6.380,-89.152,32.791,3190.006,96545.445,20231021_082223,479162,0,44441,0
3,KDGX20231027_121623_V06,3.658,0.069,431.578,265.002,14.441,-89.285,32.436,7220.463,68076.412,20231027_071623,479162,6,91963,6
2,KDGX20231030_112940_V06,-45.502,0.051,297.187,241.276,11.664,-89.999,32.545,5832.153,29395.674,20231030_062940,479156,2,62909,0
1,KDGX20231101_120154_V06,-14.929,0.198,250.176,287.831,4.638,-90.249,32.335,2318.817,25644.230,20231101_070154,479160,0,21866,0
1,KDGX20231102_122031_V06,2.848,0.088,233.596,120.239,8.479,-90.340,33.090,4239.300,95816.891,20231102_072031,479161,2,31255,2
3,KDGX20231103_130441_V06,46.170,0.707,379.042,436.893,19.662,-89.568,31.662,9830.883,79037.215,20231103_080441,479163,0,52270,0
1,KDGX20231104_120556_V06,-13.431,0.059,249.297,282.172,5.544,-90.254,32.360,2771.990,26872.974,20231104_070556,479161,3,27797,2
1,KDGX20231104_121431_V06,-4.848,0.125,251.520,283.739,17.304,-90.242,32.353,8652.227,25567.121,20231104_071431,479158,0,41193,0
1,KDGX20231106_122142_V06,0.618,0.078,366.029,316.428,29.230,-89.634,32.205,14615.166,34021.106,20231106_062142,479160,0,62954,0
2,KDGX20231108_130930_V06,46.681,0.517,356.423,314.083,12.285,-89.685,32.216,6142.422,29077.150,20231108_070930,479157,0,50717,0
3,KDGX20231108_130930_V06,46.681,0.070,189.191,273.582,7.377,-90.573,32.398,3688.263,56957.178,20231108_070930,479157,0,50717,0
5,KDGX20231108_133318_V06,70.481,0.083,377.541,289.710,18.407,-89.573,32.326,9203.278,39110.414,20231108_073318,479164,0,48839,0
1,KDGX20231110_120758_V06,-16.607,0.076,53.218,241.953,57.358,-91.298,32.535,28679.100,126758.585,20231110_060758,479161,164,381736,0
9,KDGX20231110_133006_V06,65.527,0.053,38.566,354.314,34.005,-91.368,32.028,17002.350,133508.410,20231110_073006,479161,8,365477,0
2,KDGX20231111_120032_V06,-24.922,0.205,26.190,222.803,37.185,-91.443,32.620,18592.331,142242.221,20231111_060032,479159,1,171559,0
2,KDGX20231111_120621_V06,-19.106,0.103,26.849,225.558,46.304,-91.439,32.607,23151.757,141556.770,20231111_060621,479159,3,196199,0
2,KDGX20231111_121219_V06,-13.139,0.264,29.429,234.684,50.402,-91.425,32.566,25200.835,139171.737,20231111_061219,479157,2,210449,0
2,KDGX20231111_121832_V06,-6.922,0.225,34.962,239.632,55.052,-91.395,32.544,27525.858,135912.837,20231111_061832,479162,10,213201,0
2,KDGX20231111_122459_V06,-0.472,0.054,40.921,243.403,60.815,-91.363,32.528,30407.496,132594.511,20231111_062459,479158,7,207966,2
4,KDGX20231111_121219_V06,-13.139,0.069,285.133,154.564,49.061,-90.064,32.936,24530.724,73096.967,20231111_061219,479157,2,210449,0
14,KDGX20231111_134100_V06,75.544,0.067,460.491,207.647,31.407,-89.129,32.693,15703.697,92582.922,20231111_074100,479158,59,175885,8
1,KDGX20231113_114133_V06,-45.680,0.068,44.823,273.915,63.472,-91.340,32.390,31736.073,128253.597,20231113_054133,479158,0,106858,0
2,KDGX20231113_123608_V06,8.904,0.195,253.329,287.815,16.290,-90.232,32.335,8145.000,24117.798,20231113_063608,479159,24,111803,0
4,KDGX20231113_132109_V06,53.920,0.053,44.255,297.122,40.717,-91.342,32.286,20358.742,127880.580,20231113_072109,479156,8,105776,1
3,KDGX20231114_122246_V06,-5.353,0.311,248.865,288.916,4.911,-90.256,32.330,2455.545,26160.977,20231114_062246,479161,1,72678,1
3,KDGX20231114_123113_V06,3.097,0.291,249.720,289.758,16.479,-90.251,32.326,8239.283,25656.489,20231114_063113,479159,0,58872,0
6,KDGX20231114_131311_V06,45.063,0.106,540.719,438.851,47.387,-88.716,31.648,23693.291,138947.169,20231114_071311,479158,0,57281,0
6,KDGX20231114_132140_V06,53.547,0.062,539.187,435.483,61.316,-88.723,31.663,30657.833,137446.327,20231114_072140,479162,1,59723,1
2,KDGX20231114_120615_V06,-21.870,0.062,440.094,497.839,23.571,-89.248,31.386,11785.309,121209.292,20231114_060615,479159,0,62117,0
8,KDGX20231114_132140_V06,53.547,0.080,381.694,312.157,18.913,-89.551,32.224,9456.310,41296.628,20231114_072140,479162,1,59723,1
8,KDGX20231114_133008_V06,62.013,-1.000,381.694,312.157,32.375,-89.551,32.224,16187.310,41296.628,20231114_073008,479158,2,63862,0
8,KDGX20231114_133830_V06,70.380,0.141,390.299,303.107,21.064,-89.505,32.265,10532.143,45176.470,20231114_073830,479161,2,70207,2
7,KDGX20231115_131605_V06,47.071,0.055,531.988,467.973,22.755,-88.763,31.517,11377.269,143207.337,20231115_071605,479158,0,144279,0
7,KDGX20231115_132617_V06,57.271,0.125,532.106,465.710,35.157,-88.763,31.527,17578.631,142594.795,20231115_072617,479159,0,145503,0
7,KDGX20231115_133628_V06,67.455,0.183,526.443,458.700,29.623,-88.792,31.559,14811.536,138259.054,20231115_073628,479160,4,143850,4
6,KDGX20231115_131605_V06,47.071,0.058,455.235,460.593,40.308,-89.167,31.553,20154.167,111678.195,20231115_071605,479158,0,144279,0
2,KDGX20231116_122519_V06,-4.588,0.256,240.668,291.370,16.862,-90.299,32.319,8431.030,29978.311,20231116_062519,479161,0,118611,0
2,KDGX20231116_123716_V06,7.362,0.157,240.324,281.994,30.189,-90.301,32.361,15094.298,31166.463,20231116_063716,479163,2,87427,2
6,KDGX20231116_132501_V06,55.112,0.118,363.794,319.795,20.937,-89.646,32.190,10468.525,33397.069,20231116_072501,479160,2,75734,2
1,KDGX20231118_130759_V06,36.292,0.068,378.058,518.137,34.825,-89.575,31.296,17412.409,115841.508,20231118_070759,479158,0,39047,0
2,KDGX20231120_123424_V06,0.925,0.533,309.297,239.030,21.216,-89.935,32.555,10608.028,30837.565,20231120_063424,479159,4,25019,1
2,KDGX20231120_124235_V06,9.108,0.101,306.241,230.414,33.824,-89.951,32.594,16912.089,34932.590,20231120_064235,479162,0,24484,0
4,KDGX20231120_130710_V06,33.692,0.261,346.748,126.750,2.289,-89.734,33.061,1144.337,89723.251,20231120_070710,479155,0,27703,0
4,KDGX20231120_131522_V06,41.892,0.060,346.072,130.176,31.210,-89.738,33.045,15605.190,87981.536,20231120_071522,479161,0,27395,0
1,KDGX20231124_121645_V06,-20.265,0.065,29.041,516.872,40.496,-91.407,31.294,20247.852,173531.044,20231124_061645,479161,0,59899,0
2,KDGX20231124_124036_V06,3.585,0.051,339.168,247.998,27.210,-89.776,32.514,13604.763,32551.497,20231124_064036,479161,22,53105,22
1,KDGX20231125_121842_V06,-19.191,0.059,261.253,363.986,4.646,-90.189,31.991,2322.752,37401.769,20231125_061842,479163,2,57997,0
2,KDGX20231125_122717_V06,-10.608,0.061,102.101,181.585,16.338,-91.041,32.809,8169.035,115310.401,20231125_062717,479161,4,58764,0
3,KDGX20231126_134318_V06,64.538,0.151,41.515,137.785,77.556,-91.367,33.004,38778.019,152584.587,20231126_074318,479159,276,288080,0
3,KDGX20231126_135005_V06,71.321,0.099,43.125,146.223,82.021,-91.358,32.966,41010.653,149693.198,20231126_075005,479165,208,279861,3
1,KDGX20231128_124215_V06,1.762,0.800,418.872,214.854,13.623,-89.351,32.662,6811.378,73110.202,20231128_064215,479162,19,41745,12
3,KDGX20231203_124310_V06,-1.512,0.055,403.127,192.979,1.830,-89.434,32.761,914.841,74311.157,20231203_064310,479159,0,109294,0
1,KDGX20231207_123931_V06,-8.339,0.235,143.819,86.523,6.588,-90.822,33.240,3293.875,132254.500,20231207_063931,479159,20,48685,17
2,KDGX20231207_124806_V06,0.245,0.280,307.593,244.905,19.523,-89.944,32.528,9761.627,27807.606,20231207_064806,479161,19,42364,16
3,KDGX20231207_130519_V06,17.461,0.167,218.583,54.452,6.748,-90.422,33.386,3373.804,129347.061,20231207_070519,479157,7,41022,0
2,KDGX20231208_134819_V06,59.698,0.053,54.443,74.109,60.459,-91.303,33.292,30229.691,166826.941,20231208_074819,479162,93,36826,1
4,KDGX20231209_130803_V06,18.681,0.299,29.039,247.089,38.472,-91.426,32.510,19235.857,138039.221,20231209_070803,479159,0,52353,0
4,KDGX20231209_131613_V06,26.848,0.251,33.416,234.664,52.320,-91.404,32.567,26160.228,137237.040,20231209_071613,479162,0,53463,0
4,KDGX20231209_132423_V06,35.014,0.087,51.378,214.404,60.970,-91.310,32.659,30485.237,131472.063,20231209_072423,479162,0,53867,0
3,KDGX20231209_123422_V06,-15.002,0.051,241.359,431.034,49.122,-90.294,31.689,24561.096,71778.437,20231209_063422,479159,0,60203,0
1,KDGX20231211_124831_V06,-2.307,0.053,297.281,267.257,20.983,-89.999,32.428,10491.669,16427.611,20231211_064831,479160,19,42773,17
1,KDGX20231212_124647_V06,-4.744,0.189,257.215,295.793,9.071,-90.212,32.299,4535.721,21495.910,20231212_064647,479161,2,33228,2
3,KDGX20231215_133024_V06,36.867,0.180,389.213,287.567,27.929,-89.511,32.335,13964.317,45037.683,20231215_073024,479162,0,36027,0
1,KDGX20231218_122643_V06,-28.646,0.170,385.889,294.374,16.940,-89.528,32.305,8470.150,43036.424,20231218_062643,479162,0,40964,0
4,KDGX20231223_122300_V06,-34.971,0.095,231.660,293.442,16.198,-90.347,32.309,8099.140,34326.744,20231223_062300,479161,26,39223,4
1,KDGX20231224_121032_V06,-47.888,0.292,27.156,188.207,32.485,-91.441,32.776,16242.643,147429.246,20231224_061032,479164,0,127231,0
1,KDGX20231224_121717_V06,-41.138,0.056,26.353,186.153,38.587,-91.445,32.785,19293.264,148192.150,20231224_061717,479161,0,132676,0
4,KDGX20231224_133833_V06,40.128,0.201,316.550,364.259,24.932,-89.897,31.990,12466.005,33177.995,20231224_073833,479161,27,152968,4
4,KDGX20231224_134519_V06,46.895,0.059,312.852,364.107,35.082,-89.916,31.991,17540.905,32691.470,20231224_074519,479157,28,158469,0
1,KDGX20231227_131319_V06,13.696,0.056,419.395,210.395,33.057,-89.348,32.682,16528.351,74639.454,20231227_071319,479160,2,30900,0
2,KDGX20231227_140450_V06,65.213,0.109,297.755,301.984,13.139,-89.996,32.271,6569.286,1498.245,20231227_080450,479164,0,27296,0
1,KDGX20231230_132604_V06,25.483,0.052,232.380,90.771,10.251,-90.347,33.223,5125.374,109942.214,20231230_072604,479159,1,16108,0
4,KDGX20231231_124022_V06,-20.484,0.149,222.711,113.625,2.461,-90.399,33.120,1230.579,100882.754,20231231_064022,479160,3,25534,1
4,KDGX20231231_124858_V06,-11.884,-1.000,222.711,113.625,16.135,-90.399,33.120,8067.579,100882.754,20231231_064858,479161,41,31031,35
4,KDGX20231231_130609_V06,5.299,0.694,158.792,84.144,24.132,-90.742,33.251,12065.905,128970.353,20231231_070609,479164,84,42919,81
4,KDGX20231231_131125_V06,10.566,0.208,153.785,81.448,32.779,-90.769,33.263,16389.519,131476.142,20231231_071125,479164,91,42612,82
1,KDGX20231231_120558_V06,-54.884,0.170,299.256,302.908,10.819,-89.988,32.267,5409.317,1501.008,20231231_060558,479160,0,21374,0
1,KDGX20231231_121435_V06,-46.268,0.082,298.281,302.938,18.772,-89.994,32.267,9385.794,1702.026,20231231_061435,479161,2,24185,2
1,KDGX20231231_122311_V06,-37.668,0.058,296.653,302.660,12.478,-90.002,32.268,6238.869,2137.854,20231231_062311,479161,9,24936,9
1,KDGX20231231_123145_V06,-29.101,0.299,296.901,302.610,20.850,-90.001,32.268,10424.918,2026.021,20231231_063145,479159,12,23865,6
2,KDGX20231231_120558_V06,-54.884,0.055,172.961,379.706,2.481,-90.656,31.919,1240.559,74986.500,20231231_060558,479160,0,21374,0
5,KDGX20231231_124858_V06,-11.884,0.131,150.923,85.440,9.232,-90.784,33.245,4615.971,130632.951,20231231_064858,479161,41,31031,35
6,KDGX20231231_140801_V06,67.166,0.556,226.828,58.668,13.364,-90.378,33.367,6682.163,126090.347,20231231_080801,479163,26,45569,24
