track_id,filename,from_sunrise,det_score,x,y,r,lon,lat,radius,geo_dist,local_time,n_radar_pixels,n_refAbove40_pixels,n_xcorrAbove0.95_pixels,n_xcorrBelow0.95_refAbove40_pixels
4,KAPX20220603_091607_V06,-38.677,0.082,179.233,313.161,16.588,-85.484,44.845,8293.791,60740.867,20220603_051607,479173,0,45410,0
1,KAPX20220611_092846_V06,-23.520,0.112,288.506,357.642,9.080,-84.792,44.648,4540.009,29388.449,20220611_052846,479179,0,22845,0
3,KAPX20220612_102215_V06,30.104,0.070,284.048,325.985,17.687,-84.821,44.790,8843.651,15245.358,20220612_062215,479183,0,21973,0
1,KAPX20220614_094055_V06,-11.063,0.402,407.571,412.075,22.226,-84.045,44.401,11112.955,77672.857,20220614_054055,479180,68,47773,58
1,KAPX20220614_095040_V06,-1.313,0.562,406.039,412.038,31.414,-84.054,44.401,15707.078,77131.247,20220614_055040,479179,87,71562,51
1,KAPX20220614_095513_V06,3.237,0.754,405.593,411.179,29.992,-84.057,44.405,14995.877,76666.189,20220614_055513,479184,69,72131,52
1,KAPX20220614_100425_V06,12.437,-1.000,404.561,409.929,30.513,-84.063,44.411,15256.567,75857.509,20220614_060425,479170,32,72134,11
1,KAPX20220614_100903_V06,17.070,0.212,398.035,409.683,32.715,-84.104,44.412,16357.534,73554.611,20220614_060903,479180,78,55327,21
10,KAPX20220614_104655_V06,54.937,0.127,379.416,340.647,3.589,-84.219,44.723,1794.250,44606.723,20220614_064655,479184,7,52831,0
10,KAPX20220614_110627_V06,74.470,0.051,380.180,335.830,19.610,-84.214,44.745,9805.057,43910.675,20220614_070627,479175,0,50673,0
10,KAPX20220614_111613_V06,84.237,0.145,376.143,326.575,18.920,-84.239,44.787,9459.806,40323.777,20220614_071613,479176,0,49142,0
11,KAPX20220614_104655_V06,54.937,0.098,378.080,340.629,6.664,-84.227,44.723,3331.905,44009.280,20220614_064655,479184,7,52831,0
11,KAPX20220614_110627_V06,74.470,0.061,354.414,395.904,30.444,-84.378,44.475,15221.792,55132.692,20220614_070627,479175,0,50673,0
11,KAPX20220614_111613_V06,84.237,0.084,346.477,414.421,30.836,-84.428,44.392,15418.237,61749.794,20220614_071613,479176,0,49142,0
2,KAPX20220614_094055_V06,-11.063,0.073,380.129,149.958,2.154,-84.206,45.581,1076.866,85049.092,20220614_054055,479180,68,47773,58
4,KAPX20220614_095040_V06,-1.313,0.319,348.174,108.464,6.973,-84.410,45.769,3486.626,98750.514,20220614_055040,479179,87,71562,51
5,KAPX20220614_095040_V06,-1.313,0.248,426.897,67.733,9.238,-83.901,45.949,4619.194,132335.613,20220614_055040,479179,87,71562,51
7,KAPX20220614_095513_V06,3.237,0.075,293.613,94.812,6.688,-84.761,45.830,3344.067,102643.725,20220614_055513,479184,69,72131,52
12,KAPX20220614_110627_V06,74.470,0.199,425.481,178.066,11.909,-83.918,45.453,5954.258,87483.531,20220614_070627,479175,0,50673,0
13,KAPX20220614_110627_V06,74.470,0.099,368.549,50.716,18.989,-84.277,46.028,9494.484,129268.865,20220614_070627,479175,0,50673,0
15,KAPX20220614_110627_V06,74.470,0.094,231.097,384.188,6.318,-85.153,44.528,3158.903,54395.190,20220614_070627,479175,0,50673,0
1,KAPX20220616_103034_V06,38.601,0.085,26.432,446.115,33.967,-86.432,44.237,16983.576,155071.490,20220616_063034,479188,0,78176,0
1,KAPX20220619_090907_V06,-43.113,0.121,203.653,463.417,3.698,-85.322,44.170,1848.881,94852.410,20220619_050907,479184,0,35445,0
3,KAPX20220620_090702_V06,-45.360,0.064,297.644,406.699,12.291,-84.735,44.427,6145.351,53362.475,20220620_050702,479183,9291,164964,592
28,KAPX20220620_105047_V06,58.390,0.070,266.416,157.796,7.990,-84.935,45.547,3995.213,73058.037,20220620_065047,479186,2503,98232,210
1,KAPX20220623_090056_V06,-52.171,0.128,207.591,466.853,7.285,-85.297,44.155,3642.654,95367.008,20220623_050056,479174,7,24780,6
1,KAPX20220625_094101_V06,-12.741,0.150,298.155,412.196,22.994,-84.731,44.402,11496.778,56105.788,20220625_054101,479180,0,33570,0
2,KAPX20220626_093932_V06,-14.603,0.127,360.637,432.320,29.277,-84.340,44.311,14638.565,72775.974,20220626_053932,479175,0,38437,0
1,KAPX20220628_093300_V06,-21.997,0.059,295.942,302.642,24.449,-84.745,44.895,12224.346,2421.098,20220628_053300,479183,0,12611,0
3,KAPX20220629_100551_V06,10.374,0.052,26.048,246.366,32.911,-86.461,45.135,16455.498,139576.345,20220629_060551,479176,173,58880,11
4,KAPX20220630_091721_V06,-38.638,0.096,271.196,575.233,8.375,-84.898,43.669,4187.407,138367.970,20220630_051721,479175,8872,155683,2297
4,KAPX20220630_092337_V06,-32.371,0.092,272.122,574.850,15.975,-84.893,43.670,7987.427,138130.192,20220630_052337,479181,7699,153460,1774
1,KAPX20220630_090508_V06,-50.854,0.090,205.026,468.298,8.422,-85.313,44.148,4210.823,96623.166,20220630_050508,479170,9663,166816,2432
9,KAPX20220630_092337_V06,-32.371,0.150,203.634,504.006,19.657,-85.320,43.988,9828.584,112810.554,20220630_052337,479181,7699,153460,1774
18,KAPX20220630_100251_V06,6.862,0.107,221.203,103.472,45.246,-85.226,45.790,22623.161,105867.947,20220630_060251,479180,3533,120642,291
3,KAPX20220704_100219_V06,3.977,0.118,294.993,296.042,28.433,-84.751,44.925,14216.457,3191.199,20220704_060219,479178,1489,158324,40
3,KAPX20220704_100828_V06,10.127,0.063,317.832,312.240,18.782,-84.607,44.852,9391.037,10814.332,20220704_060828,479172,1472,159875,37
1,KAPX20220707_091722_V06,-43.037,0.112,386.327,347.752,2.339,-84.175,44.691,1169.670,49326.989,20220707_051722,479179,0,24829,0
1,KAPX20220708_091544_V06,-45.411,0.053,390.646,295.588,7.765,-84.146,44.926,3882.271,45376.831,20220708_051544,479186,0,35416,0
2,KAPX20220709_110628_V06,64.557,0.248,349.170,237.676,7.480,-84.407,45.187,3740.128,39692.244,20220709_070628,479171,0,55622,0
4,KAPX20220709_110628_V06,64.557,0.075,323.686,428.342,21.694,-84.571,44.330,10846.796,65254.606,20220709_070628,479171,0,55622,0
1,KAPX20220710_103900_V06,36.301,0.059,273.669,378.546,8.805,-84.885,44.554,4402.288,41420.913,20220710_063900,479174,0,25115,0
5,KAPX20220712_091904_V06,-45.281,0.605,250.737,354.036,20.820,-85.030,44.664,10410.135,36560.579,20220712_051904,479181,0,54178,0
12,KAPX20220712_092853_V06,-35.464,0.737,347.647,176.111,44.062,-84.415,45.464,22030.972,66367.685,20220712_052853,479178,0,44209,0
16,KAPX20220712_094827_V06,-15.898,0.165,360.037,114.047,22.090,-84.334,45.743,11045.231,97702.076,20220712_054827,479174,0,36028,0
43,KAPX20220713_111918_V06,74.095,0.157,347.699,306.317,11.981,-84.418,44.878,5990.681,24057.670,20220713_071918,479173,6654,156161,1424
43,KAPX20220713_112411_V06,78.978,0.766,350.468,308.143,16.076,-84.400,44.870,8037.942,25560.339,20220713_072411,479175,6202,154176,1169
43,KAPX20220713_112903_V06,83.845,0.113,352.455,310.441,17.685,-84.388,44.860,8842.419,26741.991,20220713_072903,479181,7437,156533,1557
37,KAPX20220713_104004_V06,34.862,0.283,284.902,100.809,37.374,-84.817,45.803,18687.227,99880.956,20220713_064004,479184,5123,157930,1008
37,KAPX20220713_104456_V06,39.728,0.303,287.313,103.006,41.884,-84.801,45.793,20941.918,98700.957,20220713_064456,479171,5402,153144,1006
16,KAPX20220713_094019_V06,-24.888,0.053,253.657,129.406,30.965,-85.017,45.674,15482.355,88388.154,20220713_054019,479170,2718,170726,55
20,KAPX20220713_100252_V06,-2.338,0.065,263.318,147.353,30.056,-84.955,45.594,15028.131,78496.447,20220713_060252,479178,2080,158311,96
26,KAPX20220713_101137_V06,6.412,0.170,266.372,94.524,30.662,-84.936,45.831,15331.099,104104.999,20220713_061137,479174,1933,157332,127
38,KAPX20220713_104004_V06,34.862,0.097,410.799,345.532,21.473,-84.021,44.700,10736.639,59895.009,20220713_064004,479184,5123,157930,1008
1,KAPX20220714_103649_V06,30.733,0.140,133.957,49.216,20.638,-85.792,46.030,10319.124,150384.935,20220714_063649,479173,3,50655,1
1,KAPX20220717_101837_V06,9.779,0.102,279.450,446.219,13.427,-84.848,44.249,6713.469,73828.122,20220717_061837,479174,0,39937,0
1,KAPX20220718_091309_V06,-56.643,0.158,277.397,575.534,12.660,-84.860,43.667,6329.823,138229.585,20220718_051309,479178,23,49051,19
12,KAPX20220719_103015_V06,19.484,0.068,37.063,143.313,44.161,-86.405,45.600,22080.269,153041.551,20220719_063015,479177,0,57334,0
15,KAPX20220720_100749_V06,-3.939,0.060,162.673,357.301,25.312,-85.585,44.646,12656.195,74401.214,20220720_060749,479177,1528,80022,8
6,KAPX20220724_094453_V06,-30.982,0.128,10.209,255.252,16.554,-86.561,45.094,8277.170,146612.803,20220724_054453,479184,14909,285074,947
6,KAPX20220724_094910_V06,-26.699,0.364,12.182,254.636,22.609,-86.548,45.097,11304.377,145685.288,20220724_054910,479185,13740,287575,1092
6,KAPX20220724_095326_V06,-22.432,0.552,21.052,253.589,26.120,-86.492,45.102,13059.832,141391.438,20220724_055326,479178,13135,290768,1059
6,KAPX20220724_100159_V06,-13.882,0.429,35.882,256.698,36.857,-86.397,45.090,18428.678,133821.870,20220724_060159,479200,16432,293187,1744
6,KAPX20220724_100615_V06,-9.616,0.228,41.890,252.795,41.838,-86.360,45.108,20918.978,131195.684,20220724_060615,479180,14687,297969,1154
6,KAPX20220724_101031_V06,-5.349,-1.000,48.419,250.850,46.896,-86.318,45.117,23448.043,128168.751,20220724_061031,479183,16879,297118,2775
6,KAPX20220724_101448_V06,-1.066,-1.000,54.973,248.897,51.974,-86.277,45.127,25986.988,125149.606,20220724_061448,479185,15431,300659,2109
6,KAPX20220724_101905_V06,3.218,0.055,46.344,238.015,64.384,-86.333,45.175,32191.978,130559.894,20220724_061905,479192,16682,299704,3589
4,KAPX20220724_093204_V06,-43.799,0.075,40.585,211.344,41.960,-86.373,45.294,20980.089,137072.934,20220724_053204,479172,16095,283164,1116
4,KAPX20220724_093620_V06,-39.532,0.091,44.556,248.916,64.667,-86.343,45.126,32333.389,130250.733,20220724_053620,479190,13048,282840,695
15,KAPX20220724_104026_V06,24.568,0.054,218.279,217.957,30.364,-85.240,45.275,15181.913,57899.518,20220724_064026,479189,12128,305479,2621
6,KAPX20220728_094358_V06,-36.212,0.369,462.133,545.104,16.115,-83.712,43.800,8057.570,146937.997,20220728_054358,479180,1417,84544,34
6,KAPX20220728_095006_V06,-30.079,0.367,462.753,545.123,25.661,-83.709,43.800,12830.657,147116.974,20220728_055006,479177,2080,99389,25
8,KAPX20220728_095006_V06,-30.079,0.574,223.906,371.739,27.176,-85.199,44.583,13588.144,52289.389,20220728_055006,479177,2080,99389,25
18,KAPX20220728_102107_V06,0.938,0.061,278.706,195.225,5.788,-84.856,45.379,2894.035,53458.341,20220728_062107,479165,2458,130769,42
19,KAPX20220728_102715_V06,7.071,0.084,25.287,426.857,37.609,-86.442,44.323,18804.436,151294.151,20220728_062715,479176,2655,133792,58
1,KAPX20220730_100610_V06,-16.229,0.068,467.930,583.849,16.347,-83.679,43.625,8173.716,164902.154,20220730_060610,479174,0,19300,0
2,KAPX20220730_101556_V06,-6.463,0.052,294.032,355.729,5.306,-84.757,44.656,2653.044,28023.918,20220730_061556,479176,0,18537,0
5,KAPX20220801_101609_V06,-8.496,0.095,206.076,375.390,10.877,-85.311,44.566,5438.442,60219.284,20220801_061609,479184,7964,65383,1869
8,KAPX20220801_102611_V06,1.537,0.137,214.372,373.949,16.298,-85.259,44.573,8149.035,56569.715,20220801_062611,479176,9143,72493,1927
13,KAPX20220801_110555_V06,41.270,0.068,11.320,226.706,21.675,-86.558,45.222,10837.454,148919.644,20220801_070555,479176,6899,89053,316
6,KAPX20220803_100041_V06,-26.241,0.099,16.181,212.907,24.949,-86.529,45.285,12474.264,148440.796,20220803_060041,479186,12990,267288,599
1,KAPX20220804_102336_V06,-4.472,0.520,305.025,425.698,20.940,-84.688,44.342,10470.154,62899.144,20220804_062336,479169,0,32445,0
2,KAPX20220804_102336_V06,-4.472,0.061,383.746,292.895,14.356,-84.189,44.938,7177.826,42023.655,20220804_062336,479169,0,32445,0
3,KAPX20220804_104308_V06,15.062,0.187,260.687,191.209,9.139,-84.971,45.396,4569.653,57837.899,20220804_064308,479175,0,31985,0
2,KAPX20220805_101722_V06,-11.858,0.114,385.576,404.300,27.509,-84.182,44.437,13754.486,67456.939,20220805_061722,479170,10,51534,1
3,KAPX20220805_101722_V06,-11.858,0.101,337.101,302.694,22.546,-84.485,44.895,11272.972,18599.542,20220805_061722,479170,10,51534,1
4,KAPX20220805_102710_V06,-2.058,0.220,278.821,413.784,26.811,-84.853,44.395,13405.348,57868.983,20220805_062710,479175,11,45543,0
6,KAPX20220805_111602_V06,46.809,0.090,231.726,215.156,19.258,-85.155,45.288,9628.887,54451.486,20220805_071602,479174,0,39927,0
20,KAPX20220807_104836_V06,17.057,0.092,18.009,368.102,20.329,-86.495,44.587,10164.456,145049.189,20220807_064836,479175,2077,259420,8
20,KAPX20220807_110108_V06,29.590,0.067,27.495,369.373,34.241,-86.435,44.582,17120.417,140598.135,20220807_070108,479181,1486,249162,4
19,KAPX20220808_114109_V06,68.442,0.100,304.430,121.678,62.730,-84.691,45.709,31365.086,89188.489,20220808_074109,479174,9582,235751,137
19,KAPX20220808_114655_V06,74.208,0.100,308.763,116.199,68.763,-84.663,45.734,34381.402,92005.025,20220808_074655,479177,10554,246516,117
2,KAPX20220809_103009_V06,-3.727,0.057,478.631,503.593,9.619,-83.606,43.986,4809.266,135424.323,20220809_063009,479172,0,26443,0
3,KAPX20220809_103955_V06,6.040,0.058,434.621,541.631,9.444,-83.883,43.817,4721.752,138300.910,20220809_063955,479173,0,24804,0
1,KAPX20220810_100247_V06,-32.265,0.122,207.173,465.897,6.502,-85.300,44.159,3251.164,95050.679,20220810_060247,479180,0,41407,0
3,KAPX20220810_104154_V06,6.852,0.453,396.951,302.159,15.039,-84.106,44.896,7519.642,48487.577,20220810_064154,479172,0,30631,0
1,KAPX20220812_102921_V06,-8.048,0.105,463.421,584.061,10.521,-83.707,43.624,5260.275,163857.591,20220812_062921,479171,129,42967,128
1,KAPX20220812_103907_V06,1.719,0.407,465.212,584.385,16.779,-83.696,43.623,8389.498,164446.040,20220812_063907,479183,121,46986,109
1,KAPX20220812_104339_V06,6.252,0.314,466.237,585.166,14.675,-83.690,43.619,7337.477,165040.997,20220812_064339,479178,129,44712,124
1,KAPX20220812_104823_V06,10.985,0.164,464.102,583.708,12.835,-83.703,43.626,6417.384,163874.487,20220812_064823,479176,145,45074,143
4,KAPX20220812_104823_V06,10.985,0.346,36.107,433.369,41.472,-86.373,44.295,20735.832,147840.320,20220812_064823,479176,145,45074,143
4,KAPX20220812_105306_V06,15.702,0.210,38.044,433.443,46.645,-86.361,44.295,23322.621,146993.296,20220812_065306,479173,39,41803,28
2,KAPX20220812_102921_V06,-8.048,0.066,435.554,537.883,9.113,-83.877,43.834,4556.662,136897.131,20220812_062921,479171,129,42967,128
6,KAPX20220812_113653_V06,59.485,0.144,273.434,571.343,11.663,-84.884,43.686,5831.365,136320.389,20220812_073653,479171,128,36068,107
1,KAPX20220815_103334_V06,-7.372,0.214,451.368,581.783,23.093,-83.782,43.635,11546.358,159932.965,20220815_063334,479168,4,26015,0
1,KAPX20220815_104320_V06,2.395,0.845,450.450,575.367,31.215,-83.787,43.664,15607.346,156893.256,20220815_064320,479173,0,25344,0
1,KAPX20220815_110251_V06,21.912,0.854,454.490,563.506,44.869,-83.761,43.717,22434.540,152727.597,20220815_070251,479172,0,23560,0
1,KAPX20220815_111237_V06,31.678,0.843,455.264,551.648,52.789,-83.756,43.771,26394.651,147845.926,20220815_071237,479177,0,22352,0
1,KAPX20220815_112224_V06,41.462,0.833,453.159,546.842,59.524,-83.768,43.792,29761.805,145248.652,20220815_072224,479178,16,21713,9
1,KAPX20220815_113210_V06,51.228,0.795,455.951,540.045,68.133,-83.750,43.823,34066.294,143127.914,20220815_073210,479176,2,22809,2
1,KAPX20220815_114156_V06,60.995,0.561,456.728,535.634,69.201,-83.745,43.843,34600.707,141498.105,20220815_074156,479175,4,23224,3
2,KAPX20220815_104320_V06,2.395,0.335,59.018,425.498,11.279,-86.231,44.332,5639.307,135850.915,20220815_064320,479173,0,25344,0
2,KAPX20220815_110251_V06,21.912,0.479,60.699,431.466,30.130,-86.219,44.306,15065.223,136517.897,20220815_070251,479172,0,23560,0
2,KAPX20220815_111237_V06,31.678,0.093,48.612,437.492,49.377,-86.294,44.278,24688.258,143265.661,20220815_071237,479177,0,22352,0
3,KAPX20220815_110251_V06,21.912,0.544,205.557,401.768,5.504,-85.313,44.448,2752.146,69419.551,20220815_070251,479172,0,23560,0
2,KAPX20220816_104043_V06,-1.405,0.162,442.668,575.701,25.507,-83.835,43.663,12753.479,155213.583,20220816_064043,479175,0,32340,0
2,KAPX20220816_105029_V06,8.361,0.739,438.477,570.561,38.384,-83.861,43.686,19192.000,151969.767,20220816_065029,479173,4,32206,2
2,KAPX20220816_111002_V06,27.911,0.718,440.357,559.277,54.194,-83.849,43.737,27097.229,147414.640,20220816_071002,479174,6,28953,6
2,KAPX20220816_111947_V06,37.661,0.799,442.156,549.415,58.157,-83.837,43.781,29078.570,143541.137,20220816_071947,479173,9,30998,5
2,KAPX20220816_112933_V06,47.428,0.718,440.343,545.818,65.087,-83.848,43.798,32543.317,141529.900,20220816_072933,479169,49,32345,36
2,KAPX20220816_113919_V06,57.195,0.229,440.072,539.834,64.989,-83.849,43.825,32494.430,138870.814,20220816_073919,479170,33,33790,33
2,KAPX20220816_114904_V06,66.945,0.103,453.133,523.650,31.944,-83.767,43.897,15971.844,135525.823,20220816_074904,479174,7,33468,6
4,KAPX20220816_105029_V06,8.361,0.806,38.323,425.140,27.229,-86.360,44.332,13614.376,145029.966,20220816_065029,479173,4,32206,2
4,KAPX20220816_111002_V06,27.911,0.792,31.134,432.991,38.874,-86.404,44.296,19436.824,149979.507,20220816_071002,479174,6,28953,6
4,KAPX20220816_111947_V06,37.661,0.239,32.042,429.573,47.574,-86.399,44.312,23787.159,148820.667,20220816_071947,479173,9,30998,5
4,KAPX20220816_112933_V06,47.428,0.212,32.143,422.608,51.949,-86.399,44.343,25974.554,147292.538,20220816_072933,479169,49,32345,36
1,KAPX20220816_101124_V06,-30.722,0.362,207.835,465.764,7.408,-85.296,44.160,3703.934,94831.838,20220816_061124,479172,13,39665,11
1,KAPX20220817_104050_V06,-2.474,0.930,61.223,426.014,18.984,-86.217,44.330,9492.220,134994.445,20220817_064050,479173,0,24916,0
1,KAPX20220817_110021_V06,17.043,0.870,67.525,430.105,33.864,-86.177,44.312,16931.973,133203.024,20220817_070021,479177,0,22769,0
1,KAPX20220817_111007_V06,26.810,0.599,67.714,434.807,43.580,-86.175,44.291,21790.237,134284.823,20220817_071007,479175,0,22869,0
4,KAPX20220817_110021_V06,17.043,0.339,178.855,372.193,25.013,-85.482,44.580,12506.462,70512.477,20220817_070021,479177,0,22769,0
2,KAPX20220818_112837_V06,44.123,0.085,516.107,562.594,34.820,-83.379,43.718,17409.882,170042.526,20220818_072837,479185,0,26467,0
4,KAPX20220819_104942_V06,4.019,0.790,70.684,411.230,16.635,-86.159,44.398,8317.559,127434.239,20220819_064942,479180,646,54916,55
4,KAPX20220819_105426_V06,8.753,0.857,72.326,408.369,23.846,-86.149,44.411,11923.026,126074.522,20220819_065426,479175,638,52278,61
4,KAPX20220819_110339_V06,17.969,0.888,78.483,410.402,28.883,-86.110,44.402,14441.474,123752.192,20220819_070339,479187,591,52471,80
4,KAPX20220819_110824_V06,22.719,0.543,78.622,404.931,38.156,-86.110,44.427,19077.978,122493.733,20220819_070824,479175,700,53143,94
4,KAPX20220819_111306_V06,27.419,0.379,80.716,404.764,42.557,-86.097,44.427,21278.331,121512.329,20220819_071306,479183,630,52748,61
4,KAPX20220819_111750_V06,32.153,0.223,84.103,406.961,43.946,-86.075,44.418,21973.040,120469.883,20220819_071750,479179,533,53724,24
5,KAPX20220819_110824_V06,22.719,0.141,473.369,517.817,35.930,-83.640,43.922,17964.909,139195.150,20220819_070824,479175,700,53143,94
5,KAPX20220819_111306_V06,27.419,0.102,474.696,516.972,41.980,-83.632,43.926,20989.773,139280.159,20220819_071306,479183,630,52748,61
1,KAPX20220819_095233_V06,-53.131,0.138,300.006,424.311,9.097,-84.720,44.348,4548.302,62155.548,20220819_055233,479172,720,65470,32
3,KAPX20220819_103556_V06,-9.747,0.079,463.320,583.567,14.200,-83.708,43.627,7100.060,163618.171,20220819_063556,479177,649,55690,28
3,KAPX20220820_103922_V06,-7.502,0.115,468.045,567.489,25.217,-83.677,43.699,12608.503,157947.161,20220820_063922,479172,412,37355,2
3,KAPX20220820_104353_V06,-2.985,0.462,469.246,566.679,32.256,-83.670,43.702,16128.203,157925.786,20220820_064353,479173,422,37891,5
3,KAPX20220820_104821_V06,1.481,0.647,470.159,561.554,39.184,-83.664,43.725,19591.821,156016.505,20220820_064821,479176,381,37513,6
3,KAPX20220820_105249_V06,5.948,0.583,471.694,556.635,44.060,-83.654,43.747,22029.868,154386.089,20220820_065249,479180,380,35927,8
3,KAPX20220820_110144_V06,14.865,0.616,478.514,550.786,53.664,-83.611,43.773,26831.878,153916.224,20220820_070144,479173,361,34632,2
3,KAPX20220820_110620_V06,19.465,0.421,481.485,544.566,59.620,-83.592,43.801,29810.016,152273.948,20220820_070620,479179,345,32917,7
5,KAPX20220820_110144_V06,14.865,0.102,73.162,412.884,15.660,-86.143,44.390,7829.799,126687.006,20220820_070144,479173,361,34632,2
5,KAPX20220820_110620_V06,19.465,0.067,73.083,412.031,22.628,-86.144,44.394,11314.140,126532.983,20220820_070620,479179,345,32917,7
4,KAPX20220820_103922_V06,-7.502,0.065,30.457,437.496,39.449,-86.408,44.276,19724.464,151293.401,20220820_063922,479172,412,37355,2
7,KAPX20220821_104838_V06,0.576,0.205,41.419,420.674,38.054,-86.341,44.353,19026.825,142676.769,20220821_064838,479180,36,51508,0
7,KAPX20220821_105314_V06,5.176,0.329,42.078,416.680,47.409,-86.338,44.371,23704.559,141543.125,20220821_065314,479176,133,50766,1
7,KAPX20220821_110343_V06,15.659,0.860,48.600,419.349,53.429,-86.297,44.359,26714.627,139145.619,20220821_070343,479175,152,49853,0
7,KAPX20220821_110819_V06,20.259,0.890,49.196,418.194,57.273,-86.293,44.365,28636.663,138629.443,20220821_070819,479177,178,49900,6
7,KAPX20220821_111301_V06,24.959,0.775,51.215,429.765,57.413,-86.279,44.313,28706.714,140296.880,20220821_071301,479182,333,49426,6
7,KAPX20220821_111744_V06,29.676,0.229,51.925,435.527,58.995,-86.274,44.287,29497.517,141340.514,20220821_071744,479177,358,48708,6
1,KAPX20220822_104359_V06,-5.263,0.209,460.439,582.702,15.562,-83.726,43.631,7780.787,162527.803,20220822_064359,479171,8,52818,5
1,KAPX20220822_110445_V06,15.504,0.549,461.539,581.206,26.270,-83.719,43.637,13135.187,162150.796,20220822_070445,479174,5,46755,5
1,KAPX20220822_111431_V06,25.270,0.385,460.646,578.756,28.658,-83.724,43.648,14329.138,160866.457,20220822_071431,479174,2,46764,2
1,KAPX20220822_112416_V06,35.020,0.367,455.813,573.932,38.044,-83.754,43.670,19021.967,157572.727,20220822_072416,479176,0,50165,0
2,KAPX20220822_110445_V06,15.504,0.665,70.448,440.947,29.165,-86.157,44.264,14582.438,134685.119,20220822_070445,479174,5,46755,5
2,KAPX20220822_111431_V06,25.270,0.259,69.994,440.082,44.279,-86.160,44.268,22139.310,134652.941,20220822_071431,479174,2,46764,2
2,KAPX20220823_104145_V06,-8.686,0.121,441.431,402.472,52.414,-83.831,44.443,26206.865,87325.796,20220823_064145,479172,1,48693,1
3,KAPX20220823_112514_V06,34.798,0.721,381.927,52.664,8.031,-84.191,46.019,4015.602,130275.847,20220823_072514,479174,17,49633,7
4,KAPX20220823_120644_V06,76.298,0.060,171.901,74.655,2.942,-85.545,45.918,1471.107,129604.916,20220823_080644,479181,30,47680,21
12,KAPX20220825_104758_V06,-4.848,0.685,472.938,567.982,23.602,-83.647,43.696,11801.124,159469.314,20220825_064758,479182,4825,128414,507
12,KAPX20220825_105240_V06,-0.148,0.750,472.412,567.805,29.923,-83.650,43.697,14961.468,159252.588,20220825_065240,479182,4763,129156,572
12,KAPX20220825_110206_V06,9.285,0.907,474.205,562.774,40.772,-83.639,43.720,20386.216,157636.854,20220825_070206,479183,4735,129621,481
12,KAPX20220825_110642_V06,13.885,0.780,475.384,558.162,46.256,-83.631,43.740,23127.953,156050.327,20220825_070642,479178,4485,127158,542
12,KAPX20220825_111117_V06,18.469,0.755,481.348,549.996,51.672,-83.593,43.777,25836.219,154422.642,20220825_071117,479180,4418,126213,635
12,KAPX20220825_111552_V06,23.052,0.392,482.386,548.292,53.961,-83.587,43.784,26980.280,154040.509,20220825_071552,479179,4507,126334,602
12,KAPX20220825_112143_V06,28.902,0.063,486.904,531.177,55.394,-83.557,43.861,27696.881,148640.274,20220825_072143,479181,4583,127903,521
13,KAPX20220825_104758_V06,-4.848,0.079,417.488,305.307,20.706,-83.976,44.881,10353.092,58804.035,20220825_064758,479182,4825,128414,507
20,KAPX20220825_120823_V06,75.569,0.101,17.475,293.186,25.756,-86.509,44.924,12878.247,141303.440,20220825_080823,479175,5267,144446,552
2,KAPX20220827_104750_V06,-7.359,0.143,463.720,579.450,14.896,-83.705,43.645,7448.046,161938.481,20220827_064750,479175,2,41365,1
2,KAPX20220827_110723_V06,12.191,0.215,467.700,568.375,33.751,-83.680,43.695,16875.514,158230.869,20220827_070723,479174,28,39102,27
2,KAPX20220827_111710_V06,21.974,0.227,469.411,555.534,53.601,-83.668,43.752,26800.609,153295.180,20220827_071710,479177,3,36405,3
1,KAPX20220827_102819_V06,-26.876,0.081,270.143,571.730,8.850,-84.905,43.684,4425.140,136682.775,20220827_062819,479170,1,48276,1
3,KAPX20220827_110723_V06,12.191,0.444,275.870,572.910,14.925,-84.869,43.679,7462.374,136987.522,20220827_070723,479174,28,39102,27
3,KAPX20220827_111710_V06,21.974,0.057,277.181,572.047,12.736,-84.861,43.683,6367.849,136501.288,20220827_071710,479177,3,36405,3
6,KAPX20220827_114627_V06,51.257,0.353,442.470,110.760,33.565,-83.804,45.755,16782.417,118437.129,20220827_074627,479172,1,36905,0
1,KAPX20220828_102847_V06,-27.598,0.592,465.823,576.506,7.713,-83.692,43.658,3856.607,161208.381,20220828_062847,479176,0,23707,0
1,KAPX20220828_103833_V06,-17.831,-1.000,465.823,576.506,23.242,-83.692,43.658,11621.107,161208.381,20220828_063833,479169,0,22397,0
1,KAPX20220828_104820_V06,-8.048,0.077,481.318,552.661,30.609,-83.594,43.765,15304.648,155494.201,20220828_064820,479180,0,21770,0
2,KAPX20220831_120411_V06,64.241,0.072,196.086,327.210,45.554,-85.376,44.783,22776.810,53708.639,20220831_080411,479177,0,51858,0
1,KAPX20220902_110429_V06,2.170,0.077,365.027,406.748,34.620,-84.311,44.426,17309.912,62497.066,20220902_070429,479168,0,25445,0
14,KAPX20220903_114430_V06,41.002,0.055,26.487,379.089,46.386,-86.441,44.538,23193.081,142359.291,20220903_074430,479182,2383,146180,8
14,KAPX20220903_114847_V06,45.285,0.119,27.385,378.296,53.499,-86.435,44.542,26749.456,141817.654,20220903_074847,479183,2057,141505,13
14,KAPX20220903_115304_V06,49.569,0.108,31.384,380.792,54.534,-86.410,44.531,27267.149,140251.364,20220903_075304,479193,1847,136029,8
14,KAPX20220903_120137_V06,58.119,-1.000,37.770,384.286,59.486,-86.369,44.516,29742.854,137721.521,20220903_080137,479176,1675,127130,8
14,KAPX20220903_120552_V06,62.369,0.177,39.749,368.870,64.508,-86.358,44.586,32253.809,134604.689,20220903_080552,479182,1628,121617,7
14,KAPX20220903_121008_V06,66.635,0.061,47.511,362.582,68.323,-86.310,44.615,34161.673,130064.818,20220903_081008,479190,1620,114964,22
14,KAPX20220903_121424_V06,70.902,-1.000,53.341,357.216,71.945,-86.274,44.639,35972.411,126603.881,20220903_081424,479169,1469,107408,13
14,KAPX20220903_121841_V06,75.185,0.160,78.877,345.297,70.966,-86.115,44.695,35483.215,112857.168,20220903_081841,479196,1186,101319,14
2,KAPX20220906_111047_V06,3.737,0.082,460.159,574.427,23.824,-83.727,43.668,11911.791,158872.017,20220906_071047,479179,0,42003,0
2,KAPX20220906_112032_V06,13.487,0.653,465.610,572.039,30.277,-83.693,43.678,15138.559,159241.784,20220906_072032,479170,0,39076,0
2,KAPX20220906_113017_V06,23.237,0.729,469.210,564.885,35.079,-83.670,43.710,17539.316,157159.162,20220906_073017,479172,0,36266,0
2,KAPX20220906_114003_V06,33.003,0.785,471.704,556.908,42.343,-83.654,43.746,21171.466,154502.448,20220906_074003,479173,0,35403,0
2,KAPX20220906_114949_V06,42.770,0.204,469.172,551.104,48.162,-83.669,43.772,24081.155,151387.206,20220906_074949,479171,0,35706,0
1,KAPX20220906_110101_V06,-6.030,0.169,438.283,210.588,6.768,-83.838,45.306,3383.816,82335.807,20220906_070101,479180,0,43822,0
3,KAPX20220906_114949_V06,42.770,0.072,278.646,144.112,34.333,-84.857,45.608,17166.632,78671.772,20220906_074949,479171,0,35706,0
1,KAPX20220907_102112_V06,-47.028,0.056,165.543,151.827,6.096,-85.581,45.571,3048.216,100042.164,20220907_062112,479170,19,33359,11
2,KAPX20220907_111949_V06,11.588,0.095,344.023,146.552,2.722,-84.438,45.597,1361.160,79819.291,20220907_071949,479181,25,56186,19
4,KAPX20220907_121824_V06,70.172,0.091,278.108,573.402,9.507,-84.855,43.677,4753.525,137138.509,20220907_081824,479176,20,58642,20
3,KAPX20220911_110559_V06,-6.971,0.051,424.046,243.355,60.924,-83.931,45.159,30461.975,68183.576,20220911_070559,479182,6,56876,1
2,KAPX20220912_103131_V06,-42.620,0.117,355.134,126.120,29.588,-84.366,45.689,14793.900,91205.788,20220912_063131,479177,2997,243559,81
15,KAPX20220913_115342_V06,38.380,0.392,556.662,452.271,26.437,-83.114,44.211,13218.300,149216.073,20220913_075342,479180,676,175413,6
15,KAPX20220913_120512_V06,49.880,0.730,555.248,456.968,29.645,-83.123,44.190,14822.435,149825.355,20220913_080512,479184,706,174363,20
1,KAPX20220915_102449_V06,-52.873,0.056,213.434,466.382,2.512,-85.261,44.157,1255.964,93777.121,20220915_062449,479173,0,31209,0
2,KAPX20220915_110353_V06,-13.807,0.225,293.469,300.121,14.206,-84.761,44.907,7102.776,3266.061,20220915_070353,479178,0,18515,0
2,KAPX20220920_110125_V06,-22.228,0.082,450.885,526.514,18.457,-83.781,43.884,9228.474,136083.400,20220920_070125,479175,17,68323,0
3,KAPX20220920_120734_V06,43.922,0.052,305.002,510.123,32.050,-84.689,43.962,16024.996,105091.238,20220920_080734,479175,342,57562,125
4,KAPX20220922_105112_V06,-34.841,0.059,425.040,207.732,71.710,-83.922,45.320,35854.973,77698.575,20220922_065112,479179,161,82461,79
4,KAPX20220922_110036_V06,-25.441,0.091,429.080,211.974,79.153,-83.897,45.300,39576.718,78118.933,20220922_070036,479179,146,90047,61
27,KAPX20220922_122823_V06,62.342,0.051,141.480,32.765,22.223,-85.745,46.105,11111.618,155357.002,20220922_082823,479176,87,76615,43
27,KAPX20220922_123306_V06,67.059,0.112,141.884,36.121,27.515,-85.742,46.090,13757.693,153812.438,20220922_083306,479178,84,77345,35
3,KAPX20220922_103614_V06,-49.808,0.077,247.950,431.152,12.456,-85.046,44.317,6227.892,70551.531,20220922_063614,479181,107,81173,50
5,KAPX20220922_110534_V06,-20.475,0.358,326.745,129.778,19.326,-84.548,45.673,9663.010,86155.276,20220922_070534,479174,198,94891,102
10,KAPX20220922_112926_V06,3.392,0.071,346.244,139.157,28.423,-84.423,45.630,14211.731,83679.223,20220922_072926,479181,203,99661,115
32,KAPX20220922_124231_V06,76.475,0.108,249.547,281.197,18.167,-85.040,44.991,9083.693,26921.288,20220922_084231,479178,37,77300,7
2,KAPX20220925_104232_V06,-47.123,0.213,417.648,73.177,37.743,-83.961,45.925,18871.281,127759.303,20220925_064232,479178,175,182129,27
2,KAPX20220925_104848_V06,-40.857,0.274,411.360,72.506,48.590,-84.002,45.928,24294.788,126643.591,20220925_064848,479177,143,173171,14
2,KAPX20220925_110119_V06,-28.340,0.052,411.975,69.206,51.785,-83.998,45.943,25892.583,128261.677,20220925_070119,479169,143,166845,16
2,KAPX20220925_110714_V06,-22.423,0.069,440.465,81.505,33.363,-83.815,45.887,16681.553,129875.447,20220925_070714,479171,153,166615,12
2,KAPX20220925_111259_V06,-16.673,0.091,441.732,81.515,39.783,-83.807,45.887,19891.438,130215.077,20220925_071259,479180,140,161349,11
2,KAPX20220925_111814_V06,-11.423,0.165,447.802,76.413,35.120,-83.767,45.909,17559.788,134011.604,20220925_071814,479176,112,157150,7
2,KAPX20220925_112312_V06,-6.457,0.276,449.699,77.694,40.264,-83.755,45.903,20131.784,134005.585,20220925_072312,479173,123,151852,9
2,KAPX20220925_112811_V06,-1.473,0.335,455.015,75.956,34.945,-83.721,45.911,17472.610,136221.647,20220925_072811,479180,66,148148,7
2,KAPX20220925_113309_V06,3.493,0.338,456.569,77.321,40.358,-83.711,45.905,20178.990,136106.347,20220925_073309,479174,43,143025,6
2,KAPX20220925_113807_V06,8.460,0.672,464.731,81.222,31.770,-83.659,45.887,15885.185,136930.805,20220925_073807,479178,45,138527,6
2,KAPX20220925_114249_V06,13.160,0.152,465.529,80.278,38.133,-83.653,45.891,19066.369,137547.687,20220925_074249,479180,31,134657,0
34,KAPX20220925_120053_V06,31.227,0.125,27.873,386.577,35.274,-86.431,44.505,17637.041,142783.746,20220925_080053,479174,61,121834,6
34,KAPX20220925_120519_V06,35.660,0.070,28.588,387.489,40.627,-86.426,44.501,20313.617,142582.111,20220925_080519,479173,56,118828,15
34,KAPX20220925_120945_V06,40.093,-1.000,29.137,388.188,46.377,-86.423,44.498,23188.504,142429.038,20220925_080945,479177,71,116981,2
34,KAPX20220925_121413_V06,44.560,0.158,41.427,391.316,40.968,-86.345,44.485,20483.768,137111.936,20220925_081413,479179,67,114427,8
24,KAPX20220925_113807_V06,8.460,0.091,447.002,238.100,17.872,-83.785,45.182,8935.867,79751.417,20220925_073807,479178,45,138527,6
44,KAPX20220925_123631_V06,66.860,0.066,425.693,290.105,13.902,-83.923,44.949,6951.168,63041.133,20220925_083631,479176,107,114863,11
1,KAPX20220929_111346_V06,-20.751,0.775,299.489,300.206,9.166,-84.723,44.906,4583.115,275.552,20220929_071346,479183,0,36765,0
1,KAPX20220929_112332_V06,-10.985,0.067,298.138,301.711,17.371,-84.732,44.900,8685.442,1264.318,20220929_072332,479173,0,26686,0
1,KAPX20220929_113319_V06,-1.201,-1.000,296.865,303.129,26.024,-84.740,44.893,13011.862,2214.679,20220929_073319,479172,0,23859,0
1,KAPX20220929_114304_V06,8.549,0.053,298.576,301.492,12.190,-84.729,44.901,6095.051,1031.179,20220929_074304,479173,0,23039,0
1,KAPX20220930_120210_V06,26.425,0.053,296.619,303.017,13.819,-84.741,44.894,6909.252,2265.772,20220930_080210,479172,0,14014,0
1,KAPX20221004_124352_V06,63.198,0.482,305.014,18.516,23.485,-84.687,46.174,11742.294,140764.274,20221004_084352,479174,1,24257,0
1,KAPX20221005_124434_V06,62.657,0.058,297.415,305.187,18.644,-84.736,44.884,9322.159,2897.733,20221005_084434,479174,0,16664,0
1,KAPX20221009_113513_V06,-11.700,0.088,295.034,295.834,25.699,-84.751,44.926,12849.579,3240.991,20221009_073513,479173,0,19900,0
1,KAPX20221009_114459_V06,-1.934,0.153,296.239,295.494,35.728,-84.744,44.927,17864.069,2934.596,20221009_074459,479169,0,18038,0
1,KAPX20221011_112413_V06,-25.232,0.176,271.152,571.398,8.778,-84.899,43.686,4388.899,136463.374,20221011_072413,479175,0,19164,0
1,KAPX20221011_113359_V06,-15.465,0.099,270.879,571.236,16.251,-84.900,43.687,8125.494,136397.253,20221011_073359,479177,5,18357,2
2,KAPX20221011_113359_V06,-15.465,0.134,296.778,303.960,21.132,-84.740,44.889,10566.093,2552.506,20221011_073359,479177,5,18357,2
2,KAPX20221011_114345_V06,-5.698,0.229,297.184,304.440,28.151,-84.738,44.887,14075.675,2629.022,20221011_074345,479174,3,18682,3
2,KAPX20221011_120430_V06,15.052,-1.000,297.995,305.401,44.134,-84.732,44.883,22067.007,2880.527,20221011_080430,479174,3,17854,0
2,KAPX20221011_121416_V06,24.818,0.062,296.919,303.653,24.991,-84.739,44.891,12495.655,2389.633,20221011_081416,479178,2,17797,1
5,KAPX20221011_123349_V06,44.368,0.052,296.751,305.107,20.996,-84.740,44.884,10497.936,3026.434,20221011_083349,479177,0,18952,0
5,KAPX20221011_124335_V06,54.135,0.400,297.635,303.962,27.413,-84.735,44.889,13706.341,2307.004,20221011_084335,479180,0,20665,0
3,KAPX20221011_120430_V06,15.052,0.064,235.247,534.552,9.850,-85.122,43.851,4924.757,121663.285,20221011_080430,479174,3,17854,0
22,KAPX20221013_114347_V06,-8.217,0.212,172.885,391.941,13.366,-85.519,44.491,6682.837,78440.233,20221013_074347,479175,695,85688,151
22,KAPX20221013_114825_V06,-3.584,0.094,173.751,391.933,20.519,-85.513,44.491,10259.673,78086.994,20221013_074825,479179,850,85121,208
34,KAPX20221013_123440_V06,42.666,0.114,24.604,458.762,35.681,-86.442,44.180,17840.616,158940.792,20221013_083440,479173,1141,73112,309
34,KAPX20221013_123903_V06,47.050,0.272,24.676,458.343,40.547,-86.441,44.182,20273.733,158804.569,20221013_083903,479171,985,71476,253
11,KAPX20221013_110618_V06,-45.700,0.174,180.956,288.120,31.091,-85.474,44.958,15545.286,59817.439,20221013_070618,479175,590,108014,44
14,KAPX20221013_111105_V06,-40.917,0.053,25.482,216.173,23.301,-86.469,45.271,11650.483,143515.676,20221013_071105,479179,510,103574,50
23,KAPX20221013_114825_V06,-3.584,0.128,388.108,289.924,14.373,-84.161,44.951,7186.562,44341.294,20221013_074825,479179,850,85121,208
24,KAPX20221013_114825_V06,-3.584,0.087,257.494,121.536,20.321,-84.993,45.710,10160.580,91728.073,20221013_074825,479179,850,85121,208
33,KAPX20221013_123018_V06,38.300,0.162,24.277,467.095,40.456,-86.443,44.142,20227.962,161201.906,20221013_083018,479176,1317,74632,385
24,KAPX20221014_124012_V06,46.915,0.055,178.698,354.995,17.196,-85.484,44.657,8598.150,66593.476,20221014_084012,479174,27,92652,0
24,KAPX20221014_124456_V06,51.649,0.112,179.705,354.989,23.286,-85.478,44.657,11642.934,66133.710,20221014_084456,479170,22,93092,0
32,KAPX20221014_130835_V06,75.299,0.204,29.922,522.994,38.671,-86.400,43.891,19335.747,175120.495,20221014_090835,479173,46,95184,0
32,KAPX20221014_131305_V06,79.799,0.060,30.311,521.796,44.246,-86.398,43.897,22122.867,174589.486,20221014_091305,479176,30,94501,0
33,KAPX20221014_130835_V06,75.299,0.061,263.963,326.977,17.720,-84.947,44.786,8859.791,22508.224,20221014_090835,479173,46,95184,0
33,KAPX20221014_131305_V06,79.799,0.211,265.585,326.520,23.161,-84.937,44.788,11580.616,21723.924,20221014_091305,479176,30,94501,0
33,KAPX20221014_131748_V06,84.515,0.435,273.137,325.368,19.148,-84.889,44.793,9573.900,18473.935,20221014_091748,479173,8,95930,0
33,KAPX20221014_132231_V06,89.232,0.222,274.724,324.581,24.787,-84.879,44.797,12393.648,17628.783,20221014_092231,479177,18,97660,0
21,KAPX20221014_123528_V06,42.182,0.068,32.305,455.310,26.666,-86.394,44.196,13333.200,154743.195,20221014_083528,479177,38,92005,0
23,KAPX20221014_124012_V06,46.915,0.073,153.011,256.041,11.083,-85.654,45.101,5541.536,76710.847,20221014_084012,479174,27,92652,0
6,KAPX20221015_112247_V06,-31.791,0.051,320.032,269.633,14.913,-84.593,45.044,7456.421,18189.444,20221015_072247,479187,77,85263,1
27,KAPX20221015_131223_V06,77.809,0.053,230.151,294.425,31.183,-85.162,44.931,15591.745,35035.523,20221015_091223,479171,96,83382,4
4,KAPX20221016_111247_V06,-43.086,0.083,281.071,88.619,23.026,-84.842,45.858,11513.134,106113.203,20221016_071247,479176,2,57197,1
4,KAPX20221016_112234_V06,-33.303,0.283,281.295,87.302,31.830,-84.840,45.864,15915.155,106759.553,20221016_072234,479173,1,57029,0
8,KAPX20221017_113651_V06,-20.320,0.067,247.835,275.233,16.353,-85.051,45.018,8176.315,28872.877,20221017_073651,479182,3234,248321,152
13,KAPX20221017_114758_V06,-9.204,0.051,313.897,286.511,25.501,-84.632,44.968,12750.500,9683.742,20221017_074758,479181,1289,252574,44
14,KAPX20221017_120911_V06,12.013,0.134,267.762,288.648,23.920,-84.924,44.958,11960.196,17089.340,20221017_080911,479169,265,240283,0
14,KAPX20221017_121420_V06,17.163,0.124,263.826,295.589,20.304,-84.949,44.927,10152.246,18220.795,20221017_081420,479176,166,237559,0
2,KAPX20221018_123508_V06,36.657,0.053,28.343,411.374,55.153,-86.425,44.393,27576.719,146800.469,20221018_083508,479176,26,371280,3
1,KAPX20221023_124125_V06,36.328,0.065,296.823,301.485,17.306,-84.740,44.901,8652.943,1753.680,20221023_084125,479165,0,9081,0
12,KAPX20221024_131811_V06,71.757,0.055,282.478,389.754,27.946,-84.830,44.503,13973.085,45724.047,20221024_091811,479179,87,149914,1
12,KAPX20221024_132426_V06,78.007,0.260,285.936,388.272,33.866,-84.808,44.510,16933.075,44692.643,20221024_092426,479179,143,147893,4
9,KAPX20221024_130656_V06,60.507,0.134,126.438,381.156,31.714,-85.812,44.537,15857.244,95799.216,20221024_090656,479172,136,151213,9
13,KAPX20221024_131811_V06,71.757,0.051,357.956,522.714,31.448,-84.359,43.905,15724.133,115065.652,20221024_091811,479179,87,149914,1
3,KAPX20221025_114335_V06,-24.185,0.057,102.079,229.702,39.635,-85.980,45.217,19817.482,105017.227,20221025_074335,479180,14,50051,1
1,KAPX20221027_132015_V06,69.785,0.284,296.884,302.826,11.251,-84.739,44.895,5625.549,2103.294,20221027_092015,479177,0,10602,0
6,KAPX20221028_122047_V06,8.965,0.070,27.608,300.246,46.601,-86.444,44.893,23300.413,136195.827,20221028_082047,479170,0,31061,0
6,KAPX20221028_123033_V06,18.731,0.360,32.061,293.353,56.138,-86.417,44.925,28068.801,134010.683,20221028_083033,479174,0,29472,0
6,KAPX20221028_124020_V06,28.515,0.178,40.727,290.740,55.697,-86.362,44.937,27848.613,129719.279,20221028_084020,479171,0,29869,0
6,KAPX20221028_125007_V06,38.298,0.063,53.169,246.457,80.084,-86.289,45.137,40042.023,126285.619,20221028_085007,479171,0,29951,0
2,KAPX20221028_112202_V06,-49.785,0.115,29.772,280.162,36.713,-86.433,44.984,18356.407,135477.499,20221028_072202,479175,0,41414,0
2,KAPX20221028_113149_V06,-40.002,0.205,33.786,276.916,46.397,-86.408,44.999,23198.505,133606.678,20221028_073149,479174,0,36719,0
3,KAPX20221028_112202_V06,-49.785,0.057,242.814,520.358,20.204,-85.076,43.915,10102.108,113828.598,20221028_072202,479175,0,41414,0
3,KAPX20221028_113149_V06,-40.002,0.144,242.220,519.891,35.354,-85.079,43.917,17676.799,113677.776,20221028_073149,479174,0,36719,0
4,KAPX20221028_120112_V06,-10.619,0.069,38.786,173.909,64.015,-86.390,45.462,32007.706,145027.595,20221028_080112,479177,0,29116,0
2,KAPX20221029_114510_V06,-28.009,0.058,298.721,300.742,19.047,-84.728,44.904,9523.430,739.267,20221029_074510,479174,0,15897,0
2,KAPX20221029_120447_V06,-8.393,0.400,298.236,303.158,23.540,-84.731,44.893,11769.856,1808.465,20221029_080447,479173,0,14817,0
2,KAPX20221029_121436_V06,1.424,0.165,300.814,301.778,16.150,-84.715,44.899,8074.993,977.639,20221029_081436,479172,0,14669,0
2,KAPX20221029_122425_V06,11.241,0.265,300.397,302.515,22.998,-84.717,44.896,11499.114,1272.848,20221029_082425,479178,0,14479,0
2,KAPX20221029_123413_V06,21.041,0.060,298.548,305.266,18.139,-84.729,44.884,9069.496,2731.401,20221029_083413,479179,0,14371,0
5,KAPX20221029_130339_V06,50.474,0.217,299.130,303.079,17.336,-84.725,44.893,8667.889,1599.599,20221029_090339,479173,0,13221,0
5,KAPX20221029_131327_V06,60.274,0.063,299.329,302.963,25.170,-84.724,44.894,12585.105,1518.890,20221029_091327,479170,0,13102,0
5,KAPX20221029_132315_V06,70.074,0.452,299.647,303.268,18.842,-84.722,44.893,9420.967,1643.572,20221029_092315,479177,1,12045,1
1,KAPX20221029_113521_V06,-37.826,0.228,296.582,303.872,21.565,-84.741,44.890,10782.356,2582.497,20221029_073521,479176,0,18486,0
1,KAPX20221030_114932_V06,-25.003,0.137,300.717,303.073,18.813,-84.715,44.893,9406.315,1577.665,20221030_074932,479170,1,14704,1
2,KAPX20221030_123832_V06,23.997,0.179,300.332,303.604,14.328,-84.718,44.891,7164.005,1809.665,20221030_083832,479171,0,10808,0
2,KAPX20221030_124819_V06,33.781,-1.000,300.332,303.604,29.884,-84.718,44.891,14941.755,1809.665,20221030_084819,479174,0,11054,0
2,KAPX20221030_130755_V06,53.381,0.232,300.810,303.705,16.946,-84.715,44.891,8473.175,1896.196,20221030_090755,479170,0,10262,0
2,KAPX20221030_131743_V06,63.181,-1.000,300.810,303.705,32.528,-84.715,44.891,16264.175,1896.196,20221030_091743,479175,0,8798,0
2,KAPX20221030_132731_V06,72.981,0.063,300.447,303.667,13.611,-84.717,44.891,6805.550,1847.219,20221030_092731,479177,0,7751,0
2,KAPX20221101_122914_V06,11.970,0.247,296.262,304.066,15.107,-84.743,44.889,7553.745,2761.706,20221101_082914,479180,0,17533,0
2,KAPX20221101_123902_V06,21.770,0.051,295.659,304.201,24.079,-84.747,44.888,12039.335,3020.537,20221101_083902,479177,0,18716,0
2,KAPX20221101_124849_V06,31.553,-1.000,295.093,304.328,33.423,-84.751,44.888,16711.326,3271.660,20221101_084849,479174,0,20362,0
2,KAPX20221101_130823_V06,51.120,0.181,297.900,304.673,18.851,-84.733,44.886,9425.514,2561.457,20221101_090823,479177,3,24336,0
1,KAPX20221101_112046_V06,-56.497,0.111,274.214,570.534,10.398,-84.880,43.690,5199.167,135879.989,20221101_072046,479176,12,23351,5
2,KAPX20221102_114836_V06,-30.030,0.063,299.333,301.619,12.581,-84.724,44.900,6290.722,875.532,20221102_074836,479174,4,15030,0
2,KAPX20221102_120811_V06,-10.447,0.061,297.842,302.913,18.360,-84.733,44.894,9179.877,1812.856,20221102_080811,479177,5,13453,0
2,KAPX20221102_121758_V06,-0.664,0.771,298.634,301.694,14.146,-84.728,44.900,7072.781,1087.832,20221102_081758,479176,3,13561,0
2,KAPX20221102_122746_V06,9.136,0.101,298.661,303.145,22.176,-84.728,44.893,11087.868,1709.039,20221102_082746,479175,7,12856,1
2,KAPX20221102_123733_V06,18.920,0.069,299.873,302.091,13.520,-84.721,44.898,6759.914,1047.461,20221102_083733,479174,7,12379,0
1,KAPX20221102_111915_V06,-59.380,0.059,207.491,465.505,5.790,-85.298,44.161,2894.878,94802.179,20221102_071915,479173,0,25953,0
1,KAPX20221104_120523_V06,-15.984,0.555,297.791,302.190,10.827,-84.734,44.897,5413.662,1555.119,20221104_080523,479177,0,6288,0
1,KAPX20221104_121511_V06,-6.184,0.556,299.713,302.114,15.699,-84.722,44.898,7849.710,1066.558,20221104_081511,479176,0,6287,0
1,KAPX20221104_122500_V06,3.633,0.158,298.620,302.548,13.232,-84.728,44.896,6616.215,1448.675,20221104_082500,479178,0,6865,0
1,KAPX20221104_123447_V06,13.416,0.425,299.422,301.653,18.765,-84.723,44.900,9382.730,875.278,20221104_083447,479174,0,7185,0
1,KAPX20221104_124434_V06,23.199,0.074,298.848,302.460,11.302,-84.727,44.896,5650.917,1357.875,20221104_084434,479178,0,7667,0
1,KAPX20221104_130409_V06,42.783,0.320,299.184,303.023,15.086,-84.725,44.894,7543.232,1565.744,20221104_090409,479176,0,7599,0
1,KAPX20221104_131357_V06,52.583,0.117,300.637,301.700,10.214,-84.716,44.900,5107.174,907.690,20221104_091357,479178,0,6591,0
1,KAPX20221104_132344_V06,62.366,0.353,299.824,301.868,16.465,-84.721,44.899,8232.557,938.063,20221104_092344,479176,1,5857,0
1,KAPX20221104_133333_V06,72.183,0.157,298.717,303.064,11.818,-84.728,44.893,5908.966,1660.786,20221104_093333,479178,0,5372,0
1,KAPX20221104_134319_V06,81.949,0.350,298.753,302.812,17.406,-84.728,44.895,8702.915,1538.108,20221104_094319,479176,0,5360,0
12,KAPX20221105_125033_V06,27.813,0.071,32.742,437.368,39.454,-86.394,44.277,19726.833,150247.240,20221105_085033,479182,328,211513,15
12,KAPX20221105_130251_V06,40.113,-1.000,32.742,437.368,59.011,-86.394,44.277,29505.333,150247.240,20221105_090251,479178,410,194375,33
12,KAPX20221105_130845_V06,46.013,0.095,38.833,420.213,57.708,-86.358,44.355,28853.838,143752.908,20221105_090845,479181,319,190905,11
12,KAPX20221105_131439_V06,51.913,0.123,46.118,406.134,61.255,-86.314,44.418,30627.635,137586.484,20221105_091439,479172,408,193898,16
12,KAPX20221105_132033_V06,57.813,0.087,41.870,376.675,54.075,-86.344,44.551,27037.552,134638.412,20221105_092033,479174,463,193442,22
12,KAPX20221105_132632_V06,63.796,0.268,41.553,367.857,59.254,-86.347,44.590,29626.821,133603.369,20221105_092632,479172,481,191695,29
12,KAPX20221105_133248_V06,70.063,0.372,49.401,335.065,55.118,-86.302,44.738,27558.844,126520.165,20221105_093248,479170,513,189229,18
11,KAPX20221105_125033_V06,27.813,0.393,92.284,568.224,37.529,-86.008,43.693,18764.692,169624.764,20221105_085033,479182,328,211513,15
11,KAPX20221105_130251_V06,40.113,0.052,92.027,556.853,54.746,-86.011,43.744,27372.770,165246.961,20221105_090251,479178,410,194375,33
9,KAPX20221109_134454_V06,76.685,0.275,434.034,281.733,5.393,-83.870,44.986,2696.735,67636.687,20221109_084454,479182,7141,117501,3338
9,KAPX20221109_134932_V06,81.319,0.135,434.085,281.602,11.917,-83.870,44.987,5958.347,67670.704,20221109_084932,479178,6953,119076,3074
7,KAPX20221109_134015_V06,72.035,0.226,224.502,269.433,6.453,-85.199,45.044,3226.404,40725.502,20221109_084015,479184,7564,116922,3620
1,KAPX20221111_114846_V06,-42.179,0.100,23.682,169.620,38.210,-86.487,45.480,19104.752,152766.453,20221111_064846,479178,46,25639,2
1,KAPX20221111_115322_V06,-37.579,0.124,24.312,167.458,44.813,-86.483,45.490,22406.380,152947.289,20221111_065322,479171,85,24522,30
2,KAPX20221113_114057_V06,-52.716,0.291,310.372,517.742,15.528,-84.655,43.927,7763.964,108994.538,20221113_064057,479174,1,225339,0
6,KAPX20221115_122709_V06,-9.221,0.078,506.708,236.484,37.444,-83.405,45.185,18721.840,108122.977,20221115_072709,479175,0,238735,0
6,KAPX20221115_123657_V06,0.579,0.054,505.184,234.988,47.218,-83.414,45.192,23608.783,107618.379,20221115_073657,479171,0,250692,0
12,KAPX20221115_134531_V06,69.146,0.360,112.943,162.992,44.152,-85.917,45.517,22075.899,115932.531,20221115_084531,479175,0,312378,0
12,KAPX20221115_140507_V06,88.746,0.186,101.292,157.502,49.381,-85.992,45.541,24690.643,122260.609,20221115_090507,479178,0,315913,0
1,KAPX20221115_113809_V06,-58.221,0.093,34.159,417.494,62.348,-86.387,44.366,31174.152,145323.930,20221115_063809,479176,0,183791,0
7,KAPX20221116_132946_V06,52.051,0.055,203.099,149.495,75.016,-85.341,45.583,37508.129,89500.813,20221116_082946,479176,0,197563,0
5,KAPX20221118_124930_V06,9.116,0.054,518.429,465.746,27.940,-83.355,44.153,13970.074,137097.585,20221118_074930,479172,5,223297,0
1,KAPX20221124_130528_V06,17.297,0.058,296.428,304.904,10.808,-84.742,44.885,5404.232,3033.336,20221124_080528,479175,0,7127,0
1,KAPX20221124_131517_V06,27.114,0.093,296.008,305.114,18.782,-84.745,44.884,9391.030,3243.845,20221124_081517,479173,0,7019,0
1,KAPX20221127_123900_V06,-12.886,0.058,47.451,351.824,59.619,-86.312,44.663,29809.536,128905.732,20221127_073900,479178,0,48240,0
1,KAPX20221205_120730_V06,-53.451,0.179,26.649,424.729,49.358,-86.433,44.333,24678.890,150231.638,20221205_070730,479171,0,14327,0
1,KAPX20221205_121718_V06,-43.651,-1.000,26.649,424.729,64.940,-86.433,44.333,32469.890,150231.638,20221205_071718,479172,0,13219,0
1,KAPX20221205_122706_V06,-33.851,-1.000,26.649,424.729,80.522,-86.433,44.333,40260.890,150231.638,20221205_072706,479173,0,13081,0
1,KAPX20221205_123654_V06,-24.051,0.164,39.320,396.707,79.144,-86.358,44.460,39572.158,139020.024,20221205_073654,479174,0,9191,0
1,KAPX20221205_124642_V06,-14.251,0.142,40.618,396.154,82.964,-86.350,44.463,41482.244,138315.520,20221205_074642,479170,0,9241,0
1,KAPX20221205_130734_V06,6.616,0.084,32.713,380.082,66.101,-86.401,44.534,33050.728,139513.113,20221205_080734,479178,0,11278,0
2,KAPX20221205_121718_V06,-43.651,0.120,297.965,303.634,9.758,-84.733,44.891,4878.929,2082.368,20221205_071718,479172,0,13219,0
4,KAPX20221205_132708_V06,26.182,0.122,24.296,501.195,37.244,-86.438,43.989,18622.135,170654.678,20221205_082708,479176,0,10179,0
1,KAPX20221216_122609_V06,-44.482,0.110,33.396,200.936,55.575,-86.421,45.340,27787.670,142207.294,20221216_072609,479173,0,78604,0
1,KAPX20221216_123556_V06,-34.699,0.402,34.387,197.224,63.560,-86.415,45.357,31779.901,142401.919,20221216_073556,479174,0,82962,0
1,KAPX20221216_124543_V06,-24.916,0.330,36.892,187.640,61.427,-86.400,45.400,30713.709,143047.711,20221216_074543,479174,0,89323,0
1,KAPX20221216_130518_V06,-5.332,-1.000,41.514,169.975,59.795,-86.373,45.480,29897.434,144673.155,20221216_080518,479173,0,107444,0
1,KAPX20221216_131504_V06,4.434,0.079,67.542,175.725,48.673,-86.206,45.457,24336.740,131796.297,20221216_081504,479174,0,117079,0
2,KAPX20221217_141730_V06,66.185,0.080,419.756,354.185,24.882,-83.965,44.661,12440.800,65722.039,20221217_091730,479174,0,176321,0
2,KAPX20221220_132840_V06,15.524,0.070,52.437,148.635,87.405,-86.306,45.577,43702.621,145085.119,20221220_082840,479177,0,323065,0
4,KAPX20221222_142158_V06,67.798,0.054,44.943,230.540,94.712,-86.343,45.208,47356.239,132173.075,20221222_092158,479176,0,127720,0
4,KAPX20221222_143145_V06,77.582,0.061,46.137,226.755,102.987,-86.336,45.225,51493.598,132109.265,20221222_093145,479172,0,124217,0
4,KAPX20221222_144133_V06,87.382,0.064,49.427,213.948,95.948,-86.317,45.283,47974.225,132468.911,20221222_094133,479177,0,130990,0
1,KAPX20221223_122218_V06,-52.321,0.115,29.294,403.989,59.268,-86.420,44.427,29634.117,144995.951,20221223_072218,479179,1,401409,0
1,KAPX20221223_122928_V06,-45.154,0.097,29.950,399.636,65.104,-86.416,44.446,32551.837,143922.016,20221223_072928,479177,3,402755,0
1,KAPX20221223_123637_V06,-38.004,0.078,30.828,392.384,57.685,-86.411,44.479,28842.476,142292.337,20221223_073637,479179,5,402106,2
2,KAPX20221224_143053_V06,75.850,0.056,50.627,390.307,79.700,-86.287,44.490,39849.808,132610.583,20221224_093053,479173,3,287527,0
1,KAPX20221228_131004_V06,-6.196,0.060,25.873,134.271,35.067,-86.478,45.639,17533.407,160165.275,20221228_081004,479180,0,15862,0
