track_id,filename,from_sunrise,det_score,x,y,r,lon,lat,radius,geo_dist,local_time,n_radar_pixels,n_refAbove40_pixels,n_xcorrAbove0.95_pixels,n_xcorrBelow0.95_refAbove40_pixels
11,KFDR20130601_121805_V06,53.374,0.203,277.813,337.869,5.054,-99.096,34.191,2526.970,21945.016,20130601_071805,479189,511,88912,93
11,KFDR20130601_122138_V06,56.924,0.078,277.831,337.833,10.310,-99.096,34.192,5155.092,21925.169,20130601_072138,479194,575,89512,65
11,KFDR20130601_122508_V06,60.424,0.115,277.686,336.698,12.462,-99.097,34.197,6231.218,21474.734,20130601_072508,479184,624,91329,78
11,KFDR20130601_122839_V06,63.940,-1.000,277.584,335.861,15.488,-99.098,34.201,7743.881,21145.510,20130601_072839,479187,739,90290,91
11,KFDR20130601_123210_V06,67.457,0.061,279.293,337.766,4.715,-99.088,34.192,2357.265,21535.072,20130601_073210,479185,850,90794,67
11,KFDR20130601_123542_V06,70.990,0.110,279.445,337.690,10.243,-99.088,34.192,5121.366,21465.342,20130601_073542,479188,766,91056,85
11,KFDR20130601_123913_V06,74.507,0.059,278.161,337.202,12.741,-99.095,34.194,6370.705,21569.142,20130601_073913,479193,835,90697,96
11,KFDR20130601_124243_V06,78.007,-1.000,277.254,336.833,16.041,-99.099,34.196,8020.729,21644.978,20130601_074243,479195,859,91330,98
11,KFDR20130601_124613_V06,81.507,0.055,278.512,338.073,3.332,-99.093,34.191,1666.061,21858.997,20130601_074613,479187,873,92889,141
11,KFDR20130601_124945_V06,85.040,0.174,278.594,337.798,8.206,-99.092,34.192,4102.846,21719.364,20130601_074945,479183,840,91343,111
6,KFDR20130601_120358_V06,39.257,0.156,278.574,338.079,3.959,-99.092,34.191,1979.721,21846.573,20130601_070358,479191,423,87610,95
6,KFDR20130601_120730_V06,42.790,0.061,278.747,338.055,8.819,-99.091,34.191,4409.410,21793.564,20130601_070730,479193,336,88348,104
8,KFDR20130601_120730_V06,42.790,0.067,232.255,287.000,2.725,-99.345,34.420,1362.385,34490.779,20130601_070730,479193,336,88348,104
8,KFDR20130601_121102_V06,46.324,0.107,232.269,286.942,7.387,-99.345,34.421,3693.701,34488.980,20130601_071102,479181,452,86773,93
8,KFDR20130601_121433_V06,49.840,-1.000,232.279,286.903,12.337,-99.344,34.421,6168.344,34487.784,20130601_071433,479180,504,89408,77
8,KFDR20130601_121805_V06,53.374,0.094,233.346,286.187,2.265,-99.339,34.424,1132.412,34035.270,20130601_071805,479189,511,88912,93
8,KFDR20130601_122138_V06,56.924,0.063,233.186,286.277,7.016,-99.340,34.424,3507.892,34104.462,20130601_072138,479194,575,89512,65
8,KFDR20130601_122508_V06,60.424,0.113,232.384,287.042,2.667,-99.344,34.420,1333.496,34423.176,20130601_072508,479184,624,91329,78
3,KFDR20130601_111801_V06,-6.693,0.093,279.678,337.070,8.256,-99.086,34.195,4127.998,21137.479,20130601_061801,479183,418,85925,145
5,KFDR20130601_114942_V06,24.990,0.078,279.666,338.317,3.707,-99.086,34.189,1853.565,21689.341,20130601_064942,479185,366,87739,136
9,KFDR20130601_121433_V06,49.840,0.099,232.428,285.837,2.749,-99.344,34.426,1374.264,34520.165,20130601_071433,479180,504,89408,77
14,KFDR20130604_124155_V06,77.962,0.061,483.275,105.618,52.452,-97.969,35.234,26226.032,133579.826,20130604_074155,479191,4008,90548,252
1,KFDR20130605_111141_V06,-12.074,0.157,280.504,335.798,3.260,-99.082,34.201,1629.967,20381.357,20130605_061141,479191,3478,71750,229
1,KFDR20130605_111503_V06,-8.707,0.068,280.431,336.096,7.793,-99.082,34.199,3896.484,20529.942,20130605_061503,479185,3003,70758,233
1,KFDR20130605_111813_V06,-5.540,0.064,280.500,337.051,10.043,-99.082,34.195,5021.285,20934.576,20130605_061813,479180,2890,74044,241
8,KFDR20130605_120253_V06,39.126,0.076,279.651,337.647,3.867,-99.086,34.192,1933.342,21396.987,20130605_070253,479182,3313,101927,192
8,KFDR20130605_120629_V06,42.726,0.081,279.737,337.546,9.671,-99.086,34.193,4835.466,21332.323,20130605_070629,479182,3236,101687,152
14,KFDR20130605_123636_V06,72.843,0.062,281.324,337.625,5.042,-99.077,34.193,2520.962,21002.750,20130605_073636,479180,5901,113762,261
14,KFDR20130605_124026_V06,76.676,0.085,281.343,337.625,10.223,-99.077,34.193,5111.427,20998.077,20130605_074026,479186,5472,113751,238
4,KFDR20130605_115542_V06,31.943,0.191,279.605,335.984,5.869,-99.087,34.200,2934.536,20681.141,20130605_065542,479192,2935,95721,230
7,KFDR20130605_120253_V06,39.126,0.090,379.181,357.454,2.440,-98.547,34.102,1220.110,48914.569,20130605_070253,479182,3313,101927,192
11,KFDR20130605_121716_V06,53.510,0.089,281.780,337.467,5.931,-99.075,34.193,2965.385,20830.926,20130605_071716,479186,3811,107308,155
12,KFDR20130605_122858_V06,65.210,0.108,279.933,337.617,5.329,-99.085,34.193,2664.448,21317.347,20130605_072858,479194,4975,110445,240
13,KFDR20130605_123636_V06,72.843,0.069,231.857,287.396,3.091,-99.347,34.418,1545.443,34649.434,20130605_073636,479180,5901,113762,261
11,KFDR20130606_113927_V06,15.863,0.160,231.525,286.762,2.249,-99.349,34.421,1124.384,34871.383,20130606_063927,479199,2890,210944,280
11,KFDR20130606_114405_V06,20.496,0.092,231.487,287.004,8.041,-99.349,34.420,4020.564,34867.336,20130606_064405,479198,2393,205813,286
1,KFDR20130607_112331_V06,0.073,0.069,280.259,334.845,5.879,-99.083,34.205,2939.400,20024.032,20130607_062331,479185,19,62185,12
1,KFDR20130607_113309_V06,9.706,0.095,280.183,335.046,12.962,-99.084,34.204,6480.847,20130.276,20130607_063309,479178,11,59692,5
1,KFDR20130608_104548_V06,-37.528,0.078,30.067,174.010,44.727,-100.453,34.921,22363.462,148944.016,20130608_054548,479187,120,51468,108
1,KFDR20130612_115332_V06,30.406,0.062,278.424,335.705,4.032,-99.093,34.201,2016.190,20859.179,20130612_065332,479191,147,23752,133
2,KFDR20130613_102606_V06,-57.043,0.100,212.224,325.447,2.296,-99.453,34.247,1147.804,45695.185,20130613_052606,479188,144,52752,129
1,KFDR20130614_120136_V06,38.416,0.109,218.239,39.597,3.005,-99.427,35.535,1502.392,136468.467,20130614_070136,479189,136,26220,80
3,KFDR20130614_121113_V06,48.033,0.064,367.393,485.360,13.823,-98.613,33.526,6911.584,98615.664,20130614_071113,479187,197,25762,134
2,KFDR20130615_111709_V06,-6.100,0.074,202.237,369.511,17.873,-99.506,34.048,8936.476,59977.814,20130615_061709,479180,183,67816,39
5,KFDR20130615_114951_V06,26.600,0.086,288.208,427.431,17.634,-99.040,33.788,8816.824,63987.883,20130615_064951,479187,152,79792,43
3,KFDR20130616_105926_V06,-23.907,0.424,154.011,195.083,6.832,-99.774,34.833,3416.206,89889.478,20130616_055926,479188,394,46183,102
6,KFDR20130616_111906_V06,-4.240,0.079,222.146,76.915,2.238,-99.404,35.367,1119.106,118139.947,20130616_061906,479191,393,44747,92
7,KFDR20130616_124249_V06,79.476,0.087,279.991,337.405,9.688,-99.085,34.194,4844.088,21210.079,20130616_074249,479185,95,37120,49
19,KFDR20130617_110546_V06,-17.689,0.053,69.256,315.094,6.866,-100.229,34.288,3433.138,115618.423,20130617_060546,479199,18391,277163,779
23,KFDR20130617_112411_V06,0.727,0.266,323.635,65.302,28.998,-98.846,35.420,14499.172,117942.376,20130617_062411,479205,12958,220600,669
23,KFDR20130617_112847_V06,5.327,0.089,329.034,69.003,25.211,-98.816,35.403,12605.396,116407.155,20130617_062847,479194,12410,206674,525
28,KFDR20130617_114235_V06,19.127,0.068,333.318,235.469,61.445,-98.794,34.653,30722.485,36312.190,20130617_064235,479180,11992,181358,704
31,KFDR20130617_115625_V06,32.961,0.052,377.087,252.267,63.055,-98.556,34.577,31527.649,45334.280,20130617_065625,479204,9138,154874,587
5,KFDR20130618_123740_V06,74.071,0.057,276.434,337.012,10.108,-99.104,34.195,5053.972,21938.923,20130618_073740,479201,169,86966,132
2,KFDR20130619_114331_V06,19.757,0.117,27.050,195.453,28.767,-100.468,34.824,14383.509,146143.715,20130619_064331,479189,615,77289,199
2,KFDR20130619_114643_V06,22.957,0.388,27.323,195.910,33.104,-100.466,34.822,16552.026,145934.608,20130619_064643,479190,882,74307,198
2,KFDR20130619_114956_V06,26.174,0.158,28.855,199.248,34.801,-100.458,34.807,17400.657,144629.416,20130619_064956,479194,1229,75434,231
2,KFDR20130619_115309_V06,29.390,0.105,33.584,200.303,30.463,-100.432,34.803,15231.358,142229.702,20130619_065309,479192,1274,75953,203
4,KFDR20130619_122528_V06,61.707,0.093,364.802,500.940,6.643,-98.628,33.456,3321.331,105565.245,20130619_072528,479193,2744,84431,384
1,KFDR20130620_111230_V06,-11.447,0.056,294.978,345.277,13.538,-99.003,34.158,6768.896,22777.465,20130620_061230,479181,136,32428,123
3,KFDR20130623_111424_V06,-10.248,0.080,278.034,332.361,7.987,-99.095,34.216,3993.435,19555.861,20130623_061424,479189,445,43568,73
1,KFDR20130624_111817_V06,-6.644,0.050,281.481,335.652,4.777,-99.077,34.201,2388.443,20087.417,20130624_061817,479182,64,33027,61
1,KFDR20130624_112513_V06,0.290,0.061,280.265,336.199,12.418,-99.083,34.199,6209.010,20614.439,20130624_062513,479198,75,36205,66
3,KFDR20130624_115934_V06,34.640,0.071,309.963,373.311,2.111,-98.922,34.032,1055.593,36992.670,20130624_065934,479183,90,38875,64
1,KFDR20130625_122336_V06,58.372,0.063,282.964,335.131,13.762,-99.069,34.204,6880.817,19521.832,20130625_072336,479182,74,26982,60
2,KFDR20130625_122832_V06,63.306,0.056,414.766,513.346,11.203,-98.359,33.399,5601.473,121127.506,20130625_072832,479187,84,26881,65
1,KFDR20130627_105353_V06,-32.010,0.174,420.915,219.823,5.892,-98.316,34.722,2946.095,72540.885,20130627_055353,479190,178,49114,133
1,KFDR20130627_110332_V06,-22.360,0.172,421.457,219.874,13.716,-98.313,34.722,6857.776,72753.051,20130627_060332,479194,146,40850,131
3,KFDR20130628_103715_V06,-49.008,0.100,346.252,509.982,4.526,-98.727,33.415,2263.108,107507.789,20130628_053715,479193,56,63813,47
4,KFDR20130628_120346_V06,37.509,0.075,278.062,339.156,6.719,-99.095,34.186,3359.488,22441.290,20130628_070346,479185,136,60479,120
1,KFDR20130629_105800_V06,-28.642,0.418,417.765,229.466,6.520,-98.334,34.678,3259.769,68636.028,20130629_055800,479190,39,67564,23
4,KFDR20130629_105800_V06,-28.642,0.060,167.133,196.228,13.647,-99.702,34.828,6823.595,84294.500,20130629_055800,479190,39,67564,23
5,KFDR20130629_113228_V06,5.824,0.193,438.361,9.968,11.991,-98.212,35.667,5995.338,160672.333,20130629_063228,479194,95,61311,66
6,KFDR20130630_110945_V06,-17.297,0.050,296.463,331.932,24.219,-98.995,34.218,12109.409,16063.572,20130630_060945,479187,803,89400,146
6,KFDR20130630_111341_V06,-13.364,0.069,296.750,332.826,29.480,-98.994,34.214,14739.875,16493.019,20130630_061341,479193,642,80719,131
5,KFDR20130630_110110_V06,-25.880,0.137,288.611,318.310,21.550,-99.038,34.280,10774.967,10781.261,20130630_060110,479190,1011,104297,236
7,KFDR20130630_111341_V06,-13.364,0.128,263.729,281.465,25.065,-99.173,34.446,12532.490,20366.402,20130630_061341,479193,642,80719,131
5,KFDR20130703_110733_V06,-20.823,0.051,270.917,255.080,6.488,-99.135,34.565,3243.767,26756.460,20130703_060733,479195,70,31183,47
5,KFDR20130703_111230_V06,-15.873,0.209,271.187,254.034,12.619,-99.133,34.569,6309.526,27124.890,20130703_061230,479185,79,30307,60
5,KFDR20130703_111726_V06,-10.940,0.067,273.323,251.423,13.933,-99.121,34.581,6966.284,27709.828,20130703_061726,479194,50,33181,37
1,KFDR20130703_103303_V06,-55.323,0.257,170.088,185.765,12.561,-99.687,34.875,6280.735,86496.902,20130703_053303,479194,38,41834,26
1,KFDR20130703_103800_V06,-50.373,0.105,169.786,186.522,18.217,-99.688,34.872,9108.404,86361.097,20130703_053800,479190,75,41623,68
4,KFDR20130703_110733_V06,-20.823,0.190,262.175,358.510,9.837,-99.181,34.098,4918.379,34836.124,20130703_060733,479195,70,31183,47
6,KFDR20130703_111230_V06,-15.873,0.091,458.369,307.278,8.900,-98.116,34.326,4449.821,79268.149,20130703_061230,479185,79,30307,60
7,KFDR20130703_112223_V06,-5.990,0.062,383.542,354.031,4.936,-98.523,34.118,2467.876,49745.895,20130703_062223,479178,81,33565,59
9,KFDR20130703_113707_V06,8.743,0.058,421.307,420.699,18.773,-98.321,33.816,9386.740,85562.348,20130703_063707,479181,75,30146,48
10,KFDR20130703_114205_V06,13.710,0.115,19.864,379.031,23.046,-100.492,33.997,11523.042,145535.137,20130703_064205,479190,72,30596,25
9,KFDR20130704_122939_V06,60.799,0.189,456.819,294.953,9.869,-98.124,34.382,4934.265,78450.324,20130704_072939,479195,152,85308,51
9,KFDR20130704_123435_V06,65.732,0.635,457.774,292.233,16.531,-98.118,34.394,8265.714,78982.282,20130704_073435,479191,114,83673,61
9,KFDR20130704_123930_V06,70.649,0.814,458.917,284.036,18.287,-98.112,34.431,9143.331,79858.624,20130704_073930,479189,82,82714,38
9,KFDR20130704_124423_V06,75.532,0.456,460.005,281.883,21.429,-98.106,34.441,10714.705,80513.585,20130704_074423,479189,91,80240,56
9,KFDR20130704_124918_V06,80.449,0.119,459.384,280.802,22.662,-98.109,34.446,11330.836,80267.986,20130704_074918,479186,81,77907,38
4,KFDR20130704_112541_V06,-3.168,0.275,450.852,285.996,17.586,-98.156,34.423,8792.816,75750.412,20130704_062541,479191,471,102008,44
4,KFDR20130704_113036_V06,1.749,0.159,450.617,285.724,24.067,-98.157,34.424,12033.275,75646.248,20130704_063036,479189,537,102431,40
4,KFDR20130704_113533_V06,6.699,0.075,451.119,281.887,25.916,-98.154,34.441,12958.060,76100.155,20130704_063533,479185,527,102561,25
1,KFDR20130704_110602_V06,-22.818,0.167,453.867,305.094,4.816,-98.140,34.336,2408.073,76975.446,20130704_060602,479194,319,109952,59
5,KFDR20130704_112541_V06,-3.168,0.083,373.359,240.016,16.110,-98.576,34.632,8055.161,47380.471,20130704_062541,479191,471,102008,44
8,KFDR20130704_122939_V06,60.799,0.251,165.623,133.836,15.612,-99.713,35.109,7806.068,106850.004,20130704_072939,479195,152,85308,51
10,KFDR20130704_123435_V06,65.732,0.200,169.379,186.151,31.168,-99.690,34.873,15584.080,86636.475,20130704_073435,479191,114,83673,61
5,KFDR20130706_124522_V06,75.510,0.081,285.437,343.245,14.625,-99.055,34.167,7312.302,22815.601,20130706_074522,479186,128,57831,45
5,KFDR20130706_125018_V06,80.443,0.064,284.290,341.255,20.242,-99.061,34.176,10120.833,22072.445,20130706_075018,479185,139,55635,52
2,KFDR20130706_115123_V06,21.527,0.111,281.276,336.253,5.313,-99.078,34.199,2656.559,20401.298,20130706_065123,479193,117,58681,58
3,KFDR20130706_122050_V06,50.977,0.069,284.379,339.700,10.947,-99.061,34.183,5473.671,21331.469,20130706_072050,479195,71,57053,44
2,KFDR20130707_120129_V06,31.100,0.157,19.473,180.602,16.715,-100.511,34.891,8357.725,152439.783,20130707_070129,479189,75,50821,69
1,KFDR20130708_115224_V06,21.476,0.108,282.105,337.473,6.354,-99.073,34.193,3176.952,20763.169,20130708_065224,479189,66,56055,63
1,KFDR20130708_120202_V06,31.109,0.064,282.149,337.355,14.745,-99.073,34.194,7372.403,20700.486,20130708_070202,479190,40,55525,40
1,KFDR20130709_111907_V06,-12.363,0.204,164.669,205.795,16.842,-99.715,34.785,8420.887,82445.481,20130709_061907,479183,89,52719,78
1,KFDR20130709_112844_V06,-2.746,0.288,150.747,202.333,27.240,-99.792,34.800,13619.784,89184.205,20130709_062844,479177,94,62275,93
3,KFDR20130709_124534_V06,74.087,0.068,286.840,339.536,12.082,-99.047,34.184,6041.229,20834.343,20130709_074534,479183,68,67553,55
2,KFDR20130711_111916_V06,-13.364,0.066,164.818,209.625,20.743,-99.714,34.767,10371.540,81304.780,20130711_061916,479179,70,60371,59
2,KFDR20130711_112410_V06,-8.464,0.111,165.337,210.104,27.263,-99.712,34.765,13631.426,80955.837,20130711_062410,479185,113,57573,93
2,KFDR20130711_112905_V06,-3.547,0.063,170.248,213.128,30.341,-99.685,34.752,15170.430,78074.227,20130711_062905,479179,128,57506,111
4,KFDR20130711_114349_V06,11.186,0.062,167.638,196.855,13.841,-99.700,34.825,6920.500,83902.736,20130711_064349,479175,128,54333,90
5,KFDR20130711_124530_V06,72.869,0.110,283.722,335.814,7.154,-99.064,34.201,3577.198,19670.013,20130711_074530,479171,83,55003,46
1,KFDR20130712_111158_V06,-21.258,0.270,117.777,225.405,43.406,-99.971,34.694,21702.965,98450.323,20130712_061158,479173,100,45617,92
1,KFDR20130712_112134_V06,-11.658,0.185,116.883,226.320,52.681,-99.975,34.690,26340.600,98692.355,20130712_062134,479180,95,45104,81
3,KFDR20130712_122940_V06,56.442,0.061,502.428,314.236,6.766,-97.877,34.293,3382.973,101464.086,20130712_072940,479182,99,49276,92
1,KFDR20130713_111852_V06,-14.964,0.121,118.095,215.598,42.224,-99.969,34.739,21111.965,100266.189,20130713_061852,479184,99,50840,98
2,KFDR20130714_115304_V06,18.619,0.084,451.426,6.352,12.306,-98.140,35.683,6153.172,165196.052,20130714_065304,479182,9100,95924,242
2,KFDR20130714_115758_V06,23.519,0.076,452.532,7.304,19.336,-98.134,35.678,9667.925,165028.032,20130714_065758,479185,9317,95977,257
4,KFDR20130715_110029_V06,-34.592,0.056,447.054,214.801,21.307,-98.173,34.744,10653.622,84975.875,20130715_060029,479183,479,79073,154
6,KFDR20130715_123529_V06,60.408,0.154,278.564,335.606,8.603,-99.092,34.202,4301.416,20780.127,20130715_073529,479179,314,68801,186
8,KFDR20130715_124152_V06,66.792,0.071,161.529,302.984,2.228,-99.729,34.346,1113.974,69251.563,20130715_074152,479184,320,70713,165
8,KFDR20130717_114236_V06,6.242,0.239,390.636,287.194,17.991,-98.483,34.419,8995.689,45768.045,20130717_064236,479182,1518,101590,156
8,KFDR20130717_114717_V06,10.925,0.126,388.890,286.131,23.321,-98.493,34.424,11660.345,44982.512,20130717_064717,479186,1644,103082,125
4,KFDR20130717_103854_V06,-57.458,0.102,277.675,174.426,8.133,-99.098,34.928,4066.536,63771.511,20130717_053854,479188,497,123659,83
14,KFDR20130717_125034_V06,74.208,0.062,250.926,185.938,19.358,-99.244,34.876,9678.778,62085.476,20130717_075034,479188,3524,99616,140
14,KFDR20130717_125516_V06,78.908,-1.000,250.926,185.938,26.831,-99.244,34.876,13415.278,62085.476,20130717_075516,479182,3681,100223,131
14,KFDR20130717_125957_V06,83.592,0.193,244.031,179.913,21.171,-99.282,34.903,10585.361,66244.617,20130717_075957,479191,3750,101845,119
17,KFDR20130717_125957_V06,83.592,0.106,278.150,296.367,28.831,-99.095,34.379,14415.670,11075.158,20130717_075957,479191,3750,101845,119
1,KFDR20130718_111406_V06,-22.913,0.522,410.313,347.503,8.468,-98.378,34.147,4233.820,60053.374,20130718_061406,479186,77,36051,62
1,KFDR20130718_111901_V06,-17.997,0.326,409.856,347.663,14.164,-98.381,34.146,7081.996,59875.083,20130718_061901,479168,54,41325,46
2,KFDR20130718_112855_V06,-8.097,0.105,151.834,193.904,9.102,-99.786,34.838,4550.884,91117.373,20130718_062855,479176,62,55106,50
3,KFDR20130718_124159_V06,64.970,0.136,219.702,40.101,3.154,-99.419,35.533,1576.927,136010.259,20130718_074159,479179,103,36432,94
2,KFDR20130719_110628_V06,-31.210,0.602,391.668,407.687,10.637,-98.481,33.876,5318.716,70709.971,20130719_060628,479180,207,43283,155
2,KFDR20130719_111606_V06,-21.576,0.405,393.706,403.872,22.771,-98.470,33.893,11385.461,69946.918,20130719_061606,479180,204,36504,139
3,KFDR20130719_110628_V06,-31.210,0.131,146.906,211.964,14.704,-99.812,34.756,7352.024,88300.781,20130719_060628,479180,207,43283,155
3,KFDR20130719_111606_V06,-21.576,0.276,148.711,208.356,23.759,-99.802,34.772,11879.624,88440.473,20130719_061606,479180,204,36504,139
1,KFDR20130719_104715_V06,-50.426,0.058,410.690,353.886,2.540,-98.376,34.118,1270.037,61555.031,20130719_054715,479178,168,46398,131
13,KFDR20130724_120737_V06,26.519,0.067,341.380,356.872,8.844,-98.752,34.106,4422.228,35166.287,20130724_070737,479185,10203,94723,765
13,KFDR20130724_121218_V06,31.202,0.058,341.577,357.026,15.179,-98.751,34.105,7589.677,35286.828,20130724_071218,479184,9799,94067,569
15,KFDR20130724_123554_V06,54.802,0.080,440.885,186.282,11.529,-98.206,34.872,5764.454,90526.979,20130724_073554,479172,12426,102692,241
3,KFDR20130725_110417_V06,-37.517,0.156,190.559,368.726,9.722,-99.569,34.051,4861.101,64615.561,20130725_060417,479179,4977,108064,135
3,KFDR20130725_110859_V06,-32.817,0.076,191.238,368.655,15.592,-99.565,34.051,7795.929,64309.061,20130725_060859,479188,5155,108954,121
14,KFDR20130725_123359_V06,52.183,0.107,524.089,395.823,21.828,-97.764,33.924,10914.001,121858.373,20130725_073359,479182,10537,124812,197
9,KFDR20130726_110631_V06,-35.992,0.343,326.975,387.454,26.145,-98.830,33.968,13072.424,45759.917,20130726_060631,479188,25767,205080,1281
9,KFDR20130726_111110_V06,-31.342,0.053,327.611,387.429,33.066,-98.827,33.968,16533.173,45842.563,20130726_061110,479190,26643,204951,1457
19,KFDR20130726_122138_V06,39.125,0.200,266.034,412.228,3.453,-99.160,33.856,1726.597,58627.485,20130726_072138,479177,10766,172915,213
19,KFDR20130726_122549_V06,43.308,0.191,267.323,412.734,8.607,-99.153,33.854,4303.319,58687.377,20130726_072549,479196,10301,172776,213
7,KFDR20130726_105718_V06,-45.208,0.119,225.712,310.340,21.344,-99.380,34.315,10672.155,37502.269,20130726_055718,479184,27637,205960,1748
7,KFDR20130726_110154_V06,-40.608,-1.000,225.712,310.340,28.658,-99.380,34.315,14329.155,37502.269,20130726_060154,479174,26184,208260,1578
7,KFDR20130726_110631_V06,-35.992,0.199,235.033,321.182,23.240,-99.329,34.266,11620.115,34166.458,20130726_060631,479188,25767,205080,1281
1,KFDR20130728_104634_V06,-57.371,0.059,191.961,184.797,3.140,-99.567,34.880,1569.828,78968.791,20130728_054634,479179,72,43833,51
2,KFDR20130729_104904_V06,-55.592,0.102,308.221,497.105,5.324,-98.932,33.474,2661.857,98638.156,20130729_054904,479181,131,64125,70
3,KFDR20130729_104904_V06,-55.592,0.068,206.817,328.976,7.468,-99.482,34.231,3734.018,48792.172,20130729_054904,479181,131,64125,70
4,KFDR20130730_112658_V06,-18.417,0.088,156.704,198.056,11.315,-99.759,34.819,5657.417,87929.357,20130730_062658,479185,306,81940,123
6,KFDR20130730_113028_V06,-14.917,0.088,422.708,99.485,24.599,-98.302,35.264,12299.320,117540.771,20130730_063028,479186,295,80296,121
1,KFDR20130731_112737_V06,-18.495,0.066,415.771,191.064,2.171,-98.343,34.852,1085.575,79482.629,20130731_062737,479185,90,85708,75
2,KFDR20130801_113335_V06,-13.259,0.068,384.000,513.437,28.761,-98.525,33.399,14380.505,114685.887,20130801_063335,479185,165,47073,109
4,KFDR20130808_114821_V06,-3.652,0.368,406.155,132.603,16.878,-98.394,35.115,8439.053,99109.434,20130808_064821,479200,545,79330,123
4,KFDR20130808_115258_V06,0.965,0.101,406.338,132.527,23.621,-98.393,35.116,11810.464,99190.499,20130808_065258,479204,513,79403,114
4,KFDR20130808_115734_V06,5.565,0.053,424.613,131.373,18.104,-98.293,35.120,9052.204,104837.102,20130808_065734,479200,547,78177,136
5,KFDR20130808_114821_V06,-3.652,0.216,375.973,107.201,16.103,-98.559,35.230,8051.292,103613.603,20130808_064821,479200,545,79330,123
5,KFDR20130808_115258_V06,0.965,0.198,375.748,107.632,23.381,-98.560,35.229,11690.655,103372.115,20130808_065258,479204,513,79403,114
6,KFDR20130808_115258_V06,0.965,0.366,384.240,150.809,14.502,-98.515,35.034,7251.076,85665.707,20130808_065258,479204,513,79403,114
8,KFDR20130808_115734_V06,5.565,0.064,456.932,335.943,22.012,-98.125,34.197,11005.936,80497.592,20130808_065734,479200,547,78177,136
6,KFDR20130809_112029_V06,-32.258,0.050,357.251,282.772,16.525,-98.665,34.439,8262.421,29893.498,20130809_062029,479199,2624,80037,471
4,KFDR20130810_114509_V06,-8.330,0.365,268.693,269.733,10.817,-99.147,34.499,5408.375,21772.825,20130810_064509,479190,70,45605,69
5,KFDR20130810_115446_V06,1.287,0.178,225.023,312.630,15.495,-99.383,34.305,7747.572,38016.684,20130810_065446,479190,71,50527,65
3,KFDR20130815_121850_V06,21.674,0.057,280.465,267.590,12.946,-99.082,34.508,6473.026,18920.963,20130815_071850,479192,57,35617,43
3,KFDR20130815_122345_V06,26.591,0.206,280.743,267.756,18.391,-99.081,34.508,9195.695,18778.455,20130815_072345,479181,47,35163,37
1,KFDR20130816_110310_V06,-54.724,0.059,162.855,8.883,10.758,-99.733,35.672,5378.845,160901.968,20130816_060310,479199,13189,227337,471
4,KFDR20130816_111753_V06,-40.008,0.136,305.374,297.256,50.383,-98.947,34.375,25191.271,3016.724,20130816_061753,479194,12593,215452,606
12,KFDR20130816_120657_V06,9.059,0.311,384.281,395.076,10.458,-98.520,33.933,5229.057,63526.845,20130816_070657,479184,13501,160963,883
17,KFDR20130816_124613_V06,48.326,0.051,181.938,262.728,73.244,-99.619,34.529,36622.143,61902.864,20130816_074613,479200,4720,138674,221
21,KFDR20130816_130553_V06,67.992,0.138,162.164,73.674,16.141,-99.735,35.380,8070.370,132497.168,20130816_080553,479192,3860,123624,95
22,KFDR20130816_131047_V06,72.892,0.069,475.033,94.667,23.379,-98.014,35.284,11689.434,134906.023,20130816_081047,479194,3410,118927,94
1,KFDR20130817_130513_V06,66.596,0.155,22.761,344.242,25.975,-100.479,34.154,12987.658,140373.577,20130817_080513,479195,130,46703,89
4,KFDR20130818_114234_V06,-16.782,0.090,379.762,391.155,4.627,-98.545,33.951,2313.257,60562.187,20130818_064234,479186,236,28334,142
5,KFDR20130818_114730_V06,-11.849,0.625,270.695,253.580,7.158,-99.136,34.571,3578.865,27448.074,20130818_064730,479190,241,40507,157
2,KFDR20130819_114624_V06,-13.675,0.149,275.694,253.176,5.962,-99.109,34.573,2980.991,26378.472,20130819_064624,479192,288,36042,229
1,KFDR20130820_110712_V06,-53.600,0.286,373.516,486.154,11.999,-98.580,33.522,5999.569,100072.272,20130820_060712,479186,204,47582,173
2,KFDR20130820_110712_V06,-53.600,0.074,388.330,196.472,1.980,-98.493,34.828,990.162,68044.591,20130820_060712,479186,204,47582,173
3,KFDR20130820_115527_V06,-5.350,0.109,284.236,259.677,16.214,-99.062,34.544,8106.762,21647.442,20130820_065527,479186,159,44061,129
1,KFDR20130821_110946_V06,-51.756,0.140,388.568,196.494,2.632,-98.492,34.828,1316.235,68113.361,20130821_060946,479187,217,31786,199
3,KFDR20130821_122642_V06,25.178,0.052,220.026,39.742,2.538,-99.417,35.534,1269.033,136134.196,20130821_072642,479191,139,41891,118
4,KFDR20130821_130513_V06,63.694,0.057,21.440,404.530,31.516,-100.482,33.882,15757.788,148763.426,20130821_080513,479194,112,32932,90
1,KFDR20130822_114857_V06,-13.293,0.386,281.806,253.524,5.741,-99.075,34.572,2870.644,24955.316,20130822_064857,479183,66,44058,54
1,KFDR20130822_115834_V06,-3.677,0.397,283.534,255.805,18.932,-99.066,34.561,9465.928,23581.291,20130822_065834,479196,94,64873,89
2,KFDR20130824_114444_V06,-18.948,0.226,450.537,305.556,6.118,-98.158,34.334,3058.853,75319.990,20130824_064444,479188,103,39802,95
4,KFDR20130824_124227_V06,38.769,0.127,235.498,351.164,3.594,-99.326,34.131,1797.043,41165.191,20130824_074227,479187,125,29761,108
1,KFDR20130825_114628_V06,-17.931,0.219,274.775,253.140,7.093,-99.114,34.573,3546.600,26609.050,20130825_064628,479182,126,29374,122
2,KFDR20130825_114628_V06,-17.931,0.089,450.553,308.021,5.300,-98.158,34.323,2650.139,75383.496,20130825_064628,479182,126,29374,122
3,KFDR20130901_115651_V06,-12.529,0.104,342.903,53.484,5.837,-98.740,35.473,2918.541,125110.673,20130901_065651,479186,146,58388,103
4,KFDR20130901_130517_V06,55.905,0.104,350.581,289.569,33.923,-98.701,34.409,16961.376,25822.552,20130901_080517,479184,14,80131,12
1,KFDR20130903_114431_V06,-26.275,0.173,413.172,195.607,2.398,-98.358,34.831,1198.956,76983.361,20130903_064431,479180,213,53026,175
3,KFDR20130903_115410_V06,-16.625,0.061,270.154,259.680,2.804,-99.139,34.544,1401.958,25082.196,20130903_065410,479191,249,56324,169
4,KFDR20130903_121326_V06,2.641,0.068,33.473,220.460,40.520,-100.431,34.712,20259.983,139071.172,20130903_071326,479188,204,132591,134
1,KFDR20130907_112041_V06,-52.924,0.180,159.570,185.903,6.273,-99.744,34.874,3136.641,90469.181,20130907_062041,479179,85,64368,73
1,KFDR20130907_113019_V06,-43.290,0.063,160.514,186.838,15.544,-99.739,34.870,7772.191,89808.103,20130907_063019,479181,133,57457,120
4,KFDR20130907_120844_V06,-4.874,0.096,219.710,39.668,2.770,-99.419,35.535,1384.953,136215.992,20130907_070844,479176,132,59887,84
5,KFDR20130907_121820_V06,4.726,0.122,181.235,322.318,14.432,-99.621,34.260,7215.973,60422.079,20130907_071820,479182,112,76421,62
1,KFDR20130908_111543_V06,-58.592,0.229,155.662,185.340,8.477,-99.765,34.876,4238.548,92168.535,20130908_061543,479180,10,60734,10
1,KFDR20130911_111818_V06,-58.112,0.150,243.348,389.138,7.297,-99.283,33.960,3648.409,52808.921,20130911_061818,479179,100,37672,75
1,KFDR20130911_112756_V06,-48.479,0.189,242.806,388.213,13.962,-99.286,33.964,6981.095,52565.906,20130911_062756,479183,88,33791,83
1,KFDR20130911_113733_V06,-38.862,0.311,241.485,386.191,15.294,-99.293,33.973,7646.855,52088.624,20130911_063733,479182,104,34038,83
2,KFDR20130911_111818_V06,-58.112,0.068,83.997,198.299,6.382,-100.157,34.815,3191.079,119373.715,20130911_061818,479179,100,37672,75
5,KFDR20130913_115117_V06,-26.529,0.089,452.509,326.206,10.975,-98.148,34.241,5487.614,77371.903,20130913_065117,479179,348,50019,158
1,KFDR20130916_112303_V06,-56.864,0.061,161.529,187.594,6.474,-99.733,34.867,3237.125,89175.719,20130916_062303,479185,1866,83110,378
1,KFDR20130916_112629_V06,-53.431,0.080,162.036,187.834,11.391,-99.731,34.865,5695.739,88903.410,20130916_062629,479184,1730,81261,316
8,KFDR20130916_122105_V06,1.169,0.058,334.985,157.052,14.601,-98.784,35.006,7300.613,73583.598,20130916_072105,479185,433,67724,168
1,KFDR20130918_113355_V06,-47.402,0.079,363.002,327.082,15.801,-98.634,34.240,7900.272,34287.936,20130918_063355,479182,186,66172,147
1,KFDR20130918_114333_V06,-37.769,0.051,363.057,330.712,28.316,-98.634,34.223,14158.180,35069.108,20130918_064333,479186,176,62900,140
4,KFDR20130918_121226_V06,-8.885,0.058,459.490,323.493,10.838,-98.110,34.253,5418.846,80605.243,20130918_071226,479174,189,56380,128
6,KFDR20130918_122202_V06,0.715,0.060,212.547,327.185,4.779,-99.451,34.239,2389.626,45790.221,20130918_072202,479176,214,59419,158
7,KFDR20130918_123138_V06,10.315,0.054,27.332,343.610,45.895,-100.455,34.157,22947.264,138066.618,20130918_073138,479183,245,53518,183
1,KFDR20130921_134014_V06,76.797,0.060,158.766,278.962,17.734,-99.745,34.455,8866.816,71395.947,20130921_084014,479188,633,63397,489
1,KFDR20130923_112704_V06,-57.792,0.156,388.634,196.143,2.400,-98.492,34.829,1199.982,68268.285,20130923_062704,479179,370,28587,302
1,KFDR20130923_113642_V06,-48.159,0.121,388.712,196.246,9.598,-98.491,34.829,4798.825,68254.555,20130923_063642,479180,553,28731,412
3,KFDR20130923_131301_V06,48.158,0.052,67.481,350.733,69.655,-100.236,34.127,34827.606,118994.845,20130923_081301,479187,312,26596,264
3,KFDR20130923_132240_V06,57.808,0.362,70.550,356.619,73.870,-100.219,34.101,36935.156,118166.013,20130923_082240,479182,240,25327,211
1,KFDR20130925_122036_V06,-5.693,0.064,302.270,207.227,13.238,-98.964,34.780,6619.125,46400.492,20130925_072036,479181,251,102956,142
1,KFDR20130927_134421_V06,76.611,0.231,229.560,321.225,17.800,-99.359,34.266,8899.992,36784.289,20130927_084421,479182,137,48880,114
4,KFDR20130928_114322_V06,-45.101,0.054,39.688,264.308,45.164,-100.394,34.515,22582.247,131373.575,20130928_064322,479195,19323,237867,1393
4,KFDR20130928_114759_V06,-40.484,0.059,40.516,263.219,51.819,-100.389,34.520,25909.706,131038.883,20130928_064759,479178,23813,241867,1557
14,KFDR20130928_133414_V06,65.766,0.056,251.713,243.841,47.108,-99.239,34.615,23553.822,37031.853,20130928_083414,479177,20573,271142,1545
14,KFDR20130928_133852_V06,70.399,-1.000,251.713,243.841,54.475,-99.239,34.615,27237.322,37031.853,20130928_083852,479191,21174,271557,1651
14,KFDR20130928_134328_V06,74.999,0.094,269.140,222.029,44.228,-99.145,34.714,22113.888,41928.112,20130928_084328,479178,18428,269652,1379
16,KFDR20130928_133852_V06,70.399,0.138,144.580,354.915,31.582,-99.818,34.112,15790.982,82417.926,20130928_083852,479191,21174,271557,1651
1,KFDR20130929_120430_V06,-24.700,0.140,384.681,115.332,2.321,-98.511,35.194,1160.740,101579.119,20130929_070430,479181,74,80945,50
1,KFDR20130929_121408_V06,-15.067,0.132,387.359,115.831,10.770,-98.497,35.191,5385.097,101918.600,20130929_071408,479182,118,63758,72
1,KFDR20130929_122346_V06,-5.433,0.340,384.440,133.098,15.019,-98.513,35.114,7509.431,93523.368,20130929_072346,479184,76,83151,65
1,KFDR20130929_123325_V06,4.217,0.083,387.905,145.609,18.239,-98.494,35.057,9119.514,88831.228,20130929_073325,479186,175,87489,139
3,KFDR20130929_122346_V06,-5.433,0.153,397.633,154.114,10.032,-98.441,35.019,5016.178,87770.963,20130929_072346,479184,76,83151,65
4,KFDR20130929_124303_V06,13.850,0.073,30.541,445.257,52.962,-100.429,33.699,26480.947,153058.441,20130929_074303,479186,130,75951,96
1,KFDR20130930_113148_V06,-58.136,0.160,399.520,556.859,8.424,-98.442,33.203,4211.815,137732.256,20130930_063148,479184,180,47131,123
4,KFDR20130930_123912_V06,9.264,0.053,352.540,520.779,16.474,-98.694,33.367,8237.080,113472.186,20130930_073912,479181,476,67884,392
3,KFDR20131001_124008_V06,9.457,0.050,23.571,282.729,23.539,-100.480,34.431,11769.564,138483.964,20131001_074008,479180,271,33340,250
1,KFDR20131003_134700_V06,74.830,0.447,41.698,430.016,42.665,-100.370,33.768,21332.657,144589.056,20131003_084700,479181,213,33987,181
1,KFDR20131003_135638_V06,84.463,0.112,51.069,419.650,64.215,-100.320,33.815,32107.612,138096.356,20131003_085638,479179,197,35200,162
1,KFDR20131007_121626_V06,-18.779,0.089,387.148,142.369,5.047,-98.498,35.072,2523.678,90058.797,20131007_071626,479183,152,99011,73
1,KFDR20131007_122605_V06,-9.129,-1.000,387.148,142.369,20.391,-98.498,35.072,10195.428,90058.797,20131007_072605,479181,111,80146,61
1,KFDR20131007_123542_V06,0.488,0.054,398.352,136.315,33.252,-98.437,35.099,16625.876,95480.537,20131007_073542,479184,155,71540,68
1,KFDR20131008_122624_V06,-9.585,0.106,380.668,412.108,10.679,-98.540,33.856,5339.350,69057.029,20131008_072624,479185,214,37448,170
2,KFDR20131008_125521_V06,19.365,0.223,365.655,412.606,6.986,-98.621,33.854,3493.214,65173.978,20131008_075521,479181,206,28395,171
3,KFDR20131012_131538_V06,36.509,0.130,22.852,337.769,24.730,-100.479,34.183,12365.110,139854.654,20131012_081538,479178,88,78399,74
1,KFDR20131013_124246_V06,2.844,0.076,359.752,254.902,64.619,-98.651,34.565,32309.307,37430.092,20131013_074246,479193,1554,60923,156
2,KFDR20131015_114943_V06,-51.818,0.114,351.859,377.720,18.411,-98.695,34.012,9205.265,46716.762,20131015_064943,479176,1414,81077,72
2,KFDR20131015_115333_V06,-47.985,-1.000,351.859,377.720,24.506,-98.695,34.012,12252.765,46716.762,20131015_065333,479190,1375,82812,84
2,KFDR20131015_115723_V06,-44.152,0.062,362.168,371.286,19.468,-98.639,34.040,9733.995,47293.032,20131015_065723,479199,1680,85135,142
1,KFDR20131016_122922_V06,-12.983,0.243,371.816,426.301,6.162,-98.588,33.792,3080.805,72645.565,20131016_072922,479179,75,63453,73
5,KFDR20131016_123901_V06,-3.333,0.099,244.580,403.042,4.967,-99.276,33.897,2483.639,58500.174,20131016_073901,479181,106,49332,91
1,KFDR20131017_131052_V06,27.696,0.090,353.265,390.644,2.531,-98.688,33.953,1265.682,52567.577,20131017_081052,479193,144,20643,106
2,KFDR20131017_135911_V06,76.013,0.065,389.329,506.949,26.036,-98.496,33.428,13017.992,112702.734,20131017_085911,479180,158,29422,133
3,KFDR20131018_120124_V06,-42.597,0.218,441.832,319.564,19.981,-98.206,34.272,9990.334,71587.575,20131018_070124,479183,3670,117126,193
1,KFDR20131021_123357_V06,-12.564,0.858,365.568,141.438,6.752,-98.617,35.076,3376.194,85792.149,20131021_073357,479177,138,61105,131
1,KFDR20131021_124337_V06,-2.897,0.839,357.470,147.247,20.683,-98.661,35.050,10341.470,81602.952,20131021_074337,479174,176,54283,166
1,KFDR20131021_125316_V06,6.753,0.220,341.030,154.270,37.152,-98.751,35.019,18575.777,75697.748,20131021_075316,479185,128,45267,114
1,KFDR20131021_130254_V06,16.386,0.120,328.755,159.455,47.257,-98.819,34.996,23628.335,71728.432,20131021_080254,479187,159,43348,134
1,KFDR20131022_123808_V06,-9.232,0.147,355.258,392.668,2.987,-98.677,33.944,1493.469,53946.221,20131022_073808,479177,367,26073,241
2,KFDR20131022_123808_V06,-9.232,0.085,244.289,349.667,6.406,-99.278,34.138,3203.138,37317.836,20131022_073808,479177,367,26073,241
1,KFDR20131023_124723_V06,-0.840,0.075,389.462,408.531,21.810,-98.493,33.872,10904.905,70325.153,20131023_074723,479186,201,29892,190
1,KFDR20131024_131339_V06,24.562,0.061,349.266,391.745,2.961,-98.710,33.948,1480.309,52068.070,20131024_081339,479184,203,31511,190
3,KFDR20131027_134150_V06,50.114,0.164,367.516,413.070,7.140,-98.611,33.852,3569.916,65847.032,20131027_084150,479175,195,38184,180
3,KFDR20131027_135130_V06,59.781,0.097,368.261,412.460,17.818,-98.607,33.855,8908.991,65777.717,20131027_085130,479178,175,38951,165
2,KFDR20131027_124358_V06,-7.753,0.064,401.109,248.932,8.718,-98.425,34.591,4359.024,56636.857,20131027_074358,479175,162,43696,152
4,KFDR20131029_123934_V06,-13.938,0.072,19.179,389.600,20.071,-100.495,33.949,10035.742,147384.361,20131029_073934,479182,96,83508,86
2,KFDR20131102_124559_V06,-11.162,0.688,387.279,252.126,6.905,-98.501,34.577,3452.438,49773.491,20131102_074559,479184,149,30773,117
4,KFDR20131102_141449_V06,77.672,0.056,161.783,501.298,3.679,-99.719,33.453,1839.609,122091.009,20131102_091449,479185,21,39633,18
1,KFDR20131103_135049_V06,52.749,0.268,247.692,382.616,7.733,-99.259,33.989,3866.743,48891.635,20131103_075049,479183,124,23296,122
1,KFDR20131104_115932_V06,-59.462,0.118,388.138,196.244,1.956,-98.494,34.829,978.233,68068.801,20131104_055932,479182,147,40859,137
2,KFDR20131105_120144_V06,-58.194,0.065,103.054,123.598,16.213,-100.057,35.153,8106.688,132198.174,20131105_060144,479184,84,66030,53
6,KFDR20131105_122724_V06,-32.528,0.228,359.835,320.992,17.139,-98.651,34.267,8569.725,31705.326,20131105_062724,479183,84,69660,37
6,KFDR20131105_123036_V06,-29.328,0.276,365.740,312.783,13.218,-98.619,34.304,6609.085,33485.655,20131105_063036,479179,118,70692,55
4,KFDR20131106_130025_V06,-0.447,0.059,28.895,466.251,36.833,-100.437,33.604,18416.439,159010.570,20131106_070025,479185,107,36302,100
4,KFDR20131106_131003_V06,9.187,0.649,35.432,454.686,57.061,-100.402,33.657,28530.576,153234.941,20131106_071003,479184,108,32914,103
4,KFDR20131106_131941_V06,18.820,0.451,47.624,449.497,58.924,-100.337,33.681,29462.032,146665.282,20131106_071941,479187,103,33114,85
4,KFDR20131106_132921_V06,28.487,0.200,59.359,447.349,65.997,-100.274,33.691,32998.331,141084.762,20131106_072921,479187,91,31560,80
1,KFDR20131107_121202_V06,-49.769,0.268,121.341,428.869,17.322,-99.941,33.778,8660.830,110143.131,20131107_061202,479187,126,42829,90
1,KFDR20131108_120727_V06,-55.295,0.141,371.250,487.440,12.571,-98.593,33.517,6285.405,100262.747,20131108_060727,479185,194,42300,178
2,KFDR20131108_120727_V06,-55.295,0.096,388.662,196.676,2.516,-98.492,34.827,1258.125,68075.150,20131108_060727,479185,194,42300,178
3,KFDR20131108_132635_V06,23.839,0.071,388.408,196.106,2.628,-98.493,34.830,1313.812,68209.072,20131108_072635,479188,249,29479,207
4,KFDR20131108_142605_V06,83.339,0.087,388.589,196.141,2.660,-98.492,34.829,1329.952,68254.544,20131108_082605,479175,186,32253,148
1,KFDR20131109_121557_V06,-47.740,0.402,467.843,323.285,9.042,-98.065,34.254,4520.771,84725.312,20131109_061557,479186,173,36339,172
2,KFDR20131109_121557_V06,-47.740,0.266,315.952,254.061,7.166,-98.889,34.569,3583.115,24314.695,20131109_061557,479186,173,36339,172
3,KFDR20131109_121557_V06,-47.740,0.205,412.512,275.994,13.698,-98.364,34.469,6849.148,57522.159,20131109_061557,479186,173,36339,172
4,KFDR20131109_121557_V06,-47.740,0.127,375.684,211.574,6.351,-98.563,34.760,3175.278,58196.142,20131109_061557,479186,173,36339,172
5,KFDR20131109_121557_V06,-47.740,0.059,309.413,208.857,9.041,-98.925,34.773,4520.710,45813.978,20131109_061557,479186,173,36339,172
1,KFDR20131110_122036_V06,-44.037,0.551,296.960,210.371,7.532,-98.993,34.766,3765.827,44840.499,20131110_062036,479181,146,38741,135
1,KFDR20131113_121952_V06,-47.621,0.107,314.723,255.959,7.114,-98.896,34.561,3556.793,23218.102,20131113_061952,479182,18,32494,16
2,KFDR20131113_122934_V06,-37.921,0.196,311.847,210.709,19.921,-98.911,34.765,9960.575,45036.937,20131113_062934,479180,17,36543,7
2,KFDR20131114_123018_V06,-38.140,0.097,314.718,253.582,9.670,-98.896,34.571,4835.239,24347.762,20131114_063018,479185,149,24231,145
2,KFDR20131114_123958_V06,-28.473,0.105,317.539,254.786,20.631,-98.881,34.566,10315.659,24248.400,20131114_063958,479185,163,16312,150
1,KFDR20131114_121055_V06,-57.523,0.147,216.158,305.823,16.642,-99.432,34.335,8321.163,42022.145,20131114_061055,479178,160,14532,135
1,KFDR20131115_122037_V06,-48.776,0.062,295.676,206.309,8.650,-99.000,34.785,4324.799,46895.449,20131115_062037,479180,11,24770,7
1,KFDR20131117_130326_V06,-7.862,0.072,382.720,354.940,3.082,-98.528,34.114,1541.183,49651.286,20131117_070326,479176,339,46702,190
1,KFDR20131117_131305_V06,1.788,0.362,384.659,356.523,18.815,-98.517,34.107,9407.406,50896.894,20131117_071305,479187,355,46764,200
2,KFDR20131117_131305_V06,1.788,0.064,105.662,440.206,18.920,-100.025,33.726,9460.126,119817.784,20131117_071305,479187,355,46764,200
8,KFDR20131122_132631_V06,10.492,0.058,24.370,269.735,28.978,-100.477,34.489,14488.787,138643.333,20131122_072631,479188,118,134278,52
1,KFDR20131126_122517_V06,-54.456,0.050,229.160,309.693,6.234,-99.361,34.318,3117.027,35750.290,20131126_062517,479190,97,33758,95
2,KFDR20131126_123455_V06,-44.822,0.073,246.990,383.855,2.400,-99.263,33.984,1199.932,49602.718,20131126_063455,479183,88,31872,84
4,KFDR20131126_124436_V06,-35.139,0.087,323.054,267.020,17.382,-98.851,34.511,8690.784,20119.301,20131126_064436,479180,73,31257,69
7,KFDR20131126_142108_V06,61.394,0.052,270.409,402.178,24.172,-99.136,33.902,12085.899,53188.371,20131126_082108,479184,98,31169,91
1,KFDR20131127_122854_V06,-51.753,0.051,212.282,326.842,2.679,-99.452,34.240,1339.319,45866.484,20131127_062854,479182,75,27226,68
4,KFDR20131127_131712_V06,-3.453,0.108,296.755,267.635,13.825,-98.994,34.508,6912.384,16263.639,20131127_071712,479182,114,28340,80
5,KFDR20131127_131712_V06,-3.453,0.102,444.379,204.634,8.113,-98.187,34.790,4056.408,86515.895,20131127_071712,479182,114,28340,80
1,KFDR20131128_123225_V06,-49.142,0.051,214.844,307.692,17.707,-99.439,34.327,8853.662,42751.471,20131128_063225,479178,66,22814,60
1,KFDR20131130_123359_V06,-49.362,0.066,376.228,219.471,8.132,-98.560,34.724,4066.032,55442.753,20131130_063359,479179,81,19439,78
1,KFDR20131130_124337_V06,-39.729,0.225,376.329,220.301,16.671,-98.559,34.721,8335.572,55177.037,20131130_064337,479184,66,21620,63
2,KFDR20131130_124337_V06,-39.729,0.186,319.685,255.988,13.764,-98.869,34.561,6882.175,24106.733,20131130_064337,479184,66,21620,63
3,KFDR20131130_130501_V06,-18.329,0.069,269.196,359.684,5.201,-99.143,34.093,2600.321,33582.140,20131130_070501,479188,58,4826,54
2,KFDR20131202_124417_V06,-40.809,0.202,247.671,393.219,17.519,-99.259,33.942,8759.315,53450.942,20131202_064417,479192,9,30307,8
2,KFDR20131202_125353_V06,-31.209,0.072,249.169,396.419,32.945,-99.251,33.927,16472.279,54498.613,20131202_065353,479180,16,17703,14
1,KFDR20131202_123438_V06,-50.459,0.053,382.897,389.961,2.634,-98.528,33.956,1317.179,61165.800,20131202_063438,479184,11,24610,9
3,KFDR20131202_142236_V06,57.507,0.070,226.205,308.617,6.981,-99.377,34.323,3490.374,37148.304,20131202_082236,479189,40,16813,28
4,KFDR20131202_143212_V06,67.107,0.055,423.025,579.412,16.382,-98.317,33.101,8190.808,152648.427,20131202_083212,479183,73,16017,60
1,KFDR20131203_123617_V06,-49.666,0.095,419.499,261.369,2.913,-98.325,34.535,1456.566,62794.143,20131203_063617,479193,227,31082,144
1,KFDR20131204_123757_V06,-48.844,0.068,370.199,223.735,11.653,-98.593,34.705,5826.508,51826.964,20131204_063757,479188,54,17396,51
7,KFDR20131205_134825_V06,20.792,0.358,26.063,438.457,40.056,-100.454,33.729,20028.038,153469.432,20131205_074825,479177,70,17134,66
7,KFDR20131205_135804_V06,30.442,0.198,33.798,434.824,51.206,-100.413,33.746,25602.940,149198.880,20131205_075804,479183,78,19407,69
7,KFDR20131205_140743_V06,40.092,-1.000,41.064,431.412,62.610,-100.374,33.762,31304.766,145186.928,20131205_080743,479188,101,19290,84
7,KFDR20131205_141722_V06,49.742,0.051,44.030,398.819,61.734,-100.360,33.909,30867.066,137191.313,20131205_081722,479183,100,22378,78
2,KFDR20131205_125224_V06,-35.225,0.059,312.529,263.439,4.959,-98.908,34.527,2479.271,19324.103,20131205_065224,479186,48,16435,42
2,KFDR20131205_125722_V06,-30.258,0.083,313.080,264.110,12.386,-98.905,34.524,6192.763,19099.382,20131205_065722,479186,61,19525,53
9,KFDR20131205_142700_V06,59.375,0.064,25.260,269.439,36.784,-100.472,34.491,18391.987,138217.125,20131205_082700,479182,60,29330,47
9,KFDR20131205_143639_V06,69.025,0.091,25.839,260.807,45.572,-100.469,34.530,22786.089,138474.384,20131205_083639,479186,63,38897,62
1,KFDR20131205_122737_V06,-60.008,0.065,225.422,308.310,8.398,-99.381,34.324,4199.139,37519.770,20131205_062737,479189,71,13810,41
3,KFDR20131205_125722_V06,-30.258,0.084,38.274,506.479,46.352,-100.383,33.423,23176.155,166683.947,20131205_065722,479186,61,19525,53
5,KFDR20131205_131655_V06,-10.708,0.242,288.363,265.631,5.965,-99.039,34.517,2982.273,18142.792,20131205_071655,479183,65,9553,49
3,KFDR20131206_134132_V06,13.092,0.104,229.103,308.841,12.322,-99.361,34.322,6161.203,35723.188,20131206_074132,479184,58,199141,58
3,KFDR20131206_135348_V06,25.359,0.074,228.390,309.366,10.839,-99.365,34.319,5419.436,36110.191,20131206_075348,479186,76,173207,72
1,KFDR20131210_124543_V06,-45.832,0.129,220.508,307.206,14.603,-99.408,34.329,7301.252,39908.916,20131210_064543,479181,51,3182,40
1,KFDR20131211_124211_V06,-50.098,0.093,229.328,307.166,5.230,-99.360,34.329,2615.049,35516.974,20131211_064211,479186,73,5196,66
1,KFDR20131212_132120_V06,-11.662,0.199,292.636,258.224,8.582,-99.016,34.551,4290.791,21209.939,20131212_072120,479184,59,12408,48
1,KFDR20131214_123433_V06,-59.813,0.107,229.405,310.438,8.168,-99.360,34.315,4084.196,35681.182,20131214_063433,479188,36,7875,36
1,KFDR20131215_123822_V06,-56.649,0.079,207.489,325.058,7.323,-99.478,34.248,3661.467,47922.542,20131215_063822,479175,197,16982,156
1,KFDR20131215_124802_V06,-46.982,0.059,208.106,314.934,21.690,-99.475,34.294,10845.141,46549.750,20131215_064802,479180,194,18962,141
2,KFDR20131215_124802_V06,-46.982,0.071,183.694,320.080,2.382,-99.608,34.270,1191.242,59013.091,20131215_064802,479180,194,18962,141
3,KFDR20131215_132637_V06,-8.399,0.094,264.432,359.763,9.803,-99.169,34.093,4901.314,34773.034,20131215_072637,479187,204,28642,152
3,KFDR20131216_132947_V06,-5.863,0.250,440.713,197.695,5.963,-98.207,34.821,2981.709,86986.252,20131216_072947,479185,222,26934,181
3,KFDR20131216_133925_V06,3.770,0.158,441.375,199.180,18.475,-98.204,34.814,9237.542,86821.212,20131216_073925,479184,228,29345,174
1,KFDR20131216_124136_V06,-54.046,0.051,388.267,196.587,2.239,-98.494,34.827,1119.671,67980.548,20131216_064136,479176,155,15269,138
2,KFDR20131216_125115_V06,-44.396,0.065,223.864,50.257,9.476,-99.396,35.487,4738.064,130545.508,20131216_065115,479187,166,21925,131
2,KFDR20131217_131649_V06,-19.438,0.105,385.902,407.384,10.133,-98.512,33.877,5066.336,68757.860,20131217_071649,479175,134,6788,78
2,KFDR20131217_132627_V06,-9.805,0.539,385.480,404.576,19.584,-98.514,33.890,9792.165,67533.288,20131217_072627,479185,200,17651,124
1,KFDR20131220_132524_V06,-12.539,0.247,24.945,528.958,32.142,-100.453,33.321,16071.035,178939.316,20131220_072524,479181,62,11217,55
1,KFDR20131220_133018_V06,-7.639,0.186,25.927,529.101,38.573,-100.448,33.321,19286.681,178608.102,20131220_073018,479181,62,14352,45
1,KFDR20131221_124738_V06,-50.818,0.198,12.551,290.679,21.865,-100.539,34.394,10932.382,143799.885,20131221_064738,479185,5397,245341,497
1,KFDR20131221_125234_V06,-45.885,0.125,13.452,290.141,28.668,-100.534,34.397,14334.073,143358.941,20131221_065234,479185,5334,245846,468
1,KFDR20131221_125731_V06,-40.935,0.117,18.601,286.396,32.674,-100.507,34.414,16336.915,140863.816,20131221_065731,479192,4524,246749,468
1,KFDR20131221_130228_V06,-35.985,0.370,23.665,279.299,32.517,-100.480,34.446,16258.585,138554.803,20131221_070228,479183,4556,251500,621
1,KFDR20131221_130726_V06,-31.018,0.299,30.236,274.837,34.906,-100.444,34.467,17453.130,135467.756,20131221_070726,479198,4117,258782,554
1,KFDR20131221_131223_V06,-26.068,0.196,35.428,271.958,35.383,-100.416,34.480,17691.749,133027.047,20131221_071223,479184,3457,258208,404
2,KFDR20131221_125731_V06,-40.935,0.074,38.331,453.021,47.200,-100.387,33.664,23600.246,151563.539,20131221_065731,479192,4524,246749,468
7,KFDR20131222_143958_V06,61.028,0.355,61.895,138.435,62.848,-100.282,35.083,31423.912,143872.247,20131222_083958,479174,66,30954,63
7,KFDR20131222_144937_V06,70.678,0.691,64.089,144.210,67.757,-100.269,35.058,33878.661,141354.671,20131222_084937,479184,70,31443,60
7,KFDR20131222_145916_V06,80.328,0.621,65.117,148.418,66.564,-100.263,35.039,33281.865,139774.157,20131222_085916,479176,75,30330,68
7,KFDR20131222_150855_V06,89.978,0.168,68.127,152.033,68.543,-100.246,35.023,34271.459,137531.353,20131222_090855,479178,81,28978,74
1,KFDR20131222_124403_V06,-54.889,0.288,299.051,301.591,7.985,-98.981,34.355,3992.489,926.508,20131222_064403,479183,61,9651,60
1,KFDR20131222_125342_V06,-45.239,0.056,298.768,300.688,16.940,-98.983,34.359,8470.215,705.620,20131222_065342,479186,67,8289,67
3,KFDR20131222_130321_V06,-35.589,0.242,406.183,316.017,5.403,-98.399,34.289,2701.328,53692.004,20131222_070321,479182,59,10115,59
5,KFDR20131222_140120_V06,22.395,0.067,23.222,441.822,28.529,-100.469,33.714,14264.735,155498.553,20131222_080120,479182,71,27156,59
8,KFDR20131222_145916_V06,80.328,0.084,30.390,305.244,37.049,-100.441,34.330,18524.738,134830.321,20131222_085916,479176,75,30330,68
1,KFDR20131226_125217_V06,-48.339,0.289,115.084,427.345,17.075,-99.974,33.784,8537.672,112261.855,20131226_065217,479186,128,40564,126
2,KFDR20131226_132117_V06,-19.339,0.060,404.194,417.727,21.003,-98.413,33.830,10501.329,78606.715,20131226_072117,479183,212,27355,174
1,KFDR20131227_124132_V06,-59.442,0.110,209.911,325.748,3.204,-99.465,34.245,1601.948,46847.898,20131227_064132,479184,145,9078,102
3,KFDR20131227_130048_V06,-40.175,0.481,283.863,220.339,7.052,-99.064,34.721,3526.093,40639.319,20131227_070048,479175,117,14173,70
4,KFDR20131227_134859_V06,8.008,0.054,383.448,195.890,20.516,-98.520,34.831,10257.954,66712.804,20131227_074859,479184,215,24130,135
1,KFDR20131228_124338_V06,-57.666,0.078,209.439,324.880,5.045,-99.468,34.249,2522.285,46958.416,20131228_064338,479181,109,7819,105
2,KFDR20131228_135109_V06,9.851,0.068,347.180,234.533,20.046,-98.719,34.657,10023.033,40348.000,20131228_075109,479187,203,21283,165
1,KFDR20131230_125049_V06,-51.045,0.063,255.332,355.610,3.045,-99.218,34.111,1522.606,35663.874,20131230_065049,479184,16,3491,4
1,KFDR20131231_125539_V06,-46.448,0.068,278.841,119.197,22.212,-99.092,35.177,11106.163,91018.458,20131231_065539,479185,134,8385,64
1,KFDR20131231_130519_V06,-36.781,0.084,278.803,116.890,35.282,-99.092,35.187,17640.998,92166.169,20131231_070519,479186,105,12095,55
2,KFDR20131231_131500_V06,-27.098,0.166,347.793,273.072,5.718,-98.716,34.483,2858.883,27428.575,20131231_071500,479188,130,6238,75
