track_id,filename,from_sunrise,det_score,x,y,r,lon,lat,radius,geo_dist,local_time,n_radar_pixels,n_refAbove40_pixels,n_xcorrAbove0.95_pixels,n_xcorrBelow0.95_refAbove40_pixels
1,KGJX20150601_110433_V06,-44.455,0.246,228.864,191.772,10.619,-108.627,39.549,5309.410,64756.757,20150601_050433,479179,0,65893,0
2,KGJX20150601_110433_V06,-44.455,0.079,263.775,426.163,15.205,-108.421,38.494,7602.509,65630.136,20150601_050433,479179,0,65893,0
3,KGJX20150601_110433_V06,-44.455,0.064,365.226,78.546,31.277,-107.831,40.059,15638.386,115429.886,20150601_050433,479179,0,65893,0
1,KGJX20150602_120357_V06,15.332,0.253,260.606,314.725,19.683,-108.440,38.996,9841.288,21027.914,20150602_060357,479172,0,9098,0
1,KGJX20150602_121337_V06,24.999,0.407,264.554,312.703,29.723,-108.418,39.005,14861.736,18826.571,20150602_061337,479175,0,9849,0
1,KGJX20150602_122318_V06,34.682,0.066,266.586,311.303,39.279,-108.406,39.011,19639.401,17637.201,20150602_062318,479174,0,9702,0
1,KGJX20150602_123301_V06,44.399,-1.000,268.836,309.836,48.971,-108.393,39.018,24485.411,16339.628,20150602_063301,479175,0,9780,0
1,KGJX20150602_124242_V06,54.082,0.107,285.786,296.797,39.330,-108.295,39.077,19665.138,7285.081,20150602_064242,479181,0,9954,0
1,KGJX20150602_125223_V06,63.766,0.122,302.892,296.976,34.330,-108.196,39.076,17165.234,2092.259,20150602_065223,479173,0,9980,0
3,KGJX20150603_120343_V06,15.455,0.293,306.069,305.465,17.348,-108.178,39.038,8674.213,4083.742,20150603_060343,479172,0,8555,0
3,KGJX20150603_121323_V06,25.121,0.440,303.545,306.544,22.339,-108.193,39.033,11169.523,3721.248,20150603_061323,479175,0,8399,0
3,KGJX20150603_122305_V06,34.821,0.522,306.331,304.491,21.408,-108.176,39.042,10704.192,3881.185,20150603_062305,479174,0,9120,0
3,KGJX20150603_123247_V06,44.521,0.704,305.255,305.730,23.289,-108.183,39.036,11644.505,3887.502,20150603_063247,479178,0,10113,0
3,KGJX20150603_124228_V06,54.205,0.724,295.146,308.099,24.055,-108.241,39.026,12027.691,4721.069,20150603_064228,479177,0,10949,0
3,KGJX20150603_125210_V06,63.905,0.477,297.038,310.506,28.807,-108.230,39.015,14403.598,5457.673,20150603_065210,479172,0,11175,0
3,KGJX20150603_130150_V06,73.571,0.195,301.799,307.671,27.971,-108.203,39.028,13985.350,3939.394,20150603_070150,479172,1,11511,0
1,KGJX20150603_110533_V06,-42.712,0.615,361.720,276.459,8.331,-107.856,39.168,4165.615,33028.820,20150603_050533,479175,0,24771,0
8,KGJX20150606_120117_V06,13.900,0.081,30.900,455.344,56.370,-109.752,38.352,28184.900,155359.692,20150606_060117,479185,711,235401,23
8,KGJX20150606_120536_V06,18.216,0.055,30.876,452.615,61.043,-109.753,38.365,30521.575,154692.395,20150606_060536,479176,913,232149,30
8,KGJX20150606_120941_V06,22.300,0.051,31.349,436.928,52.768,-109.752,38.435,26383.995,150766.875,20150606_060941,479179,1119,228875,74
17,KGJX20150606_125650_V06,69.450,0.072,30.625,440.111,57.994,-109.755,38.421,28997.066,151817.293,20150606_065650,479183,856,210938,127
17,KGJX20150606_130108_V06,73.750,0.155,30.895,439.268,63.566,-109.754,38.425,31782.940,151503.350,20150606_070108,479175,887,211088,97
17,KGJX20150606_130527_V06,78.066,0.193,31.382,424.932,51.369,-109.753,38.489,25684.647,148124.516,20150606_070527,479188,1120,209621,170
17,KGJX20150606_130945_V06,82.366,0.132,31.981,423.406,57.448,-109.749,38.496,28723.990,147532.264,20150606_070945,479186,1150,210903,182
12,KGJX20150606_123519_V06,47.933,0.062,36.570,148.228,70.971,-109.750,39.736,35485.355,152011.656,20150606_063519,479171,2190,222676,283
16,KGJX20150606_125232_V06,65.150,0.157,398.822,290.993,21.883,-107.642,39.101,10941.437,49615.762,20150606_065232,479176,882,213368,113
6,KGJX20150607_111228_V06,-34.687,0.092,212.368,335.802,12.311,-108.718,38.900,6155.367,47331.819,20150607_051228,479190,0,11432,0
6,KGJX20150607_111606_V06,-31.054,-1.000,212.368,335.802,18.088,-108.718,38.900,9043.867,47331.819,20150607_051606,479178,9,11439,1
6,KGJX20150607_111944_V06,-27.421,0.393,209.690,334.422,20.655,-108.734,38.906,10327.282,48323.807,20150607_051944,479181,7,11478,2
6,KGJX20150607_112322_V06,-23.787,0.198,212.283,334.938,22.267,-108.719,38.904,11133.394,47209.649,20150607_052322,479183,0,11609,0
2,KGJX20150607_105038_V06,-56.521,0.129,299.900,301.898,6.964,-108.214,39.054,3482.014,950.548,20150607_045038,479178,2,13973,1
2,KGJX20150607_105416_V06,-52.887,0.115,300.055,301.829,11.697,-108.213,39.054,5848.639,914.894,20150607_045416,479182,0,12976,0
4,KGJX20150607_110133_V06,-45.604,0.053,199.311,349.755,19.234,-108.793,38.837,9617.245,56155.459,20150607_050133,479191,2,12354,2
2,KGJX20150611_104815_V06,-58.302,0.142,64.863,228.946,9.427,-109.578,39.374,4713.314,122818.799,20150611_044815,479179,96,100193,4
15,KGJX20150611_112948_V06,-16.752,0.075,400.517,313.741,8.215,-107.633,38.999,4107.597,50725.871,20150611_052948,479176,8,55408,3
27,KGJX20150611_120824_V06,21.848,0.068,361.544,342.844,21.893,-107.858,38.869,10946.266,37494.021,20150611_060824,479175,2,63021,1
38,KGJX20150611_130909_V06,82.598,0.095,116.454,51.740,44.956,-109.290,40.175,22478.111,154371.448,20150611_070909,479171,1,87195,1
23,KGJX20150613_125141_V06,65.243,0.119,210.297,236.073,23.542,-108.733,39.349,11771.027,55075.303,20150613_065141,479171,6,15182,0
2,KGJX20150614_114808_V06,1.702,0.114,298.575,302.805,7.924,-108.221,39.050,3961.884,1572.978,20150614_054808,479174,0,8044,0
2,KGJX20150614_115749_V06,11.385,0.052,299.543,303.304,16.066,-108.216,39.047,8032.801,1667.574,20150614_055749,479183,1,8823,0
2,KGJX20150614_120729_V06,21.052,0.258,301.015,304.644,16.041,-108.207,39.041,8020.357,2376.598,20150614_060729,479175,0,9330,0
2,KGJX20150614_121710_V06,30.735,0.076,300.148,304.428,13.626,-108.212,39.042,6812.832,2215.413,20150614_061710,479169,0,9100,0
3,KGJX20150615_123739_V06,51.197,0.628,299.839,305.555,24.111,-108.214,39.037,12055.576,2778.777,20150615_063739,479174,0,10243,0
3,KGJX20150615_124721_V06,60.897,0.244,302.473,305.239,31.339,-108.199,39.039,15669.528,2896.653,20150615_064721,479179,0,10870,0
3,KGJX20150615_125701_V06,70.564,0.157,307.747,304.893,30.254,-108.168,39.040,15126.976,4581.471,20150615_065701,479178,0,11606,0
3,KGJX20150615_130642_V06,80.247,0.355,305.737,303.771,29.161,-108.180,39.045,14580.324,3432.563,20150615_070642,479174,0,12263,0
1,KGJX20150615_114916_V06,2.814,0.681,313.904,310.462,29.624,-108.133,39.015,14812.237,8700.084,20150615_054916,479173,1,8629,0
1,KGJX20150615_115857_V06,12.497,0.420,312.694,310.476,35.463,-108.140,39.015,17731.747,8229.308,20150615_055857,479175,0,8961,0
1,KGJX20150615_120837_V06,22.164,0.279,313.437,308.280,31.027,-108.135,39.025,15513.500,7891.796,20150615_060837,479173,0,8832,0
1,KGJX20150615_121818_V06,31.847,0.275,305.455,313.556,36.580,-108.182,39.001,18289.807,7306.184,20150615_061818,479174,0,9011,0
1,KGJX20150617_104956_V06,-56.653,0.857,393.528,271.975,8.808,-107.672,39.187,4403.786,48817.998,20150617_044956,479180,1,56402,1
1,KGJX20150617_105324_V06,-53.187,0.736,393.726,271.895,13.087,-107.671,39.188,6543.475,48924.704,20150617_045324,479162,1,55915,1
1,KGJX20150617_105653_V06,-49.703,0.130,393.212,272.204,15.736,-107.674,39.186,7867.790,48634.126,20150617_045653,479180,1,54259,1
4,KGJX20150618_125223_V06,65.685,0.429,305.899,308.935,21.645,-108.179,39.022,10822.552,5353.119,20150618_065223,479175,1,15648,0
4,KGJX20150618_125717_V06,70.585,0.124,305.407,308.156,27.122,-108.182,39.025,13560.975,4892.738,20150618_065717,479176,0,16728,0
4,KGJX20150618_130212_V06,75.502,0.399,306.383,305.731,23.336,-108.176,39.036,11668.201,4289.170,20150618_070212,479178,0,17880,0
1,KGJX20150618_114331_V06,-3.182,0.075,305.348,303.835,20.736,-108.182,39.045,10367.874,3290.650,20150618_054331,479178,0,12969,0
2,KGJX20150618_122253_V06,36.185,0.162,303.816,307.255,18.593,-108.191,39.030,9296.360,4098.532,20150618_062253,479179,0,13298,0
3,KGJX20150618_123738_V06,50.935,0.102,304.237,309.446,20.075,-108.189,39.020,10037.254,5176.419,20150618_063738,479172,0,14582,0
2,KGJX20150620_122112_V06,34.191,0.178,294.323,331.139,18.044,-108.246,38.922,9021.763,15826.328,20150620_062112,479172,0,12545,0
2,KGJX20150620_123053_V06,43.874,0.356,292.226,327.051,25.015,-108.258,38.940,12507.590,14072.825,20150620_063053,479171,0,14131,0
2,KGJX20150620_124033_V06,53.541,0.287,283.693,323.590,26.688,-108.307,38.956,13344.196,14338.790,20150620_064033,479176,0,14499,0
2,KGJX20150620_125013_V06,63.207,0.158,286.408,322.625,19.031,-108.291,38.960,9515.282,13196.789,20150620_065013,479170,0,15547,0
1,KGJX20150620_111116_V06,-35.743,0.061,294.884,329.204,24.358,-108.243,38.931,12178.986,14824.592,20150620_051116,479179,0,21168,0
2,KGJX20150622_125319_V06,65.882,0.315,306.865,304.747,27.506,-108.173,39.041,13753.059,4173.404,20150622_065319,479174,0,12696,0
2,KGJX20150622_130259_V06,75.549,0.114,309.019,305.281,34.571,-108.161,39.038,17285.510,5225.881,20150622_070259,479176,0,13516,0
1,KGJX20150622_123357_V06,46.515,0.086,303.734,310.103,23.990,-108.192,39.017,11995.220,5385.282,20150622_063357,479170,0,11851,0
1,KGJX20150623_111048_V06,-36.889,0.220,284.954,308.095,28.966,-108.300,39.026,14482.920,8542.530,20150623_051048,479176,0,26757,0
2,KGJX20150623_125928_V06,71.778,0.088,306.046,304.126,29.474,-108.178,39.044,14737.144,3659.838,20150623_065928,479175,0,13295,0
4,KGJX20150624_121150_V06,23.863,0.055,25.955,495.804,27.051,-109.777,38.170,13525.421,168404.273,20150624_061150,479180,2,42666,2
6,KGJX20150624_122124_V06,33.429,0.067,246.807,58.962,13.591,-108.525,40.147,6795.546,123418.562,20150624_062124,479181,2,41906,2
5,KGJX20150625_124158_V06,53.687,0.051,304.118,309.489,24.956,-108.189,39.019,12477.814,5172.063,20150625_064158,479172,0,13511,0
5,KGJX20150625_125136_V06,63.321,0.223,304.369,307.580,30.522,-108.188,39.028,15260.761,4374.438,20150625_065136,479176,0,13507,0
5,KGJX20150625_130115_V06,72.971,0.805,306.455,306.254,24.061,-108.176,39.034,12030.670,4494.080,20150625_070115,479172,0,14297,0
5,KGJX20150625_131055_V06,82.637,0.771,301.070,310.281,26.850,-108.207,39.016,13425.099,5168.487,20150625_071055,479175,0,15181,0
1,KGJX20150630_113919_V06,-10.890,0.124,385.905,177.346,41.155,-107.713,39.614,20577.358,74872.530,20150630_053919,479173,0,36900,0
6,KGJX20150702_123525_V06,44.268,0.137,31.338,495.718,34.648,-109.746,38.171,17324.081,166196.268,20150702_063525,479170,0,41537,0
6,KGJX20150702_123835_V06,47.435,0.163,31.344,496.333,38.884,-109.746,38.168,19442.023,166375.020,20150702_063835,479175,0,40188,0
6,KGJX20150702_124146_V06,50.618,-1.000,31.348,496.720,43.443,-109.746,38.166,21721.473,166487.637,20150702_064146,479180,1,39409,0
6,KGJX20150702_124458_V06,53.818,0.051,33.214,478.179,57.484,-109.737,38.250,28742.115,160407.694,20150702_064458,479177,1,38885,1
6,KGJX20150702_124809_V06,57.002,0.059,33.354,478.136,62.107,-109.736,38.250,31053.712,160337.529,20150702_064809,479172,1,37509,1
3,KGJX20150703_105601_V06,-55.637,0.275,312.669,209.452,2.622,-108.139,39.470,1311.192,45715.110,20150703_045601,479180,275,82199,5
10,KGJX20150704_114243_V06,-9.464,0.096,223.055,23.643,24.365,-108.666,40.306,12182.737,143434.252,20150704_054243,479174,42,63944,1
10,KGJX20150707_115347_V06,-0.107,0.105,365.217,189.625,24.137,-107.834,39.559,12068.523,64101.344,20150707_055347,479176,120,71209,7
10,KGJX20150707_115843_V06,4.826,0.289,367.898,187.052,30.106,-107.818,39.570,15052.951,65892.464,20150707_055843,479179,111,72805,1
10,KGJX20150707_120337_V06,9.726,0.476,373.072,181.029,30.673,-107.788,39.597,15336.274,69809.986,20150707_060337,479179,106,74044,4
10,KGJX20150707_120833_V06,14.660,0.088,376.797,178.859,30.628,-107.766,39.607,15313.809,71716.172,20150707_060833,479178,113,74929,2
3,KGJX20150707_105949_V06,-54.074,0.086,346.410,193.025,7.996,-107.943,39.544,3997.799,58304.397,20150707_045949,479169,28,88085,0
3,KGJX20150707_110443_V06,-49.174,0.085,345.182,193.653,15.903,-107.950,39.541,7951.413,57773.377,20150707_050443,479176,29,89802,1
13,KGJX20150707_124322_V06,49.476,0.129,71.539,108.097,12.756,-109.549,39.919,6378.025,149182.189,20150707_064322,479183,185,90203,5
17,KGJX20150707_125431_V06,60.626,0.152,346.519,292.486,13.037,-107.944,39.096,6518.688,23561.112,20150707_065431,479174,298,96861,12
9,KGJX20150708_124408_V06,49.632,0.085,264.495,404.792,14.631,-108.417,38.590,7315.430,55321.479,20150708_064408,479180,1,41810,0
9,KGJX20150708_124719_V06,52.816,-1.000,264.495,404.792,19.692,-108.417,38.590,9846.180,55321.479,20150708_064719,479176,3,43206,2
9,KGJX20150708_125030_V06,55.999,0.471,263.380,406.061,21.862,-108.423,38.584,10930.856,56102.560,20150708_065030,479170,2,44728,1
11,KGJX20150708_124719_V06,52.816,0.055,374.611,23.478,24.966,-107.774,40.307,12482.975,143205.278,20150708_064719,479176,3,43206,2
2,KGJX20150710_105656_V06,-58.846,0.105,389.122,285.098,15.381,-107.698,39.128,7690.285,45179.839,20150710_045656,479188,18,48225,2
1,KGJX20150711_110516_V06,-51.179,0.300,301.355,301.947,13.872,-108.205,39.053,6935.944,1186.208,20150711_050516,479180,0,20258,0
1,KGJX20150714_110037_V06,-57.928,0.370,424.096,288.874,8.573,-107.496,39.110,4286.598,62296.784,20150714_050037,479180,0,47851,0
1,KGJX20150714_110532_V06,-53.012,0.680,423.697,287.611,13.460,-107.498,39.116,6729.900,62157.755,20150714_050532,479175,4,46879,0
3,KGJX20150714_110037_V06,-57.928,0.060,454.692,400.906,38.918,-107.325,38.604,19458.954,92346.535,20150714_050037,479180,0,47851,0
2,KGJX20150715_111008_V06,-49.142,0.066,27.961,208.335,42.552,-109.794,39.464,21275.925,143533.808,20150715_051008,479178,1,15862,0
2,KGJX20150715_111319_V06,-45.959,-1.000,27.961,208.335,47.613,-109.794,39.464,23806.675,143533.808,20150715_051319,479172,2,14664,2
2,KGJX20150715_111631_V06,-42.759,0.156,30.391,205.731,52.077,-109.780,39.476,26038.734,142807.139,20150715_051631,479181,2,13518,2
2,KGJX20150715_111943_V06,-39.559,-1.000,32.082,203.920,56.731,-109.770,39.485,28365.696,142312.508,20150715_051943,479175,3,12164,3
2,KGJX20150715_112255_V06,-36.359,0.146,33.453,203.182,53.706,-109.762,39.488,26852.920,141792.841,20150715_052255,479175,3,11551,3
2,KGJX20150715_112606_V06,-33.176,0.054,33.872,205.279,54.006,-109.760,39.479,27002.854,141241.117,20150715_052606,479187,2,10686,2
3,KGJX20150715_111319_V06,-45.959,0.061,31.159,206.692,53.354,-109.775,39.472,26676.781,142286.472,20150715_051319,479172,2,14664,2
1,KGJX20150720_120217_V06,-0.843,0.116,302.503,305.212,27.572,-108.199,39.039,13786.152,2891.017,20150720_060217,479170,0,14160,0
1,KGJX20150720_121157_V06,8.824,0.070,302.543,304.936,36.255,-108.198,39.040,18127.654,2776.207,20150720_061157,479171,0,15204,0
2,KGJX20150722_110701_V06,-57.729,0.143,118.282,222.142,12.089,-109.268,39.408,6044.415,98847.405,20150722_050701,479174,12,29890,3
3,KGJX20150722_114103_V06,-23.696,0.076,273.270,204.526,16.484,-108.368,39.492,8241.913,49572.503,20150722_054103,479167,7,21771,3
1,KGJX20150725_131210_V06,64.923,0.492,306.414,303.855,28.189,-108.176,39.045,14094.475,3741.484,20150725_071210,479181,0,21980,0
3,KGJX20150727_111142_V06,-57.248,0.112,502.081,303.647,12.484,-107.046,39.040,6241.882,101056.740,20150727_051142,479172,2,23981,2
1,KGJX20150728_130619_V06,56.507,0.064,303.493,312.942,22.064,-108.193,39.004,11031.963,6702.556,20150728_070619,479170,0,15260,0
1,KGJX20150729_121138_V06,0.955,0.070,310.154,304.953,29.855,-108.154,39.040,14927.696,5648.973,20150729_061138,479170,0,16644,0
1,KGJX20150729_122117_V06,10.605,0.593,309.289,304.270,35.474,-108.159,39.043,17737.146,5111.779,20150729_062117,479178,0,16050,0
1,KGJX20150730_121211_V06,0.631,0.189,305.920,305.809,24.209,-108.179,39.036,12104.572,4147.103,20150730_061211,479172,0,15936,0
1,KGJX20150730_122151_V06,10.298,0.293,305.125,305.254,31.054,-108.183,39.039,15527.176,3669.849,20150730_062151,479182,0,15051,0
2,KGJX20150730_132204_V06,70.515,0.151,306.283,308.485,25.307,-108.177,39.024,12653.286,5278.933,20150730_072204,479172,0,14114,0
6,KGJX20150801_120642_V06,-6.615,0.094,308.585,299.664,18.214,-108.163,39.064,9107.208,4295.725,20150801_060642,479177,0,45711,0
6,KGJX20150801_121137_V06,-1.699,-1.000,308.585,299.664,26.032,-108.163,39.064,13015.958,4295.725,20150801_061137,479172,0,41523,0
6,KGJX20150801_121630_V06,3.185,0.081,308.651,301.963,27.825,-108.163,39.053,13912.360,4435.592,20150801_061630,479180,0,38136,0
6,KGJX20150801_122125_V06,8.101,0.075,307.427,303.260,24.911,-108.170,39.048,12455.482,4055.377,20150801_062125,479179,0,35544,0
6,KGJX20150801_122619_V06,13.001,0.062,308.858,302.914,31.081,-108.162,39.049,15540.465,4662.657,20150801_062619,479174,1,33350,1
7,KGJX20150801_121137_V06,-1.699,0.120,451.314,520.724,13.130,-107.351,38.065,6564.790,133804.942,20150801_061137,479172,0,41523,0
10,KGJX20150801_130041_V06,47.368,0.394,305.172,309.840,22.389,-108.183,39.018,11194.595,5557.957,20150801_070041,479175,0,23412,0
7,KGJX20150804_132720_V06,71.341,0.059,312.045,289.781,10.774,-108.143,39.108,5387.104,7898.176,20150804_072720,479177,0,20806,0
7,KGJX20150804_133214_V06,76.241,-1.000,312.045,289.781,18.565,-108.143,39.108,9282.604,7898.176,20150804_073214,479183,0,20173,0
7,KGJX20150804_133708_V06,81.141,0.080,311.504,297.043,21.485,-108.147,39.076,10742.577,5938.913,20150804_073708,479173,0,20138,0
7,KGJX20150804_134203_V06,86.057,0.083,312.245,303.621,24.235,-108.142,39.046,12117.399,6384.482,20150804_074203,479175,1,20279,1
4,KGJX20150804_123113_V06,15.224,0.256,305.878,300.879,20.938,-108.179,39.058,10468.830,2971.510,20150804_063113,479175,0,21516,0
5,KGJX20150804_125047_V06,34.791,0.172,307.099,307.322,22.501,-108.172,39.029,11250.423,5099.372,20150804_065047,479169,1,20374,1
1,KGJX20150805_121025_V06,-6.476,0.469,313.797,301.915,23.404,-108.133,39.054,11701.828,6964.531,20150805_061025,479171,0,25123,0
1,KGJX20150805_122006_V06,3.208,0.198,315.215,299.586,31.924,-108.125,39.064,15962.115,7610.317,20150805_062006,479174,0,26824,0
2,KGJX20150805_130828_V06,51.574,0.132,298.225,304.464,24.383,-108.223,39.042,12191.280,2401.962,20150805_070828,479174,0,22892,0
1,KGJX20150806_125957_V06,42.154,0.393,313.977,302.957,24.917,-108.132,39.049,12458.309,7142.971,20150806_065957,479177,0,20504,0
5,KGJX20150807_124751_V06,29.148,0.079,39.524,446.909,43.005,-109.704,38.391,21502.352,149524.557,20150807_064751,479176,1,86107,1
8,KGJX20150807_131647_V06,58.082,0.074,360.863,97.172,53.357,-107.857,39.975,26678.707,105881.558,20150807_071647,479179,0,94802,0
1,KGJX20150809_124749_V06,27.296,0.366,280.362,312.908,16.027,-108.326,39.004,8013.336,11750.235,20150809_064749,479175,0,29056,0
1,KGJX20150810_113443_V06,-46.716,0.609,208.161,284.028,12.176,-108.744,39.133,6088.127,46608.577,20150810_053443,479168,0,38574,0
3,KGJX20150810_120348_V06,-17.633,0.081,386.610,293.450,19.327,-107.713,39.091,9663.303,43428.653,20150810_060348,479172,0,47310,0
4,KGJX20150812_120818_V06,-14.961,0.116,21.821,169.216,19.327,-109.833,39.640,9663.692,153694.668,20150812_060818,479169,1,18994,1
4,KGJX20150812_121156_V06,-11.328,0.190,22.043,169.415,23.902,-109.832,39.639,11951.232,153551.797,20150812_061156,479193,0,18581,0
4,KGJX20150812_121535_V06,-7.678,0.315,23.639,173.309,25.943,-109.822,39.622,12971.470,152008.370,20150812_061535,479201,2,17990,2
4,KGJX20150812_121913_V06,-4.044,-1.000,24.854,176.211,28.734,-109.815,39.609,14367.056,150855.169,20150812_061913,479183,2,17678,2
4,KGJX20150812_122251_V06,-0.411,0.255,25.051,186.039,29.915,-109.813,39.565,14957.605,148815.280,20150812_062251,479186,2,17178,2
7,KGJX20150812_124416_V06,21.006,0.104,300.371,302.004,9.939,-108.211,39.053,4969.418,1018.906,20150812_064416,479180,1,12369,1
7,KGJX20150812_124739_V06,24.389,-1.000,300.371,302.004,15.318,-108.211,39.053,7659.168,1018.906,20150812_064739,479187,1,12166,1
7,KGJX20150812_125118_V06,28.039,0.083,300.224,303.623,11.007,-108.212,39.046,5503.460,1814.844,20150812_065118,479181,2,11783,2
1,KGJX20150813_121859_V06,-5.193,0.172,305.713,302.301,20.311,-108.180,39.052,10155.396,3079.616,20150813_061859,479178,0,22060,0
1,KGJX20150813_122356_V06,-0.243,0.075,305.704,302.310,26.801,-108.180,39.052,13400.392,3076.827,20150813_062356,479185,0,22676,0
3,KGJX20150813_133257_V06,68.774,0.171,304.355,302.606,20.404,-108.188,39.050,10201.946,2537.495,20150813_073257,479178,0,14131,0
3,KGJX20150813_133752_V06,73.690,0.247,304.677,302.422,25.775,-108.186,39.051,12887.699,2633.624,20150813_073752,479175,0,14742,0
3,KGJX20150813_134249_V06,78.640,0.285,304.100,303.553,20.269,-108.189,39.046,10134.495,2712.438,20150813_074249,479173,0,14416,0
3,KGJX20150813_134745_V06,83.574,0.050,303.984,304.291,26.524,-108.190,39.043,13262.249,2927.921,20150813_074745,479179,0,14539,0
2,KGJX20150813_131809_V06,53.974,0.064,299.696,302.004,17.388,-108.215,39.053,8693.966,1013.294,20150813_071809,479176,1,13349,0
3,KGJX20150816_134422_V06,77.443,0.131,305.071,303.095,13.280,-108.184,39.048,6639.832,2970.380,20150816_074422,479176,0,33382,0
3,KGJX20150816_134917_V06,82.359,0.050,305.401,302.776,19.534,-108.182,39.050,9767.219,3036.416,20150816_074917,479177,0,31212,0
3,KGJX20150822_124157_V06,9.544,0.079,377.075,252.256,14.287,-107.766,39.276,7143.421,45332.101,20150822_064157,479181,9,45083,0
1,KGJX20150824_123600_V06,1.776,0.052,304.997,302.409,20.454,-108.184,39.051,10226.856,2773.732,20150824_063600,479166,0,34463,0
2,KGJX20150826_115230_V06,-43.538,0.052,24.227,226.394,26.435,-109.814,39.383,13217.378,142713.427,20150826_055230,479176,1,50288,1
10,KGJX20150827_121318_V06,-23.642,0.308,218.087,171.411,12.517,-108.690,39.640,6258.261,76231.176,20150827_061318,479182,230,106717,11
10,KGJX20150827_121644_V06,-20.209,0.516,219.312,171.263,16.817,-108.683,39.641,8408.655,75966.891,20150827_061644,479178,228,105748,14
36,KGJX20150827_140209_V06,85.208,0.052,463.779,231.577,62.325,-107.263,39.367,31162.327,88748.605,20150827_080209,479173,487,99786,15
1,KGJX20150828_131248_V06,34.955,0.229,334.751,51.185,21.909,-108.009,40.183,10954.254,125614.951,20150828_071248,479174,0,46210,0
1,KGJX20150829_123307_V06,-5.631,0.058,311.327,291.771,29.092,-108.148,39.099,14546.242,7000.107,20150829_063307,479173,0,23030,0
1,KGJX20150829_124248_V06,4.052,0.361,316.807,296.307,41.405,-108.116,39.079,20702.722,8603.948,20150829_064248,479173,0,31214,0
1,KGJX20150829_125229_V06,13.736,0.077,302.813,299.484,23.563,-108.197,39.065,11781.601,1429.770,20150829_065229,479175,1,30499,0
2,KGJX20150830_134855_V06,69.268,0.087,299.050,377.822,27.959,-108.219,38.712,13979.382,38913.774,20150830_074855,479175,0,44956,0
2,KGJX20150830_135835_V06,78.935,0.181,304.867,376.774,34.258,-108.185,38.716,17129.214,38464.098,20150830_075835,479177,0,46827,0
1,KGJX20150830_133914_V06,59.585,0.134,275.433,376.720,36.162,-108.354,38.717,18080.816,40278.817,20150830_073914,479177,0,42009,0
2,KGJX20150831_114549_V06,-54.732,0.078,215.702,94.229,8.037,-108.707,39.988,4018.442,111184.550,20150831_054549,479173,57,82204,2
6,KGJX20150831_120619_V06,-34.232,0.097,447.715,236.310,15.316,-107.356,39.346,7658.073,80430.477,20150831_060619,479176,60,81666,1
17,KGJX20150831_130919_V06,28.768,0.212,296.278,121.301,20.206,-108.235,39.867,10103.107,89368.804,20150831_070919,479173,124,64433,6
25,KGJX20150831_135436_V06,74.051,0.171,346.772,182.636,11.250,-107.941,39.590,5625.023,63170.389,20150831_075436,479180,32,69409,1
5,KGJX20150901_125258_V06,11.518,0.072,192.698,227.042,24.215,-108.836,39.389,12107.426,64878.065,20150901_065258,479173,0,33017,0
5,KGJX20150901_130240_V06,21.218,-1.000,192.698,227.042,39.638,-108.836,39.389,19818.926,64878.065,20150901_070240,479178,0,33112,0
5,KGJX20150901_131221_V06,30.902,0.321,212.713,237.178,17.350,-108.719,39.344,8675.077,53771.819,20150901_071221,479173,0,33625,0
5,KGJX20150901_132202_V06,40.585,0.369,221.842,233.978,14.301,-108.666,39.359,7150.326,51155.475,20150901_072202,479178,0,32947,0
1,KGJX20150902_130625_V06,24.069,0.092,382.109,266.996,30.637,-107.738,39.210,15318.645,44247.023,20150902_070625,479173,0,16187,0
2,KGJX20150902_130625_V06,24.069,0.088,280.645,253.547,6.228,-108.325,39.271,3114.140,25162.060,20150902_070625,479173,0,16187,0
4,KGJX20150904_115357_V06,-50.194,0.074,187.236,388.278,17.392,-108.861,38.663,8695.894,71604.284,20150904_055357,479172,3,70838,0
4,KGJX20150904_115815_V06,-45.894,0.127,187.643,387.882,24.172,-108.859,38.665,12085.902,71322.009,20150904_055815,479179,23,70129,4
4,KGJX20150904_120233_V06,-41.594,-1.000,187.950,387.583,30.966,-108.857,38.666,15482.890,71108.901,20150904_060233,479178,5,70899,0
4,KGJX20150904_120653_V06,-37.261,0.123,190.795,371.059,19.393,-108.841,38.740,9696.257,65144.348,20150904_060653,479181,3,71021,0
4,KGJX20150904_121111_V06,-32.961,0.113,192.727,363.047,17.412,-108.830,38.777,8705.816,62214.184,20150904_061111,479183,0,68512,0
22,KGJX20150904_140157_V06,77.806,0.167,397.803,513.221,63.888,-107.656,38.100,31943.773,117290.840,20150904_080157,479180,1,58633,1
4,KGJX20150907_135824_V06,71.562,0.178,44.097,147.872,58.127,-109.706,39.738,29063.290,148853.348,20150907_075824,479178,75,56510,1
1,KGJX20150910_140023_V06,70.850,0.058,303.716,300.924,17.825,-108.192,39.058,8912.571,1914.799,20150910_080023,479176,0,30694,0
1,KGJX20150914_131754_V06,24.770,0.073,415.232,62.651,63.162,-107.537,40.129,31581.161,131921.476,20150914_071754,479177,0,77738,0
10,KGJX20150915_140511_V06,71.152,0.068,89.604,143.918,23.907,-109.441,39.759,11953.317,130984.870,20150915_080511,479175,264,86826,5
5,KGJX20150916_124318_V06,-11.633,0.098,282.333,203.606,19.765,-108.316,39.496,9882.278,49000.026,20150916_064318,479182,27,47558,1
7,KGJX20150917_140457_V06,69.114,0.294,313.695,288.935,12.085,-108.134,39.112,6042.297,8803.221,20150917_080457,479183,138,70398,0
1,KGJX20150921_135543_V06,56.259,0.093,300.723,304.781,16.953,-108.209,39.041,8476.688,2417.462,20150921_075543,479180,1,22949,0
1,KGJX20150921_140524_V06,65.942,0.141,302.635,304.099,25.676,-108.198,39.044,12838.067,2436.366,20150921_080524,479172,0,24774,0
1,KGJX20150922_141538_V06,75.266,0.076,382.036,405.392,2.419,-107.742,38.587,1209.747,66778.454,20150922_081538,479171,1,46145,1
1,KGJX20150924_134006_V06,37.908,0.095,256.664,374.874,12.179,-108.462,38.725,6089.705,43255.597,20150924_074006,479167,0,22639,0
1,KGJX20150925_125848_V06,-4.307,0.093,321.146,303.313,32.466,-108.091,39.047,16232.899,10701.882,20150925_065848,479175,0,28332,0
1,KGJX20150925_130829_V06,5.376,0.084,315.965,302.550,38.218,-108.121,39.051,19108.774,8083.714,20150925_070829,479174,2,29247,2
1,KGJX20150927_130146_V06,-3.179,0.103,314.874,306.069,23.429,-108.127,39.035,11714.397,8032.064,20150927_070146,479173,1,28779,1
1,KGJX20150928_140613_V06,60.347,0.598,301.790,304.658,16.744,-108.203,39.041,8372.089,2495.159,20150928_080613,479173,0,14894,0
1,KGJX20150928_141553_V06,70.013,0.647,303.432,306.821,22.246,-108.193,39.031,11122.861,3817.765,20150928_081553,479175,0,14751,0
1,KGJX20150928_142534_V06,79.697,0.091,306.377,307.192,17.469,-108.176,39.030,8734.634,4806.243,20150928_082534,479174,0,13744,0
1,KGJX20150928_143515_V06,89.380,0.671,310.175,309.763,26.977,-108.154,39.018,13488.553,7050.313,20150928_083515,479175,0,13516,0
5,KGJX20150930_124318_V06,-24.428,0.065,224.936,276.660,16.231,-108.647,39.167,8115.475,39304.286,20150930_064318,479185,0,90108,0
5,KGJX20150930_124629_V06,-21.245,0.132,225.410,276.475,20.760,-108.645,39.167,10380.175,39106.092,20150930_064629,479183,0,89265,0
5,KGJX20150930_124940_V06,-18.062,0.140,225.634,275.935,23.878,-108.643,39.170,11939.097,39081.491,20150930_064940,479173,0,87883,0
5,KGJX20150930_125251_V06,-14.878,0.068,235.607,277.320,19.972,-108.586,39.164,9985.973,34135.006,20150930_065251,479187,0,85538,0
1,KGJX20150930_121112_V06,-56.528,0.153,236.726,296.914,9.769,-108.579,39.076,4884.695,31674.389,20150930_061112,479173,0,79068,0
1,KGJX20150930_121436_V06,-53.128,0.116,237.681,296.971,14.652,-108.573,39.075,7325.812,31196.097,20150930_061436,479194,2,80283,2
4,KGJX20150930_124318_V06,-24.428,0.139,259.228,184.296,34.315,-108.450,39.583,17157.681,61338.570,20150930_064318,479185,0,90108,0
4,KGJX20150930_124629_V06,-21.245,0.054,268.943,182.428,30.452,-108.394,39.592,15225.788,60802.263,20150930_064629,479183,0,89265,0
1,KGJX20151002_121510_V06,-54.436,0.061,314.913,329.042,8.059,-108.127,38.931,4029.491,16323.604,20151002_061510,479175,0,9801,0
2,KGJX20151002_131314_V06,3.631,0.265,304.712,302.738,22.164,-108.186,39.050,11082.005,2724.836,20151002_071314,479176,0,9683,0
3,KGJX20151007_123930_V06,-34.868,0.069,447.832,523.980,49.546,-107.371,38.050,24772.818,134183.985,20151007_063930,479178,0,36745,0
3,KGJX20151007_124912_V06,-25.168,0.203,446.245,523.514,57.264,-107.380,38.052,28632.023,133553.498,20151007_064912,479177,0,46578,0
1,KGJX20151009_132246_V06,6.457,0.095,319.488,310.066,25.830,-108.101,39.017,12915.001,10967.166,20151009_072246,479176,0,12745,0
1,KGJX20151009_133228_V06,16.157,0.180,325.640,315.869,39.765,-108.065,38.991,19882.732,15076.570,20151009_073228,479176,0,12179,0
1,KGJX20151009_134209_V06,25.841,-1.000,331.412,321.315,53.766,-108.032,38.966,26883.001,18980.578,20151009_074209,479176,0,12124,0
1,KGJX20151009_135150_V06,35.524,0.054,298.284,322.580,17.143,-108.223,38.961,8571.327,11322.697,20151009_075150,479180,0,11036,0
1,KGJX20151009_140131_V06,45.207,0.656,301.711,322.275,23.986,-108.203,38.962,11993.128,11170.082,20151009_080131,479174,1,10300,1
2,KGJX20151010_141015_V06,52.962,0.395,299.841,298.722,12.963,-108.214,39.068,6481.731,644.070,20151010_081015,479181,0,9294,0
1,KGJX20151011_140834_V06,50.295,0.126,300.995,319.027,4.918,-108.207,38.977,2458.797,9526.316,20151011_080834,479169,0,7697,0
1,KGJX20151012_135736_V06,38.339,0.675,304.846,299.531,24.116,-108.185,39.064,12057.785,2434.142,20151012_075736,479173,0,14533,0
1,KGJX20151012_140716_V06,48.006,0.428,305.648,299.628,32.370,-108.180,39.064,16184.921,2830.244,20151012_080716,479180,1,15699,0
2,KGJX20151012_143621_V06,77.089,0.115,313.336,301.776,33.848,-108.136,39.054,16923.859,6726.996,20151012_083621,479178,0,18399,0
1,KGJX20151013_140540_V06,45.411,0.491,302.859,304.232,19.277,-108.197,39.043,9638.496,2553.643,20151013_080540,479173,0,10774,0
1,KGJX20151013_141521_V06,55.095,0.669,303.408,307.899,26.701,-108.193,39.027,13350.318,4301.289,20151013_081521,479177,0,12137,0
1,KGJX20151013_142502_V06,64.778,0.907,304.806,307.743,27.290,-108.185,39.027,13644.957,4556.470,20151013_082502,479172,0,14315,0
1,KGJX20151013_143444_V06,74.478,0.749,311.838,311.268,29.006,-108.145,39.011,14503.078,8171.571,20151013_083444,479179,0,15910,0
1,KGJX20151013_144426_V06,84.178,0.608,312.956,310.492,28.783,-108.138,39.015,14391.283,8335.788,20151013_084426,479172,0,17613,0
6,KGJX20151014_142314_V06,61.978,0.072,300.107,305.044,17.252,-108.212,39.040,8625.866,2522.781,20151014_082314,479179,0,11393,0
6,KGJX20151014_143255_V06,71.662,0.163,298.813,303.509,23.440,-108.220,39.046,11720.235,1852.315,20151014_083255,479172,0,13136,0
6,KGJX20151014_144236_V06,81.345,0.457,307.470,306.284,24.813,-108.170,39.034,12406.646,4880.651,20151014_084236,479172,0,14251,0
1,KGJX20151014_131321_V06,-7.905,0.426,303.373,305.129,16.147,-108.194,39.039,8073.513,3069.130,20151014_071321,479174,0,16620,0
1,KGJX20151014_132302_V06,1.778,0.559,305.887,308.330,22.325,-108.179,39.025,11162.408,5099.881,20151014_072302,479175,0,12639,0
1,KGJX20151014_133449_V06,13.562,0.503,300.372,303.431,11.517,-108.211,39.047,5758.682,1725.800,20151014_073449,479178,0,11835,0
1,KGJX20151014_134429_V06,23.228,0.479,300.203,303.184,17.901,-108.212,39.048,8950.334,1595.221,20151014_074429,479187,0,11099,0
1,KGJX20151014_135411_V06,32.928,-1.000,300.045,302.951,24.850,-108.213,39.049,12425.034,1475.436,20151014_075411,479170,2,10017,2
1,KGJX20151014_140353_V06,42.628,0.062,303.535,304.258,18.898,-108.193,39.043,9448.860,2767.384,20151014_080353,479172,0,9702,0
1,KGJX20151015_132308_V06,0.873,0.221,312.473,299.450,24.557,-108.141,39.065,12278.305,6242.423,20151015_072308,479174,0,14972,0
1,KGJX20151015_133249_V06,10.556,0.223,313.909,299.243,33.927,-108.133,39.066,16963.269,6964.874,20151015_073249,479177,0,14895,0
1,KGJX20151015_134231_V06,20.256,0.568,307.209,300.087,29.706,-108.171,39.062,14852.871,3604.633,20151015_074231,479166,0,15521,0
1,KGJX20151015_135421_V06,32.090,0.675,308.134,297.357,34.591,-108.166,39.074,17295.386,4276.355,20151015_075421,479176,0,16773,0
3,KGJX20151016_143130_V06,68.229,0.275,279.228,333.211,30.473,-108.333,38.913,15236.723,19586.257,20151016_083130,479180,0,11767,0
3,KGJX20151016_144111_V06,77.912,0.145,281.358,331.914,39.041,-108.321,38.918,19520.358,18479.751,20151016_084111,479173,0,11331,0
1,KGJX20151016_133117_V06,8.012,0.064,307.690,301.952,16.905,-108.169,39.053,8452.698,3967.101,20151016_073117,479177,0,9096,0
2,KGJX20151016_141207_V06,48.846,0.086,303.730,309.070,23.578,-108.192,39.021,11788.799,4903.810,20151016_081207,479179,0,10587,0
3,KGJX20151017_142415_V06,59.963,0.077,367.087,485.872,16.659,-107.830,38.224,8329.292,98804.367,20151017_082415,479171,0,9713,0
3,KGJX20151017_143357_V06,69.663,-1.000,367.087,485.872,32.082,-107.830,38.224,16040.792,98804.367,20151017_083357,479170,0,10851,0
3,KGJX20151017_144339_V06,79.363,0.103,396.015,500.760,32.989,-107.665,38.157,16494.731,111269.384,20151017_084339,479173,0,11556,0
1,KGJX20151018_122749_V06,-57.492,0.318,301.363,300.834,9.196,-108.205,39.058,4597.786,798.870,20151018_062749,479169,5,57517,4
1,KGJX20151018_123100_V06,-54.309,0.172,300.402,300.336,8.255,-108.211,39.061,4127.605,261.951,20151018_063100,479178,1,57484,1
2,KGJX20151018_122749_V06,-57.492,0.093,232.363,206.246,6.833,-108.606,39.484,3416.653,57802.431,20151018_062749,479169,5,57517,4
2,KGJX20151018_123100_V06,-54.309,0.197,238.003,205.708,4.884,-108.573,39.486,2441.811,56423.826,20151018_063100,479178,1,57484,1
6,KGJX20151018_123100_V06,-54.309,0.081,22.603,224.948,22.983,-109.823,39.389,11491.277,143685.459,20151018_063100,479178,1,57484,1
18,KGJX20151018_134739_V06,22.341,0.389,196.357,320.807,11.105,-108.811,38.967,5552.567,52855.442,20151018_074739,479169,0,93366,0
23,KGJX20151018_142243_V06,57.408,0.105,365.718,261.938,17.803,-107.832,39.233,8901.348,37972.219,20151018_082243,479168,8,97563,2
12,KGJX20151019_142226_V06,56.098,0.208,36.092,316.396,57.603,-109.736,38.978,28801.575,132208.377,20151019_082226,479184,559,152628,18
12,KGJX20151019_142632_V06,60.198,0.135,36.726,315.685,63.202,-109.732,38.982,31601.062,131870.615,20151019_082632,479178,662,146798,21
12,KGJX20151019_143255_V06,66.581,0.161,40.177,312.407,64.605,-109.713,38.997,32302.349,130059.481,20151019_083255,479176,929,140151,92
12,KGJX20151019_143713_V06,70.881,0.076,44.027,311.449,61.383,-109.691,39.001,30691.737,128114.321,20151019_083713,479172,1026,133368,166
5,KGJX20151019_132537_V06,-0.719,0.067,16.880,429.122,19.346,-109.835,38.469,9673.086,155587.290,20151019_072537,479176,574,209559,14
5,KGJX20151019_132941_V06,3.348,0.115,18.244,430.457,26.880,-109.827,38.463,13440.175,155245.911,20151019_072941,479177,619,202179,8
17,KGJX20151019_144953_V06,83.548,0.060,268.618,416.330,25.738,-108.393,38.538,12869.230,60244.408,20151019_084953,479180,209,132859,22
2,KGJX20151020_122835_V06,-58.784,0.128,20.758,303.975,19.115,-109.826,39.033,9557.446,139634.986,20151020_062835,479175,32,29312,2
2,KGJX20151020_123146_V06,-55.601,0.094,20.921,303.719,23.350,-109.825,39.034,11675.210,139551.657,20151020_063146,479177,20,28252,1
3,KGJX20151020_122835_V06,-58.784,0.122,305.847,299.348,12.733,-108.179,39.065,6366.615,2941.780,20151020_062835,479175,32,29312,2
3,KGJX20151020_123146_V06,-55.601,0.065,306.028,298.978,16.940,-108.178,39.067,8469.892,3056.990,20151020_063146,479177,20,28252,1
4,KGJX20151022_133637_V06,7.170,0.061,26.082,304.242,41.203,-109.795,39.032,20601.690,136975.233,20151022_073637,479180,2,169715,0
4,KGJX20151022_134132_V06,12.086,0.071,26.278,304.690,47.697,-109.794,39.030,23848.392,136880.882,20151022_074132,479180,0,175858,0
4,KGJX20151022_134626_V06,16.986,0.051,28.499,309.701,49.941,-109.780,39.008,24970.386,135837.088,20151022_074626,479171,5,180764,1
10,KGJX20151023_142533_V06,55.056,0.055,393.292,510.580,28.301,-107.681,38.113,14150.635,115160.055,20151023_082533,479171,0,134644,0
2,KGJX20151024_134018_V06,8.753,0.050,238.620,365.617,36.521,-108.566,38.766,18260.368,44925.462,20151024_074018,479175,0,8183,0
7,KGJX20151026_142117_V06,47.616,0.056,47.261,331.838,53.895,-109.670,38.910,26947.304,127368.228,20151026_082117,479174,0,269461,0
3,KGJX20151029_134209_V06,5.266,0.083,11.506,431.009,20.352,-109.866,38.460,10175.869,158423.651,20151029_074209,479174,0,40031,0
3,KGJX20151029_135150_V06,14.949,-1.000,11.506,431.009,35.748,-109.866,38.460,17874.119,158423.651,20151029_075150,479171,0,40026,0
3,KGJX20151029_140132_V06,24.649,-1.000,11.506,431.009,51.171,-109.866,38.460,25585.619,158423.651,20151029_080132,479172,0,40279,0
3,KGJX20151029_141114_V06,34.349,0.055,36.113,428.207,50.559,-109.725,38.475,25279.588,146691.485,20151029_081114,479172,0,40848,0
1,KGJX20151029_131302_V06,-23.851,0.055,27.459,256.977,48.162,-109.792,39.245,24081.007,137958.131,20151029_071302,479176,0,41867,0
2,KGJX20151029_132245_V06,-14.134,0.065,31.677,373.550,25.406,-109.756,38.721,12702.751,139110.492,20151029_072245,479169,0,39947,0
2,KGJX20151030_124420_V06,-53.633,0.138,29.078,283.909,38.236,-109.780,39.124,19117.891,135699.956,20151030_064420,479173,0,192232,0
2,KGJX20151030_124918_V06,-48.667,0.737,29.373,282.912,41.673,-109.778,39.129,20836.512,135582.818,20151030_064918,479173,0,189579,0
2,KGJX20151030_125418_V06,-43.667,0.357,29.769,274.786,47.559,-109.777,39.165,23779.667,135702.197,20151030_065418,479175,1,187219,1
2,KGJX20151101_134425_V06,4.271,0.076,313.470,290.012,8.818,-108.135,39.107,4409.039,8384.393,20151101_064425,479171,0,12723,0
3,KGJX20151102_133455_V06,-6.324,0.254,353.712,228.581,8.664,-107.901,39.383,4331.760,44681.170,20151102_063455,479164,0,11484,0
1,KGJX20151103_133700_V06,-5.341,0.102,356.796,223.539,12.958,-107.883,39.406,6479.053,47623.677,20151103_063700,479175,0,4058,0
3,KGJX20151103_145640_V06,74.326,0.093,27.090,151.874,30.544,-109.805,39.719,15272.019,155258.912,20151103_075640,479168,1,4713,1
4,KGJX20151104_134250_V06,-0.611,0.089,26.236,396.132,49.314,-109.785,38.619,24657.124,145075.932,20151104_064250,479174,0,208859,0
4,KGJX20151105_143603_V06,51.499,0.066,175.967,214.820,14.837,-108.933,39.444,7418.707,75232.516,20151105_073603,479164,0,143322,0
2,KGJX20151108_125726_V06,-50.454,0.084,294.404,319.519,17.294,-108.245,38.974,8646.908,10152.856,20151108_055726,479174,0,18366,0
1,KGJX20151110_130858_V06,-41.153,0.149,90.242,204.842,16.864,-109.432,39.484,8432.202,115166.926,20151110_060858,479176,0,23519,0
4,KGJX20151110_134745_V06,-2.370,0.136,350.915,228.166,8.163,-107.918,39.385,4081.692,44023.777,20151110_064745,479178,0,25486,0
3,KGJX20151114_135241_V06,-1.904,0.258,356.890,224.014,13.100,-107.883,39.404,6550.034,47461.513,20151114_065241,479169,0,8826,0
4,KGJX20151114_140223_V06,7.796,0.058,305.807,310.720,21.633,-108.180,39.014,10816.444,6096.047,20151114_070223,479174,0,7902,0
1,KGJX20151115_135248_V06,-2.902,0.198,354.049,224.235,13.031,-107.899,39.403,6515.472,46534.157,20151115_065248,479177,1,5648,1
4,KGJX20151119_140830_V06,8.375,0.342,351.373,229.782,6.730,-107.915,39.378,3364.803,43501.963,20151119_070830,479175,0,13438,0
2,KGJX20151121_140123_V06,-0.923,0.401,302.263,318.135,19.596,-108.200,38.981,9798.080,9137.781,20151121_070123,479171,0,5357,0
2,KGJX20151121_141106_V06,8.793,0.105,304.263,320.012,17.255,-108.188,38.972,8627.598,10230.570,20151121_071106,479180,0,5090,0
3,KGJX20151123_140048_V06,-3.661,0.053,305.778,307.090,14.728,-108.180,39.030,7364.063,4572.955,20151123_070048,479170,0,7458,0
3,KGJX20151123_141029_V06,6.022,0.084,305.058,308.688,23.568,-108.184,39.023,11783.906,5026.825,20151123_071029,479173,0,7278,0
1,KGJX20151124_140032_V06,-4.993,0.205,213.093,339.970,2.506,-108.714,38.881,1252.937,47828.934,20151124_070032,479180,0,4726,0
3,KGJX20151124_140032_V06,-4.993,0.055,355.494,224.294,15.194,-107.891,39.403,7596.928,46933.579,20151124_070032,479180,0,4726,0
4,KGJX20151125_140046_V06,-5.816,0.058,211.510,516.347,17.129,-108.717,38.087,8564.439,116872.364,20151125_070046,479177,0,18284,0
2,KGJX20151130_145402_V06,42.327,0.213,296.886,292.381,18.709,-108.231,39.097,9354.504,4115.226,20151130_075402,479173,0,7473,0
2,KGJX20151130_150345_V06,52.044,0.135,310.599,281.165,15.480,-108.152,39.147,7740.101,10806.038,20151130_080345,479172,0,7876,0
1,KGJX20151201_141533_V06,2.856,0.131,350.355,232.088,7.635,-107.921,39.368,3817.310,42272.192,20151201_071533,479175,0,4185,0
8,KGJX20151205_152319_V06,66.826,0.228,213.875,333.497,5.593,-108.710,38.910,2796.350,46204.652,20151205_082319,479167,0,159971,0
3,KGJX20151206_142457_V06,7.553,0.057,348.811,231.193,5.095,-107.930,39.372,2547.554,42180.851,20151206_072457,479172,0,6713,0
2,KGJX20151208_141604_V06,-3.086,0.253,208.725,350.145,10.027,-108.739,38.835,5013.527,52071.297,20151208_071604,479179,0,30250,0
3,KGJX20151211_142715_V06,5.622,0.472,211.474,344.501,14.463,-108.723,38.861,7231.476,49540.860,20151211_072715,479176,0,170487,0
6,KGJX20151211_150607_V06,44.489,0.143,400.400,287.063,27.217,-107.633,39.119,13608.509,50615.011,20151211_080607,479169,0,172970,0
6,KGJX20151211_151549_V06,54.189,0.116,408.198,277.774,19.799,-107.587,39.161,9899.490,55228.363,20151211_081549,479175,0,172148,0
2,KGJX20151212_142638_V06,4.226,0.666,365.806,211.523,11.406,-107.831,39.460,5703.197,55133.211,20151212_072638,479181,0,209882,0
7,KGJX20151212_150530_V06,43.093,0.091,399.996,321.622,34.887,-107.636,38.963,17443.649,51153.474,20151212_080530,479178,0,213002,0
1,KGJX20151213_141354_V06,-9.262,0.088,205.645,342.769,8.987,-108.757,38.868,4493.620,51797.896,20151213_071354,479179,0,30914,0
1,KGJX20151213_142337_V06,0.454,0.592,206.821,345.641,18.188,-108.750,38.855,9093.905,51878.069,20151213_072337,479164,0,27210,0
1,KGJX20151213_143321_V06,10.188,0.089,206.237,347.932,18.187,-108.753,38.845,9093.467,52652.225,20151213_073321,479180,0,25402,0
2,KGJX20151219_142456_V06,-2.199,0.054,232.687,330.969,11.842,-108.601,38.922,5921.028,37047.513,20151219_072456,479186,0,37898,0
5,KGJX20151220_143055_V06,3.224,0.085,213.047,351.834,17.497,-108.714,38.828,8748.388,50615.138,20151220_073055,479172,2,134199,2
6,KGJX20151220_144039_V06,12.957,0.273,330.100,96.534,7.463,-108.037,39.978,3731.575,102840.169,20151220_074039,479175,2,141278,2
9,KGJX20151220_152912_V06,61.507,0.080,24.921,522.604,34.123,-109.780,38.049,17061.325,176933.022,20151220_082912,479176,0,163242,0
2,KGJX20151221_142709_V06,-1.073,0.059,213.192,346.970,14.263,-108.713,38.850,7131.268,49350.280,20151221_072709,479178,0,107642,0
5,KGJX20151222_153117_V06,62.561,0.114,24.866,503.852,32.968,-109.782,38.133,16484.200,171211.976,20151222_083117,479173,0,305070,0
5,KGJX20151222_154100_V06,72.278,0.101,25.734,501.434,42.200,-109.777,38.144,21099.813,170144.890,20151222_084100,479177,0,300638,0
1,KGJX20151224_142435_V06,-5.041,0.662,211.278,344.034,13.756,-108.724,38.863,6878.063,49524.018,20151224_072435,479170,0,16592,0
1,KGJX20151227_143640_V06,5.933,0.066,354.874,232.040,8.073,-107.895,39.368,4036.270,43673.940,20151227_073640,479175,3,3844,3
1,KGJX20151228_142848_V06,-2.236,0.182,302.641,304.178,13.512,-108.198,39.043,6756.142,2471.508,20151228_072848,479176,2,6005,2
3,KGJX20151229_133226_V06,-58.871,0.077,284.052,327.417,4.778,-108.305,38.939,2389.164,15858.940,20151229_063226,479171,0,21182,0
5,KGJX20151229_133226_V06,-58.871,0.057,372.847,127.884,29.916,-107.788,39.837,14958.183,93448.783,20151229_063226,479171,0,21182,0
6,KGJX20151229_133226_V06,-58.871,0.050,309.745,295.447,10.059,-108.157,39.083,5029.419,5378.144,20151229_063226,479171,0,21182,0
14,KGJX20151229_145944_V06,28.429,0.268,212.592,335.179,21.840,-108.717,38.903,10920.086,47110.719,20151229_075944,479169,0,44620,0
1,KGJX20151231_133244_V06,-59.005,0.118,169.982,304.084,8.091,-108.964,39.041,4045.460,65041.122,20151231_063244,479169,0,64558,0
