track_id,filename,from_sunrise,det_score,x,y,r,lon,lat,radius,geo_dist,local_time,n_radar_pixels,n_refAbove40_pixels,n_xcorrAbove0.95_pixels,n_xcorrBelow0.95_refAbove40_pixels
3,KPDT20150602_111650_V06,-52.118,0.084,243.152,128.299,32.076,-119.223,46.462,16038.084,90433.668,20150602_041650,479179,77,74813,59
5,KPDT20150602_113621_V06,-32.601,0.267,272.537,157.334,13.346,-119.031,46.332,6673.222,72642.390,20150602_043621,479177,95,75757,50
7,KPDT20150603_131933_V06,71.116,0.081,136.952,45.960,8.233,-119.921,46.828,4116.518,150931.034,20150603_061933,479188,94,14423,69
1,KPDT20150605_112349_V06,-43.699,0.101,422.490,233.065,21.110,-118.062,45.989,10554.848,69792.514,20150605_042349,479191,171,21194,131
2,KPDT20150605_115246_V06,-14.749,0.121,232.316,131.589,6.961,-119.293,46.447,3480.742,90751.719,20150605_045246,479184,168,21960,134
3,KPDT20150605_120223_V06,-5.132,0.051,226.109,70.070,7.557,-119.336,46.724,3778.471,120755.662,20150605_050223,479183,169,21305,114
1,KPDT20150606_120934_V06,2.451,0.182,238.652,42.546,32.936,-119.255,46.848,16467.934,132331.176,20150606_050934,479185,151,23088,136
1,KPDT20150606_121910_V06,12.051,0.100,243.138,43.318,40.170,-119.225,46.845,20085.174,131452.338,20150606_051910,479191,173,21977,131
2,KPDT20150606_130705_V06,59.968,0.061,80.005,242.686,12.281,-120.271,45.940,6140.435,113668.881,20150606_060705,479180,229,22660,165
1,KPDT20150607_114557_V06,-20.805,0.249,260.875,138.003,14.969,-119.107,46.419,7484.289,83327.519,20150607_044557,479185,101,18312,78
1,KPDT20150607_115536_V06,-11.155,-1.000,260.875,138.003,30.312,-119.107,46.419,15156.039,83327.519,20150607_045536,479191,129,19658,109
1,KPDT20150607_120513_V06,-1.539,0.053,258.451,108.489,31.742,-119.124,46.552,15870.975,97983.229,20150607_050513,479189,105,21655,79
2,KPDT20150607_114557_V06,-20.805,0.093,249.032,126.053,2.767,-119.185,46.473,1383.312,90630.364,20150607_044557,479185,101,18312,78
3,KPDT20150607_115536_V06,-11.155,0.165,219.441,36.958,16.315,-119.381,46.873,8157.394,137550.609,20150607_045536,479191,129,19658,109
1,KPDT20150608_114706_V06,-19.335,0.149,260.856,134.738,13.150,-119.107,46.434,6574.924,84917.304,20150608_044706,479186,133,19483,108
2,KPDT20150608_122545_V06,19.315,0.051,139.338,158.779,43.595,-119.896,46.321,21797.504,106952.802,20150608_052545,479191,140,23098,107
1,KPDT20150610_111052_V06,-55.048,0.108,261.919,132.997,13.272,-119.101,46.442,6635.841,85644.875,20150610_041052,479185,113,27448,95
1,KPDT20150610_112024_V06,-45.514,0.133,264.284,133.110,20.584,-119.085,46.441,10291.800,85334.303,20150610_042024,479197,102,28102,87
2,KPDT20150610_114914_V06,-16.681,0.156,260.454,135.095,15.633,-119.110,46.432,7816.669,84790.363,20150610_044914,479186,147,22036,110
2,KPDT20150610_115855_V06,-6.998,0.137,260.489,136.012,23.667,-119.110,46.428,11833.512,84340.460,20150610_045855,479188,138,24713,121
3,KPDT20150610_115855_V06,-6.998,0.183,203.630,61.308,3.074,-119.484,46.763,1536.865,128706.085,20150610_045855,479188,138,24713,121
4,KPDT20150611_115333_V06,-12.164,0.882,251.563,134.604,9.565,-119.168,46.434,4782.341,86171.197,20150611_045333,479190,119,20429,90
4,KPDT20150611_120313_V06,-2.498,0.300,251.661,136.645,18.426,-119.167,46.425,9212.950,85178.697,20150611_050313,479180,89,23482,73
1,KPDT20150611_111500_V06,-50.714,0.102,375.770,300.487,5.993,-118.366,45.687,2996.571,37885.916,20150611_041500,479183,87,32500,60
5,KPDT20150611_115333_V06,-12.164,0.167,248.433,77.972,18.099,-119.190,46.689,9049.461,113968.973,20150611_045333,479190,119,20429,90
1,KPDT20150614_110850_V06,-56.522,0.102,358.328,309.108,4.718,-118.479,45.649,2359.070,29517.326,20150614_040850,479190,79,26756,66
1,KPDT20150615_120000_V06,-5.315,0.129,214.800,55.662,14.475,-119.411,46.788,7237.293,129383.215,20150615_050000,479186,198,19393,158
3,KPDT20150616_115103_V06,-14.265,0.455,252.855,137.049,11.632,-119.159,46.423,5815.804,84817.127,20150616_045103,479190,184,19483,138
3,KPDT20150616_120045_V06,-4.565,0.185,252.981,136.200,19.081,-119.159,46.427,9540.482,85207.376,20150616_050045,479184,178,22897,125
3,KPDT20150616_121025_V06,5.102,-1.000,253.099,135.405,26.981,-119.158,46.431,13490.534,85573.307,20150616_051025,479179,110,28604,64
3,KPDT20150616_122007_V06,14.802,0.083,266.039,118.320,32.172,-119.074,46.508,16086.085,92413.651,20150616_052007,479185,190,26590,145
1,KPDT20150616_111212_V06,-53.115,0.092,236.052,331.008,2.522,-119.262,45.550,1260.841,35534.501,20150616_041212,479187,140,20095,99
5,KPDT20150616_120045_V06,-4.565,0.646,238.313,41.818,19.797,-119.257,46.851,9898.365,132724.395,20150616_050045,479184,178,22897,125
6,KPDT20150616_125122_V06,46.052,0.070,281.926,126.593,33.837,-118.970,46.471,16918.495,87173.431,20150616_055122,479189,199,24421,134
4,KPDT20150617_122018_V06,14.947,0.155,268.516,139.585,30.605,-119.058,46.412,15302.517,81737.610,20150617_052018,479191,120,24557,94
4,KPDT20150617_122959_V06,24.630,0.173,271.980,135.965,36.963,-119.035,46.428,18481.728,83205.687,20150617_052959,479187,151,22811,111
1,KPDT20150617_111248_V06,-52.553,0.388,260.498,96.734,25.116,-119.111,46.605,12558.128,103534.346,20150617_041248,479188,140,31309,119
2,KPDT20150617_115117_V06,-14.070,0.061,259.546,135.583,13.653,-119.116,46.430,6826.555,84660.062,20150617_045117,479188,152,22443,130
3,KPDT20150617_115117_V06,-14.070,0.051,230.967,81.631,4.365,-119.304,46.672,2182.442,114510.302,20150617_045117,479188,152,22443,130
1,KPDT20150618_112348_V06,-41.631,0.065,345.819,254.112,7.091,-118.558,45.897,3545.704,32423.557,20150618_042348,479182,86,31083,73
2,KPDT20150618_115255_V06,-12.514,0.089,248.846,125.177,2.846,-119.186,46.476,1423.033,91076.459,20150618_045255,479185,156,22466,128
3,KPDT20150618_115255_V06,-12.514,0.062,288.505,159.764,1.890,-118.927,46.321,944.763,70353.289,20150618_045255,479185,156,22466,128
1,KPDT20150619_110902_V06,-56.514,0.082,236.444,399.987,2.757,-119.258,45.240,1378.721,59238.515,20150619_040902,479186,58,31078,43
1,KPDT20150620_112042_V06,-45.002,0.065,78.371,243.862,8.318,-120.282,45.934,4158.969,114314.240,20150620_042042,479188,102,25710,86
2,KPDT20150620_114955_V06,-15.785,0.221,257.461,135.018,14.237,-119.130,46.432,7118.599,85189.136,20150620_044955,479187,146,14439,123
4,KPDT20150620_115939_V06,-6.052,0.082,257.828,264.171,16.561,-119.124,45.851,8280.313,27668.481,20150620_045939,479190,97,14463,70
5,KPDT20150620_130739_V06,61.948,0.059,78.757,243.207,13.272,-120.279,45.937,6635.958,114208.066,20150620_060739,479189,122,13040,105
1,KPDT20150622_115546_V06,-10.358,0.057,258.968,124.327,4.266,-119.120,46.480,2133.202,90200.501,20150622_045546,479188,198,21878,162
1,KPDT20150622_120524_V06,-0.724,0.054,260.844,114.670,24.017,-119.108,46.524,12008.288,94710.403,20150622_050524,479196,208,22746,168
1,KPDT20150622_121501_V06,8.892,0.073,267.113,102.081,26.021,-119.067,46.581,13010.501,100316.544,20150622_051501,479183,254,21235,198
1,KPDT20150623_110630_V06,-59.891,0.130,230.941,206.592,2.466,-119.299,46.110,1233.047,58082.397,20150623_040630,479190,106,35021,97
3,KPDT20150623_115446_V06,-11.625,0.484,271.559,133.279,19.345,-119.038,46.440,9672.630,84564.509,20150623_045446,479193,178,19182,134
1,KPDT20150625_110859_V06,-58.051,0.125,270.824,130.900,14.240,-119.043,46.451,7120.071,85799.113,20150625_040859,479190,84,24564,74
1,KPDT20150625_111839_V06,-48.385,0.101,265.877,122.713,30.393,-119.075,46.488,15196.264,90270.548,20150625_041839,479190,118,25919,100
2,KPDT20150625_114737_V06,-19.418,0.176,299.484,142.344,2.651,-118.856,46.400,1325.317,78828.531,20150625_044737,479188,116,20008,101
3,KPDT20150625_114737_V06,-19.418,0.119,260.950,132.765,12.710,-119.107,46.443,6355.127,85866.988,20150625_044737,479188,116,20008,101
5,KPDT20150625_115715_V06,-9.785,0.152,257.849,63.196,13.429,-119.129,46.755,6714.323,120263.008,20150625_045715,479190,138,23591,121
1,KPDT20150626_115115_V06,-16.160,0.169,27.885,196.063,34.572,-120.614,46.145,17285.763,145644.634,20150626_045115,479186,153,22054,113
2,KPDT20150627_124740_V06,39.846,0.085,23.904,423.512,35.395,-120.607,45.121,17697.472,151231.829,20150627_054740,479195,129,28563,99
2,KPDT20150628_111421_V06,-53.915,0.058,233.828,402.972,5.650,-119.274,45.227,2824.995,61200.462,20150628_041421,479181,114,27669,92
7,KPDT20150628_121202_V06,3.768,0.065,240.852,119.318,28.914,-119.238,46.503,14456.797,95058.332,20150628_051202,479182,202,28210,176
7,KPDT20150628_121651_V06,8.585,0.155,236.186,117.914,24.689,-119.268,46.509,12344.334,96472.076,20150628_051651,479178,107,29989,74
9,KPDT20150628_131422_V06,66.102,0.078,78.871,241.570,16.367,-120.279,45.945,8183.414,114359.247,20150628_061422,479188,200,21493,171
7,KPDT20150629_121308_V06,4.390,0.086,347.046,201.630,24.724,-118.548,46.133,12362.053,54520.581,20150629_051308,479194,304,52549,150
7,KPDT20150629_121706_V06,8.356,0.325,346.911,200.149,29.473,-118.549,46.139,14736.390,55161.036,20150629_051706,479197,341,52785,181
10,KPDT20150629_123504_V06,26.323,0.193,450.647,505.221,20.275,-117.901,44.763,10137.256,127289.238,20150629_053504,479175,276,58423,86
14,KPDT20150629_124836_V06,39.856,0.056,451.584,514.660,16.630,-117.896,44.721,8315.210,131393.139,20150629_054836,479187,132,54862,87
17,KPDT20150629_130454_V06,56.156,0.087,417.956,109.687,13.523,-118.084,46.544,6761.421,111951.562,20150629_060454,479178,110,47038,85
20,KPDT20150629_133200_V06,83.256,0.068,509.647,293.951,12.808,-117.507,45.710,6403.793,104866.937,20150629_063200,479197,251,40369,173
1,KPDT20150630_111020_V06,-58.922,0.096,257.713,211.423,2.960,-119.126,46.089,1480.223,49076.654,20150630_041020,479177,88,42032,63
2,KPDT20150630_115525_V06,-13.839,0.067,291.934,163.629,8.252,-118.905,46.304,4126.190,68304.591,20150630_045525,479205,144,30421,113
3,KPDT20150630_125925_V06,50.161,0.082,79.126,243.072,8.100,-120.277,45.938,4050.144,114046.228,20150630_055925,479203,252,31986,156
1,KPDT20150701_113022_V06,-39.433,0.417,180.850,254.311,7.074,-119.620,45.894,3537.043,63805.058,20150701_043022,479192,150,24610,101
3,KPDT20150701_120842_V06,-1.100,0.226,259.549,211.206,2.827,-119.114,46.090,1413.464,48786.980,20150701_050842,479186,58,25643,44
5,KPDT20150701_122756_V06,18.133,0.062,226.219,256.159,14.679,-119.328,45.887,7339.670,42911.676,20150701_052756,479183,166,26564,134
6,KPDT20150701_130627_V06,56.650,0.052,251.927,146.928,34.937,-119.165,46.379,17468.267,80221.437,20150701_060627,479191,185,27724,141
1,KPDT20150702_115204_V06,-18.310,0.239,231.708,43.113,13.122,-119.300,46.845,6560.843,132904.635,20150702_045204,479195,200,23028,158
2,KPDT20150702_120145_V06,-8.626,0.051,309.659,152.144,3.568,-118.790,46.356,1783.981,74085.440,20150702_050145,479191,136,27110,103
1,KPDT20150703_113216_V06,-38.718,0.068,288.958,186.059,9.026,-118.924,46.203,4513.111,57237.497,20150703_043216,479185,54,34345,38
2,KPDT20150703_120102_V06,-9.951,0.363,284.217,159.289,14.078,-118.955,46.323,7039.062,70796.517,20150703_050102,479188,167,24333,136
1,KPDT20150704_112003_V06,-51.573,0.077,342.687,250.631,4.815,-118.578,45.912,2407.387,32632.270,20150704_042003,479193,98,27453,76
2,KPDT20150704_114127_V06,-30.173,0.167,197.646,235.575,15.474,-119.513,45.978,7736.811,60470.930,20150704_044127,479190,113,23605,95
1,KPDT20150705_112914_V06,-43.058,0.052,189.944,263.836,6.050,-119.561,45.851,3024.870,57922.524,20150705_042914,479190,138,20274,99
2,KPDT20150705_120958_V06,-2.325,0.108,282.987,327.454,2.516,-118.962,45.567,1257.847,16149.084,20150705_050958,479187,155,19319,141
2,KPDT20150706_113046_V06,-42.223,0.090,309.891,153.546,2.046,-118.789,46.349,1023.201,73393.792,20150706_043046,479192,152,23054,102
3,KPDT20150707_120941_V06,-4.033,0.181,301.011,511.174,9.101,-118.846,44.740,4550.455,105588.353,20150707_050941,479184,147,36960,99
10,KPDT20150707_130332_V06,49.817,0.119,528.956,465.458,4.960,-117.402,44.937,2480.141,141241.989,20150707_060332,479182,87,31282,61
1,KPDT20150708_111449_V06,-59.654,0.164,76.394,245.139,11.187,-120.294,45.928,5593.714,115118.822,20150708_041449,479203,141,36685,101
3,KPDT20150708_112745_V06,-46.721,0.055,78.597,245.822,13.762,-120.280,45.925,6880.892,113967.898,20150708_042745,479190,127,37492,97
1,KPDT20150709_112513_V06,-50.035,0.057,180.147,139.101,2.247,-119.632,46.412,1123.716,100315.919,20150709_042513,479184,179,28210,140
5,KPDT20150710_123057_V06,14.890,0.353,201.262,51.271,11.955,-119.500,46.808,5977.423,133805.384,20150710_053057,479178,77,39565,63
2,KPDT20150711_112555_V06,-50.976,0.156,282.516,180.312,11.722,-118.966,46.229,5860.790,60479.171,20150711_042555,479201,156,33850,106
5,KPDT20150711_114205_V06,-34.809,0.090,236.094,404.597,6.090,-119.260,45.219,3044.939,61287.113,20150711_044205,479178,76,34834,58
1,KPDT20150712_121022_V06,-7.383,0.078,111.792,179.065,5.736,-120.073,46.228,2867.796,111856.699,20150712_051022,479191,124,13686,97
1,KPDT20150712_121955_V06,2.167,0.078,110.912,180.678,14.433,-120.078,46.221,7216.509,111794.176,20150712_051955,479187,115,11802,88
1,KPDT20150713_120118_V06,-17.330,0.444,288.081,165.021,2.433,-118.930,46.298,1216.595,67752.164,20150713_050118,479185,195,22930,165
1,KPDT20150714_121947_V06,0.250,0.099,78.553,244.160,7.365,-120.280,45.933,3682.371,114189.595,20150714_051947,479191,187,21686,154
2,KPDT20150714_121947_V06,0.250,0.077,234.736,79.533,7.941,-119.279,46.681,3970.665,114962.177,20150714_051947,479191,187,21686,154
1,KPDT20150717_115751_V06,-24.518,0.832,261.935,121.135,9.178,-119.101,46.495,4589.132,91435.484,20150717_045751,479182,150,39564,136
1,KPDT20150717_120733_V06,-14.818,0.719,263.313,129.152,15.026,-119.092,46.459,7512.875,87371.563,20150717_050733,479191,135,33473,112
1,KPDT20150717_121711_V06,-5.185,0.609,267.050,138.116,16.466,-119.067,46.419,8233.108,82601.629,20150717_051711,479182,51,36829,40
1,KPDT20150717_122653_V06,4.515,0.553,265.442,145.799,21.882,-119.077,46.384,10940.883,79012.787,20150717_052653,479187,165,29925,136
1,KPDT20150717_123636_V06,14.232,0.236,269.645,149.098,20.923,-119.050,46.369,10461.370,76962.536,20150717_053636,479183,183,24427,138
4,KPDT20150717_115751_V06,-24.518,0.078,277.124,164.396,4.230,-119.001,46.300,2114.861,68759.870,20150717_045751,479182,150,39564,136
1,KPDT20150718_115625_V06,-26.935,0.518,274.482,165.062,2.568,-119.018,46.297,1284.088,68664.683,20150718_045625,479188,238,37938,192
1,KPDT20150718_120608_V06,-17.219,-1.000,274.482,165.062,18.018,-119.018,46.297,9008.838,68664.683,20150718_050608,479184,262,32244,201
1,KPDT20150718_121550_V06,-7.519,0.782,263.245,133.155,16.723,-119.092,46.441,8361.381,85422.599,20150718_051550,479182,231,29327,204
1,KPDT20150718_122532_V06,2.181,0.792,268.648,132.948,17.544,-119.057,46.442,8772.006,84984.501,20150718_052532,479191,207,27874,176
1,KPDT20150718_123511_V06,11.831,0.910,268.714,145.320,27.475,-119.056,46.386,13737.382,78906.414,20150718_053511,479184,105,33524,84
1,KPDT20150718_124452_V06,21.515,0.379,270.347,150.809,29.798,-119.045,46.362,14898.763,76054.748,20150718_054452,479188,222,29592,170
6,KPDT20150718_121550_V06,-7.519,0.208,279.948,171.488,14.100,-118.983,46.269,7049.965,65033.505,20150718_051550,479182,231,29327,204
1,KPDT20150721_113323_V06,-53.023,0.054,79.059,244.515,9.328,-120.277,45.931,4663.803,113900.669,20150721_043323,479189,145,28095,113
2,KPDT20150721_121211_V06,-14.223,0.050,281.688,161.181,37.741,-118.972,46.315,18870.419,70010.903,20150721_051211,479184,172,25913,122
1,KPDT20150729_121508_V06,-20.030,0.543,274.945,115.630,4.485,-119.016,46.520,2242.611,93032.244,20150729_051508,479184,113,39381,79
1,KPDT20150729_122451_V06,-10.314,0.614,275.593,118.032,11.659,-119.012,46.509,5829.746,91798.968,20150729_052451,479189,89,35711,61
1,KPDT20150729_123437_V06,-0.547,0.569,275.407,120.471,15.505,-119.013,46.498,7752.507,90602.908,20150729_053437,479185,138,35386,97
4,KPDT20150729_122451_V06,-10.314,0.151,196.760,268.221,10.995,-119.517,45.832,5497.288,54010.218,20150729_052451,479189,89,35711,61
3,KPDT20150730_131639_V06,40.342,0.112,26.275,217.350,37.458,-120.621,46.049,18728.943,142965.118,20150730_061639,479192,167,32292,112
3,KPDT20150730_132622_V06,50.059,0.066,26.317,211.876,44.436,-120.622,46.073,22217.833,143760.462,20150730_062622,479187,190,30435,127
1,KPDT20150730_122819_V06,-7.991,0.103,301.255,207.865,16.627,-118.845,46.105,8313.728,46071.964,20150730_052819,479178,97,37649,73
2,KPDT20150730_122819_V06,-7.991,0.052,201.087,37.816,7.464,-119.501,46.868,3732.018,140110.759,20150730_052819,479178,97,37649,73
1,KPDT20150801_123241_V06,-5.938,0.089,285.851,130.573,2.359,-118.945,46.453,1179.325,85008.414,20150801_053241,479178,187,36721,151
1,KPDT20150801_124205_V06,3.462,0.245,285.632,131.601,12.825,-118.946,46.448,6412.686,84505.674,20150801_054205,479187,129,33089,110
1,KPDT20150804_140000_V06,77.851,0.296,281.769,307.333,18.403,-118.970,45.658,9201.591,9825.140,20150804_070000,479183,244,17597,183
1,KPDT20150806_123053_V06,-13.650,0.221,287.649,301.000,8.251,-118.932,45.686,4125.614,6195.781,20150806_053053,479189,152,15873,123
1,KPDT20150808_120040_V06,-46.273,0.126,74.880,249.968,12.627,-120.303,45.906,6313.500,115306.545,20150808_050040,479181,138,36844,106
3,KPDT20150809_115557_V06,-52.200,0.053,118.376,105.389,8.977,-120.037,46.560,4488.424,133098.442,20150809_045557,479192,171,40219,109
4,KPDT20150809_120525_V06,-42.733,0.136,248.005,162.019,29.377,-119.190,46.311,14688.255,73726.466,20150809_050525,479189,147,39112,112
6,KPDT20150809_121938_V06,-28.517,0.065,247.895,196.815,14.587,-119.190,46.154,7293.455,57797.161,20150809_051938,479186,155,37345,120
1,KPDT20150815_115749_V06,-57.659,0.099,259.259,211.348,5.063,-119.116,46.089,2531.338,48782.698,20150815_045749,479186,158,23663,130
1,KPDT20150816_125313_V06,-3.487,0.597,222.473,254.788,13.038,-119.352,45.893,6519.094,44873.661,20150816_055313,479186,147,25312,118
1,KPDT20150819_124713_V06,-13.177,0.062,275.512,111.436,1.916,-119.012,46.539,957.912,95073.568,20150819_054713,479185,177,29881,122
1,KPDT20150819_125632_V06,-3.860,0.473,276.776,114.292,10.157,-119.004,46.526,5078.748,93577.090,20150819_055632,479183,184,26903,131
1,KPDT20150819_130552_V06,5.473,0.068,279.769,120.898,11.927,-118.985,46.496,5963.486,90120.452,20150819_060552,479188,132,32773,102
1,KPDT20150819_131511_V06,14.790,0.062,286.758,117.924,24.796,-118.939,46.510,12398.055,91278.231,20150819_061511,479190,120,31590,71
1,KPDT20150819_132430_V06,24.106,0.166,289.843,117.036,36.250,-118.919,46.514,18125.061,91622.965,20150819_062430,479184,146,26461,108
1,KPDT20150819_133349_V06,33.423,0.095,294.539,120.626,42.015,-118.888,46.497,21007.634,89728.743,20150819_063349,479186,192,24427,136
1,KPDT20150821_124406_V06,-18.755,0.225,277.777,160.924,1.862,-118.997,46.316,930.916,70420.116,20150821_054406,479188,316,19953,220
1,KPDT20150821_125326_V06,-9.422,0.084,278.651,163.289,9.558,-118.991,46.305,4778.756,69184.124,20150821_055326,479185,241,17732,178
1,KPDT20150822_124248_V06,-21.286,0.130,79.089,243.669,10.982,-120.277,45.935,5490.970,113990.092,20150822_054248,479185,137,29049,101
6,KPDT20150823_134240_V06,37.350,0.055,289.489,147.971,14.178,-118.921,46.374,7089.222,76196.150,20150823_064240,479191,163,20102,139
6,KPDT20150823_135200_V06,46.684,0.053,297.827,137.317,32.496,-118.867,46.422,16247.923,81348.551,20150823_065200,479178,166,20500,143
1,KPDT20150823_125356_V06,-11.383,0.305,261.644,113.430,5.188,-119.103,46.530,2594.196,95236.205,20150823_055356,479186,119,27963,89
3,KPDT20150823_130316_V06,-2.050,0.057,204.745,258.618,24.810,-119.466,45.875,12405.170,51927.701,20150823_060316,479190,173,27437,123
3,KPDT20150823_131235_V06,7.267,-1.000,204.745,258.618,39.624,-119.466,45.875,19811.920,51927.701,20150823_061235,479183,154,23628,125
3,KPDT20150823_132155_V06,16.600,0.118,223.964,247.157,28.811,-119.343,45.927,14405.468,46297.518,20150823_062155,479184,161,21057,133
4,KPDT20150823_130316_V06,-2.050,0.055,284.044,164.589,4.804,-118.956,46.300,2401.768,68173.706,20150823_060316,479190,173,27437,123
1,KPDT20150824_125450_V06,-11.713,0.378,215.061,230.153,15.902,-119.401,46.003,7950.886,54984.742,20150824_055450,479182,185,26107,134
1,KPDT20150824_130409_V06,-2.396,0.159,218.082,232.005,23.914,-119.381,45.995,11956.839,53230.588,20150824_060409,479185,183,26264,149
4,KPDT20150826_133415_V06,25.246,0.442,299.196,150.491,5.019,-118.858,46.363,2509.418,74755.751,20150826_063415,479188,141,35197,100
4,KPDT20150826_134334_V06,34.562,0.324,298.523,147.728,17.807,-118.862,46.376,8903.621,76139.594,20150826_064334,479186,124,34514,96
4,KPDT20150826_135252_V06,43.862,0.765,297.964,140.261,25.669,-118.866,46.409,12834.669,79876.076,20150826_065252,479187,157,33410,89
4,KPDT20150826_140210_V06,53.162,0.057,302.187,142.756,32.595,-118.839,46.398,16297.302,78629.633,20150826_070210,479191,142,32981,107
1,KPDT20150826_130618_V06,-2.704,0.324,279.509,115.933,4.791,-118.986,46.518,2395.592,92601.909,20150826_060618,479190,103,35052,73
1,KPDT20150826_131537_V06,6.612,0.054,279.389,115.934,14.093,-118.987,46.518,7046.612,92608.309,20150826_061537,479182,135,35984,77
3,KPDT20150826_130618_V06,-2.704,0.068,226.289,243.870,14.059,-119.328,45.942,7029.705,46324.584,20150826_060618,479190,103,35052,73
5,KPDT20150826_133415_V06,25.246,0.106,286.888,135.297,19.043,-118.938,46.431,9521.591,82612.276,20150826_063415,479188,141,35197,100
6,KPDT20150826_133415_V06,25.246,0.053,68.728,251.635,19.666,-120.343,45.898,9832.769,118137.629,20150826_063415,479188,141,35197,100
1,KPDT20150827_125656_V06,-13.299,0.054,68.908,251.323,16.716,-120.342,45.900,8357.815,118081.705,20150827_055656,479182,69,10103,44
3,KPDT20150828_133309_V06,21.690,0.133,49.481,120.752,54.661,-120.484,46.485,27330.645,154020.954,20150828_063309,479178,78,18943,54
3,KPDT20150828_134228_V06,31.006,0.166,52.862,114.572,65.234,-120.463,46.513,32617.053,154483.740,20150828_064228,479175,98,21406,73
3,KPDT20150828_135146_V06,40.306,0.100,62.452,105.514,66.899,-120.402,46.555,33449.320,153503.871,20150828_065146,479181,67,24540,48
1,KPDT20150828_122758_V06,-43.494,0.073,69.965,249.490,16.072,-120.335,45.908,8035.892,117757.491,20150828_052758,479179,41,22857,20
2,KPDT20150828_132350_V06,12.373,0.052,221.993,243.645,26.700,-119.356,45.943,13349.770,48116.722,20150828_062350,479171,39,17438,25
2,KPDT20150830_125609_V06,-17.764,0.140,147.758,50.065,22.104,-119.850,46.811,11051.997,146325.888,20150830_055609,479180,27,15474,17
4,KPDT20150830_132407_V06,10.203,0.067,65.984,254.991,21.451,-120.360,45.883,10725.643,119152.664,20150830_062407,479179,27,18011,20
5,KPDT20150830_132407_V06,10.203,0.055,322.663,45.860,20.412,-118.704,46.834,10205.784,127574.382,20150830_062407,479179,27,18011,20
7,KPDT20150830_133326_V06,19.519,0.121,220.146,241.419,19.787,-119.368,45.953,9893.444,49518.853,20150830_063326,479175,29,15084,18
10,KPDT20150830_142924_V06,75.486,0.057,189.811,326.362,8.227,-119.559,45.570,4113.600,56649.268,20150830_072924,479177,40,19045,29
2,KPDT20150831_130803_V06,-7.090,0.060,74.015,247.968,13.839,-120.309,45.915,6919.362,115949.071,20150831_060803,479182,52,4147,31
3,KPDT20150831_135442_V06,39.560,0.064,69.349,250.731,17.146,-120.339,45.903,8572.910,117927.160,20150831_065442,479181,67,3078,47
1,KPDT20150901_122345_V06,-52.617,0.075,259.171,211.580,4.619,-119.117,46.088,2309.334,48695.911,20150901_052345,479177,86,9933,63
1,KPDT20150901_123304_V06,-43.300,0.164,259.233,211.480,11.676,-119.116,46.088,5837.990,48728.392,20150901_053304,479189,51,9236,31
2,KPDT20150901_132902_V06,12.667,0.419,226.767,243.331,22.885,-119.325,45.945,11442.408,46299.008,20150901_062902,479179,107,3753,79
1,KPDT20150902_125318_V06,-24.293,0.068,285.434,292.396,8.923,-118.946,45.725,4461.628,8215.952,20150902_055318,479176,48,10953,36
1,KPDT20150903_132728_V06,8.648,0.102,228.574,239.848,21.471,-119.313,45.960,10735.586,46690.269,20150903_062728,479174,48,10812,33
1,KPDT20150906_143030_V06,68.002,0.074,69.646,249.338,16.446,-120.337,45.909,8223.173,117929.804,20150906_073030,479183,39,7684,33
1,KPDT20150907_122454_V06,-58.826,0.380,69.859,252.745,16.523,-120.336,45.894,8261.692,117471.048,20150907_052454,479180,30,13754,18
2,KPDT20150907_131136_V06,-12.126,0.083,214.112,251.968,13.121,-119.406,45.905,6560.642,49203.165,20150907_061136,479178,33,5268,12
1,KPDT20150908_132350_V06,-1.120,0.332,226.278,238.522,13.035,-119.328,45.966,6517.397,47995.824,20150908_062350,479182,43,13074,30
1,KPDT20150908_133310_V06,8.214,0.065,226.579,241.240,25.337,-119.326,45.954,12668.511,47019.577,20150908_063310,479179,70,12006,48
2,KPDT20150908_132350_V06,-1.120,0.088,110.491,181.244,11.569,-120.081,46.218,5784.519,111822.056,20150908_062350,479182,43,13074,30
2,KPDT20150908_133310_V06,8.214,0.088,108.385,181.747,25.727,-120.094,46.216,12863.473,112583.189,20150908_063310,479179,70,12006,48
1,KPDT20150909_131626_V06,-9.748,0.109,212.886,247.984,13.021,-119.414,45.923,6510.561,50730.955,20150909_061626,479181,59,15717,45
1,KPDT20150909_132544_V06,-0.448,0.187,215.268,245.717,22.014,-119.399,45.933,11006.998,50314.476,20150909_062544,479177,61,14147,49
1,KPDT20150911_125957_V06,-28.688,0.053,77.135,245.188,8.460,-120.290,45.928,4229.892,114753.215,20150911_055957,479179,134,19925,78
1,KPDT20150911_130917_V06,-19.355,0.065,76.628,244.784,17.841,-120.293,45.930,8920.717,115047.603,20150911_060917,479177,109,19889,82
2,KPDT20150911_142354_V06,55.262,0.102,76.337,246.551,10.573,-120.294,45.922,5286.697,114980.174,20150911_072354,479181,126,15080,87
1,KPDT20150912_123806_V06,-51.768,0.052,81.595,244.963,5.676,-120.261,45.929,2837.822,112616.159,20150912_053806,479176,35,16275,26
2,KPDT20150912_133400_V06,4.132,0.074,115.553,193.158,13.792,-120.047,46.165,6895.980,106578.489,20150912_063400,479179,53,16591,37
2,KPDT20150913_132435_V06,-6.515,0.071,118.962,186.084,12.039,-120.026,46.197,6019.460,106948.340,20150913_062435,479180,46,11961,35
2,KPDT20150913_133354_V06,2.802,0.260,117.560,186.565,20.697,-120.035,46.195,10348.497,107414.844,20150913_063354,479178,47,10886,26
1,KPDT20150913_124516_V06,-45.832,0.083,69.093,248.136,19.704,-120.341,45.914,9851.830,118330.154,20150913_054516,479178,49,17823,37
1,KPDT20150914_132440_V06,-7.663,0.062,22.926,120.498,28.658,-120.657,46.484,14329.184,165069.040,20150914_062440,479178,68,10382,38
1,KPDT20150914_133359_V06,1.654,0.207,26.456,119.517,39.228,-120.634,46.489,19614.177,163860.000,20150914_063359,479172,77,9996,52
2,KPDT20150914_133359_V06,1.654,0.116,116.970,194.035,7.745,-120.038,46.161,3872.516,105745.743,20150914_063359,479172,77,9996,52
1,KPDT20150915_124329_V06,-50.078,0.070,69.300,251.147,17.309,-120.339,45.901,8654.585,117908.086,20150915_054329,479176,92,12297,57
1,KPDT20150916_134248_V06,8.006,0.133,201.226,254.340,30.644,-119.489,45.894,15322.178,54408.623,20150916_064248,479172,79,13193,43
2,KPDT20150916_135415_V06,19.456,0.055,151.702,283.481,18.538,-119.806,45.761,9269.156,74607.573,20150916_065415,479173,78,12203,42
3,KPDT20150917_144257_V06,66.922,0.508,233.903,276.199,16.163,-119.278,45.797,8081.499,35125.936,20150917_074257,479186,148,45866,43
3,KPDT20150917_144834_V06,72.539,0.265,234.049,275.540,23.310,-119.277,45.800,11654.763,35170.636,20150917_074834,479182,159,44506,55
3,KPDT20150917_145411_V06,78.155,0.254,237.161,268.437,19.765,-119.257,45.832,9882.639,35160.085,20150917_075411,479185,142,43600,67
1,KPDT20150918_133856_V06,1.670,0.449,111.029,185.955,15.751,-120.077,46.197,7875.358,110358.899,20150918_063856,479176,103,7521,65
1,KPDT20150918_134815_V06,10.987,0.188,109.913,183.109,30.001,-120.084,46.210,15000.437,111575.986,20150918_064815,479179,76,6923,48
3,KPDT20150918_134815_V06,10.987,0.175,223.813,243.085,16.265,-119.344,45.946,8132.481,47549.317,20150918_064815,479179,76,6923,48
1,KPDT20150919_132716_V06,-11.233,0.060,111.231,188.022,4.827,-120.075,46.188,2413.696,109741.401,20150919_062716,479177,50,12553,39
1,KPDT20150919_133636_V06,-1.900,0.321,113.642,186.880,15.216,-120.060,46.193,7607.943,109001.558,20150919_063636,479177,77,10571,62
1,KPDT20150919_134556_V06,7.434,0.271,119.978,182.497,21.328,-120.019,46.213,10664.057,107488.152,20150919_064556,479181,79,9557,49
2,KPDT20150920_132936_V06,-10.138,0.393,115.041,188.222,5.249,-120.051,46.187,2624.576,108055.759,20150920_062936,479180,24,8686,15
2,KPDT20150920_133856_V06,-0.804,0.059,116.698,187.382,15.748,-120.040,46.191,7874.172,107566.648,20150920_063856,479178,60,8629,48
2,KPDT20150920_134815_V06,8.512,0.153,118.777,184.907,20.677,-120.027,46.202,10338.462,107340.624,20150920_064815,479177,47,9484,30
1,KPDT20150920_132936_V06,-10.138,0.494,225.900,249.450,11.897,-119.330,45.917,5948.423,44850.093,20150920_062936,479180,24,8686,15
1,KPDT20150920_133856_V06,-0.804,0.083,227.467,247.445,20.787,-119.320,45.926,10393.669,44785.907,20150920_063856,479178,60,8629,48
4,KPDT20150920_144411_V06,64.446,0.057,68.251,252.400,18.556,-120.346,45.895,9277.802,118293.627,20150920_074411,479176,49,7740,40
1,KPDT20150921_133916_V06,-1.710,0.149,229.428,240.895,18.157,-119.308,45.956,9078.279,46026.757,20150921_063916,479176,50,11559,37
2,KPDT20150921_142553_V06,44.906,0.056,66.029,254.307,21.214,-120.360,45.886,10607.210,119195.527,20150921_072553,479181,125,11166,86
1,KPDT20150922_133656_V06,-5.285,0.154,112.549,184.606,6.910,-120.067,46.203,3454.992,110061.121,20150922_063656,479180,55,19975,38
2,KPDT20150922_143320_V06,51.115,0.076,71.482,251.801,16.508,-120.325,45.898,8253.912,116772.767,20150922_073320,479179,114,13264,86
1,KPDT20150923_133119_V06,-12.145,0.774,227.639,230.909,12.567,-119.320,46.000,6283.585,50024.237,20150923_063119,479179,68,11304,49
1,KPDT20150923_134038_V06,-2.828,0.131,228.194,232.664,21.492,-119.316,45.993,10745.791,49219.291,20150923_064038,479184,112,10005,67
1,KPDT20150924_133902_V06,-5.673,0.078,220.867,242.828,11.590,-119.363,45.947,5795.202,48812.622,20150924_063902,479179,162,29393,98
1,KPDT20150924_134822_V06,3.660,0.087,222.388,241.362,23.843,-119.353,45.953,11921.511,48636.636,20150924_064822,479182,173,26536,136
1,KPDT20150924_135741_V06,12.977,0.072,223.801,242.363,28.838,-119.344,45.949,14418.819,47771.004,20150924_065741,479177,135,26809,103
2,KPDT20150924_135741_V06,12.977,0.342,288.514,133.617,15.242,-118.928,46.439,7621.098,83389.518,20150924_065741,479177,135,26809,103
2,KPDT20150924_140701_V06,22.310,0.165,289.787,137.683,22.796,-118.919,46.421,11398.219,81318.802,20150924_070701,479180,149,24170,127
2,KPDT20150924_141621_V06,31.644,0.055,282.139,109.932,31.993,-118.969,46.545,15996.485,95452.899,20150924_071621,479181,169,23433,107
3,KPDT20150924_135741_V06,12.977,0.076,100.124,100.127,21.817,-120.157,46.582,10908.379,141332.671,20150924_065741,479177,135,26809,103
2,KPDT20150925_134205_V06,-3.870,0.930,279.493,96.841,13.247,-118.987,46.604,6623.413,102095.694,20150925_064205,479176,202,27170,157
2,KPDT20150925_135124_V06,5.446,0.825,284.979,96.552,22.035,-118.951,46.606,11017.406,102000.801,20150925_065124,479180,204,24341,143
2,KPDT20150925_140043_V06,14.763,0.813,283.726,91.719,33.967,-118.959,46.627,16983.565,104458.032,20150925_070043,479173,215,23473,152
2,KPDT20150925_141003_V06,24.096,0.362,290.765,95.189,38.289,-118.913,46.612,19144.538,102509.667,20150925_071003,479176,206,22990,144
1,KPDT20150925_133245_V06,-13.204,0.162,220.617,238.562,6.390,-119.365,45.966,3194.805,50190.515,20150925_063245,479181,226,32616,161
1,KPDT20150925_134205_V06,-3.870,0.186,222.350,239.121,16.579,-119.354,45.963,8289.568,49334.731,20150925_064205,479176,202,27170,157
1,KPDT20150925_135124_V06,5.446,0.277,226.608,240.704,22.258,-119.326,45.956,11129.200,47176.133,20150925_065124,479180,204,24341,143
4,KPDT20150925_134205_V06,-3.870,0.425,116.395,195.549,6.933,-120.041,46.154,3466.480,105618.159,20150925_064205,479176,202,27170,157
4,KPDT20150925_135124_V06,5.446,0.119,117.806,194.886,18.217,-120.032,46.157,9108.539,105170.828,20150925_065124,479180,204,24341,143
8,KPDT20150925_142841_V06,42.730,0.108,108.295,103.169,16.628,-120.103,46.569,8313.820,137380.278,20150925_072841,479176,246,20654,183
8,KPDT20150925_143801_V06,52.063,0.131,110.975,103.354,23.179,-120.086,46.569,11589.745,136381.635,20150925_073801,479183,272,19554,167
6,KPDT20150925_135124_V06,5.446,0.081,250.690,396.776,18.935,-119.167,45.255,9467.623,54307.256,20150925_065124,479180,204,24341,143
5,KPDT20150926_134753_V06,0.680,0.550,285.351,100.778,8.103,-118.948,46.587,4051.487,99880.063,20150926_064753,479183,283,31627,185
5,KPDT20150926_135238_V06,5.430,0.635,286.412,98.982,16.650,-118.941,46.595,8324.900,100738.266,20150926_065238,479183,240,28932,193
5,KPDT20150926_135722_V06,10.163,0.821,290.283,92.174,27.146,-118.916,46.625,13573.025,104026.734,20150926_065722,479176,254,26472,200
5,KPDT20150926_140207_V06,14.913,0.676,289.906,91.912,32.811,-118.919,46.627,16405.470,104166.179,20150926_070207,479180,264,26004,175
5,KPDT20150926_140651_V06,19.646,0.296,293.389,88.780,38.558,-118.896,46.641,19279.191,105661.608,20150926_070651,479185,244,24364,158
3,KPDT20150926_133824_V06,-8.804,0.250,229.258,238.163,5.621,-119.309,45.968,2810.482,46979.450,20150926_063824,479176,296,37625,217
3,KPDT20150926_134308_V06,-4.070,0.137,230.050,237.447,12.875,-119.304,45.971,6437.398,46919.915,20150926_064308,479177,311,33707,206
3,KPDT20150926_134753_V06,0.680,0.167,232.880,234.454,18.618,-119.286,45.985,9308.924,46907.957,20150926_064753,479183,283,31627,185
1,KPDT20150926_125542_V06,-51.504,0.051,240.500,405.509,7.706,-119.232,45.215,3853.102,60564.794,20150926_055542,479168,155,50785,112
2,KPDT20150926_130511_V06,-42.020,0.078,74.870,247.257,25.467,-120.304,45.919,12733.554,115613.122,20150926_060511,479177,363,43046,268
1,KPDT20150927_133716_V06,-11.190,0.857,275.057,98.667,6.770,-119.016,46.596,3384.865,101436.303,20150927_063716,479177,173,37751,136
1,KPDT20150927_134636_V06,-1.857,0.950,279.760,98.835,16.155,-118.985,46.595,8077.668,101090.114,20150927_064636,479175,128,32798,104
1,KPDT20150927_135556_V06,7.477,0.878,286.369,103.579,25.419,-118.942,46.574,12709.326,98446.846,20150927_065556,479181,119,31700,99
1,KPDT20150927_140515_V06,16.793,0.734,290.072,108.292,32.904,-118.918,46.553,16451.835,95982.270,20150927_070515,479175,83,28257,72
1,KPDT20150927_141435_V06,26.127,0.203,296.407,113.372,36.985,-118.876,46.530,18492.640,93331.388,20150927_071435,479186,92,23894,81
3,KPDT20150927_133716_V06,-11.190,0.155,240.339,39.768,3.235,-119.244,46.860,1617.720,133491.584,20150927_063716,479177,173,37751,136
3,KPDT20150927_134636_V06,-1.857,0.911,237.621,42.414,16.558,-119.262,46.849,8279.019,132515.598,20150927_064636,479175,128,32798,104
3,KPDT20150927_135556_V06,7.477,0.838,243.414,46.975,24.383,-119.224,46.828,12191.616,129637.542,20150927_065556,479181,119,31700,99
3,KPDT20150927_140515_V06,16.793,0.250,250.540,49.825,29.173,-119.177,46.815,14586.634,127508.651,20150927_070515,479175,83,28257,72
1,KPDT20150928_134036_V06,-9.113,0.884,267.013,97.554,8.209,-119.068,46.601,4104.427,102557.856,20150928_064036,479181,330,27063,238
1,KPDT20150928_134522_V06,-4.346,0.934,266.337,99.045,13.113,-119.072,46.594,6556.702,101877.449,20150928_064522,479182,313,22876,235
1,KPDT20150928_135007_V06,0.404,0.927,266.351,100.439,16.678,-119.072,46.588,8339.209,101189.147,20150928_065007,479177,274,20287,209
1,KPDT20150928_135452_V06,5.154,0.962,264.892,103.346,21.142,-119.082,46.575,10571.092,99881.425,20150928_065452,479181,265,20381,191
1,KPDT20150928_135936_V06,9.887,0.957,265.365,104.094,24.432,-119.079,46.572,12216.219,99472.029,20150928_065936,479177,227,24679,154
1,KPDT20150928_140421_V06,14.637,0.933,264.924,106.354,28.299,-119.082,46.561,14149.732,98398.669,20150928_070421,479185,276,18298,210
1,KPDT20150928_140906_V06,19.387,0.471,267.510,108.447,32.851,-119.065,46.552,16425.443,97144.533,20150928_070906,479178,256,18062,203
1,KPDT20150928_141353_V06,24.171,0.341,268.539,109.998,34.772,-119.058,46.545,17385.804,96294.327,20150928_071353,479186,339,17404,242
1,KPDT20150928_141838_V06,28.921,0.302,265.202,114.284,40.464,-119.080,46.526,20232.152,94474.244,20150928_071838,479181,310,16482,239
4,KPDT20150928_135007_V06,0.404,0.888,232.659,39.740,12.479,-119.294,46.860,6239.433,134415.526,20150928_065007,479177,274,20287,209
4,KPDT20150928_135452_V06,5.154,0.939,231.662,42.091,17.442,-119.301,46.850,8721.067,133404.316,20150928_065452,479181,265,20381,191
4,KPDT20150928_135936_V06,9.887,0.873,231.677,45.387,18.889,-119.301,46.835,9444.692,131810.156,20150928_065936,479177,227,24679,154
4,KPDT20150928_140421_V06,14.637,0.857,230.570,47.582,22.898,-119.308,46.825,11449.136,130896.485,20150928_070421,479185,276,18298,210
4,KPDT20150928_140906_V06,19.387,0.473,233.829,50.886,24.584,-119.286,46.810,12291.854,128876.459,20150928_070906,479178,256,18062,203
1,KPDT20150929_134006_V06,-10.872,0.435,275.355,98.864,4.885,-119.014,46.595,2442.326,101319.927,20150929_064006,479180,288,24998,195
1,KPDT20150929_134451_V06,-6.122,0.067,275.987,99.274,11.713,-119.009,46.593,5856.680,101078.792,20150929_064451,479176,323,22089,223
1,KPDT20150929_134937_V06,-1.355,0.171,279.347,101.520,14.106,-118.988,46.583,7053.206,99775.769,20150929_064937,479183,323,19937,229
1,KPDT20150929_135422_V06,3.395,0.929,270.572,99.894,15.618,-119.045,46.591,7808.962,101128.942,20150929_065422,479181,314,19707,201
1,KPDT20150929_135908_V06,8.161,0.968,269.988,100.115,19.750,-119.049,46.590,9874.967,101062.702,20150929_065908,479181,291,18807,211
1,KPDT20150929_140353_V06,12.911,0.966,271.096,101.926,24.696,-119.041,46.581,12347.972,100085.919,20150929_070353,479178,288,18366,192
1,KPDT20150929_140838_V06,17.661,0.940,270.302,102.789,29.869,-119.046,46.578,14934.273,99717.392,20150929_070838,479182,256,18767,176
1,KPDT20150929_141324_V06,22.428,0.835,271.478,105.824,34.135,-119.039,46.564,17067.320,98129.880,20150929_071324,479190,259,17948,165
1,KPDT20150929_141810_V06,27.195,0.529,276.271,110.145,35.101,-119.007,46.544,17550.263,95666.180,20150929_071810,479182,252,17434,159
1,KPDT20150929_142255_V06,31.945,0.359,281.180,117.785,33.909,-118.975,46.510,16954.720,91592.054,20150929_072255,479179,284,16949,182
1,KPDT20150929_142740_V06,36.695,0.070,287.234,124.735,31.291,-118.936,46.479,15645.371,87864.491,20150929_072740,479182,225,16363,163
1,KPDT20150930_134048_V06,-11.435,0.432,274.555,98.393,4.841,-119.019,46.597,2420.658,101603.257,20150930_064048,479183,190,29918,96
1,KPDT20150930_134533_V06,-6.685,0.676,275.061,98.634,9.904,-119.016,46.596,4951.872,101452.170,20150930_064533,479180,224,26995,157
1,KPDT20150930_135019_V06,-1.918,0.533,276.625,100.570,11.144,-119.005,46.588,5572.073,100397.686,20150930_065019,479182,216,24589,151
1,KPDT20150930_135938_V06,7.398,0.804,275.997,102.644,16.721,-119.009,46.578,8360.473,99405.174,20150930_065938,479184,290,22765,226
1,KPDT20150930_140856_V06,16.698,0.727,276.708,103.392,28.267,-119.005,46.575,14133.506,98991.203,20150930_070856,479174,183,21466,135
1,KPDT20150930_141816_V06,26.032,0.064,276.054,109.471,35.151,-119.009,46.548,17575.446,96013.725,20150930_071816,479178,258,19769,184
1,KPDT20151001_135317_V06,-0.219,0.129,98.277,104.377,22.362,-120.168,46.563,11181.008,140499.695,20151001_065317,479181,258,26080,202
1,KPDT20151002_135056_V06,-3.840,0.340,278.457,100.259,6.118,-118.993,46.589,3059.021,100449.647,20151002_065056,479185,325,26040,235
1,KPDT20151002_135541_V06,0.910,0.778,278.321,101.460,10.887,-118.994,46.584,5443.624,99859.929,20151002_065541,479176,341,23529,239
1,KPDT20151002_140026_V06,5.660,0.653,278.037,102.277,16.198,-118.996,46.580,8098.778,99469.581,20151002_070026,479180,380,23688,276
1,KPDT20151002_140510_V06,10.393,0.472,278.766,103.109,23.221,-118.991,46.576,11610.399,99016.153,20151002_070510,479182,365,22467,256
1,KPDT20151002_140955_V06,15.143,0.766,282.392,112.423,25.509,-118.968,46.534,12754.493,94200.749,20151002_070955,479185,375,21645,237
1,KPDT20151002_141439_V06,19.877,0.500,283.225,115.192,30.832,-118.962,46.522,15415.945,92783.851,20151002_071439,479177,403,21846,264
1,KPDT20151002_141924_V06,24.627,0.094,287.856,119.370,31.705,-118.932,46.503,15852.734,90518.710,20151002_071924,479181,437,20553,303
1,KPDT20151002_142410_V06,29.393,-1.000,291.503,123.397,33.785,-118.908,46.485,16892.401,88403.428,20151002_072410,479177,401,19924,263
1,KPDT20151002_142855_V06,34.143,0.063,299.627,132.735,32.822,-118.855,46.443,16410.996,83632.771,20151002_072855,479182,355,19458,256
3,KPDT20151002_142410_V06,29.393,0.297,300.335,132.073,27.183,-118.851,46.446,13591.270,83963.821,20151002_072410,479177,401,19924,263
1,KPDT20151003_125718_V06,-58.749,0.121,280.546,390.503,11.097,-118.977,45.283,5548.601,46285.014,20151003_055718,479185,235,125180,129
1,KPDT20151003_130229_V06,-53.566,0.067,281.332,391.499,18.068,-118.972,45.279,9033.841,46691.737,20151003_060229,479184,236,127965,138
6,KPDT20151003_132848_V06,-27.249,0.051,270.037,402.917,9.089,-119.044,45.227,4544.546,53595.030,20151003_062848,479181,331,137029,128
9,KPDT20151003_143258_V06,36.918,0.135,80.041,186.485,30.349,-120.278,46.192,15174.614,123761.772,20151003_073258,479184,162,121928,108
13,KPDT20151003_150521_V06,69.301,0.372,420.911,283.324,28.202,-118.076,45.763,14100.807,61027.864,20151003_080521,479183,365,95156,173
16,KPDT20151003_151058_V06,74.918,0.082,462.525,103.633,44.920,-117.793,46.569,22460.049,127450.449,20151003_081058,479179,271,89262,170
1,KPDT20151004_134356_V06,-13.396,0.557,260.770,106.942,5.753,-119.109,46.559,2876.400,98501.729,20151004_064356,479178,220,25022,158
1,KPDT20151004_135527_V06,-1.879,0.729,257.345,117.450,15.834,-119.131,46.511,7917.042,93733.812,20151004_065527,479176,167,21663,131
1,KPDT20151005_134446_V06,-13.847,0.085,273.536,96.768,5.518,-119.025,46.605,2759.090,102473.885,20151005_064446,479184,193,34112,126
1,KPDT20151005_135405_V06,-4.531,0.191,274.949,98.349,12.927,-119.016,46.598,6463.680,101600.383,20151005_065405,479176,239,25355,146
13,KPDT20151007_144318_V06,42.102,0.072,35.048,384.685,62.443,-120.542,45.297,31221.287,139078.340,20151007_074318,479184,284,140185,212
13,KPDT20151007_144802_V06,46.835,0.245,39.022,382.331,69.550,-120.517,45.308,34774.820,136828.352,20151007_074802,479177,330,137223,231
1,KPDT20151008_140205_V06,-0.414,0.051,256.420,219.821,13.651,-119.134,46.051,6825.274,45628.729,20151008_070205,479184,285,21205,189
1,KPDT20151009_132753_V06,-35.919,0.098,50.508,163.334,60.679,-120.472,46.294,30339.600,142235.486,20151009_062753,479173,142,31658,102
2,KPDT20151009_135552_V06,-7.936,0.086,257.010,220.522,10.695,-119.131,46.048,5347.570,45179.771,20151009_065552,479183,189,20330,139
1,KPDT20151014_135856_V06,-11.468,0.159,251.149,393.562,18.305,-119.164,45.269,9152.378,52773.739,20151014_065856,479187,274,35479,164
1,KPDT20151016_140047_V06,-12.293,0.281,256.781,218.385,9.185,-119.132,46.057,4592.535,46176.184,20151016_070047,479178,223,23134,179
1,KPDT20151017_135343_V06,-20.704,0.094,280.126,310.549,11.779,-118.980,45.643,5889.450,11250.206,20151017_065343,479178,178,30499,143
2,KPDT20151017_140302_V06,-11.387,0.064,415.860,236.424,15.609,-118.105,45.974,7804.535,66078.561,20151017_070302,479185,186,30159,142
1,KPDT20151019_140628_V06,-10.658,0.476,258.818,218.691,8.873,-119.119,46.056,4436.678,45571.892,20151019_070628,479184,206,24657,152
2,KPDT20151019_140628_V06,-10.658,0.054,295.647,296.031,24.906,-118.881,45.708,12452.785,2945.574,20151019_070628,479184,206,24657,152
2,KPDT20151020_141759_V06,-0.500,0.301,410.068,274.768,27.535,-118.145,45.802,13767.429,56461.758,20151020_071759,479174,207,28822,154
2,KPDT20151020_142718_V06,8.816,0.071,407.661,271.075,39.325,-118.160,45.819,19662.704,55739.617,20151020_072718,479185,219,27474,157
1,KPDT20151020_140839_V06,-9.834,0.608,257.502,219.449,8.678,-119.127,46.053,4338.758,45537.023,20151020_070839,479176,230,30148,175
3,KPDT20151020_143638_V06,18.150,0.056,473.151,177.750,31.887,-117.730,46.235,15943.352,105979.204,20151020_073638,479178,203,23131,166
1,KPDT20151022_142323_V06,2.168,0.089,173.061,253.991,8.593,-119.671,45.895,4296.658,67509.940,20151022_072323,479177,244,18428,188
1,KPDT20151023_140721_V06,-15.237,0.302,255.369,220.980,8.535,-119.141,46.046,4267.311,45376.614,20151023_070721,479180,149,17604,99
1,KPDT20151024_140218_V06,-21.663,0.105,38.164,134.224,49.482,-120.556,46.424,24740.971,154951.412,20151024_070218,479176,232,18388,193
1,KPDT20151024_141137_V06,-12.346,0.141,33.146,133.099,55.141,-120.589,46.428,27570.741,157374.341,20151024_071137,479176,177,16846,126
2,KPDT20151024_144039_V06,16.687,0.053,184.690,252.282,22.805,-119.596,45.903,11402.655,62396.579,20151024_074039,479180,214,16261,156
2,KPDT20151026_133459_V06,-51.744,0.068,38.959,123.188,60.508,-120.552,46.473,30254.250,157642.671,20151026_063459,479183,286,84890,226
2,KPDT20151026_134037_V06,-46.111,0.159,39.225,123.469,67.138,-120.551,46.472,33569.219,157453.788,20151026_064037,479185,240,86855,182
6,KPDT20151026_134614_V06,-40.494,0.490,337.930,364.441,8.612,-118.611,45.400,4305.901,37387.428,20151026_064614,479184,265,87355,215
6,KPDT20151026_135152_V06,-34.861,0.155,336.046,366.298,17.564,-118.623,45.392,8782.011,37731.504,20151026_065152,479178,246,83529,162
7,KPDT20151026_135152_V06,-34.861,0.059,239.135,64.261,24.420,-119.251,46.750,12210.159,121734.612,20151026_065152,479178,246,83529,162
7,KPDT20151026_135730_V06,-29.228,0.056,240.616,64.317,31.064,-119.241,46.750,15532.187,121524.421,20151026_065730,479182,247,78830,174
10,KPDT20151026_140307_V06,-23.611,0.194,268.639,347.729,32.664,-119.053,45.476,16331.846,28554.925,20151026_070307,479182,215,76196,160
10,KPDT20151026_140843_V06,-18.011,0.406,268.774,348.156,39.808,-119.052,45.474,19904.224,28697.242,20151026_070843,479180,246,70814,156
11,KPDT20151026_141420_V06,-12.394,0.291,257.188,216.609,8.495,-119.129,46.065,4247.721,46869.233,20151026_071420,479185,233,69307,153
11,KPDT20151026_141930_V06,-7.228,0.070,257.451,216.911,15.109,-119.128,46.064,7554.468,46674.706,20151026_071930,479175,232,68230,179
3,KPDT20151026_133459_V06,-51.744,0.062,252.708,260.803,20.271,-119.157,45.866,10135.704,30712.008,20151026_063459,479183,286,84890,226
5,KPDT20151026_134037_V06,-46.111,0.091,403.198,215.936,24.800,-118.186,46.067,12399.834,66551.994,20151026_064037,479185,240,86855,182
9,KPDT20151026_135730_V06,-29.228,0.071,388.291,293.291,29.603,-118.286,45.719,14801.720,44272.651,20151026_065730,479182,247,78830,174
1,KPDT20151027_142858_V06,0.851,0.401,196.317,233.836,13.914,-119.522,45.986,6957.056,61497.374,20151027_072858,479175,191,14203,160
1,KPDT20151027_143819_V06,10.201,-1.000,196.317,233.836,28.781,-119.522,45.986,14390.306,61497.374,20151027_073819,479179,244,13229,186
1,KPDT20151027_144739_V06,19.534,0.143,195.605,247.203,24.580,-119.526,45.926,12290.194,58493.246,20151027_074739,479175,236,13111,164
1,KPDT20151028_134135_V06,-47.924,0.083,25.933,143.193,35.656,-120.634,46.382,17827.824,157877.204,20151028_064135,479177,184,22423,135
2,KPDT20151028_144659_V06,17.476,0.151,187.911,121.695,2.431,-119.583,46.490,1215.717,105305.114,20151028_074659,479185,268,15369,173
4,KPDT20151028_150539_V06,36.142,0.112,18.719,147.798,21.146,-120.680,46.361,10573.156,159909.557,20151028_080539,479180,263,18158,187
4,KPDT20151029_135316_V06,-37.637,0.359,445.017,178.855,24.064,-117.913,46.232,12032.238,94480.176,20151029_065316,479176,306,20682,233
4,KPDT20151029_135803_V06,-32.853,0.676,443.437,178.237,30.302,-117.923,46.235,15150.897,94075.081,20151029_065803,479176,253,18265,188
4,KPDT20151029_140248_V06,-28.103,0.225,441.837,178.846,31.891,-117.933,46.232,15945.543,93268.385,20151029_070248,479182,286,14976,228
4,KPDT20151029_140733_V06,-23.353,0.060,454.287,180.523,24.938,-117.853,46.224,12469.120,97569.592,20151029_070733,479181,270,12952,193
5,KPDT20151029_135316_V06,-37.637,0.229,325.928,349.768,13.231,-118.687,45.467,6615.421,28058.429,20151029_065316,479176,306,20682,233
5,KPDT20151029_135803_V06,-32.853,0.090,324.467,351.112,21.729,-118.696,45.461,10864.466,28332.927,20151029_065803,479176,253,18265,188
2,KPDT20151029_133350_V06,-57.070,0.108,398.770,94.454,8.190,-118.208,46.613,4095.051,114022.634,20151029_063350,479176,302,25978,253
8,KPDT20151029_150923_V06,38.480,0.073,438.019,242.769,21.752,-117.963,45.945,10876.228,74707.012,20151029_080923,479180,317,12362,247
9,KPDT20151029_153307_V06,62.213,0.068,448.598,246.767,19.676,-117.895,45.926,9837.997,78922.442,20151029_083307,479175,217,14122,158
15,KPDT20151030_150550_V06,33.531,0.074,25.136,256.055,27.376,-120.623,45.875,13687.759,139177.288,20151030_080550,479181,314,98870,249
15,KPDT20151030_151126_V06,39.131,0.207,27.784,258.192,34.105,-120.606,45.865,17052.442,137704.064,20151030_081126,479174,318,91787,255
1,KPDT20151030_134742_V06,-44.602,0.078,228.305,523.211,20.142,-119.305,44.685,10071.035,117221.394,20151030_064742,479175,259,154673,196
16,KPDT20151030_150550_V06,33.531,0.052,113.112,318.776,41.501,-120.051,45.600,20750.462,93914.147,20151030_080550,479181,314,98870,249
3,KPDT20151031_150724_V06,33.696,0.119,243.567,144.209,5.890,-119.220,46.391,2945.150,82848.613,20151031_080724,479183,136,73318,113
4,KPDT20151031_150724_V06,33.696,0.108,198.118,287.600,52.733,-119.507,45.744,26366.644,51316.933,20151031_080724,479183,136,73318,113
5,KPDT20151031_150724_V06,33.696,0.080,170.580,347.490,18.709,-119.680,45.474,9354.734,68928.809,20151031_080724,479183,136,73318,113
8,KPDT20151031_151652_V06,43.162,0.123,93.466,232.704,21.537,-120.186,45.986,10768.734,108610.703,20151031_081652,479185,243,70401,176
1,KPDT20151101_143508_V06,0.024,0.055,212.873,247.494,30.657,-119.414,45.925,15328.424,50862.727,20151101_063508,479180,184,23317,155
3,KPDT20151101_154615_V06,71.141,0.061,44.971,249.503,46.867,-120.496,45.906,23433.411,129990.037,20151101_074615,479186,250,26056,186
1,KPDT20151102_135438_V06,-41.884,0.059,24.336,145.904,25.049,-120.644,46.370,12524.553,157905.289,20151102_055438,479175,215,37674,154
3,KPDT20151102_140854_V06,-27.617,0.168,255.619,96.152,14.723,-119.142,46.607,7361.284,104311.638,20151102_060854,479177,214,31517,166
8,KPDT20151102_143244_V06,-3.784,0.132,253.448,257.434,12.587,-119.153,45.882,6293.718,31539.407,20151102_063244,479180,236,29788,185
16,KPDT20151103_144945_V06,11.823,0.459,386.604,278.822,23.761,-118.296,45.784,11880.749,44578.000,20151103_064945,479177,318,27402,208
1,KPDT20151104_145723_V06,18.045,0.072,246.417,113.706,30.570,-119.202,46.528,15284.840,96923.321,20151104_065723,479175,159,10542,117
11,KPDT20151105_151625_V06,35.666,0.069,187.951,69.971,9.307,-119.586,46.723,4653.458,127933.585,20151105_071625,479184,232,30292,168
11,KPDT20151105_152138_V06,40.883,0.287,188.813,70.148,16.019,-119.580,46.722,8009.636,127666.234,20151105_072138,479184,241,32758,183
1,KPDT20151105_141341_V06,-27.067,0.433,244.488,290.296,8.352,-119.209,45.734,4175.875,28176.766,20151105_061341,479176,216,22833,176
2,KPDT20151105_145140_V06,10.916,0.065,404.468,274.245,26.330,-118.181,45.804,13165.184,53797.735,20151105_065140,479179,250,25299,187
2,KPDT20151105_145651_V06,16.099,0.056,387.789,260.762,12.149,-118.287,45.866,6074.554,48079.301,20151105_065651,479179,265,25623,192
5,KPDT20151105_150139_V06,20.899,0.053,21.403,277.993,22.317,-120.644,45.776,11158.594,139732.432,20151105_070139,479181,265,26867,181
10,KPDT20151105_151625_V06,35.666,0.130,410.927,250.380,32.111,-118.138,45.912,16055.740,60759.668,20151105_071625,479184,232,30292,168
3,KPDT20151106_154533_V06,63.386,0.350,47.917,109.774,50.690,-120.496,46.535,25345.188,157901.802,20151106_074533,479183,275,11280,223
3,KPDT20151106_155453_V06,72.719,0.529,44.583,118.341,58.083,-120.516,46.496,29041.592,156714.810,20151106_075453,479180,264,12644,206
3,KPDT20151106_155938_V06,77.469,0.521,42.294,131.659,57.444,-120.529,46.436,28721.991,153908.430,20151106_075938,479177,269,13232,202
3,KPDT20151106_160424_V06,82.236,0.486,38.125,157.760,43.460,-120.553,46.318,21730.106,149005.727,20151106_080424,479182,282,13061,215
2,KPDT20151106_142945_V06,-12.414,0.164,253.076,253.105,6.889,-119.155,45.901,3444.605,33170.124,20151106_062945,479177,217,11619,167
2,KPDT20151106_143906_V06,-3.064,0.290,254.400,252.925,17.358,-119.147,45.902,8679.163,32769.651,20151106_063906,479181,237,12025,179
1,KPDT20151106_134307_V06,-59.048,0.189,296.734,297.347,10.027,-118.874,45.702,5013.645,2103.904,20151106_054307,479176,192,14910,154
1,KPDT20151107_143114_V06,-12.345,0.282,251.522,253.794,6.652,-119.165,45.898,3326.096,33485.632,20151107_063114,479182,198,18527,158
1,KPDT20151107_143601_V06,-7.561,0.279,253.058,254.556,13.967,-119.155,45.895,6983.312,32667.795,20151107_063601,479184,194,18906,157
2,KPDT20151107_144536_V06,2.022,0.069,186.530,245.553,13.411,-119.584,45.933,6705.517,62928.294,20151107_064536,479182,211,18141,151
4,KPDT20151108_142119_V06,-23.674,0.086,296.160,402.379,33.767,-118.877,45.230,16883.297,51225.368,20151108_062119,479191,134,69624,107
4,KPDT20151108_142605_V06,-18.908,0.137,297.967,400.610,39.824,-118.866,45.238,19912.187,50315.055,20151108_062605,479186,117,66263,100
4,KPDT20151108_143050_V06,-14.158,0.233,304.523,389.909,41.311,-118.824,45.286,20655.329,45011.512,20151108_063050,479184,136,64508,110
4,KPDT20151108_143535_V06,-9.408,0.468,312.675,383.357,35.411,-118.772,45.316,17705.622,42157.747,20151108_063535,479190,134,60946,86
4,KPDT20151108_144022_V06,-4.624,0.157,313.178,382.615,41.568,-118.769,45.319,20784.165,41829.552,20151108_064022,479193,151,59639,105
4,KPDT20151108_144509_V06,0.159,0.080,323.362,377.359,34.921,-118.704,45.342,17460.634,40404.746,20151108_064509,479196,158,59935,105
7,KPDT20151108_144509_V06,0.159,0.145,410.986,285.933,11.440,-118.140,45.752,5719.975,55937.129,20151108_064509,479196,158,59935,105
17,KPDT20151108_155034_V06,65.576,0.096,421.397,246.259,56.832,-118.070,45.930,28416.172,66380.425,20151108_075034,479190,189,75483,152
18,KPDT20151108_155034_V06,65.576,0.052,310.802,141.563,37.203,-118.783,46.403,18601.452,79402.339,20151108_075034,479190,189,75483,152
2,KPDT20151109_144259_V06,-3.420,0.057,260.029,249.745,18.858,-119.110,45.916,9428.860,32106.313,20151109_064259,479191,330,23172,233
2,KPDT20151110_145706_V06,9.286,0.192,231.962,146.825,9.662,-119.295,46.379,4831.013,83803.117,20151110_065706,479182,142,13518,109
2,KPDT20151110_150626_V06,18.620,0.074,233.211,148.366,20.204,-119.287,46.372,10101.955,82845.742,20151110_070626,479185,175,11876,124
2,KPDT20151110_151547_V06,27.970,0.071,243.910,149.392,28.724,-119.217,46.367,14362.055,80356.915,20151110_071547,479189,139,11402,106
1,KPDT20151110_140102_V06,-46.780,0.069,195.585,229.520,20.229,-119.527,46.006,10114.557,62987.761,20151110_060102,479186,78,20062,46
3,KPDT20151110_145706_V06,9.286,0.059,210.992,257.601,27.502,-119.426,45.880,13751.163,49295.456,20151110_065706,479182,142,13518,109
4,KPDT20151110_145706_V06,9.286,0.051,251.736,103.388,30.461,-119.168,46.575,15230.663,101224.490,20151110_065706,479182,142,13518,109
1,KPDT20151111_140549_V06,-43.405,0.575,203.260,241.565,7.902,-119.477,45.952,3951.193,56509.471,20151111_060549,479181,134,31471,117
1,KPDT20151112_141948_V06,-30.826,0.752,249.784,94.380,9.640,-119.181,46.615,4819.786,105831.776,20151112_061948,479189,180,12031,147
1,KPDT20151112_142908_V06,-21.493,0.840,253.181,94.317,21.698,-119.158,46.615,10849.125,105472.033,20151112_062908,479183,244,12423,185
1,KPDT20151112_143829_V06,-12.143,0.205,257.770,93.802,29.324,-119.128,46.618,14661.841,105238.847,20151112_063829,479175,226,13265,181
3,KPDT20151112_144750_V06,-2.793,0.095,204.069,249.804,23.461,-119.471,45.915,11730.349,54135.115,20151112_064750,479181,229,13301,171
4,KPDT20151113_155633_V06,64.523,0.428,451.620,224.441,21.599,-117.874,46.026,10799.644,84702.286,20151113_075633,479186,218,13781,170
4,KPDT20151113_160552_V06,73.840,0.297,454.377,223.407,35.489,-117.856,46.031,17744.396,86166.469,20151113_080552,479186,230,14124,188
4,KPDT20151114_150147_V06,8.360,0.051,200.683,246.035,17.580,-119.493,45.932,8789.921,56515.473,20151114_070147,479176,193,16379,163
4,KPDT20151114_151107_V06,17.693,0.052,206.264,246.606,31.997,-119.457,45.929,15998.372,53938.503,20151114_071107,479185,172,16505,154
1,KPDT20151114_135632_V06,-56.890,0.071,259.347,211.689,4.688,-119.116,46.088,2344.009,48609.476,20151114_055632,479185,183,22655,152
2,KPDT20151114_141511_V06,-38.240,0.203,196.888,234.444,16.109,-119.518,45.984,8054.680,61093.644,20151114_061511,479185,166,20814,127
1,KPDT20151115_135618_V06,-58.514,0.130,297.378,373.003,2.694,-118.870,45.362,1346.888,36525.248,20151115_055618,479185,218,26004,192
3,KPDT20151115_150146_V06,6.953,0.063,212.227,246.468,33.307,-119.419,45.930,16653.679,51404.866,20151115_070146,479180,245,20990,200
5,KPDT20151115_154433_V06,49.736,0.055,59.999,21.147,20.481,-120.429,46.934,10240.562,183956.240,20151115_074433,479194,257,21047,198
7,KPDT20151115_161307_V06,78.303,0.053,49.552,468.248,59.057,-120.439,44.923,29528.526,150857.179,20151115_081307,479186,287,29486,232
1,KPDT20151118_142459_V06,-33.959,0.125,262.129,109.803,8.417,-119.100,46.546,4208.593,96965.163,20151118_062459,479188,232,14371,200
1,KPDT20151118_143419_V06,-24.626,0.057,263.382,109.438,24.964,-119.091,46.548,12481.828,97024.389,20151118_063419,479189,210,12393,175
2,KPDT20151118_144338_V06,-15.309,0.118,303.985,299.054,21.454,-118.827,45.695,10726.974,2047.651,20151118_064338,479187,266,15046,205
2,KPDT20151119_155038_V06,50.331,0.127,26.079,410.706,29.834,-120.595,45.179,14916.966,147723.191,20151119_075038,479188,1552,188814,130
2,KPDT20151119_155616_V06,55.965,0.053,28.108,411.116,38.051,-120.582,45.177,19025.532,146860.345,20151119_075616,479189,1296,187268,155
1,KPDT20151119_153346_V06,33.465,0.241,29.231,418.582,35.599,-120.574,45.144,17799.595,147798.483,20151119_073346,479182,884,189234,147
1,KPDT20151120_142144_V06,-39.918,0.104,248.363,91.243,14.705,-119.190,46.629,7352.531,107524.033,20151120_062144,479186,125,12758,94
1,KPDT20151120_143105_V06,-30.568,0.739,247.748,93.374,25.064,-119.194,46.620,12532.168,106565.111,20151120_063105,479185,111,10873,68
2,KPDT20151120_145201_V06,-9.634,0.259,185.257,243.601,7.296,-119.593,45.942,3648.203,63927.557,20151120_065201,479189,150,7826,110
1,KPDT20151122_155752_V06,53.552,0.062,277.492,292.341,12.463,-118.997,45.725,6231.674,11887.783,20151122_075752,479185,104,7530,76
1,KPDT20151124_150047_V06,-6.144,0.304,50.222,375.764,59.694,-120.446,45.339,29846.777,130507.930,20151124_070047,479183,236,179955,150
1,KPDT20151124_150625_V06,-0.511,0.297,51.781,371.582,68.347,-120.437,45.358,34173.527,129167.431,20151124_070625,479185,162,178653,110
2,KPDT20151124_152227_V06,15.523,0.050,63.626,360.544,70.567,-120.363,45.408,35283.482,122002.169,20151124_072227,479192,223,175370,160
3,KPDT20151124_160242_V06,55.773,0.170,17.298,442.139,23.810,-120.647,45.037,11904.808,158211.952,20151124_080242,479190,209,157825,162
1,KPDT20151125_143745_V06,-30.462,0.071,462.987,174.824,4.766,-117.796,46.249,2383.018,102754.469,20151125_063745,479193,163,14425,153
2,KPDT20151125_144707_V06,-21.095,0.122,176.376,140.104,2.295,-119.657,46.407,1147.701,101056.241,20151125_064707,479184,158,14288,117
3,KPDT20151125_144707_V06,-21.095,0.088,178.479,139.147,1.986,-119.643,46.411,992.912,100798.161,20151125_064707,479184,158,14288,117
5,KPDT20151126_145646_V06,-12.714,0.140,188.070,250.417,9.708,-119.574,45.911,4854.210,61210.245,20151126_065646,479190,159,11476,121
5,KPDT20151126_150610_V06,-3.314,0.063,194.122,252.186,23.309,-119.535,45.904,11654.634,58086.864,20151126_070610,479189,187,10096,142
1,KPDT20151126_140954_V06,-59.581,0.061,192.292,251.944,3.112,-119.547,45.905,1556.097,58970.999,20151126_060954,479185,128,7303,110
2,KPDT20151126_141916_V06,-50.214,0.101,296.426,292.162,7.698,-118.876,45.726,3848.946,4307.086,20151126_061916,479188,155,8146,139
4,KPDT20151126_144724_V06,-22.081,0.063,176.644,139.305,2.038,-119.655,46.411,1018.780,101290.976,20151126_064724,479189,144,10962,113
1,KPDT20151127_144024_V06,-30.333,0.127,425.713,212.513,8.582,-118.040,46.081,4291.149,76579.447,20151127_064024,479182,48,7576,38
1,KPDT20151127_144947_V06,-20.950,0.083,428.517,212.571,20.194,-118.022,46.081,10096.765,77718.067,20151127_064947,479184,71,7994,60
2,KPDT20151127_145910_V06,-11.567,0.061,182.778,248.552,13.406,-119.608,45.920,6703.091,64007.694,20151127_065910,479187,88,8683,71
1,KPDT20151128_141501_V06,-56.951,0.084,74.829,243.125,9.900,-120.305,45.937,4949.975,116121.580,20151128_061501,479191,48,3516,37
1,KPDT20151130_152336_V06,9.219,0.056,179.413,246.260,3.231,-119.630,45.930,1615.620,66009.758,20151130_072336,479188,105,4886,69
1,KPDT20151201_143849_V06,-36.740,0.159,187.198,242.944,7.605,-119.580,45.945,3802.750,63205.493,20151201_063849,479180,107,7534,73
2,KPDT20151201_143849_V06,-36.740,0.079,476.905,77.910,11.514,-117.697,46.684,5757.034,141967.851,20151201_063849,479180,107,7534,73
3,KPDT20151201_150659_V06,-8.574,0.108,204.214,240.637,27.923,-119.471,45.956,13961.653,56344.705,20151201_070659,479191,121,9763,75
2,KPDT20151202_145407_V06,-22.595,0.228,181.004,141.972,2.302,-119.626,46.399,1150.995,98910.251,20151202_065407,479191,83,45450,42
2,KPDT20151202_145854_V06,-17.811,0.080,181.303,142.027,8.757,-119.624,46.399,4378.513,98798.549,20151202_065854,479186,91,42753,60
10,KPDT20151202_161418_V06,57.589,0.051,31.616,429.127,35.171,-120.558,45.097,17585.258,148915.775,20151202_081418,479183,77,8585,66
5,KPDT20151203_151218_V06,-5.543,0.378,354.292,284.821,35.935,-118.504,45.758,17967.514,28187.113,20151203_071218,479186,229,71208,138
5,KPDT20151203_151756_V06,0.090,0.584,354.964,278.670,42.968,-118.499,45.786,21483.833,29478.838,20151203_071756,479185,170,74242,114
11,KPDT20151203_160209_V06,44.307,0.097,325.611,107.724,28.851,-118.686,46.555,14425.713,96987.123,20151203_080209,479184,223,111319,149
11,KPDT20151203_160748_V06,49.957,0.107,328.249,104.376,35.444,-118.669,46.570,17721.919,98826.372,20151203_080748,479188,212,113756,152
2,KPDT20151203_144945_V06,-28.093,0.391,325.054,398.774,34.617,-118.693,45.246,17308.565,50950.752,20151203_064945,479186,163,62170,130
6,KPDT20151203_151756_V06,0.090,0.068,418.450,136.256,74.013,-118.082,46.425,37006.607,101047.803,20151203_071756,479185,170,74242,114
7,KPDT20151204_154730_V06,28.550,0.379,18.260,446.828,19.825,-120.640,45.016,9912.331,158852.174,20151204_074730,479185,224,76311,165
7,KPDT20151204_155242_V06,33.750,0.509,19.878,446.872,27.381,-120.630,45.016,13690.745,158145.250,20151204_075242,479186,225,73247,181
7,KPDT20151204_155753_V06,38.933,0.102,24.007,447.959,31.772,-120.603,45.011,15885.793,156575.801,20151204_075753,479190,222,72497,169
7,KPDT20151204_160307_V06,44.166,0.134,31.332,444.452,28.439,-120.557,45.028,14219.618,152519.648,20151204_080307,479179,221,71656,173
6,KPDT20151204_154152_V06,22.916,0.063,368.030,60.915,29.593,-118.408,46.765,14796.684,124287.452,20151204_074152,479186,172,78244,133
1,KPDT20151205_142802_V06,-52.000,0.096,184.029,167.235,10.531,-119.605,46.285,5265.293,88141.669,20151205_062802,479174,197,18809,153
1,KPDT20151205_143724_V06,-42.633,0.322,187.364,166.141,16.523,-119.584,46.290,8261.640,87471.536,20151205_063724,479180,220,19028,164
3,KPDT20151205_155212_V06,32.167,0.089,25.860,140.558,51.172,-120.635,46.394,25586.109,158567.287,20151205_075212,479173,287,26232,216
3,KPDT20151205_160133_V06,41.517,-1.000,25.860,140.558,66.039,-120.635,46.394,33019.359,158567.287,20151205_080133,479175,250,29330,195
3,KPDT20151205_161053_V06,50.850,0.063,43.065,132.668,66.949,-120.524,46.431,33474.704,153309.593,20151205_081053,479184,276,31100,234
2,KPDT20151206_144312_V06,-37.889,0.158,211.451,251.264,8.035,-119.423,45.908,4017.609,50537.264,20151206_064312,479192,186,71633,121
2,KPDT20151206_144851_V06,-32.239,0.137,212.088,250.789,16.850,-119.419,45.911,8424.837,50374.349,20151206_064851,479180,366,77382,139
3,KPDT20151206_144312_V06,-37.889,0.117,197.936,238.677,14.471,-119.511,45.965,7235.491,59534.734,20151206_064312,479192,186,71633,121
4,KPDT20151206_144851_V06,-32.239,0.052,374.456,338.101,22.960,-118.376,45.518,11480.110,41819.304,20151206_064851,479180,366,77382,139
8,KPDT20151206_151515_V06,-5.839,0.106,217.504,106.216,21.949,-119.391,46.561,10974.670,105306.258,20151206_071515,479181,420,113109,206
11,KPDT20151206_152629_V06,5.394,0.145,236.453,92.126,18.937,-119.268,46.625,9468.605,108685.036,20151206_072629,479185,389,134339,220
2,KPDT20151208_144519_V06,-37.803,0.134,81.567,337.500,30.259,-120.251,45.513,15129.639,110814.334,20151208_064519,479183,288,137059,246
6,KPDT20151208_151910_V06,-3.953,0.075,184.699,244.119,10.729,-119.596,45.940,5364.317,64064.334,20151208_071910,479179,284,124866,235
10,KPDT20151208_155300_V06,29.881,0.069,155.994,74.217,24.615,-119.794,46.702,12307.465,133898.745,20151208_075300,479180,282,100487,224
13,KPDT20151208_160955_V06,46.797,0.125,202.419,145.973,20.693,-119.487,46.382,10346.500,91167.957,20151208_080955,479178,282,99375,224
14,KPDT20151208_161506_V06,51.981,0.138,371.584,367.238,14.898,-118.396,45.387,7449.060,49104.895,20151208_081506,479180,260,99660,208
18,KPDT20151208_162557_V06,62.831,0.051,204.547,490.528,12.266,-119.456,44.832,6133.051,106550.747,20151208_082557,479175,310,93934,253
7,KPDT20151209_152832_V06,4.443,0.093,203.121,242.107,18.680,-119.478,45.949,9340.002,56429.637,20151209_072832,479178,466,62620,277
7,KPDT20151209_153344_V06,9.643,0.083,203.160,241.079,26.138,-119.477,45.954,13068.799,56678.114,20151209_073344,479179,433,54180,288
1,KPDT20151210_144817_V06,-36.748,0.167,191.213,234.158,17.680,-119.555,45.985,8840.193,63580.116,20151210_064817,479186,249,83582,186
4,KPDT20151210_153237_V06,7.585,0.161,199.409,249.737,30.283,-119.501,45.915,15141.479,56224.624,20151210_073237,479183,277,51090,205
2,KPDT20151212_144733_V06,-39.267,0.199,193.489,239.332,13.231,-119.540,45.961,6615.562,61288.626,20151212_064733,479177,174,22666,147
3,KPDT20151212_154543_V06,18.900,0.155,388.124,301.471,27.738,-118.287,45.683,13869.034,44068.330,20151212_074543,479179,159,12539,133
2,KPDT20151213_145004_V06,-37.593,0.312,197.036,239.278,14.005,-119.517,45.962,7002.556,59767.654,20151213_065004,479187,159,89577,129
2,KPDT20151213_145543_V06,-31.943,0.061,197.121,239.987,20.265,-119.516,45.959,10132.676,59551.782,20151213_065543,479182,158,85515,132
5,KPDT20151213_154029_V06,12.824,0.099,288.899,338.999,35.948,-118.924,45.515,17973.911,20273.923,20151213_074029,479179,166,79824,136
5,KPDT20151213_154516_V06,17.607,0.162,289.171,338.890,41.448,-118.922,45.516,20724.097,20184.727,20151213_074516,479177,131,73319,111
5,KPDT20151213_155004_V06,22.407,0.083,286.495,337.687,36.899,-118.939,45.521,18449.274,20016.984,20151213_075004,479180,189,70985,166
1,KPDT20151213_143309_V06,-54.509,0.060,72.641,245.293,13.423,-120.318,45.927,6711.442,116924.340,20151213_063309,479177,159,99119,119
1,KPDT20151214_143148_V06,-56.667,0.152,259.082,212.521,3.043,-119.117,46.084,1521.412,48287.985,20151214_063148,479172,108,58929,76
4,KPDT20151214_144608_V06,-42.334,0.328,197.615,239.999,13.687,-119.513,45.959,6843.573,59335.419,20151214_064608,479181,247,54718,187
5,KPDT20151214_144608_V06,-42.334,0.320,196.658,174.946,10.216,-119.523,46.251,5107.811,81114.324,20151214_064608,479181,247,54718,187
6,KPDT20151214_144608_V06,-42.334,0.077,352.173,76.715,58.626,-118.512,46.694,29312.946,114649.516,20151214_064608,479181,247,54718,187
11,KPDT20151214_163646_V06,68.300,0.056,296.231,327.286,45.671,-118.877,45.568,22835.331,13772.534,20151214_083646,479177,269,44657,200
3,KPDT20151218_145835_V06,-32.748,0.054,254.353,400.468,14.186,-119.143,45.238,7093.161,55175.864,20151218_065835,479173,249,81597,145
6,KPDT20151218_150810_V06,-23.165,0.077,286.802,265.004,27.052,-118.938,45.848,13526.009,18701.088,20151218_070810,479180,293,78289,149
12,KPDT20151218_154631_V06,15.185,0.587,270.139,408.994,7.945,-119.043,45.200,3972.338,56505.195,20151218_074631,479184,183,53959,151
14,KPDT20151218_155119_V06,19.985,0.052,272.725,178.685,33.235,-119.030,46.236,16617.384,62171.929,20151218_075119,479179,206,51125,167
16,KPDT20151218_160748_V06,36.469,0.053,265.325,409.582,11.675,-119.073,45.197,5837.276,57468.741,20151218_080748,479185,211,53329,157
17,KPDT20151218_161235_V06,41.252,0.133,248.915,232.311,39.001,-119.182,45.995,19500.679,42401.219,20151218_081235,479176,193,54104,146
20,KPDT20151218_164329_V06,72.152,0.076,330.223,295.308,20.757,-118.659,45.712,10378.548,15292.332,20151218_084329,479177,239,54151,192
7,KPDT20151220_162358_V06,51.435,0.109,38.180,92.799,53.769,-120.562,46.610,26884.689,166944.466,20151220_082358,479176,204,92164,161
7,KPDT20151220_162847_V06,56.252,-1.000,38.180,92.799,61.428,-120.562,46.610,30713.939,166944.466,20151220_082847,479175,191,94738,164
7,KPDT20151220_163335_V06,61.052,0.051,44.351,91.393,59.490,-120.522,46.617,29744.967,164980.016,20151220_083335,479181,243,102098,173
1,KPDT20151220_145712_V06,-35.331,0.082,33.751,54.615,41.336,-120.596,46.781,20667.809,181040.259,20151220_065712,479182,205,67282,180
3,KPDT20151220_151556_V06,-16.598,0.100,21.284,448.989,22.277,-120.621,45.006,11138.353,158019.322,20151220_071556,479180,254,72781,213
5,KPDT20151220_154400_V06,11.469,0.125,14.657,247.495,23.810,-120.692,45.912,11904.932,145066.503,20151220_074400,479176,190,69391,164
6,KPDT20151220_154400_V06,11.469,0.051,159.627,47.174,21.081,-119.773,46.824,10540.613,144590.633,20151220_074400,479176,190,69391,164
2,KPDT20151222_144905_V06,-44.485,0.441,191.458,245.027,8.852,-119.553,45.936,4425.915,60834.852,20151222_064905,479177,187,23807,135
5,KPDT20151222_145839_V06,-34.919,0.094,209.494,175.912,7.587,-119.440,46.247,3793.743,76793.634,20151222_065839,479186,203,21943,161
6,KPDT20151222_152234_V06,-11.002,0.053,208.227,178.099,2.150,-119.448,46.237,1074.894,76292.326,20151222_072234,479185,234,18655,170
11,KPDT20151222_163634_V06,62.998,0.053,461.001,159.388,21.083,-117.808,46.318,10541.252,106879.602,20151222_083634,479182,263,13103,201
5,KPDT20151223_145837_V06,-35.409,0.300,24.801,383.990,32.994,-120.607,45.299,16496.920,143865.299,20151223_065837,479179,177,25295,146
5,KPDT20151223_150757_V06,-26.075,0.316,30.060,385.754,42.732,-120.573,45.292,21366.137,141616.920,20151223_070757,479178,171,19883,140
5,KPDT20151223_151244_V06,-21.292,0.101,36.522,390.143,47.866,-120.532,45.273,23932.815,139235.805,20151223_071244,479176,186,19784,127
5,KPDT20151223_151732_V06,-16.492,-1.000,41.793,393.455,53.025,-120.498,45.258,26512.451,137299.846,20151223_071732,479180,215,20054,158
5,KPDT20151223_152219_V06,-11.709,0.066,29.962,403.828,53.030,-120.572,45.210,26515.232,144655.467,20151223_072219,479186,219,19119,176
3,KPDT20151223_144915_V06,-44.775,0.172,189.903,247.080,3.390,-119.562,45.926,1695.095,61077.574,20151223_064915,479181,170,26494,147
3,KPDT20151223_145837_V06,-35.409,0.104,191.254,245.381,13.396,-119.554,45.934,6698.190,60846.041,20151223_065837,479179,177,25295,146
19,KPDT20151223_165912_V06,85.175,0.121,20.094,346.086,27.750,-120.643,45.469,13875.171,141837.405,20151223_085912,479180,239,26007,191
19,KPDT20151223_170359_V06,89.958,0.540,21.961,346.714,34.293,-120.631,45.467,17146.691,140968.147,20151223_090359,479181,247,23041,189
1,KPDT20151223_143953_V06,-54.142,0.098,259.443,211.292,3.009,-119.115,46.089,1504.463,48769.795,20151223_063953,479179,178,25302,156
9,KPDT20151223_152707_V06,-6.909,0.256,209.156,175.782,3.341,-119.442,46.248,1670.364,76945.925,20151223_072707,479179,212,23598,176
17,KPDT20151223_163305_V06,59.058,0.055,17.447,300.640,12.230,-120.666,45.673,6115.043,141276.649,20151223_083305,479192,242,24515,205
20,KPDT20151223_165912_V06,85.175,0.084,430.526,201.900,51.144,-118.008,46.129,25572.041,81640.324,20151223_085912,479180,239,26007,191
1,KPDT20151224_144256_V06,-51.506,0.320,191.166,251.854,8.737,-119.554,45.905,4368.296,59504.079,20151224_064256,479179,173,43398,133
1,KPDT20151224_144744_V06,-46.706,0.100,191.174,251.569,14.777,-119.554,45.906,7388.549,59558.342,20151224_064744,479184,189,41282,163
14,KPDT20151224_162614_V06,51.794,0.075,252.909,373.824,30.918,-119.153,45.358,15459.066,43782.405,20151224_082614,479171,234,35679,198
14,KPDT20151224_163535_V06,61.144,0.059,251.709,372.679,42.041,-119.161,45.363,21020.526,43630.034,20151224_083535,479179,197,37704,182
3,KPDT20151224_144256_V06,-51.506,0.079,259.799,211.050,3.255,-119.113,46.090,1627.522,48806.167,20151224_064256,479179,173,43398,133
6,KPDT20151224_150207_V06,-32.323,0.080,59.285,147.111,64.147,-120.417,46.368,32073.406,142582.078,20151224_070207,479181,187,42073,153
9,KPDT20151224_152048_V06,-13.640,0.067,107.931,76.251,73.988,-120.108,46.690,36993.805,147439.943,20151224_072048,479184,198,42254,181
1,KPDT20151225_150909_V06,-25.661,0.077,77.500,245.082,9.116,-120.287,45.929,4557.790,114588.845,20151225_070909,479174,71,20021,50
1,KPDT20151225_151832_V06,-16.278,0.162,79.358,243.736,7.348,-120.275,45.935,3673.769,113851.572,20151225_071832,479182,92,21806,60
3,KPDT20151225_154639_V06,11.839,0.077,339.229,314.944,17.487,-118.601,45.623,8743.256,20989.420,20151225_074639,479174,77,25413,65
4,KPDT20151225_154639_V06,11.839,0.052,217.212,38.099,24.012,-119.396,46.867,12005.987,137337.217,20151225_074639,479174,77,25413,65
1,KPDT20151229_145252_V06,-43.000,0.091,211.884,246.317,2.986,-119.421,45.931,1492.998,51590.331,20151229_065252,479178,62,56851,43
1,KPDT20151229_150215_V06,-33.616,0.066,203.086,244.134,14.527,-119.478,45.940,7263.601,55931.337,20151229_070215,479180,105,54514,64
2,KPDT20151230_143729_V06,-58.537,0.110,75.477,246.538,11.858,-120.300,45.922,5929.002,115400.348,20151230_063729,479177,124,19555,78
3,KPDT20151230_153346_V06,-2.254,0.144,176.498,159.166,8.615,-119.655,46.321,4307.402,93657.869,20151230_073346,479178,184,21930,140
