track_id,filename,from_sunrise,det_score,x,y,r,lon,lat,radius,geo_dist,local_time,n_radar_pixels,n_refAbove40_pixels,n_xcorrAbove0.95_pixels,n_xcorrBelow0.95_refAbove40_pixels
4,KFDX20170602_105407_V06,-48.246,0.089,388.052,516.536,12.039,-103.155,33.658,6019.477,116876.931,20170602_045407,479187,304,62012,159
3,KFDX20170603_121711_V06,35.077,0.144,24.901,480.106,26.181,-105.115,33.814,13090.357,164406.502,20170603_061711,479176,97,27058,46
1,KFDX20170607_112333_V06,-17.801,0.140,380.132,202.431,31.586,-103.190,35.074,15792.824,63128.784,20170607_052333,479176,139,40360,124
1,KFDX20170608_112808_V06,-13.096,0.097,407.660,216.767,8.182,-103.040,35.009,4090.908,68041.132,20170608_052808,479176,111,42106,89
1,KFDX20170609_104550_V06,-55.302,0.059,398.357,271.228,11.409,-103.092,34.764,5704.659,51239.482,20170609_044550,479167,311,46609,207
2,KFDX20170609_112229_V06,-18.652,0.055,479.572,169.373,15.475,-102.643,35.220,7737.312,111028.667,20170609_052229,479178,206,35346,164
4,KFDX20170609_113234_V06,-8.568,0.059,420.973,72.558,2.697,-102.961,35.658,1348.320,128806.223,20170609_053234,479182,180,47960,108
1,KFDX20170611_110636_V06,-34.426,0.239,260.510,455.157,8.017,-103.843,33.936,4008.375,80051.970,20170611_050636,479176,148,47875,125
3,KFDX20170611_123957_V06,58.924,0.093,222.472,319.759,9.603,-104.052,34.545,4801.277,40002.979,20170611_063957,479177,266,54955,191
2,KFDX20170612_121446_V06,33.755,0.217,342.653,526.601,6.197,-103.400,33.614,3098.353,115290.217,20170612_061446,479171,258,62009,183
3,KFDX20170612_122327_V06,42.438,0.380,300.429,515.820,8.704,-103.627,33.662,4352.160,107910.248,20170612_062327,479158,353,63321,236
1,KFDX20170619_104513_V06,-56.421,0.260,204.424,299.870,17.666,-104.151,34.635,8833.143,47787.993,20170619_044513,479185,140,42708,101
1,KFDX20170619_104914_V06,-52.405,0.165,204.562,299.828,22.658,-104.150,34.635,11328.769,47719.172,20170619_044914,479172,128,43269,84
1,KFDX20170619_105315_V06,-48.388,-1.000,204.662,299.798,28.027,-104.149,34.635,14013.507,47669.014,20170619_045315,479172,124,43596,99
1,KFDX20170619_110118_V06,-40.338,0.212,206.566,299.733,17.230,-104.139,34.635,8614.901,46716.987,20170619_050118,479172,112,43500,96
1,KFDX20170619_110519_V06,-36.321,-1.000,206.566,299.733,23.616,-104.139,34.635,11808.151,46716.987,20170619_050519,479170,105,42717,91
1,KFDX20170619_110921_V06,-32.288,0.095,204.513,299.422,19.852,-104.150,34.637,9925.861,47744.307,20170619_050921,479168,113,41020,101
4,KFDX20170619_113509_V06,-6.488,0.251,290.549,121.724,23.072,-103.681,35.439,11536.060,89263.273,20170619_053509,479176,86,53028,86
5,KFDX20170619_113509_V06,-6.488,0.193,34.628,230.316,28.995,-105.082,34.941,14497.326,137184.205,20170619_053509,479176,86,53028,86
6,KFDX20170619_114451_V06,3.212,0.238,385.207,175.375,61.781,-103.162,35.196,30890.736,75484.624,20170619_054451,479176,91,58228,88
7,KFDX20170619_120416_V06,22.629,0.082,41.070,504.002,42.194,-105.026,33.708,21096.939,164819.360,20170619_060416,479166,121,69369,115
1,KFDX20170620_114213_V06,0.388,0.480,283.886,116.480,17.356,-103.718,35.462,8678.043,92113.214,20170620_054213,479168,71,53384,69
3,KFDX20170620_124213_V06,60.388,0.201,414.338,187.819,63.190,-103.002,35.139,31595.139,80090.314,20170620_064213,479173,235,48312,90
4,KFDX20170620_130136_V06,79.772,0.065,261.415,298.657,6.458,-103.840,34.641,3229.120,19304.067,20170620_070136,479165,149,48134,84
2,KFDX20170621_114552_V06,3.824,0.356,50.177,229.988,30.553,-104.997,34.943,15276.464,129723.689,20170621_054552,479178,27,37216,27
2,KFDX20170621_120513_V06,23.174,0.057,45.370,234.327,45.846,-105.023,34.923,22923.125,131481.256,20170621_060513,479179,32,36358,30
1,KFDX20170621_104743_V06,-54.326,0.053,290.489,217.853,2.041,-103.682,35.006,1020.355,41347.971,20170621_044743,479172,149,28264,138
1,KFDX20170622_110155_V06,-40.364,0.071,203.860,300.747,20.665,-104.154,34.631,10332.579,48071.323,20170622_050155,479175,141,37373,137
2,KFDX20170622_113058_V06,-11.314,0.059,367.458,380.110,28.556,-103.263,34.274,14277.880,52364.296,20170622_053058,479159,36,43110,36
1,KFDX20170623_113102_V06,-11.509,0.245,367.333,138.441,8.555,-103.259,35.363,4277.260,87514.386,20170623_053102,479185,198,43246,182
2,KFDX20170623_114316_V06,0.724,0.055,205.686,300.592,20.198,-104.144,34.632,10099.184,47158.170,20170623_054316,479174,209,47298,156
1,KFDX20170624_104548_V06,-57.026,0.110,206.178,300.283,17.018,-104.141,34.633,8509.199,46911.255,20170624_044548,479184,476,60301,118
1,KFDX20170624_104950_V06,-52.993,-1.000,206.178,300.283,23.431,-104.141,34.633,11715.699,46911.255,20170624_044950,479182,455,59951,120
1,KFDX20170624_105350_V06,-48.993,0.118,206.488,298.081,16.960,-104.139,34.643,8480.089,46765.922,20170624_045350,479180,431,60326,121
7,KFDX20170624_124114_V06,58.407,0.265,208.103,302.497,19.241,-104.130,34.623,9620.579,45965.607,20170624_064114,479167,152,42387,117
8,KFDX20170624_124535_V06,62.757,0.052,324.391,180.626,2.191,-103.496,35.173,1095.421,60920.162,20170624_064535,479169,140,41561,105
2,KFDX20170627_112834_V06,-15.241,0.054,390.063,175.366,47.475,-103.135,35.196,23737.640,76884.753,20170627_052834,479168,44,33524,42
2,KFDX20170627_114956_V06,6.125,0.297,399.183,172.346,58.066,-103.085,35.209,29033.111,80828.337,20170627_054956,479167,41,43843,40
2,KFDX20170627_120918_V06,25.492,0.193,412.910,177.670,56.216,-103.010,35.185,28107.953,83236.813,20170627_060918,479172,64,44718,62
1,KFDX20170627_112834_V06,-15.241,0.068,204.753,299.496,17.324,-104.149,34.636,8661.768,47624.170,20170627_052834,479168,44,33524,42
3,KFDX20170627_120918_V06,25.492,0.052,523.142,477.131,43.451,-102.424,33.831,21725.374,142449.719,20170627_060918,479172,64,44718,62
1,KFDX20170628_112555_V06,-18.260,0.479,209.200,297.750,13.568,-104.125,34.644,6783.945,45414.092,20170628_052555,479178,94,37175,93
1,KFDX20170629_115338_V06,9.068,0.088,364.809,106.956,23.352,-103.272,35.505,11675.884,101816.185,20170629_055338,479181,1934,75002,1474
2,KFDX20170629_120055_V06,16.351,0.210,285.724,403.683,14.771,-103.707,34.168,7385.416,52330.608,20170629_060055,479190,2430,73408,1855
3,KFDX20170629_122153_V06,37.318,0.084,326.250,415.861,30.428,-103.487,34.113,15214.190,59398.715,20170629_062153,479182,2792,68589,2317
4,KFDX20170629_123530_V06,50.935,0.070,215.778,425.706,8.974,-104.086,34.068,4486.773,75656.179,20170629_063530,479170,2389,64171,1873
3,KFDX20170630_123706_V06,52.127,0.075,203.612,301.812,20.498,-104.155,34.626,10248.846,48202.367,20170630_063706,479180,90,44561,90
3,KFDX20170630_124647_V06,61.810,0.263,203.767,301.740,26.763,-104.154,34.626,13381.266,48124.411,20170630_064647,479169,95,43982,95
1,KFDX20170630_105025_V06,-54.557,0.110,24.944,431.684,38.785,-105.119,34.033,19392.660,152476.545,20170630_045025,479171,104,32202,103
2,KFDX20170630_120800_V06,23.027,0.062,203.468,301.366,20.267,-104.156,34.628,10133.553,48270.834,20170630_060800,479168,99,45549,98
1,KFDX20170701_104914_V06,-56.167,0.109,433.716,322.640,10.343,-102.901,34.531,5171.627,67809.750,20170701_044914,479176,934,60044,130
6,KFDX20170701_114009_V06,-5.250,0.071,401.594,288.945,15.696,-103.075,34.684,7848.076,51096.705,20170701_054009,479227,318,57805,125
9,KFDX20170701_120644_V06,21.333,0.052,326.029,182.619,2.137,-103.487,35.164,1068.485,60115.956,20170701_060644,479166,1539,67189,326
16,KFDX20170701_130505_V06,79.683,0.085,410.688,261.940,21.294,-103.025,34.805,10647.018,58524.320,20170701_070505,479168,1237,65564,123
1,KFDX20170704_110018_V06,-46.487,0.195,419.597,346.276,2.958,-102.979,34.425,1478.828,64118.583,20170704_050018,479174,178,39016,161
3,KFDX20170704_112921_V06,-17.437,0.602,391.223,208.145,22.070,-103.130,35.048,11034.901,64728.061,20170704_052921,479174,133,31063,116
4,KFDX20170704_112921_V06,-17.437,0.059,399.402,264.917,17.157,-103.086,34.792,8578.350,52705.594,20170704_052921,479174,133,31063,116
4,KFDX20170704_113903_V06,-7.737,0.054,389.298,267.688,12.316,-103.142,34.780,6158.161,47482.019,20170704_053903,479165,154,34344,127
5,KFDX20170704_113903_V06,-7.737,0.080,171.164,353.973,28.752,-104.330,34.390,14375.845,69842.534,20170704_053903,479165,154,34344,127
1,KFDX20170706_113857_V06,-8.845,0.054,101.260,189.704,18.931,-104.720,35.128,9465.415,113647.095,20170706_053857,479181,82,41695,73
1,KFDX20170707_123804_V06,49.744,0.153,206.319,301.485,16.391,-104.140,34.628,8195.324,46846.339,20170707_063804,479179,66,36747,55
2,KFDX20170707_123804_V06,49.744,0.076,344.239,560.809,22.436,-103.392,33.459,11218.181,132267.037,20170707_063804,479179,66,36747,55
5,KFDX20170708_123026_V06,41.568,0.055,205.683,297.950,17.383,-104.144,34.643,8691.576,47169.859,20170708_063026,479170,88,30796,74
1,KFDX20170709_111920_V06,-30.089,0.112,228.596,18.209,24.870,-104.025,35.905,12434.759,145348.566,20170709_051920,479183,253,45352,203
1,KFDX20170709_112321_V06,-26.073,0.052,228.734,18.417,30.036,-104.024,35.904,15017.784,145230.680,20170709_052321,479169,323,43542,230
1,KFDX20170709_112742_V06,-21.723,0.060,230.031,19.177,25.777,-104.017,35.900,12888.426,144704.376,20170709_052742,479177,291,40330,234
1,KFDX20170709_113204_V06,-17.356,0.052,231.052,19.828,31.181,-104.011,35.897,15590.715,144265.647,20170709_053204,479174,291,40506,210
2,KFDX20170712_122558_V06,34.791,0.058,296.858,299.180,16.930,-103.647,34.639,8465.210,1623.504,20170712_062558,479165,99,18632,97
2,KFDX20170712_123538_V06,44.458,0.184,297.313,298.982,23.429,-103.644,34.640,11714.259,1436.690,20170712_063538,479177,76,20121,76
1,KFDX20170712_120635_V06,15.408,0.096,297.123,299.655,16.616,-103.645,34.637,8307.968,1449.052,20170712_060635,479173,77,16920,77
2,KFDX20170713_124356_V06,52.149,0.050,319.117,337.460,30.138,-103.525,34.466,15068.798,21028.274,20170713_064356,479174,1,27546,0
1,KFDX20170714_114154_V06,-10.506,0.050,308.807,178.702,58.462,-103.581,35.182,29230.810,60808.811,20170714_054154,479160,78,31884,76
2,KFDX20170714_120117_V06,8.877,0.096,536.851,475.782,20.055,-102.350,33.836,10027.540,147476.966,20170714_060117,479173,65,32955,60
2,KFDX20170715_115005_V06,-2.955,0.059,260.844,66.203,2.385,-103.846,35.689,1192.459,118526.687,20170715_055005,479168,87,28221,78
1,KFDX20170716_114522_V06,-8.315,0.093,266.024,199.514,59.537,-103.816,35.088,29768.520,53037.257,20170716_054522,479164,17,26848,14
2,KFDX20170716_122405_V06,30.402,0.224,278.011,207.370,75.569,-103.750,35.053,37784.649,47602.204,20170716_062405,479169,74,28267,63
1,KFDX20170717_114350_V06,-10.502,0.056,63.174,154.295,7.956,-104.931,35.285,3977.882,139029.161,20170717_054350,479177,136,43437,107
1,KFDX20170717_114803_V06,-6.285,-1.000,63.174,154.295,14.660,-104.931,35.285,7330.132,139029.161,20170717_054803,479178,120,47368,103
1,KFDX20170717_115210_V06,-2.168,-1.000,63.174,154.295,21.206,-104.931,35.285,10602.882,139029.161,20170717_055210,479172,116,47409,80
1,KFDX20170717_120051_V06,6.515,0.300,78.401,139.744,31.746,-104.848,35.351,15872.776,136736.846,20170717_060051,479178,150,49152,99
1,KFDX20170717_120511_V06,10.848,-1.000,83.869,134.520,37.463,-104.819,35.375,18731.319,136103.308,20170717_060511,479160,185,49250,84
1,KFDX20170717_120931_V06,15.182,0.121,81.978,136.934,38.601,-104.829,35.364,19300.568,136128.479,20170717_060931,479178,186,48565,92
1,KFDX20170717_121352_V06,19.532,0.106,86.081,136.974,39.415,-104.806,35.364,19707.541,134479.692,20170717_061352,479179,224,47224,87
2,KFDX20170717_115210_V06,-2.168,0.110,13.625,296.635,14.336,-105.191,34.640,7168.212,143197.164,20170717_055210,479172,116,47409,80
3,KFDX20170718_122931_V06,34.519,0.164,89.292,55.156,25.763,-104.794,35.733,12881.326,161513.637,20170718_062931,479166,109,29963,106
3,KFDX20170718_123912_V06,44.202,0.071,89.199,50.249,39.652,-104.795,35.755,19825.781,163410.970,20170718_063912,479165,110,32705,105
3,KFDX20170718_124853_V06,53.885,0.468,89.164,48.278,42.717,-104.795,35.764,21358.343,164176.623,20170718_064853,479176,81,35460,79
3,KFDX20170718_130815_V06,73.252,0.453,94.150,50.150,47.599,-104.767,35.756,23799.361,161863.437,20170718_070815,479175,107,37978,106
3,KFDX20170718_131757_V06,82.952,0.352,95.360,56.347,47.219,-104.760,35.728,23609.433,159094.593,20170718_071757,479178,106,37171,101
1,KFDX20170718_114103_V06,-13.948,0.261,362.289,487.389,9.054,-103.293,33.790,4527.024,98735.293,20170718_054103,479172,106,30912,101
2,KFDX20170718_121007_V06,15.119,0.190,91.861,55.442,14.508,-104.780,35.732,7253.793,160569.598,20170718_061007,479171,107,29803,102
1,KFDX20170719_123058_V06,35.296,0.075,50.645,205.092,65.108,-104.996,35.055,32554.043,133403.110,20170719_063058,479173,102,17584,102
2,KFDX20170719_130944_V06,74.063,0.212,297.804,299.796,19.954,-103.641,34.636,9977.207,1102.763,20170719_070944,479166,92,27478,92
1,KFDX20170720_110112_V06,-55.151,0.056,390.021,268.675,10.280,-103.138,34.775,5139.965,47657.954,20170720_050112,479166,156,25051,127
3,KFDX20170720_124748_V06,51.449,0.051,298.885,301.718,13.439,-103.636,34.628,6719.456,1023.893,20170720_064748,479163,70,13332,67
1,KFDX20170726_112752_V06,-32.711,0.057,205.273,301.684,17.214,-104.146,34.627,8607.063,47370.849,20170726_052752,479177,99,31487,98
3,KFDX20170727_111442_V06,-46.600,0.091,276.852,176.138,10.288,-103.757,35.193,5143.925,63003.369,20170727_051442,479172,1788,136639,176
1,KFDX20170728_111109_V06,-50.877,0.054,279.671,179.117,5.173,-103.741,35.180,2586.712,61290.279,20170728_051109,479179,72,28512,70
2,KFDX20170728_122022_V06,18.340,0.172,292.177,82.950,22.838,-103.673,35.613,11418.961,108595.343,20170728_062022,479080,74,41831,72
2,KFDX20170804_115055_V06,-16.271,0.133,22.876,394.096,33.867,-105.133,34.202,16933.506,146331.620,20170804_055055,479167,124,38980,43
2,KFDX20170804_115457_V06,-12.237,0.392,23.272,393.611,38.703,-105.131,34.204,19351.600,146066.399,20170804_055457,479175,136,41965,48
3,KFDX20170804_120301_V06,-4.171,0.527,392.166,201.775,36.053,-103.124,35.077,18026.333,67347.470,20170804_060301,479160,188,46720,69
3,KFDX20170804_120703_V06,-0.137,0.081,392.485,202.188,41.291,-103.122,35.075,20645.408,67306.246,20170804_060703,479240,194,47020,36
3,KFDX20170805_124941_V06,41.752,0.070,20.320,376.145,9.868,-105.148,34.283,4934.144,144930.121,20170805_064941,479187,295,45336,227
3,KFDX20170806_121337_V06,4.941,0.079,503.531,261.093,11.317,-102.517,34.806,5658.485,103608.375,20170806_061337,479165,109,20908,108
5,KFDX20170806_123258_V06,24.291,0.114,558.682,355.861,29.305,-102.223,34.375,14652.452,132322.598,20170806_063258,479171,245,22581,74
8,KFDX20170806_124655_V06,38.241,0.055,206.770,301.569,19.888,-104.138,34.627,9943.914,46621.577,20170806_064655,479173,254,39974,64
3,KFDX20170808_120832_V06,-1.632,0.110,206.217,299.433,17.156,-104.141,34.637,8578.217,46892.383,20170808_060832,479174,92,63695,88
3,KFDX20170808_121812_V06,8.035,-1.000,206.217,299.433,32.526,-104.141,34.637,16263.217,46892.383,20170808_061812,479161,106,64537,85
3,KFDX20170808_122753_V06,17.718,0.155,202.723,299.857,18.115,-104.160,34.635,9057.489,48638.724,20170808_062753,479175,71,64648,68
4,KFDX20170811_133106_V06,78.699,0.111,511.381,175.150,13.123,-102.469,35.192,6561.680,122749.240,20170811_073106,479173,164,34727,154
1,KFDX20170821_112420_V06,-55.482,0.079,373.488,319.264,12.710,-103.229,34.548,6355.141,37985.523,20170821_052420,479188,2047,125116,112
1,KFDX20170822_115200_V06,-28.550,0.068,27.723,318.085,36.424,-105.113,34.545,18212.116,136438.214,20170822_055200,479167,22,34800,16
1,KFDX20170822_120015_V06,-20.300,0.116,26.904,324.665,42.035,-105.117,34.515,21017.566,137103.810,20170822_060015,479168,22,43551,20
1,KFDX20170822_120417_V06,-16.267,0.452,30.879,319.918,45.677,-105.095,34.537,22838.589,134928.335,20170822_060417,479177,33,40864,33
1,KFDX20170822_120830_V06,-12.050,0.541,33.371,324.632,44.738,-105.081,34.516,22368.824,133882.117,20170822_060830,479181,19,36466,19
1,KFDX20170822_121243_V06,-7.833,-1.000,35.860,327.199,45.244,-105.068,34.504,22622.122,132768.523,20170822_061243,479175,20,34466,20
1,KFDX20170822_121657_V06,-3.600,0.496,36.438,343.195,42.885,-105.063,34.432,21442.728,133539.247,20170822_061657,479184,20,34925,20
1,KFDX20170822_122110_V06,0.617,0.525,36.061,351.310,39.744,-105.065,34.396,19872.201,134440.266,20170822_062110,479179,21,35781,21
1,KFDX20170822_122512_V06,4.650,0.327,39.060,356.492,39.668,-105.048,34.372,19834.025,133492.675,20170822_062512,479188,29,35730,27
1,KFDX20170822_122921_V06,8.800,0.112,39.380,360.305,41.761,-105.046,34.355,20880.624,133752.864,20170822_062921,479184,26,36420,20
2,KFDX20170822_121243_V06,-7.833,0.236,33.569,341.046,39.275,-105.079,34.442,19637.508,134786.885,20170822_061243,479175,20,34466,20
2,KFDX20170823_114808_V06,-33.150,0.058,35.261,389.623,23.748,-105.066,34.223,11874.002,139749.023,20170823_054808,479176,7,41776,7
2,KFDX20170823_115228_V06,-28.817,0.139,35.533,390.237,28.802,-105.065,34.220,14401.121,139719.019,20170823_055228,479169,4,41577,4
3,KFDX20170823_122216_V06,0.983,0.125,452.048,315.081,13.586,-102.801,34.564,6792.976,76397.274,20170823_062216,479176,26,49517,22
3,KFDX20170823_122617_V06,5.000,0.251,452.387,314.618,19.136,-102.799,34.567,9567.816,76543.286,20170823_062617,479190,37,52507,34
3,KFDX20170823_123024_V06,9.117,0.131,452.373,310.870,15.053,-102.799,34.583,7526.577,76380.181,20170823_063024,479153,51,53090,38
3,KFDX20170823_123439_V06,13.367,0.087,452.275,310.527,20.378,-102.800,34.585,10189.016,76319.023,20170823_063439,479170,49,54771,46
3,KFDX20170823_123840_V06,17.383,0.066,459.505,333.519,37.237,-102.761,34.481,18618.299,81494.534,20170823_063840,479234,49,55600,44
6,KFDX20170823_125510_V06,33.883,0.078,313.414,287.357,11.271,-103.556,34.692,5635.742,9216.790,20170823_065510,479144,65,54769,50
6,KFDX20170823_130354_V06,42.617,0.084,313.989,288.811,19.710,-103.553,34.686,9855.149,8956.569,20170823_070354,479172,114,57237,73
1,KFDX20170823_113926_V06,-41.850,0.099,31.872,379.916,24.884,-105.085,34.266,12442.208,139892.162,20170823_053926,479180,2,42791,1
1,KFDX20170827_122252_V06,-1.330,0.078,446.512,224.840,29.682,-102.827,34.971,14840.939,82332.960,20170827_062252,479170,133,39098,114
2,KFDX20170827_123233_V06,8.353,0.054,401.029,190.728,55.169,-103.075,35.127,27584.702,74409.783,20170827_063233,479174,102,46196,87
1,KFDX20170828_121700_V06,-7.921,0.212,506.020,262.819,16.083,-102.504,34.798,8041.615,104674.060,20170828_061700,479175,129,23753,129
1,KFDX20170828_122643_V06,1.796,0.232,506.140,265.031,24.576,-102.503,34.788,12287.900,104542.565,20170828_062643,479166,130,25171,130
2,KFDX20170828_122643_V06,1.796,0.850,405.241,85.749,10.739,-103.049,35.599,5369.701,119351.588,20170828_062643,479166,130,25171,130
2,KFDX20170828_123625_V06,11.496,0.676,400.908,86.813,18.331,-103.073,35.595,9165.293,117931.127,20170828_063625,479177,83,27273,81
3,KFDX20170828_122643_V06,1.796,0.587,437.599,74.137,8.603,-102.870,35.651,4301.537,132238.096,20170828_062643,479166,130,25171,130
3,KFDX20170828_123625_V06,11.496,0.078,417.470,76.838,16.176,-102.981,35.639,8087.903,126095.564,20170828_063625,479177,83,27273,81
7,KFDX20170828_122643_V06,1.796,0.103,528.202,426.537,21.766,-102.394,34.059,10883.148,130468.342,20170828_062643,479166,130,25171,130
7,KFDX20170828_123625_V06,11.496,0.300,530.435,431.906,29.108,-102.382,34.034,14553.784,132758.797,20170828_063625,479177,83,27273,81
5,KFDX20170828_122643_V06,1.796,0.156,464.718,65.501,17.761,-102.720,35.689,8880.573,143284.455,20170828_062643,479166,130,25171,130
6,KFDX20170828_122643_V06,1.796,0.131,509.152,353.868,21.191,-102.492,34.387,10595.484,107988.640,20170828_062643,479166,130,25171,130
11,KFDX20170828_123625_V06,11.496,0.181,392.758,168.520,63.570,-103.120,35.227,31784.878,80453.276,20170828_063625,479177,83,27273,81
1,KFDX20170829_121956_V06,-5.709,0.123,345.782,233.263,14.899,-103.379,34.936,7449.398,40465.440,20170829_061956,479174,74,44234,46
2,KFDX20170829_122937_V06,3.974,0.076,292.384,423.190,14.426,-103.671,34.080,7213.112,61712.380,20170829_062937,479159,47,49691,39
3,KFDX20170829_122937_V06,3.974,0.070,423.613,89.899,2.879,-102.948,35.580,1439.285,121883.840,20170829_062937,479159,47,49691,39
4,KFDX20170829_124858_V06,23.324,0.213,410.192,221.000,28.514,-103.026,34.990,14256.931,67792.581,20170829_064858,479173,91,64820,63
6,KFDX20170829_130821_V06,42.708,0.159,32.331,443.149,45.799,-105.078,33.981,22899.471,151771.677,20170829_070821,479169,75,69015,59
1,KFDX20170830_112905_V06,-57.279,0.136,423.223,339.794,3.047,-102.959,34.454,1523.659,64744.723,20170830_052905,479178,52,56786,45
3,KFDX20170830_121731_V06,-8.846,0.054,537.472,364.712,24.258,-102.339,34.337,12129.055,123065.672,20170830_061731,479177,13,41966,9
4,KFDX20170830_124633_V06,20.188,0.065,385.530,176.172,71.487,-103.160,35.192,35743.473,75247.340,20170830_064633,479168,40,49867,20
5,KFDX20170830_124633_V06,20.188,0.064,546.471,396.774,32.428,-102.292,34.192,16213.917,132394.297,20170830_064633,479168,40,49867,20
1,KFDX20170831_122527_V06,-1.631,0.070,542.467,366.363,22.682,-102.312,34.329,11340.782,125692.190,20170831_062527,479171,132,49759,119
1,KFDX20170831_123508_V06,8.053,0.087,543.983,370.941,31.456,-102.304,34.308,15727.972,127043.473,20170831_063508,479171,123,59193,110
2,KFDX20170831_123508_V06,8.053,0.529,520.272,49.976,18.508,-102.412,35.756,9253.826,166607.193,20170831_063508,479171,123,59193,110
2,KFDX20170831_124450_V06,17.753,0.351,516.398,50.561,31.388,-102.433,35.754,15694.200,165112.152,20170831_064450,479172,129,61867,122
3,KFDX20170831_123508_V06,8.053,0.116,384.832,182.608,53.699,-103.164,35.163,26849.499,72417.718,20170831_063508,479171,123,59193,110
3,KFDX20170831_124450_V06,17.753,-1.000,384.832,182.608,69.122,-103.164,35.163,34560.999,72417.718,20170831_064450,479172,129,61867,122
3,KFDX20170831_130413_V06,37.136,0.050,398.183,170.669,80.698,-103.090,35.217,40349.037,81188.705,20170831_070413,479170,126,61115,107
1,KFDX20170901_120923_V06,-18.414,0.067,418.061,346.980,3.280,-102.987,34.422,1639.973,63532.737,20170901_060923,479185,178,42213,162
3,KFDX20170901_121905_V06,-8.714,0.110,443.252,202.257,19.259,-102.844,35.073,9629.341,86710.457,20170901_061905,479179,162,54610,147
4,KFDX20170901_123828_V06,10.670,0.050,395.788,173.090,55.666,-103.103,35.206,27832.901,79500.747,20170901_063828,479173,151,54161,140
4,KFDX20170901_124811_V06,20.386,-1.000,395.788,173.090,71.115,-103.103,35.206,35557.651,79500.747,20170901_064811,479162,149,51912,135
4,KFDX20170901_130735_V06,39.786,0.072,419.669,184.097,57.429,-102.973,35.156,28714.569,83297.891,20170901_070735,479176,159,45704,128
1,KFDX20170902_122555_V06,-2.596,0.766,408.455,90.795,17.540,-103.031,35.577,8769.791,117823.280,20170902_062555,479173,43,50044,42
1,KFDX20170902_123538_V06,7.121,0.240,411.301,96.255,29.400,-103.016,35.552,14700.066,116081.548,20170902_063538,479172,63,53301,55
1,KFDX20170902_124519_V06,16.804,0.054,415.761,101.405,30.079,-102.991,35.529,15039.421,114935.677,20170902_064519,479169,73,54750,72
1,KFDX20170903_113117_V06,-57.943,0.084,352.468,111.724,2.137,-103.340,35.483,1068.279,97725.008,20170903_053117,479168,21,46445,21
2,KFDX20170903_123913_V06,9.991,0.054,388.950,194.811,42.037,-103.142,35.108,21018.284,68878.210,20170903_063913,479171,47,46856,43
2,KFDX20170905_121902_V06,-11.616,0.195,539.653,370.072,13.250,-102.328,34.312,6624.802,124843.500,20170905_061902,479177,100,13112,100
2,KFDX20170905_122845_V06,-1.900,0.359,542.601,372.303,22.108,-102.312,34.302,11054.149,126573.227,20170905_062845,479172,102,13494,101
2,KFDX20170905_123828_V06,7.817,0.062,544.067,380.458,27.264,-102.304,34.265,13632.068,128493.467,20170905_063828,479169,89,14505,85
1,KFDX20170905_114013_V06,-50.433,0.053,255.642,526.722,20.285,-103.868,33.613,10142.632,115510.136,20170905_054013,479171,108,13466,107
3,KFDX20170905_122845_V06,-1.900,0.108,495.518,354.383,28.311,-102.566,34.386,14155.365,101469.988,20170905_062845,479172,102,13494,101
1,KFDX20170906_123035_V06,-0.777,0.082,384.606,175.104,51.441,-103.165,35.197,25720.409,75427.175,20170906_063035,479174,68,43140,67
1,KFDX20170906_124016_V06,8.906,0.312,384.671,162.971,73.614,-103.164,35.252,36806.942,80539.089,20170906_064016,479180,89,42869,87
1,KFDX20170906_124957_V06,18.590,0.465,400.840,151.264,88.778,-103.075,35.304,44388.994,89848.880,20170906_064957,479175,63,42887,63
1,KFDX20170906_130922_V06,38.006,0.105,418.589,158.434,81.840,-102.978,35.272,40920.198,92336.726,20170906_070922,479179,66,39280,66
1,KFDX20170906_131905_V06,47.723,-1.000,427.778,161.117,79.528,-102.927,35.259,39763.865,94360.826,20170906_071905,479173,76,36583,74
1,KFDX20170906_132847_V06,57.423,0.111,449.385,180.323,73.649,-102.810,35.172,36824.336,95705.870,20170906_072847,479174,65,34189,65
1,KFDX20170906_133830_V06,67.140,0.060,457.189,177.250,82.337,-102.767,35.185,41168.440,99719.761,20170906_073830,479172,78,33425,78
3,KFDX20170907_134204_V06,69.997,0.395,296.137,296.529,22.256,-103.651,34.651,11128.098,2596.713,20170907_074204,479159,113,35176,110
3,KFDX20170907_140129_V06,89.413,0.069,294.494,296.171,33.204,-103.659,34.653,16601.862,3353.241,20170907_080129,479177,66,36926,65
1,KFDX20170907_114540_V06,-46.403,0.050,389.985,272.656,2.762,-103.138,34.758,1380.882,47023.948,20170907_054540,479171,110,54369,102
2,KFDX20170907_130316_V06,31.197,0.163,63.069,168.698,15.551,-104.931,35.220,7775.493,135440.501,20170907_070316,479179,90,37206,85
1,KFDX20170908_120019_V06,-32.463,0.328,397.580,264.717,8.062,-103.096,34.793,4030.849,51881.197,20170908_060019,479177,128,53059,113
1,KFDX20170909_122439_V06,-8.839,0.157,385.537,188.229,36.082,-103.160,35.138,18040.817,70372.877,20170909_062439,479172,121,40248,117
3,KFDX20170910_133635_V06,62.385,0.055,293.653,298.264,17.081,-103.664,34.643,8540.432,3289.947,20170910_073635,479178,80,24044,80
3,KFDX20170910_134616_V06,72.068,0.104,293.461,298.928,26.763,-103.665,34.640,13381.622,3313.157,20170910_074616,479167,72,26053,72
1,KFDX20170910_122843_V06,-5.482,0.089,206.971,412.765,33.271,-104.134,34.126,16635.300,73093.115,20170910_062843,479172,68,29354,67
2,KFDX20170910_122843_V06,-5.482,0.065,387.592,195.652,30.304,-103.149,35.105,15152.225,68118.855,20170910_062843,479172,68,29354,67
1,KFDX20170911_122827_V06,-6.458,0.236,207.001,420.580,28.919,-104.133,34.091,14459.576,76138.534,20170911_062827,479177,120,61228,104
2,KFDX20170911_122827_V06,-6.458,0.159,394.727,199.276,30.996,-103.110,35.088,15497.753,69135.085,20170911_062827,479177,120,61228,104
2,KFDX20170912_123904_V06,3.448,0.817,389.898,466.539,11.365,-103.144,33.884,5682.579,94626.493,20170912_063904,479168,103,27040,95
2,KFDX20170912_124844_V06,13.115,0.426,389.041,467.025,18.872,-103.148,33.881,9435.864,94638.237,20170912_064844,479174,121,32879,101
3,KFDX20170912_123904_V06,3.448,0.333,401.166,417.481,13.430,-103.081,34.105,6714.899,77518.464,20170912_063904,479168,103,27040,95
3,KFDX20170912_124844_V06,13.115,0.411,398.588,418.025,19.511,-103.095,34.102,9755.714,76892.059,20170912_064844,479174,121,32879,101
4,KFDX20170912_123904_V06,3.448,0.278,449.758,315.617,13.330,-102.814,34.562,6665.039,75285.058,20170912_063904,479168,103,27040,95
5,KFDX20170912_123904_V06,3.448,0.142,514.317,327.445,13.621,-102.463,34.506,6810.715,108033.338,20170912_063904,479168,103,27040,95
6,KFDX20170912_132728_V06,51.848,0.050,416.881,344.729,1.888,-102.994,34.432,944.197,62573.794,20170912_072728,479180,117,42117,84
1,KFDX20170913_123214_V06,-4.096,0.186,393.463,410.392,7.166,-103.123,34.137,3582.884,72321.699,20170913_063214,479167,9,47586,9
1,KFDX20170913_124353_V06,7.554,0.172,393.550,412.699,13.918,-103.122,34.126,6958.946,73233.789,20170913_064353,479169,6,50431,3
2,KFDX20170913_124353_V06,7.554,0.119,374.025,483.388,14.109,-103.230,33.808,7054.736,98882.233,20170913_064353,479169,6,50431,3
1,KFDX20170914_123838_V06,1.592,0.281,363.711,490.271,15.906,-103.286,33.777,7953.223,100327.192,20170914_063838,479170,33,41606,27
1,KFDX20170914_125021_V06,13.308,0.630,365.143,492.106,28.156,-103.278,33.769,14078.231,101425.084,20170914_065021,479167,19,42157,13
2,KFDX20170914_125021_V06,13.308,0.129,391.328,171.643,79.636,-103.128,35.213,39817.890,78766.080,20170914_065021,479167,19,42157,13
2,KFDX20170914_130945_V06,32.708,0.089,402.468,179.626,85.758,-103.067,35.177,42878.943,79040.537,20170914_070945,479169,19,45016,14
3,KFDX20170915_124834_V06,10.812,0.093,411.005,218.184,35.922,-103.021,35.003,17961.166,68949.249,20170915_064834,479183,181,41336,56
3,KFDX20170915_125241_V06,14.929,-1.000,411.005,218.184,42.468,-103.021,35.003,21233.916,68949.249,20170915_065241,479164,215,42595,54
3,KFDX20170915_130245_V06,24.995,0.585,415.536,222.421,47.108,-102.997,34.983,23554.208,69582.716,20170915_070245,479180,169,43796,45
3,KFDX20170915_130646_V06,29.012,-1.000,417.169,223.948,49.398,-102.988,34.976,24698.886,69843.451,20170915_070646,479186,161,44479,52
3,KFDX20170915_131048_V06,33.045,0.102,431.614,212.421,57.780,-102.908,35.028,28889.751,79044.943,20170915_071048,479181,159,44717,61
1,KFDX20170915_123226_V06,-5.321,0.053,179.155,357.984,21.523,-104.286,34.372,10761.400,67018.118,20170915_063226,479167,238,41031,70
2,KFDX20170915_124029_V06,2.729,0.105,247.104,138.013,10.694,-103.920,35.365,5346.811,85202.425,20170915_064029,479202,200,40344,60
4,KFDX20170915_125241_V06,14.929,0.105,412.839,201.783,52.106,-103.011,35.076,26052.902,74798.523,20170915_065241,479164,215,42595,54
5,KFDX20170915_130245_V06,24.995,0.098,337.833,248.088,36.459,-103.423,34.869,18229.431,32117.919,20170915_070245,479180,169,43796,45
1,KFDX20170917_124221_V06,3.165,0.065,205.889,124.174,8.632,-104.148,35.427,4315.826,99713.904,20170917_064221,479173,19,48392,5
1,KFDX20170917_124634_V06,7.382,0.279,206.806,124.028,13.648,-104.143,35.427,6824.013,99563.443,20170917_064634,479320,55,46666,37
2,KFDX20170917_125048_V06,11.615,0.079,287.011,416.334,19.586,-103.700,34.111,9793.171,58528.486,20170917_065048,479178,32,45801,21
3,KFDX20170918_114359_V06,-55.918,0.052,417.341,372.736,7.235,-102.992,34.306,3617.672,69027.816,20170918_054359,479180,112,43819,111
7,KFDX20170918_123129_V06,-8.418,0.152,257.606,202.965,6.032,-103.862,35.072,3015.860,52946.086,20170918_063129,479165,101,31190,101
8,KFDX20170918_123129_V06,-8.418,0.065,382.026,157.400,66.818,-103.179,35.277,33408.817,82254.017,20170918_063129,479165,101,31190,101
1,KFDX20170919_123328_V06,-7.154,0.207,186.897,354.459,15.671,-104.244,34.388,7835.615,62765.563,20170919_063328,479163,572,57503,313
3,KFDX20170925_123244_V06,-12.240,0.239,19.787,416.043,29.437,-105.148,34.103,14718.419,151645.242,20170925_063244,479177,3841,107942,250
3,KFDX20170925_123813_V06,-6.757,0.135,19.717,414.381,35.141,-105.148,34.110,17570.538,151361.890,20170925_063813,479172,3821,108389,249
3,KFDX20170925_124342_V06,-1.273,0.135,26.821,408.476,31.014,-105.110,34.137,15506.945,146964.147,20170925_064342,479173,3761,108412,237
3,KFDX20170926_120718_V06,-38.407,0.053,339.709,346.852,20.695,-103.413,34.424,10347.408,30707.831,20170926_060718,479180,1479,103836,193
8,KFDX20170928_134549_V06,58.634,0.063,331.484,522.182,18.502,-103.460,33.634,9251.129,112200.568,20170928_074549,479173,1975,192384,399
4,KFDX20171001_124923_V06,-0.037,0.123,256.928,159.873,12.480,-103.866,35.267,6240.002,73298.449,20171001_064923,479165,1645,95563,84
1,KFDX20171003_121542_V06,-35.230,0.074,31.599,443.599,29.397,-105.082,33.979,14698.614,152200.406,20171003_061542,479174,81,42178,81
1,KFDX20171004_124930_V06,-2.191,0.059,346.413,350.749,5.179,-103.377,34.406,2589.733,34386.052,20171004_064930,479178,107,49678,70
20,KFDX20171005_141106_V06,78.643,0.104,218.655,324.162,19.906,-104.072,34.526,9953.028,42428.901,20171005_081106,479175,5387,173927,588
20,KFDX20171005_141547_V06,83.327,0.129,219.114,323.573,26.655,-104.070,34.528,13327.552,42125.391,20171005_081547,479011,5604,178611,707
5,KFDX20171005_121107_V06,-41.340,0.067,302.010,294.018,24.736,-103.618,34.662,12367.908,3155.300,20171005_061107,479177,5372,131610,206
7,KFDX20171005_123222_V06,-20.090,0.166,357.035,321.083,14.352,-103.319,34.540,7175.941,30403.720,20171005_063222,479155,4604,138144,288
8,KFDX20171005_123222_V06,-20.090,0.052,74.971,437.270,26.044,-104.847,34.010,13022.210,131796.166,20171005_063222,479155,4604,138144,288
10,KFDX20171005_124706_V06,-5.357,0.063,352.887,363.010,17.339,-103.342,34.351,8669.420,41131.636,20171005_064706,479174,3884,147626,246
5,KFDX20171006_125311_V06,-0.044,0.314,344.141,349.807,7.889,-103.389,34.411,3944.700,33276.219,20171006_065311,479169,143,83468,87
5,KFDX20171006_130219_V06,9.090,0.053,343.743,349.422,15.814,-103.392,34.412,7907.017,33000.006,20171006_070219,479164,117,77808,88
5,KFDX20171006_130640_V06,13.440,0.941,348.264,354.821,23.767,-103.367,34.388,11883.742,36519.459,20171006_070640,479180,101,74871,65
5,KFDX20171006_131102_V06,17.806,0.950,349.380,355.982,28.623,-103.361,34.383,14311.682,37324.061,20171006_071102,479164,113,71471,84
5,KFDX20171006_131523_V06,22.156,0.746,348.519,358.540,30.204,-103.366,34.371,15101.948,38016.453,20171006_071523,479192,105,68765,89
5,KFDX20171006_131945_V06,26.523,0.171,346.021,359.004,32.372,-103.379,34.369,16185.978,37414.765,20171006_071945,479176,112,64201,82
4,KFDX20171006_124824_V06,-4.827,0.159,330.897,182.428,8.658,-103.460,35.165,4329.010,60781.846,20171006_064824,479196,254,88006,118
1,KFDX20171007_123707_V06,-16.886,0.373,341.883,351.693,7.260,-103.402,34.402,3630.089,33265.580,20171007_063707,479182,365,68141,313
1,KFDX20171007_124128_V06,-12.536,0.393,343.136,352.537,13.242,-103.395,34.398,6621.086,33988.446,20171007_064128,479169,337,68441,251
1,KFDX20171007_124549_V06,-8.186,0.340,345.666,355.489,16.551,-103.381,34.385,8275.653,35931.951,20171007_064549,479172,369,66479,287
1,KFDX20171007_125010_V06,-3.836,0.275,347.702,358.673,18.618,-103.370,34.371,9308.901,37808.758,20171007_065010,479175,345,64620,295
1,KFDX20171007_125433_V06,0.548,0.126,348.655,361.191,24.688,-103.365,34.359,12344.214,39088.535,20171007_065433,479166,274,62527,242
2,KFDX20171007_123707_V06,-16.886,0.068,470.983,228.278,7.759,-102.693,34.955,3879.475,92708.032,20171007_063707,479182,365,68141,313
2,KFDX20171008_123908_V06,-15.650,0.082,357.404,349.298,9.327,-103.317,34.413,4663.490,37833.666,20171008_063908,479181,410,79490,299
2,KFDX20171008_124309_V06,-11.633,0.157,355.544,352.385,16.710,-103.327,34.399,8354.873,38174.969,20171008_064309,479168,330,76720,247
1,KFDX20171009_122121_V06,-34.219,0.183,149.636,217.016,73.153,-104.453,35.007,36576.698,85871.368,20171009_062121,479171,107,21034,107
1,KFDX20171009_123102_V06,-24.536,0.105,146.412,216.615,85.090,-104.471,35.008,42545.077,87381.978,20171009_063102,479170,115,23042,115
1,KFDX20171009_124044_V06,-14.836,0.101,156.061,232.800,93.858,-104.417,34.936,46928.805,79426.327,20171009_064044,479166,95,25973,94
3,KFDX20171009_124044_V06,-14.836,0.175,313.078,200.658,6.614,-103.558,35.083,3306.755,50099.813,20171009_064044,479166,95,25973,94
4,KFDX20171009_125025_V06,-5.152,0.167,351.861,362.842,22.500,-103.348,34.352,11250.042,40738.759,20171009_065025,479170,102,27113,99
5,KFDX20171009_125025_V06,-5.152,0.058,379.958,481.688,15.404,-103.198,33.816,7701.818,99252.060,20171009_065025,479170,102,27113,99
1,KFDX20171010_124006_V06,-16.261,0.147,347.100,359.710,8.187,-103.373,34.366,4093.468,38025.390,20171010_064006,479180,66,16206,66
1,KFDX20171010_124948_V06,-6.561,0.610,346.848,366.311,21.263,-103.375,34.336,10631.738,40595.372,20171010_064948,479165,63,14282,63
1,KFDX20171011_130844_V06,11.575,0.069,383.283,350.086,12.094,-103.177,34.409,6047.060,48591.950,20171011_070844,479171,118,22669,110
1,KFDX20171013_125427_V06,-4.321,0.388,373.996,345.760,25.147,-103.227,34.428,12573.502,43501.302,20171013_065427,479147,995,52507,716
1,KFDX20171013_130308_V06,4.362,0.072,375.759,346.636,35.264,-103.217,34.424,17632.100,44481.293,20171013_070308,479172,899,52508,672
3,KFDX20171014_121401_V06,-45.570,0.096,352.982,322.566,15.094,-103.341,34.533,7547.043,28793.991,20171014_061401,479154,232,84896,61
1,KFDX20171015_124207_V06,-18.292,0.346,333.578,357.307,8.202,-103.447,34.377,4101.063,33210.100,20171015_064207,479173,98,52436,95
1,KFDX20171015_130128_V06,1.058,0.137,310.116,353.842,38.786,-103.574,34.393,19392.854,27391.989,20171015_070128,479172,84,38836,84
2,KFDX20171015_124207_V06,-18.292,0.150,480.512,244.976,21.648,-102.642,34.879,10823.872,94355.989,20171015_064207,479173,98,52436,95
4,KFDX20171015_130128_V06,1.058,0.094,157.555,311.303,8.288,-104.406,34.582,4144.129,71446.328,20171015_070128,479172,84,38836,84
1,KFDX20171017_130750_V06,5.761,0.213,379.982,363.064,17.594,-103.195,34.350,8796.782,50927.033,20171017_070750,479167,239,38561,138
1,KFDX20171017_131205_V06,10.011,0.177,379.642,362.518,24.417,-103.197,34.353,12208.732,50624.389,20171017_071205,479166,268,38043,163
1,KFDX20171017_131626_V06,14.361,0.127,381.552,363.290,28.591,-103.186,34.349,14295.441,51614.729,20171017_071626,479164,251,38029,163
1,KFDX20171018_121759_V06,-44.930,0.091,147.224,502.856,25.285,-104.454,33.718,12642.352,126975.273,20171018_061759,479168,1757,47084,1524
1,KFDX20171018_122741_V06,-35.230,0.051,149.008,502.364,37.854,-104.444,33.720,18926.935,126243.661,20171018_062741,479172,1841,50851,1499
1,KFDX20171018_123721_V06,-25.563,0.260,161.918,503.135,35.792,-104.374,33.717,17895.910,122811.440,20171018_063721,479154,2664,55334,2199
1,KFDX20171018_124702_V06,-15.880,0.237,173.880,504.292,34.487,-104.310,33.713,17243.586,120043.188,20171018_064702,479173,2956,51942,2618
1,KFDX20171018_130624_V06,3.487,0.371,196.393,510.486,31.888,-104.188,33.685,15943.891,117301.924,20171018_070624,479171,2126,41627,1896
1,KFDX20171018_131606_V06,13.187,-1.000,207.712,513.438,30.605,-104.127,33.672,15302.257,116267.713,20171018_071606,479175,2003,38930,1760
1,KFDX20171018_132749_V06,24.904,0.248,212.953,512.896,38.306,-104.099,33.675,19152.953,115001.910,20171018_072749,479169,1961,37103,1755
1,KFDX20171018_133731_V06,34.604,0.111,229.838,509.277,37.190,-104.008,33.691,18595.114,110362.457,20171018_073731,479163,1936,34417,1699
1,KFDX20171018_134711_V06,44.270,0.181,239.752,512.520,34.536,-103.954,33.677,17268.186,110447.261,20171018_074711,479170,1809,34019,1573
2,KFDX20171018_124702_V06,-15.880,0.333,360.045,334.947,17.566,-103.303,34.477,8783.073,34737.469,20171018_064702,479173,2956,51942,2618
3,KFDX20171018_124702_V06,-15.880,0.055,386.702,346.405,10.887,-103.158,34.425,5443.575,49169.867,20171018_064702,479173,2956,51942,2618
4,KFDX20171018_131606_V06,13.187,0.362,214.248,514.838,27.363,-104.092,33.666,13681.380,115659.827,20171018_071606,479175,2003,38930,1760
1,KFDX20171020_130048_V06,-3.813,0.135,208.658,301.423,13.993,-104.127,34.628,6996.311,45676.570,20171020_070048,479178,93,31237,91
2,KFDX20171020_132953_V06,25.270,0.264,209.045,298.189,15.816,-104.125,34.642,7908.043,45486.305,20171020_072953,479173,84,35011,84
1,KFDX20171021_122613_V06,-39.256,0.289,357.750,212.952,11.251,-103.313,35.027,5625.599,52231.179,20171021_062613,479170,366,50161,287
1,KFDX20171021_123100_V06,-34.473,0.265,357.509,211.741,18.410,-103.314,35.033,9205.239,52670.981,20171021_063100,479176,472,42963,419
2,KFDX20171021_124040_V06,-24.806,0.181,222.391,318.456,16.704,-104.052,34.551,8352.011,39886.828,20171021_064040,479173,605,52472,552
3,KFDX20171021_130944_V06,4.261,0.070,461.298,190.343,17.222,-102.745,35.126,8611.057,97521.244,20171021_070944,479173,1411,52889,1221
2,KFDX20171025_125215_V06,-16.720,0.163,381.763,346.292,3.340,-103.185,34.426,1670.216,46979.057,20171025_065215,479185,121,26917,94
2,KFDX20171025_130058_V06,-8.003,0.177,382.750,346.342,13.669,-103.179,34.426,6834.496,47421.433,20171025_070058,479186,134,25909,96
1,KFDX20171025_121118_V06,-57.670,0.051,417.441,350.834,8.570,-102.991,34.404,4284.973,63985.090,20171025_061118,479183,196,40318,160
3,KFDX20171025_125215_V06,-16.720,0.158,402.534,421.601,6.900,-103.074,34.086,3450.041,79529.726,20171025_065215,479185,121,26917,94
6,KFDX20171027_132425_V06,13.664,0.278,206.584,298.637,17.192,-104.139,34.640,8596.054,46712.999,20171027_072425,479177,117,32279,117
6,KFDX20171027_133407_V06,23.364,0.482,206.709,298.418,22.236,-104.138,34.641,11118.043,46651.969,20171027_073407,479174,107,35356,105
1,KFDX20171028_121615_V06,-55.403,0.112,201.799,300.257,19.941,-104.165,34.633,9970.476,49100.830,20171028_061615,479170,76,24533,76
1,KFDX20171029_130121_V06,-11.208,0.082,204.718,301.007,17.209,-104.149,34.630,8604.630,47643.414,20171029_070121,479177,194,18267,149
2,KFDX20171029_131103_V06,-1.508,0.109,394.504,269.472,8.419,-103.113,34.772,4209.370,49656.221,20171029_071103,479174,207,17639,156
5,KFDX20171030_142940_V06,76.199,0.389,208.214,298.164,16.473,-104.130,34.643,8236.744,45902.409,20171030_082940,479175,111,14483,111
5,KFDX20171030_143920_V06,85.865,0.179,206.295,299.093,24.272,-104.140,34.638,12135.779,46854.915,20171030_083920,479169,138,14051,131
1,KFDX20171030_123327_V06,-40.018,0.570,205.583,299.244,16.946,-104.144,34.638,8473.112,47210.056,20171030_063327,479166,113,16380,112
1,KFDX20171030_124309_V06,-30.318,-1.000,205.583,299.244,32.369,-104.144,34.638,16184.612,47210.056,20171030_064309,479164,115,11863,112
1,KFDX20171030_130231_V06,-10.951,0.693,205.563,298.782,16.992,-104.144,34.640,8495.823,47222.195,20171030_070231,479175,144,6705,142
3,KFDX20171030_134115_V06,27.782,0.089,204.678,296.681,18.371,-104.149,34.649,9185.400,47689.764,20171030_074115,479173,125,12310,125
3,KFDX20171030_140038_V06,47.165,0.625,207.095,299.309,16.212,-104.136,34.637,8106.209,46453.883,20171030_080038,479167,110,15217,108
2,KFDX20171103_130749_V06,-9.341,0.063,207.355,223.135,4.609,-104.137,34.981,2304.422,60190.224,20171103_070749,479172,113,17038,103
2,KFDX20171103_131731_V06,0.359,0.280,209.162,227.286,13.384,-104.127,34.962,6691.874,58178.228,20171103_071731,479165,94,20829,83
2,KFDX20171103_132712_V06,10.043,0.369,212.495,232.749,10.393,-104.108,34.937,5196.348,55181.050,20171103_072712,479170,118,20569,101
2,KFDX20171103_133855_V06,21.759,0.155,211.726,233.988,19.190,-104.113,34.932,9594.931,55113.228,20171103_073855,479168,141,18211,124
2,KFDX20171103_134837_V06,31.459,0.115,210.973,234.368,10.334,-104.117,34.930,5167.137,55302.207,20171103_074837,479169,135,18328,128
1,KFDX20171103_130749_V06,-9.341,0.122,207.646,297.556,13.959,-104.133,34.645,6979.704,46193.265,20171103_070749,479172,113,17038,103
5,KFDX20171103_143703_V06,79.893,0.057,394.188,269.893,8.613,-103.115,34.770,4306.362,49441.232,20171103_083703,479171,162,21472,145
2,KFDX20171104_130716_V06,-10.824,0.079,383.847,346.885,2.528,-103.173,34.423,1263.943,48032.601,20171104_070716,479175,193,20601,144
2,KFDX20171104_131658_V06,-1.124,0.370,385.292,346.639,13.221,-103.166,34.424,6610.380,48605.481,20171104_071658,479163,217,19189,157
2,KFDX20171104_132639_V06,8.559,0.109,389.896,343.586,17.592,-103.140,34.438,8796.125,49952.405,20171104_072639,479171,226,18546,169
1,KFDX20171104_121852_V06,-59.224,0.119,388.065,275.417,6.619,-103.149,34.745,3309.547,45716.112,20171104_061852,479168,215,22772,148
3,KFDX20171104_130716_V06,-10.824,0.059,286.882,298.162,26.711,-103.701,34.644,13355.385,6623.199,20171104_070716,479175,193,20601,144
4,KFDX20171104_132639_V06,8.559,0.082,210.363,231.678,9.135,-104.120,34.942,4567.602,56352.899,20171104_072639,479171,226,18546,169
3,KFDX20171107_141501_V06,54.100,0.219,206.449,298.835,17.096,-104.140,34.639,8547.779,46778.898,20171107_071501,479178,122,32019,120
3,KFDX20171107_142442_V06,63.783,0.245,207.279,298.340,23.207,-104.135,34.642,11603.441,46368.164,20171107_072442,479162,138,33146,131
1,KFDX20171108_122636_V06,-55.267,0.161,206.329,298.378,17.085,-104.140,34.642,8542.606,46842.327,20171108_052636,479232,121,32660,103
2,KFDX20171108_130253_V06,-18.983,0.363,205.077,300.865,17.996,-104.147,34.630,8998.089,47463.694,20171108_060253,479171,150,22312,144
2,KFDX20171108_131234_V06,-9.300,-1.000,205.077,300.865,33.393,-104.147,34.630,16696.339,47463.694,20171108_061234,479168,120,18530,117
2,KFDX20171108_132216_V06,0.400,0.124,205.607,298.571,16.804,-104.144,34.641,8402.109,47201.987,20171108_062216,479175,129,14959,125
1,KFDX20171109_123729_V06,-45.336,0.063,244.848,322.911,5.094,-103.930,34.532,2546.896,29860.512,20171109_053729,479168,104,30408,93
2,KFDX20171109_123729_V06,-45.336,0.062,298.957,213.540,3.283,-103.635,35.025,1641.617,43233.201,20171109_053729,479168,104,30408,93
2,KFDX20171110_124859_V06,-34.792,0.374,205.219,297.431,17.221,-104.146,34.646,8610.510,47407.820,20171110_054859,479181,87,47231,87
2,KFDX20171110_130821_V06,-15.425,0.226,205.865,298.256,22.562,-104.143,34.642,11281.117,47075.738,20171110_060821,479167,116,47608,115
2,KFDX20171110_131803_V06,-5.725,0.070,202.713,294.974,21.573,-104.160,34.657,10786.553,48708.327,20171110_061803,479164,103,47246,103
2,KFDX20171110_132745_V06,3.975,0.522,208.668,295.409,15.764,-104.128,34.655,7881.876,45723.666,20171110_062745,479161,91,46960,91
2,KFDX20171110_133725_V06,13.642,0.060,208.127,296.796,23.728,-104.131,34.649,11864.022,45964.298,20171110_063725,479164,110,46524,110
2,KFDX20171110_134706_V06,23.325,-1.000,207.618,298.101,32.154,-104.133,34.643,16076.832,46200.610,20171110_064706,479191,94,46169,94
2,KFDX20171110_140627_V06,42.675,0.171,206.744,299.286,15.901,-104.138,34.637,7950.380,46629.449,20171110_070627,479174,111,45459,111
2,KFDX20171110_141608_V06,52.358,0.184,208.143,300.880,23.017,-104.130,34.630,11508.417,45930.470,20171110_071608,479168,92,44490,92
1,KFDX20171110_122936_V06,-54.175,0.052,205.840,298.082,16.697,-104.143,34.643,8348.631,47089.659,20171110_052936,479166,104,48228,104
1,KFDX20171110_123917_V06,-44.492,0.129,206.358,298.014,24.318,-104.140,34.643,12158.830,46831.426,20171110_053917,479167,110,47724,110
1,KFDX20171111_123732_V06,-47.200,0.053,201.261,299.734,19.685,-104.168,34.635,9842.625,49369.564,20171111_053732,479168,108,39901,102
2,KFDX20171111_132556_V06,1.200,0.071,213.930,223.973,3.008,-104.101,34.977,1503.901,57419.961,20171111_062556,479175,101,35974,92
1,KFDX20171112_131643_V06,-8.977,0.420,206.660,298.748,16.719,-104.138,34.640,8359.501,46674.333,20171112_061643,479169,118,15908,118
2,KFDX20171113_122642_V06,-59.956,0.054,270.132,257.062,7.408,-103.793,34.829,3704.117,26152.225,20171113_052642,479187,83,17000,83
1,KFDX20171114_131904_V06,-8.552,0.185,199.112,300.197,21.264,-104.180,34.633,10632.204,50444.341,20171114_061904,479168,308,29133,261
2,KFDX20171114_134807_V06,20.498,0.067,212.109,236.146,13.728,-104.110,34.922,6864.204,54318.667,20171114_064807,479166,953,27903,889
1,KFDX20171115_123331_V06,-55.066,0.257,206.061,299.256,16.410,-104.142,34.638,8204.765,46970.994,20171115_053331,479171,130,27198,129
1,KFDX20171115_124311_V06,-45.399,0.545,206.147,299.824,21.938,-104.141,34.635,10968.772,46926.658,20171115_054311,479167,124,27294,124
1,KFDX20171115_130231_V06,-26.066,0.411,204.823,300.030,17.979,-104.148,34.634,8989.569,47588.305,20171115_060231,479178,117,22094,116
1,KFDX20171115_131211_V06,-16.399,0.430,205.208,299.768,23.728,-104.146,34.635,11863.818,47395.919,20171115_061211,479168,145,19468,145
1,KFDX20171115_132151_V06,-6.733,0.095,204.356,299.417,17.902,-104.151,34.637,8950.773,47823.047,20171115_062151,479161,118,17535,118
1,KFDX20171115_133131_V06,2.934,0.226,205.039,299.378,24.054,-104.147,34.637,12027.071,47481.672,20171115_063131,479167,153,17751,152
1,KFDX20171116_132221_V06,-7.196,0.360,209.030,301.978,15.537,-104.125,34.625,7768.465,45495.677,20171116_062221,479182,96,47959,96
2,KFDX20171116_140102_V06,31.487,0.635,209.463,302.761,16.309,-104.123,34.622,8154.661,45289.360,20171116_070102,479173,118,50851,115
5,KFDX20171116_142025_V06,50.870,0.086,262.690,449.166,10.905,-103.831,33.963,5452.274,76880.744,20171116_072025,479168,108,50498,107
1,KFDX20171117_123120_V06,-59.176,0.056,393.167,267.577,12.179,-103.121,34.780,6089.661,49323.884,20171117_053120,479171,730,44182,614
2,KFDX20171117_130022_V06,-30.143,0.073,198.785,301.559,22.027,-104.181,34.627,11013.462,50613.658,20171117_060022,479179,603,35787,460
2,KFDX20171117_131002_V06,-20.476,0.074,206.304,299.182,14.804,-104.140,34.638,7401.800,46849.672,20171117_061002,479178,628,34604,516
1,KFDX20171118_124824_V06,-43.071,0.086,203.790,298.563,17.991,-104.154,34.641,8995.642,48110.282,20171118_054824,479167,120,16203,119
2,KFDX20171118_131723_V06,-14.088,0.073,298.320,300.212,8.898,-103.639,34.634,4449.123,846.608,20171118_061723,479176,102,6585,102
5,KFDX20171118_134813_V06,16.746,0.061,328.797,169.902,11.911,-103.471,35.222,5955.566,66623.568,20171118_064813,479175,144,9158,144
1,KFDX20171119_123624_V06,-56.031,0.429,297.710,299.953,13.482,-103.642,34.635,6741.070,1145.063,20171119_053624,479178,111,16557,103
1,KFDX20171119_124605_V06,-46.348,0.101,297.933,300.553,21.183,-103.641,34.633,10591.713,1070.062,20171119_054605,479177,139,17293,132
1,KFDX20171119_130526_V06,-26.998,0.061,298.181,300.182,13.324,-103.639,34.634,6661.785,913.972,20171119_060526,479159,120,9881,114
1,KFDX20171119_131507_V06,-17.314,-1.000,298.181,300.182,28.720,-103.639,34.634,14360.035,913.972,20171119_061507,479167,120,8175,113
1,KFDX20171119_132448_V06,-7.631,0.245,298.851,302.058,14.878,-103.636,34.626,7438.908,1178.389,20171119_062448,479173,113,9105,109
1,KFDX20171119_133428_V06,2.036,-1.000,298.851,302.058,30.248,-103.636,34.626,15123.908,1178.389,20171119_063428,479170,107,10798,102
1,KFDX20171119_134409_V06,11.719,0.130,298.399,301.603,13.630,-103.638,34.628,6815.201,1132.562,20171119_064409,479270,124,12723,118
1,KFDX20171119_140521_V06,32.919,0.052,298.824,301.790,12.053,-103.636,34.627,6026.527,1070.796,20171119_070521,479163,107,14178,105
2,KFDX20171119_124605_V06,-46.348,0.084,392.520,268.910,8.691,-103.124,34.774,4345.566,48801.834,20171119_054605,479177,139,17293,132
5,KFDX20171119_133428_V06,2.036,0.055,211.854,226.179,6.171,-104.112,34.967,3085.564,57487.717,20171119_063428,479170,107,10798,102
1,KFDX20171120_123426_V06,-58.955,0.064,200.565,301.609,20.120,-104.172,34.627,10059.757,49724.168,20171120_053426,479169,166,30209,133
2,KFDX20171120_130327_V06,-29.938,0.060,393.224,269.602,9.816,-103.120,34.771,4907.909,49027.188,20171120_060327,479170,184,28126,168
3,KFDX20171120_132248_V06,-10.588,0.062,202.966,301.122,18.938,-104.159,34.629,9468.962,48520.044,20171120_062248,479159,311,28178,258
4,KFDX20171120_133229_V06,-0.905,0.256,386.540,351.907,5.700,-103.159,34.400,2849.842,50456.786,20171120_063229,479250,284,27817,197
1,KFDX20171121_133837_V06,4.275,0.129,210.459,230.173,6.932,-104.120,34.949,3465.881,56774.353,20171121_063837,479176,92,14357,92
1,KFDX20171122_140436_V06,29.308,0.224,297.740,300.419,13.171,-103.642,34.633,6585.270,1149.200,20171122_070436,479157,113,12382,88
1,KFDX20171123_133814_V06,1.996,0.069,388.604,351.738,29.465,-103.148,34.401,14732.357,51301.806,20171123_063814,479161,31,10888,24
1,KFDX20171124_124419_V06,-52.860,0.131,201.823,301.206,20.782,-104.165,34.629,10391.214,49092.160,20171124_054419,479176,244,27129,196
2,KFDX20171124_133239_V06,-4.527,0.053,397.647,271.044,14.541,-103.096,34.765,7270.294,50925.029,20171124_063239,479170,213,25565,175
3,KFDX20171125_141810_V06,40.056,0.082,205.034,298.768,17.419,-104.147,34.640,8709.492,47487.189,20171125_071810,479176,116,13573,114
1,KFDX20171126_124653_V06,-52.154,0.146,208.135,301.226,16.066,-104.130,34.629,8033.073,45936.348,20171126_054653,479173,99,13513,96
2,KFDX20171126_133512_V06,-3.837,0.223,214.085,227.305,5.361,-104.100,34.962,2680.586,56271.505,20171126_063512,479167,120,9981,118
1,KFDX20171127_124055_V06,-59.040,0.081,459.168,149.995,8.221,-102.754,35.308,4110.535,109357.188,20171127_054055,479156,1065,45147,815
2,KFDX20171127_132857_V06,-11.006,0.142,470.126,184.140,8.510,-102.696,35.154,4255.215,102915.320,20171127_062857,479165,917,32852,638
5,KFDX20171128_134227_V06,1.583,0.178,294.456,301.877,22.010,-103.660,34.627,11004.852,2926.684,20171128_064227,479169,186,16211,138
5,KFDX20171128_140146_V06,20.900,0.254,297.437,305.598,30.004,-103.643,34.610,15001.988,3078.547,20171128_070146,479165,213,21299,146
5,KFDX20171128_141126_V06,30.566,0.388,293.967,300.969,30.403,-103.662,34.631,15201.587,3055.252,20171128_071126,479166,218,21641,155
6,KFDX20171128_142106_V06,40.233,0.079,396.150,270.575,8.178,-103.104,34.767,4089.203,50275.893,20171128_072106,479172,274,19336,215
6,KFDX20171128_143046_V06,49.900,0.113,394.508,269.938,17.157,-103.113,34.770,8578.367,49587.117,20171128_073046,479168,338,19307,277
1,KFDX20171128_130348_V06,-37.067,0.088,298.060,301.432,17.303,-103.640,34.629,8651.512,1205.726,20171128_060348,479167,92,20145,64
1,KFDX20171128_131327_V06,-27.417,0.162,298.091,303.784,15.084,-103.640,34.618,7542.011,2119.228,20171128_061327,479168,109,15865,75
2,KFDX20171128_130348_V06,-37.067,0.058,214.105,253.556,5.060,-104.099,34.844,2529.758,48823.465,20171128_060348,479167,92,20145,64
4,KFDX20171128_133247_V06,-8.084,0.265,207.880,297.893,16.311,-104.132,34.644,8155.352,46072.132,20171128_063247,479185,166,15348,119
1,KFDX20171129_133726_V06,-4.335,0.180,296.815,295.421,16.880,-103.647,34.656,8440.186,2788.846,20171129_063726,479170,156,6012,130
2,KFDX20171129_142546_V06,43.998,0.076,390.087,276.303,9.126,-103.138,34.741,4562.931,46575.816,20171129_072546,479159,177,10374,138
2,KFDX20171129_143526_V06,53.665,-1.000,390.087,276.303,24.496,-103.138,34.741,12247.931,46575.816,20171129_073526,479186,186,12504,145
2,KFDX20171129_144506_V06,63.332,0.058,395.450,271.560,14.601,-103.108,34.762,7300.316,49798.466,20171129_074506,479171,199,14373,152
1,KFDX20171130_124706_V06,-55.560,0.600,204.967,298.012,17.104,-104.148,34.643,8551.767,47526.832,20171130_054706,479160,118,10980,116
1,KFDX20171130_130629_V06,-36.177,0.054,207.135,296.366,22.796,-104.136,34.651,11398.240,46468.059,20171130_060629,479165,129,11456,129
1,KFDX20171130_131610_V06,-26.493,0.323,205.516,300.024,17.873,-104.145,34.634,8936.565,47241.891,20171130_061610,479174,130,9879,129
1,KFDX20171130_132552_V06,-16.793,0.106,205.426,298.325,25.264,-104.145,34.642,12632.151,47294.334,20171130_062552,479170,115,9726,114
1,KFDX20171130_133534_V06,-7.093,-1.000,205.342,296.728,33.137,-104.146,34.649,16568.475,47357.515,20171130_063534,479165,135,10701,133
1,KFDX20171130_134514_V06,2.573,0.096,205.967,298.923,18.076,-104.142,34.639,9038.185,47019.756,20171130_064514,479167,122,11331,122
4,KFDX20171130_140437_V06,21.957,0.055,296.800,298.057,17.463,-103.647,34.644,8731.506,1871.794,20171130_070437,479163,115,11650,115
5,KFDX20171130_150246_V06,80.107,0.052,205.027,298.934,17.649,-104.147,34.639,8824.692,47489.327,20171130_080246,479177,94,9834,94
1,KFDX20171201_124551_V06,-57.691,0.398,205.713,298.625,16.305,-104.144,34.640,8152.620,47148.525,20171201_054551,479166,92,16415,90
1,KFDX20171201_130513_V06,-38.324,0.086,206.752,300.030,23.013,-104.138,34.634,11506.712,46624.154,20171201_060513,479175,100,15714,93
1,KFDX20171201_131454_V06,-28.641,-1.000,207.263,300.722,26.557,-104.135,34.631,13278.564,46369.967,20171201_061454,479179,109,12128,105
1,KFDX20171201_132435_V06,-18.957,0.312,206.031,299.944,17.510,-104.142,34.634,8754.959,46984.650,20171201_062435,479172,85,11965,85
1,KFDX20171201_133415_V06,-9.291,-1.000,206.031,299.944,32.880,-104.142,34.634,16439.959,46984.650,20171201_063415,479169,113,12465,109
1,KFDX20171201_134356_V06,0.393,0.288,206.253,299.378,16.747,-104.141,34.637,8373.629,46874.476,20171201_064356,479172,90,12976,79
1,KFDX20171202_124500_V06,-59.410,0.216,202.097,299.908,19.987,-104.163,34.635,9993.345,48951.331,20171202_054500,479178,92,20489,92
1,KFDX20171203_131249_V06,-32.451,0.070,392.969,267.919,10.488,-103.122,34.779,5244.080,49174.008,20171203_061249,479173,227,15216,154
2,KFDX20171203_134151_V06,-3.418,0.290,297.640,302.555,13.555,-103.642,34.624,6777.733,1739.136,20171203_064151,479160,317,13576,241
3,KFDX20171203_142034_V06,35.299,0.082,299.192,303.929,14.458,-103.634,34.618,7229.172,2005.517,20171203_072034,479167,264,15954,206
1,KFDX20171204_135007_V06,4.004,0.068,212.838,231.761,10.073,-104.107,34.942,5036.282,55348.599,20171204_065007,479168,168,15943,148
2,KFDX20171204_143832_V06,52.421,0.078,205.603,298.352,16.900,-104.144,34.642,8450.111,47205.796,20171204_073832,479164,179,15933,162
1,KFDX20171205_140832_V06,21.589,0.124,212.862,228.638,8.142,-104.106,34.956,4071.224,56315.223,20171205_070832,479172,116,45870,114
2,KFDX20171205_140832_V06,21.589,0.104,204.520,299.048,17.792,-104.150,34.638,8895.750,47742.453,20171205_070832,479172,116,45870,114
2,KFDX20171205_141813_V06,31.273,-1.000,204.520,299.048,33.188,-104.150,34.638,16594.000,47742.453,20171205_071813,479181,113,42515,110
2,KFDX20171205_142754_V06,40.956,0.232,206.737,298.639,17.576,-104.138,34.640,8788.139,46636.631,20171205_072754,479166,143,39746,138
2,KFDX20171205_143734_V06,50.623,-1.000,206.737,298.639,32.946,-104.138,34.640,16473.139,46636.631,20171205_073734,479170,125,35333,119
2,KFDX20171205_144715_V06,60.306,0.056,201.861,299.483,20.448,-104.165,34.636,10224.062,49069.985,20171205_074715,479166,113,32019,112
7,KFDX20171206_150114_V06,73.472,0.517,297.841,295.990,22.294,-103.641,34.653,11146.885,2277.125,20171206_080114,479184,123,16914,121
7,KFDX20171206_151055_V06,83.155,0.567,298.844,298.557,28.312,-103.636,34.642,14155.786,924.614,20171206_081055,479177,117,15834,114
5,KFDX20171206_141248_V06,25.039,0.112,202.639,297.536,19.915,-104.160,34.645,9957.283,48696.234,20171206_071248,479162,133,12699,128
2,KFDX20171207_131152_V06,-36.697,0.414,214.245,254.248,4.980,-104.098,34.841,2489.864,48598.177,20171207_061152,479175,129,9375,126
2,KFDX20171207_132134_V06,-26.997,0.163,215.183,253.777,13.077,-104.093,34.843,6538.258,48297.039,20171207_062134,479170,145,7331,144
2,KFDX20171207_133115_V06,-17.314,-1.000,216.064,253.336,21.598,-104.088,34.845,10798.907,48017.937,20171207_063115,479177,137,6786,132
2,KFDX20171207_134249_V06,-5.747,0.099,196.381,298.461,24.219,-104.195,34.641,12109.471,51815.297,20171207_064249,479162,152,7572,144
2,KFDX20171207_140210_V06,13.603,0.567,204.716,298.620,18.757,-104.149,34.640,9378.363,47646.920,20171207_070210,479175,141,7490,131
2,KFDX20171207_141151_V06,23.286,-1.000,204.716,298.620,34.153,-104.149,34.640,17076.613,47646.920,20171207_071151,479175,128,7609,121
2,KFDX20171207_142133_V06,32.986,0.059,206.044,296.537,17.707,-104.142,34.650,8853.531,47010.032,20171207_072133,479167,150,7467,143
1,KFDX20171207_130211_V06,-46.380,0.521,202.793,300.004,19.834,-104.160,34.634,9917.206,48603.638,20171207_060211,479172,143,9067,138
6,KFDX20171207_150016_V06,71.703,0.129,204.082,296.932,18.182,-104.153,34.648,9090.813,47983.460,20171207_080016,479170,132,8991,129
1,KFDX20171208_130725_V06,-41.934,0.230,298.653,300.612,14.578,-103.637,34.633,7289.005,739.905,20171208_060725,479178,78,26237,78
1,KFDX20171208_131705_V06,-32.267,0.054,298.486,301.398,21.474,-103.638,34.629,10737.017,1030.505,20171208_061705,479182,92,23795,91
1,KFDX20171208_132646_V06,-22.584,0.071,298.713,300.142,12.841,-103.636,34.635,6420.742,647.252,20171208_062646,479159,98,23035,98
6,KFDX20171208_134610_V06,-3.184,0.105,299.525,301.358,13.598,-103.632,34.629,6798.908,719.472,20171208_064610,479178,110,19200,108
6,KFDX20171208_140735_V06,18.233,0.066,299.391,300.156,20.907,-103.633,34.635,10453.388,314.212,20171208_070735,479177,91,30809,90
2,KFDX20171208_131705_V06,-32.267,0.336,214.417,250.770,5.607,-104.097,34.856,2803.288,49366.048,20171208_061705,479182,92,23795,91
7,KFDX20171208_134610_V06,-3.184,0.075,84.011,459.533,16.439,-104.797,33.911,8219.329,134259.146,20171208_064610,479178,110,19200,108
8,KFDX20171208_134610_V06,-3.184,0.056,501.928,126.992,86.474,-102.518,35.410,43237.106,132953.859,20171208_064610,479178,110,19200,108
10,KFDX20171208_140735_V06,18.233,0.105,206.530,299.869,20.247,-104.139,34.635,10123.722,46735.008,20171208_070735,479177,91,30809,90
11,KFDX20171208_143639_V06,47.299,0.056,204.638,298.313,18.020,-104.150,34.642,9009.872,47688.691,20171208_073639,479172,97,57481,91
11,KFDX20171208_144621_V06,56.999,-1.000,204.638,298.313,33.443,-104.150,34.642,16721.372,47688.691,20171208_074621,479179,81,52989,79
11,KFDX20171208_150543_V06,76.366,0.063,202.319,299.813,19.410,-104.162,34.635,9704.840,48840.727,20171208_080543,479174,98,32407,98
1,KFDX20171210_150109_V06,70.275,0.213,203.051,300.909,19.256,-104.158,34.630,9628.149,48476.556,20171210_080109,479164,112,15667,111
2,KFDX20171211_151058_V06,79.356,0.090,393.017,269.077,9.020,-103.121,34.774,4509.781,49011.286,20171211_081058,479185,344,26912,277
2,KFDX20171211_151519_V06,83.706,0.365,392.595,269.350,14.320,-103.124,34.772,7160.134,48767.972,20171211_081519,479168,405,27582,222
1,KFDX20171211_131005_V06,-41.527,0.119,392.107,270.171,10.673,-103.126,34.769,5336.346,48408.162,20171211_061005,479181,175,23446,122
1,KFDX20171212_130902_V06,-43.294,0.192,213.403,254.877,4.851,-104.103,34.838,2425.381,48823.686,20171212_060902,479170,59,11801,55
1,KFDX20171212_131842_V06,-33.628,0.071,213.238,254.733,13.970,-104.104,34.838,6984.972,48930.519,20171212_061842,479180,32,9993,31
7,KFDX20171213_134535_V06,-7.442,0.101,298.379,301.555,12.964,-103.638,34.628,6482.071,1123.257,20171213_064535,479173,237,16324,193
7,KFDX20171213_134956_V06,-3.092,0.169,298.452,301.651,18.355,-103.638,34.628,9177.578,1131.740,20171213_064956,479198,229,17314,176
1,KFDX20171213_125318_V06,-59.725,0.135,392.271,272.121,10.010,-103.126,34.760,5005.116,48195.454,20171213_055318,479160,233,16575,187
2,KFDX20171213_131043_V06,-42.308,0.153,390.488,341.616,2.738,-103.137,34.447,1368.891,49799.745,20171213_061043,479177,238,19468,205
5,KFDX20171213_131505_V06,-37.942,0.122,300.780,300.979,10.413,-103.625,34.631,5206.264,625.726,20171213_061505,479183,252,19877,200
6,KFDX20171213_132346_V06,-29.258,0.137,377.976,351.961,8.140,-103.205,34.400,4070.044,46851.278,20171213_062346,479167,245,16119,183
8,KFDX20171213_134956_V06,-3.092,0.060,380.300,348.518,10.350,-103.193,34.416,5174.892,46909.698,20171213_064956,479198,229,17314,176
9,KFDX20171213_143751_V06,44.825,0.050,394.720,267.815,10.441,-103.112,34.779,5220.512,50019.503,20171213_073751,479189,254,21584,207
2,KFDX20171214_131833_V06,-35.152,0.080,202.638,296.808,19.835,-104.160,34.649,9917.292,48707.200,20171214_061833,479177,191,12633,154
3,KFDX20171214_132814_V06,-25.469,0.062,297.745,301.693,16.008,-103.642,34.628,8003.807,1409.906,20171214_062814,479176,196,9967,164
5,KFDX20171214_144538_V06,51.931,0.175,199.423,297.471,22.640,-104.178,34.645,11320.080,50304.275,20171214_074538,479175,155,10882,149
1,KFDX20171215_131625_V06,-37.942,0.648,213.764,250.339,6.206,-104.101,34.858,3103.201,49756.768,20171215_061625,479169,148,6304,121
4,KFDX20171215_150252_V06,68.508,0.284,205.827,298.339,17.301,-104.143,34.642,8650.667,47094.057,20171215_080252,479168,143,10608,103
2,KFDX20171216_131016_V06,-44.726,0.071,392.554,274.674,10.603,-103.124,34.748,5301.586,47978.418,20171216_061016,479169,166,19216,152
2,KFDX20171216_131957_V06,-35.043,0.093,391.886,274.456,18.235,-103.128,34.749,9117.448,47685.087,20171216_061957,479167,148,18668,141
1,KFDX20171216_130034_V06,-54.426,0.110,203.770,299.169,17.205,-104.154,34.638,8602.335,48117.044,20171216_060034,479172,156,18435,151
3,KFDX20171216_131016_V06,-44.726,0.063,259.207,452.237,12.465,-103.850,33.949,6232.290,78803.670,20171216_061016,479169,166,19216,152
4,KFDX20171216_133918_V06,-15.693,0.429,205.663,298.529,16.980,-104.144,34.641,8490.175,47174.341,20171216_063918,479183,182,16614,171
4,KFDX20171216_134859_V06,-6.010,-1.000,205.663,298.529,32.377,-104.144,34.641,16188.425,47174.341,20171216_064859,479171,143,17847,135
4,KFDX20171216_140821_V06,13.357,0.238,199.085,300.371,21.520,-104.180,34.632,10759.956,50457.769,20171216_070821,479175,164,18193,158
3,KFDX20171217_140634_V06,10.962,0.277,208.450,297.823,15.618,-104.129,34.644,7808.798,45787.735,20171217_070634,479183,110,12290,104
3,KFDX20171217_141614_V06,20.628,0.056,207.025,299.096,24.856,-104.136,34.638,12427.759,46489.920,20171217_071614,479173,98,11685,89
1,KFDX20171217_130817_V06,-47.322,0.055,205.365,299.795,17.412,-104.145,34.635,8706.051,47317.684,20171217_060817,479173,154,14652,145
2,KFDX20171217_131757_V06,-37.655,0.072,212.901,251.481,6.268,-104.106,34.853,3133.930,49850.472,20171217_061757,479165,145,15156,121
4,KFDX20171217_140634_V06,10.962,0.060,291.157,298.387,22.428,-103.678,34.643,11214.230,4494.522,20171217_070634,479183,110,12290,104
5,KFDX20171217_150435_V06,68.978,0.676,206.061,298.751,16.890,-104.142,34.640,8445.147,46973.787,20171217_080435,479173,131,12261,130
5,KFDX20171218_151108_V06,74.940,0.356,24.923,458.212,33.556,-105.117,33.913,16778.023,158664.977,20171218_081108,479173,119,16195,101
5,KFDX20171218_152049_V06,84.623,0.076,25.892,450.625,46.555,-105.112,33.947,23277.474,156383.691,20171218_082049,479167,167,17430,135
1,KFDX20171218_131505_V06,-41.110,0.079,214.252,253.290,6.237,-104.098,34.845,3118.626,48822.336,20171218_061505,479166,149,9939,131
3,KFDX20171218_134405_V06,-12.110,0.279,200.283,297.118,20.619,-104.173,34.647,10309.536,49879.184,20171218_064405,479169,144,7083,109
4,KFDX20171218_142247_V06,26.590,0.092,205.629,297.125,17.392,-104.144,34.647,8695.818,47207.412,20171218_072247,479175,139,11479,122
6,KFDX20171218_151108_V06,74.940,0.128,206.635,297.046,17.002,-104.139,34.648,8501.152,46705.838,20171218_081108,479173,119,16195,101
1,KFDX20171221_130018_V06,-57.512,0.695,296.899,300.691,13.466,-103.646,34.632,6733.112,1588.542,20171221_060018,479178,171,9827,137
1,KFDX20171221_130959_V06,-47.828,0.248,298.831,301.387,21.234,-103.636,34.629,10617.124,907.038,20171221_060959,479169,167,10082,159
1,KFDX20171221_131940_V06,-38.145,0.057,300.453,303.020,21.731,-103.627,34.622,10865.409,1527.050,20171221_061940,479167,124,10722,109
3,KFDX20171221_130959_V06,-47.828,0.057,194.905,299.788,23.232,-104.203,34.635,11616.024,52547.692,20171221_060959,479169,167,10082,159
4,KFDX20171221_131940_V06,-38.145,0.170,214.083,250.993,6.582,-104.099,34.855,3290.899,49455.652,20171221_061940,479167,124,10722,109
3,KFDX20171222_131811_V06,-40.117,0.099,210.226,256.086,9.334,-104.120,34.832,4666.931,49969.546,20171222_061811,479172,140,16887,134
3,KFDX20171222_132751_V06,-30.450,0.174,205.173,278.362,22.478,-104.147,34.732,11238.982,48632.074,20171222_062751,479172,141,13085,139
6,KFDX20171222_133732_V06,-20.767,0.154,39.816,379.464,77.082,-105.042,34.269,38540.985,136023.947,20171222_063732,479173,131,11029,131
6,KFDX20171222_134713_V06,-11.083,0.112,41.045,373.652,86.991,-105.036,34.295,43495.402,134612.899,20171222_064713,479174,113,9517,113
9,KFDX20171222_150441_V06,66.383,0.201,296.471,302.206,15.994,-103.649,34.625,7997.108,2080.715,20171222_080441,479170,138,12608,136
9,KFDX20171222_151423_V06,76.083,0.080,296.590,301.809,24.742,-103.648,34.627,12370.931,1930.124,20171222_081423,479170,139,12636,139
1,KFDX20171222_130830_V06,-49.800,0.305,298.334,302.520,13.338,-103.639,34.624,6669.029,1510.735,20171222_060830,479177,134,17837,134
4,KFDX20171222_131811_V06,-40.117,0.077,204.659,298.041,17.578,-104.149,34.643,8788.898,47680.522,20171222_061811,479172,140,16887,134
5,KFDX20171222_132751_V06,-30.450,0.075,41.791,352.089,91.033,-105.033,34.392,45516.457,131705.437,20171222_062751,479172,141,13085,139
7,KFDX20171222_134713_V06,-11.083,0.104,32.709,160.575,35.857,-105.098,35.255,17928.345,150734.821,20171222_064713,479174,113,9517,113
8,KFDX20171222_150441_V06,66.383,0.335,204.247,299.314,18.779,-104.152,34.637,9389.681,47877.814,20171222_080441,479170,138,12608,136
3,KFDX20171223_151253_V06,74.122,0.071,204.193,298.966,17.924,-104.152,34.639,8962.128,47906.481,20171223_081253,479169,166,20689,135
3,KFDX20171223_152235_V06,83.822,0.051,202.686,297.654,26.993,-104.160,34.645,13496.472,48671.169,20171223_082235,479171,168,20075,140
1,KFDX20171223_131639_V06,-42.111,0.050,203.911,300.344,18.070,-104.153,34.633,9035.242,48044.712,20171223_061639,479172,192,21240,154
2,KFDX20171223_141446_V06,16.005,0.051,487.809,314.648,6.679,-102.606,34.565,3339.684,94189.815,20171223_071446,479164,225,18854,180
1,KFDX20171224_131540_V06,-43.529,0.103,212.032,254.926,4.976,-104.110,34.837,2487.799,49421.706,20171224_061540,479178,143,4801,143
1,KFDX20171224_132521_V06,-33.845,0.146,212.591,254.069,12.683,-104.107,34.841,6341.487,49370.821,20171224_062521,479179,137,6306,133
4,KFDX20171224_144249_V06,43.621,0.650,204.659,298.192,16.937,-104.149,34.642,8468.290,47678.938,20171224_074249,479171,158,7174,153
4,KFDX20171224_150212_V06,63.005,0.330,203.275,297.144,23.171,-104.157,34.647,11585.463,48383.818,20171224_080212,479171,140,6869,140
4,KFDX20171224_151154_V06,72.705,0.444,205.161,298.026,17.663,-104.147,34.643,8831.600,47429.687,20171224_081154,479173,133,7181,130
4,KFDX20171224_152136_V06,82.405,0.287,205.207,298.279,23.857,-104.146,34.642,11928.575,47404.442,20171224_082136,479167,138,7166,136
3,KFDX20171224_131540_V06,-43.529,0.059,201.119,295.632,20.861,-104.169,34.654,10430.696,49488.626,20171224_061540,479178,143,4801,143
1,KFDX20171225_131529_V06,-44.118,0.088,204.455,298.931,17.414,-104.150,34.639,8707.142,47775.365,20171225_061529,479170,95,6120,94
2,KFDX20171225_132510_V06,-34.435,0.086,215.427,253.374,2.683,-104.092,34.845,1341.736,48287.004,20171225_062510,479175,114,7037,114
4,KFDX20171225_150205_V06,62.482,0.385,205.097,300.234,17.216,-104.147,34.633,8608.101,47451.621,20171225_080205,479179,122,7383,120
1,KFDX20171228_132319_V06,-37.331,0.053,428.144,386.454,4.909,-102.934,34.244,2454.565,77290.119,20171228_062319,479170,372,25600,322
2,KFDX20171228_134242_V06,-17.948,0.070,377.055,358.247,12.658,-103.211,34.372,6329.159,48296.578,20171228_064242,479164,738,24730,561
1,KFDX20171229_131310_V06,-47.771,0.070,261.529,454.619,8.518,-103.837,33.938,4259.041,79666.556,20171229_061310,479173,194,27345,148
2,KFDX20171229_133231_V06,-28.421,0.307,378.872,348.029,8.030,-103.200,34.418,4014.828,46172.331,20171229_063231,479175,167,27675,157
1,KFDX20171230_140034_V06,-0.631,0.120,303.586,291.898,21.070,-103.610,34.672,10535.137,4430.116,20171230_070034,479161,85,9970,85
4,KFDX20171231_134024_V06,-21.027,0.300,205.372,298.524,16.959,-104.145,34.641,8479.731,47319.952,20171231_064024,479198,125,30495,125
4,KFDX20171231_135005_V06,-11.343,0.697,205.268,298.372,21.231,-104.146,34.642,10615.597,47372.989,20171231_065005,479173,146,29970,142
1,KFDX20171231_132103_V06,-40.377,0.207,213.166,254.561,4.965,-104.104,34.839,2482.559,49002.419,20171231_062103,479166,137,29558,136
3,KFDX20171231_132103_V06,-40.377,0.064,202.466,298.328,20.816,-104.161,34.642,10407.860,48773.963,20171231_062103,479166,137,29558,136
5,KFDX20171231_142851_V06,27.423,0.160,204.017,296.040,18.046,-104.153,34.652,9022.930,48032.212,20171231_072851,479162,143,30680,135
6,KFDX20171231_150735_V06,66.157,0.341,203.135,297.728,18.608,-104.158,34.644,9304.171,48445.790,20171231_080735,479165,117,41294,111
