track_id,filename,from_sunrise,det_score,x,y,r,lon,lat,radius,geo_dist,local_time,n_radar_pixels,n_refAbove40_pixels,n_xcorrAbove0.95_pixels,n_xcorrBelow0.95_refAbove40_pixels
5,KSJT20230601_123404_V06,55.806,0.079,415.234,318.318,17.882,-99.887,31.287,8941.044,58340.645,20230601_073404,479200,126,97596,47
3,KSJT20230602_113625_V06,-1.605,0.056,414.945,323.666,13.481,-99.889,31.263,6740.280,58678.109,20230602_063625,479173,149,75228,124
4,KSJT20230602_120421_V06,26.329,0.084,421.404,315.809,20.716,-99.855,31.298,10358.238,61214.465,20230602_070421,479171,185,70427,163
4,KSJT20230602_121121_V06,33.329,0.127,417.954,317.237,17.206,-99.873,31.292,8603.027,59603.361,20230602_071121,479172,143,68864,125
6,KSJT20230602_125313_V06,75.195,0.066,273.229,399.285,30.571,-100.632,30.923,15285.480,51415.695,20230602_075313,479172,157,74272,131
8,KSJT20230604_123835_V06,60.967,0.198,386.103,208.805,78.139,-100.038,31.782,39069.439,62710.208,20230604_073835,479182,113,101818,53
8,KSJT20230604_124244_V06,65.117,0.128,386.417,208.145,83.876,-100.036,31.785,41937.758,63058.061,20230604_074244,479190,80,99712,58
8,KSJT20230604_124644_V06,69.117,0.096,386.341,202.457,88.228,-100.036,31.810,44113.935,65133.255,20230604_074644,479200,68,98130,51
8,KSJT20230604_125046_V06,73.151,0.090,387.399,192.970,95.157,-100.030,31.853,47578.520,69090.706,20230604_075046,479196,56,96820,39
8,KSJT20230604_125447_V06,77.167,0.056,390.557,190.195,97.738,-100.014,31.865,48869.216,71165.082,20230604_075447,479190,96,94564,76
8,KSJT20230604_130250_V06,85.217,0.070,399.917,202.000,84.335,-99.965,31.812,42167.511,69977.473,20230604_080250,479187,59,92545,51
8,KSJT20230604_130651_V06,89.234,0.134,400.071,201.641,89.656,-99.964,31.814,44828.136,70158.177,20230604_080651,479202,66,92623,48
6,KSJT20230604_122608_V06,48.517,0.053,283.862,506.730,23.414,-100.576,30.439,11706.795,103679.530,20230604_072608,479188,77,102114,38
7,KSJT20230604_123017_V06,52.667,0.061,387.930,179.788,82.326,-100.027,31.912,41163.162,74469.253,20230604_073017,479172,117,100463,78
9,KSJT20230604_123835_V06,60.967,0.094,293.132,482.247,15.865,-100.528,30.549,7932.368,91188.214,20230604_073835,479182,113,101818,53
1,KSJT20230605_104340_V06,-53.783,0.136,21.089,198.205,22.090,-101.965,31.822,11044.802,148453.323,20230605_054340,479187,145,164402,105
6,KSJT20230605_130114_V06,83.783,0.051,328.078,163.740,29.458,-100.344,31.985,14729.019,69561.545,20230605_080114,479182,137,119263,66
1,KSJT20230607_114301_V06,5.825,0.187,421.108,319.151,18.342,-99.856,31.283,9171.177,61306.564,20230607_064301,479174,53,86851,50
2,KSJT20230607_114959_V06,12.791,0.195,177.897,382.537,27.626,-101.131,30.997,13813.114,73691.021,20230607_064959,479165,45,86020,44
3,KSJT20230609_121237_V06,35.585,0.237,452.187,381.965,7.984,-99.695,30.999,3992.002,86427.760,20230609_071237,479173,288,70757,276
3,KSJT20230609_121936_V06,42.568,0.183,450.756,380.530,17.283,-99.703,31.006,8641.567,85458.347,20230609_071936,479168,290,69429,273
3,KSJT20230609_122636_V06,49.568,0.239,449.252,380.057,21.731,-99.711,31.008,10865.551,84683.499,20230609_072636,479173,299,70727,280
1,KSJT20230609_113042_V06,-6.332,0.069,432.328,341.757,21.410,-99.798,31.181,10704.916,69379.824,20230609_063042,479174,303,67137,281
2,KSJT20230609_120537_V06,28.585,0.075,251.253,102.606,15.539,-100.751,32.261,7769.264,101661.803,20230609_070537,479171,344,71639,327
5,KSJT20230609_123336_V06,56.568,0.121,241.793,102.978,27.665,-100.801,32.259,13832.321,102719.919,20230609_073336,479167,263,68657,248
3,KSJT20230610_114809_V06,11.162,0.139,386.328,418.722,24.853,-100.041,30.835,12426.729,73395.442,20230610_064809,479157,109,75055,95
1,KSJT20230611_112240_V06,-14.302,0.057,411.079,326.562,10.912,-99.909,31.250,5455.807,57105.325,20230611_062240,479170,160,82394,142
1,KSJT20230612_111530_V06,-21.473,0.111,418.273,319.853,20.931,-99.871,31.280,10465.614,59964.061,20230612_061530,479173,98,86211,97
2,KSJT20230612_113626_V06,-0.540,0.163,414.203,315.806,22.419,-99.892,31.298,11209.534,57646.023,20230612_063626,479173,102,79577,97
3,KSJT20230612_113626_V06,-0.540,0.107,61.368,81.684,4.997,-101.760,32.349,2498.747,161715.160,20230612_063626,479173,102,79577,97
7,KSJT20230613_120400_V06,26.999,0.104,359.160,196.527,11.460,-100.180,31.837,5730.022,59595.724,20230613_070400,479170,58,78485,54
7,KSJT20230613_121058_V06,33.965,0.091,359.373,198.237,21.049,-100.179,31.830,10524.320,58908.476,20230613_071058,479171,71,80950,68
1,KSJT20230613_104711_V06,-49.818,0.098,29.079,411.827,51.191,-101.909,30.859,25595.657,146546.668,20230613_054711,479174,132,109766,121
1,KSJT20230613_110109_V06,-35.851,-1.000,29.079,411.827,73.398,-101.909,30.859,36699.157,146546.668,20230613_060109,479171,109,116384,99
1,KSJT20230613_110808_V06,-28.868,0.062,30.740,412.906,54.073,-101.900,30.854,27036.650,145986.909,20230613_060808,479172,97,118894,66
4,KSJT20230613_114301_V06,6.015,0.172,128.877,348.553,12.123,-101.390,31.149,6061.378,88938.882,20230613_064301,479169,54,69653,48
8,KSJT20230613_123154_V06,54.899,0.064,29.416,404.408,52.677,-101.907,30.892,26338.600,145014.592,20230613_073154,479172,88,87172,79
2,KSJT20230614_114429_V06,7.430,0.313,165.362,372.678,16.067,-101.197,31.041,8033.308,76500.837,20230614_064429,479173,94,70653,80
2,KSJT20230614_115128_V06,14.414,0.389,166.727,371.828,22.693,-101.190,31.045,11346.383,75698.178,20230614_065128,479174,82,75705,52
1,KSJT20230614_113032_V06,-6.520,0.057,31.363,156.007,43.621,-101.914,32.013,21810.307,152397.417,20230614_063032,479177,62,73211,58
1,KSJT20230615_103912_V06,-57.928,0.085,288.877,115.714,11.531,-100.551,32.202,5765.495,92310.863,20230615_053912,479173,86,114859,79
4,KSJT20230615_113502_V06,-2.095,0.071,453.911,246.897,20.152,-99.681,31.608,10075.924,81407.118,20230615_063502,479170,61,89821,60
5,KSJT20230615_114201_V06,4.889,0.190,412.234,315.536,21.450,-99.903,31.300,10724.964,56652.328,20230615_064201,479175,42,90272,42
6,KSJT20230615_114201_V06,4.889,0.073,295.844,423.334,22.326,-100.514,30.815,11162.813,61701.777,20230615_064201,479175,42,90272,42
1,KSJT20230617_121359_V06,36.637,0.273,421.018,80.591,25.558,-99.849,32.359,12778.778,125285.369,20230617_071359,479175,330,67363,271
1,KSJT20230617_122051_V06,43.504,0.143,423.566,79.310,33.885,-99.836,32.365,16942.519,126464.011,20230617_072051,479168,395,65577,234
2,KSJT20230617_124516_V06,67.920,0.098,50.961,307.511,76.360,-101.801,31.331,38179.794,124576.194,20230617_074516,479173,346,67529,249
2,KSJT20230617_125208_V06,74.787,0.147,50.036,304.042,88.627,-101.806,31.346,44313.627,124998.204,20230617_075208,479203,145,73944,96
1,KSJT20230618_110124_V06,-36.089,0.100,516.525,502.242,23.943,-99.365,30.454,11971.745,148142.492,20230618_060124,479193,152,137196,109
1,KSJT20230618_110543_V06,-31.772,0.471,516.431,504.568,29.973,-99.366,30.444,14986.741,148904.471,20230618_060543,479190,160,137223,101
1,KSJT20230618_111000_V06,-27.489,0.087,517.563,507.055,30.797,-99.360,30.432,15398.560,150171.196,20230618_061000,479181,130,136960,78
1,KSJT20230618_111418_V06,-23.189,0.369,514.861,504.919,26.746,-99.374,30.442,13373.013,148456.270,20230618_061418,479192,143,136694,88
1,KSJT20230618_111836_V06,-18.889,0.079,516.879,501.550,21.706,-99.363,30.457,10852.925,148036.254,20230618_061836,479179,130,137309,88
1,KSJT20230618_112254_V06,-14.589,0.077,521.827,495.964,17.104,-99.337,30.482,8551.932,147993.971,20230618_062254,479188,143,133352,104
5,KSJT20230618_123144_V06,54.245,0.066,39.968,205.496,62.414,-101.865,31.790,31206.757,138335.986,20230618_073144,479173,192,116565,142
1,KSJT20230619_104621_V06,-51.303,0.056,482.989,48.748,9.343,-99.519,32.500,4671.593,155412.847,20230619_054621,479174,379,100402,316
2,KSJT20230619_123730_V06,59.847,0.056,21.233,93.976,15.380,-101.972,32.292,7690.186,173318.415,20230619_073730,479175,277,92696,229
1,KSJT20230620_104350_V06,-54.004,0.051,516.553,490.869,22.853,-99.364,30.505,11426.473,144331.337,20230620_054350,479171,239,107840,188
1,KSJT20230620_105050_V06,-47.004,0.188,516.158,489.184,29.512,-99.366,30.513,14755.951,143627.136,20230620_055050,479171,227,108862,165
1,KSJT20230620_110111_V06,-36.654,0.293,515.450,496.588,30.736,-99.370,30.480,15368.216,145830.165,20230620_060111,479185,116,141125,98
9,KSJT20230620_121634_V06,38.729,0.053,146.961,405.621,22.021,-101.293,30.892,11010.653,92974.250,20230620_071634,479184,651,110204,508
9,KSJT20230620_122009_V06,42.312,0.063,146.882,405.949,26.823,-101.293,30.891,13411.661,93099.799,20230620_072009,479178,810,106010,642
9,KSJT20230620_122345_V06,45.912,-1.000,146.828,406.173,31.934,-101.293,30.890,15967.091,93185.840,20230620_072345,479196,623,108793,474
9,KSJT20230620_122721_V06,49.512,0.052,149.254,403.304,21.197,-101.281,30.903,10598.267,91372.871,20230620_072721,479184,732,106257,575
4,KSJT20230620_112243_V06,-15.121,0.228,147.291,405.420,20.630,-101.291,30.893,10314.777,92781.319,20230620_062243,479178,245,130446,217
7,KSJT20230620_115126_V06,13.596,0.119,147.938,405.929,21.292,-101.287,30.891,10646.134,92660.386,20230620_065126,479183,452,119380,386
8,KSJT20230620_120546_V06,27.929,0.060,79.276,220.651,12.974,-101.657,31.724,6487.079,117276.677,20230620_070546,479182,524,111788,418
11,KSJT20230620_130316_V06,85.429,0.240,393.236,356.890,8.826,-100.004,31.114,4412.828,54611.049,20230620_080316,479171,781,108515,632
1,KSJT20230621_113239_V06,-5.394,0.270,237.105,115.718,5.819,-100.826,32.202,2909.704,97359.847,20230621_063239,479175,64,98893,58
1,KSJT20230621_113939_V06,1.606,0.089,238.283,115.918,13.975,-100.819,32.201,6987.361,97076.280,20230621_063939,479172,51,104216,45
1,KSJT20230622_104132_V06,-56.737,0.076,305.733,295.479,2.292,-100.462,31.391,1145.908,3650.466,20230622_054132,479167,192,112191,128
1,KSJT20230622_104830_V06,-49.770,0.094,305.791,295.488,9.351,-100.462,31.391,4675.282,3670.513,20230622_054830,479173,220,114171,136
1,KSJT20230624_104209_V06,-56.633,0.581,305.553,295.602,8.840,-100.463,31.391,4419.914,3542.023,20230624_054209,479168,191,110920,173
6,KSJT20230624_114836_V06,9.817,0.166,278.424,45.463,18.395,-100.607,32.519,9197.716,127725.025,20230624_064836,479202,386,97674,321
1,KSJT20230625_104330_V06,-55.568,0.088,305.224,295.965,4.885,-100.465,31.389,2442.413,3300.486,20230625_054330,479174,140,116854,121
4,KSJT20230625_124337_V06,64.549,0.092,22.092,168.827,30.404,-101.962,31.954,15202.026,153654.512,20230625_074337,479173,110,99909,90
1,KSJT20230627_104743_V06,-51.976,0.120,305.915,295.132,2.520,-100.461,31.393,1259.750,3830.393,20230627_054743,479168,143,98801,117
1,KSJT20230628_104627_V06,-53.582,0.170,299.077,304.176,8.671,-100.497,31.352,4335.537,2138.496,20230628_054627,479175,86,80272,66
5,KSJT20230628_112053_V06,-19.148,0.112,411.112,325.895,11.328,-99.909,31.253,5663.857,57044.925,20230628_062053,479171,78,89400,63
1,KSJT20230629_110026_V06,-39.954,0.234,305.623,295.469,9.077,-100.463,31.392,4538.670,3610.668,20230629_060026,479172,193,89799,176
1,KSJT20230629_110726_V06,-32.954,0.208,305.714,295.173,16.535,-100.462,31.393,8267.325,3739.944,20230629_060726,479168,191,88099,157
2,KSJT20230630_104135_V06,-59.177,0.105,305.870,294.116,5.298,-100.461,31.398,2649.212,4155.701,20230630_054135,479172,104,68789,94
2,KSJT20230630_104836_V06,-52.160,0.198,303.921,297.012,13.372,-100.472,31.385,6686.042,2464.713,20230630_054836,479174,103,73005,96
5,KSJT20230630_113035_V06,-10.177,0.086,416.618,328.020,7.976,-99.880,31.243,3988.033,59968.326,20230630_063035,479172,132,82231,119
5,KSJT20230630_113734_V06,-3.194,-1.000,416.618,328.020,19.080,-99.880,31.243,9539.783,59968.326,20230630_063734,479173,98,74582,82
5,KSJT20230630_114434_V06,3.806,0.063,415.212,316.123,22.545,-99.887,31.297,11272.533,58167.216,20230630_064434,479169,126,65744,115
5,KSJT20230630_115134_V06,10.806,0.065,413.862,327.432,11.792,-99.895,31.246,5895.969,58560.199,20230630_065134,479177,133,63619,111
5,KSJT20230630_120532_V06,24.773,0.084,416.238,327.172,19.449,-99.882,31.247,9724.418,59686.024,20230630_070532,479171,149,56427,119
5,KSJT20230630_121231_V06,31.756,0.054,418.376,329.240,13.114,-99.871,31.238,6557.137,60967.005,20230630_071231,479171,152,55979,125
3,KSJT20230630_110935_V06,-31.177,0.066,420.552,323.956,15.739,-99.859,31.262,7869.694,61454.813,20230630_060935,479174,113,84225,94
3,KSJT20230701_114643_V06,5.568,0.515,450.514,232.253,23.664,-99.699,31.674,11831.860,82528.786,20230701_064643,479192,48,73783,46
3,KSJT20230701_115011_V06,9.034,0.120,449.659,231.821,29.322,-99.703,31.676,14661.135,82228.531,20230701_065011,479191,40,71139,35
3,KSJT20230701_115325_V06,12.268,0.260,451.803,229.225,30.272,-99.692,31.688,15135.809,83745.409,20230701_065325,479183,49,67773,42
3,KSJT20230701_115639_V06,15.501,0.057,452.821,225.147,31.807,-99.686,31.706,15903.588,85084.304,20230701_065639,479191,67,66585,35
2,KSJT20230702_113046_V06,-10.787,0.057,452.576,256.646,12.125,-99.689,31.564,6062.283,79308.012,20230702_063046,479187,101,62680,52
2,KSJT20230702_113414_V06,-7.320,0.255,452.710,256.481,17.424,-99.688,31.565,8711.879,79395.127,20230702_063414,479181,70,62395,40
2,KSJT20230702_113743_V06,-3.837,-1.000,452.800,256.371,22.820,-99.687,31.565,11409.818,79453.538,20230702_063743,479176,111,59712,54
2,KSJT20230702_114112_V06,-0.353,0.061,457.879,253.870,24.986,-99.661,31.576,12493.159,82240.020,20230702_064112,479196,152,59553,80
4,KSJT20230703_112404_V06,-17.906,0.304,460.452,254.216,8.261,-99.647,31.575,4130.539,83428.279,20230703_062404,479192,378,87351,33
1,KSJT20230704_110829_V06,-33.924,0.190,401.142,109.209,10.802,-99.956,32.230,5401.020,107971.120,20230704_060829,479172,262,96100,170
1,KSJT20230704_111528_V06,-26.941,-1.000,401.142,109.209,21.906,-99.956,32.230,10952.770,107971.120,20230704_061528,479173,245,96491,160
1,KSJT20230704_112226_V06,-19.974,0.118,400.200,106.677,14.093,-99.961,32.242,7046.543,108873.606,20230704_062226,479173,255,93945,167
4,KSJT20230704_120421_V06,21.943,0.297,400.090,100.851,16.279,-99.961,32.268,8139.431,111443.361,20230704_070421,479167,282,65194,266
5,KSJT20230704_122519_V06,42.909,0.055,399.813,358.756,16.798,-99.969,31.105,8399.221,57911.084,20230704_072519,479169,293,59792,254
1,KSJT20230705_111928_V06,-23.389,0.556,419.054,325.390,14.517,-99.867,31.255,7258.255,60865.693,20230705_061928,479173,97,94516,83
2,KSJT20230705_125018_V06,67.444,0.129,32.791,394.250,56.113,-101.890,30.938,28056.664,141672.110,20230705_075018,479175,145,69342,130
3,KSJT20230705_130417_V06,81.427,0.052,258.224,406.368,29.834,-100.711,30.891,14916.882,57138.683,20230705_080417,479169,117,72291,102
1,KSJT20230706_110637_V06,-36.702,0.167,301.957,156.148,59.620,-100.482,32.020,29809.887,71932.542,20230706_060637,479178,21,123532,19
1,KSJT20230706_111337_V06,-29.702,0.162,299.363,157.881,66.440,-100.496,32.012,33219.896,71059.993,20230706_061337,479171,41,121140,40
3,KSJT20230706_114809_V06,4.832,0.056,433.455,56.367,31.038,-99.782,32.468,15519.173,138894.780,20230706_064809,479164,117,102547,94
3,KSJT20230706_120207_V06,18.798,0.610,433.556,59.059,43.512,-99.782,32.456,21756.127,137740.489,20230706_070207,479180,95,101348,55
2,KSJT20230706_113423_V06,-8.935,0.059,285.338,211.957,10.932,-100.570,31.768,5465.919,44627.838,20230706_063423,479178,43,109857,38
20,KSJT20230708_130635_V06,82.300,0.085,106.226,26.608,30.326,-101.524,32.600,15163.157,167549.602,20230708_080635,479174,56,40733,49
20,KSJT20230708_131004_V06,85.784,0.136,107.071,26.733,35.074,-101.520,32.599,17537.184,167254.767,20230708_081004,479194,38,40370,36
8,KSJT20230708_112744_V06,-16.550,0.054,215.779,9.573,11.228,-100.941,32.680,5614.120,151196.349,20230708_062744,479194,97,52120,54
9,KSJT20230708_114537_V06,1.334,0.063,485.188,252.476,14.017,-99.517,31.582,7008.545,95594.477,20230708_064537,479180,78,59402,57
11,KSJT20230708_115624_V06,12.117,0.052,469.736,239.443,40.754,-99.598,31.641,20376.835,90107.612,20230708_065624,479191,85,54466,58
6,KSJT20230709_121736_V06,32.816,0.123,417.206,320.492,20.074,-99.877,31.277,10037.212,59492.019,20230709_071736,479173,111,64369,97
6,KSJT20230709_122429_V06,39.699,0.176,415.947,322.667,26.060,-99.883,31.267,13029.973,59070.758,20230709_072429,479166,119,63591,113
12,KSJT20230709_125224_V06,67.616,0.050,366.308,143.714,31.368,-100.141,32.075,15684.090,84885.582,20230709_075224,479173,108,65315,97
12,KSJT20230709_130622_V06,81.582,0.060,395.125,137.799,51.895,-99.988,32.102,25947.703,94018.674,20230709_080622,479170,87,67805,77
11,KSJT20230709_123826_V06,53.649,0.062,291.461,127.788,16.348,-100.537,32.148,8174.007,86212.013,20230709_073826,479174,97,62768,80
14,KSJT20230709_130622_V06,81.582,0.052,308.580,132.141,32.389,-100.447,32.128,16194.424,84039.195,20230709_080622,479170,87,67805,77
2,KSJT20230710_123808_V06,52.836,0.320,379.193,128.361,9.709,-100.073,32.144,4854.683,94514.049,20230710_073808,479171,36,96233,31
2,KSJT20230710_124507_V06,59.819,0.173,379.528,128.581,19.147,-100.071,32.143,9573.379,94484.474,20230710_074507,479177,34,97492,25
2,KSJT20230710_125206_V06,66.802,0.095,389.267,124.207,20.491,-100.019,32.163,10245.411,98579.643,20230710_075206,479175,21,96113,20
2,KSJT20230710_130605_V06,80.786,0.301,403.667,115.819,16.821,-99.942,32.200,8410.625,105675.781,20230710_080605,479164,57,89191,47
2,KSJT20230710_131303_V06,87.752,0.717,406.651,115.235,21.593,-99.927,32.203,10796.734,106668.197,20230710_081303,479171,38,86515,26
1,KSJT20230710_121012_V06,24.902,0.054,273.021,383.006,28.157,-100.633,30.997,14078.663,43640.369,20230710_071012,479171,30,103764,26
3,KSJT20230711_111022_V06,-35.455,0.082,28.972,212.043,58.833,-101.923,31.760,29416.378,142471.854,20230711_061022,479175,49,103273,41
3,KSJT20230711_111358_V06,-31.855,0.054,29.049,212.928,64.086,-101.922,31.756,32042.962,142299.143,20230711_061358,479199,60,106064,46
9,KSJT20230711_131039_V06,84.828,0.061,16.794,207.306,20.285,-101.987,31.780,10142.435,148994.860,20230711_081039,479175,153,95107,50
9,KSJT20230711_131426_V06,88.611,0.209,17.486,207.070,25.691,-101.984,31.782,12845.579,148702.947,20230711_081426,479189,144,94288,60
4,KSJT20230712_111247_V06,-33.574,0.089,523.710,504.772,45.613,-99.328,30.442,22806.576,151639.293,20230712_061247,479173,97,115064,95
2,KSJT20230714_124851_V06,61.392,0.066,269.879,351.776,10.485,-100.650,31.138,5242.737,29949.988,20230714_074851,479179,59,50660,44
8,KSJT20230715_124914_V06,61.211,0.079,541.631,493.410,22.011,-99.234,30.493,11005.557,154752.170,20230715_074914,479189,86,52259,70
8,KSJT20230715_125238_V06,64.611,0.070,542.018,493.599,28.013,-99.232,30.492,14006.682,154962.232,20230715_075238,479185,77,53365,52
3,KSJT20230715_110942_V06,-38.323,0.074,278.722,389.371,27.832,-100.604,30.968,13915.874,45934.725,20230715_060942,479176,106,77679,89
4,KSJT20230715_120634_V06,18.544,0.092,536.843,499.707,21.839,-99.259,30.465,10919.523,154901.358,20230715_070634,479186,101,48749,88
4,KSJT20230715_121010_V06,22.144,-1.000,536.843,499.707,27.563,-99.259,30.465,13781.523,154901.358,20230715_071010,479188,93,47510,85
4,KSJT20230715_121346_V06,25.744,0.113,538.893,502.292,22.947,-99.249,30.453,11473.366,156518.016,20230715_071346,479191,47,48525,43
6,KSJT20230715_124216_V06,54.244,0.248,413.920,327.045,14.990,-99.894,31.248,7494.904,58543.126,20230715_074216,479172,215,66729,205
3,KSJT20230716_122114_V06,32.638,0.053,338.503,386.893,12.759,-100.291,30.979,6379.271,47520.816,20230716_072114,479188,356,92693,48
1,KSJT20230717_120332_V06,14.357,0.057,32.619,362.874,17.273,-101.893,31.080,8636.251,137337.120,20230717_070332,479174,138,94928,124
1,KSJT20230718_112234_V06,-27.197,0.214,461.964,251.870,6.716,-99.639,31.585,3358.162,84482.026,20230718_062234,479172,74,49506,64
1,KSJT20230718_112934_V06,-20.197,0.113,461.885,248.263,17.687,-99.639,31.602,8843.673,84975.603,20230718_062934,479164,89,51844,83
1,KSJT20230719_112246_V06,-27.592,0.666,461.201,246.331,7.508,-99.643,31.610,3753.792,84950.221,20230719_062246,479169,83,54457,71
1,KSJT20230719_112926_V06,-20.925,0.058,461.836,244.757,16.183,-99.639,31.617,8091.493,85502.615,20230719_062926,479174,91,54948,78
3,KSJT20230719_112926_V06,-20.925,0.151,418.721,326.535,14.632,-99.869,31.250,7316.086,60825.203,20230719_062926,479174,91,54948,78
3,KSJT20230719_113607_V06,-14.242,-1.000,418.721,326.535,25.259,-99.869,31.250,12629.336,60825.203,20230719_063607,479173,73,55474,69
3,KSJT20230719_114248_V06,-7.558,0.052,414.789,326.730,17.272,-99.890,31.249,8635.880,58930.206,20230719_064248,479171,89,58020,75
10,KSJT20230719_125220_V06,61.975,0.078,27.713,414.725,38.724,-101.915,30.846,19362.043,147734.783,20230719_075220,479172,131,83203,102
1,KSJT20230721_120127_V06,9.885,0.221,473.716,63.359,13.658,-99.569,32.435,6829.033,146778.793,20230721_070127,479172,107,61457,71
1,KSJT20230723_114324_V06,-9.392,0.065,439.407,247.469,30.741,-99.758,31.606,15370.365,74488.011,20230723_064324,479169,45,69844,40
1,KSJT20230724_113133_V06,-21.862,0.906,458.808,254.253,16.559,-99.656,31.575,8279.640,82632.761,20230724_063133,479174,110,58758,93
1,KSJT20230724_113832_V06,-14.879,0.898,456.922,253.363,24.839,-99.666,31.579,12419.654,81852.578,20230724_063832,479175,116,61103,90
1,KSJT20230724_114530_V06,-7.912,0.410,460.032,252.525,29.208,-99.649,31.582,14603.787,83462.830,20230724_064530,479171,122,71949,92
1,KSJT20230724_115229_V06,-0.929,0.069,457.849,250.618,37.463,-99.661,31.591,18731.522,82696.365,20230724_065229,479174,135,75846,98
2,KSJT20230724_113133_V06,-21.862,0.065,263.197,411.261,33.115,-100.685,30.869,16557.276,58594.888,20230724_063133,479174,110,58758,93
1,KSJT20230725_113223_V06,-21.653,0.326,468.917,254.365,8.822,-99.602,31.574,4411.243,87486.224,20230725_063223,479170,50,54791,32
1,KSJT20230725_113922_V06,-14.669,0.085,468.177,253.161,20.393,-99.606,31.579,10196.630,87288.704,20230725_063922,479172,57,55457,47
1,KSJT20230725_114614_V06,-7.803,0.276,466.683,249.243,29.655,-99.614,31.597,14827.418,87119.766,20230725_064614,479172,55,60033,45
2,KSJT20230725_113223_V06,-21.653,0.208,266.066,408.500,42.332,-100.670,30.882,21166.166,56841.192,20230725_063223,479170,50,54791,32
1,KSJT20230726_112505_V06,-29.579,0.076,267.794,405.436,33.511,-100.661,30.896,16755.535,55122.601,20230726_062505,479176,54,43406,47
2,KSJT20230726_113204_V06,-22.596,0.218,413.572,327.054,14.659,-99.896,31.248,7329.288,58374.828,20230726_063204,479167,60,40030,53
3,KSJT20230726_122755_V06,33.254,0.068,28.830,260.035,31.861,-101.920,31.543,15930.586,137049.383,20230726_072755,479173,76,61263,55
4,KSJT20230726_130251_V06,68.187,0.296,414.889,325.626,15.893,-99.889,31.254,7946.518,58856.225,20230726_080251,479172,60,54269,50
2,KSJT20230727_113848_V06,-16.492,0.103,463.159,250.562,11.177,-99.633,31.591,5588.634,85242.113,20230727_063848,479170,93,44677,86
2,KSJT20230727_114547_V06,-9.509,0.602,464.738,247.146,19.736,-99.624,31.607,9868.064,86504.393,20230727_064547,479173,66,51994,63
2,KSJT20230727_115246_V06,-2.526,0.181,466.448,242.705,25.664,-99.615,31.626,12831.793,88016.629,20230727_065246,479171,98,63323,86
1,KSJT20230727_110234_V06,-52.726,0.053,412.614,326.678,5.531,-99.901,31.249,2765.541,57865.638,20230727_060234,479174,79,55061,72
3,KSJT20230727_131631_V06,81.224,0.050,261.910,401.111,27.004,-100.691,30.915,13502.043,54023.779,20230727_081631,479172,136,72943,117
2,KSJT20230728_113615_V06,-19.674,0.285,462.103,254.601,8.463,-99.638,31.573,4231.361,84170.138,20230728_063615,479174,112,59248,103
2,KSJT20230728_114425_V06,-11.507,0.569,461.146,249.010,21.453,-99.643,31.598,10726.511,84510.311,20230728_064425,479168,144,50043,135
2,KSJT20230728_115124_V06,-4.524,0.715,461.448,243.386,28.777,-99.641,31.624,14388.605,85543.415,20230728_065124,479172,127,56854,120
2,KSJT20230728_120521_V06,9.426,0.356,472.146,246.191,32.371,-99.585,31.611,16185.563,90179.789,20230728_070521,479178,171,59606,158
1,KSJT20230801_114739_V06,-10.818,0.251,459.274,253.204,20.505,-99.653,31.579,10252.583,83003.292,20230801_064739,479173,62,41752,59
1,KSJT20230801_120136_V06,3.132,0.485,464.230,247.295,31.063,-99.627,31.606,15531.482,86240.016,20230801_070136,479173,90,35907,87
1,KSJT20230801_120835_V06,10.116,0.150,463.026,239.627,34.981,-99.633,31.640,17490.596,86922.889,20230801_070835,479177,59,34103,53
2,KSJT20230801_131125_V06,72.949,0.104,267.814,408.367,35.034,-100.661,30.882,17516.972,56523.129,20230801_081125,479173,70,44074,62
1,KSJT20230802_120215_V06,3.144,0.054,468.597,236.460,30.392,-99.603,31.655,15196.133,90086.388,20230802_070215,479174,81,44632,71
3,KSJT20230802_124258_V06,43.860,0.053,259.191,401.614,29.945,-100.706,30.913,14972.679,54750.984,20230802_074258,479171,72,44907,56
4,KSJT20230802_130319_V06,64.210,0.085,19.543,298.286,15.075,-101.966,31.370,7537.628,140231.091,20230802_080319,479171,75,51927,61
5,KSJT20230802_131018_V06,71.194,0.069,22.417,249.440,31.893,-101.955,31.591,15946.613,141075.268,20230802_081018,479171,101,55354,81
1,KSJT20230803_120441_V06,4.938,0.138,454.151,237.745,37.610,-99.680,31.649,18805.023,83123.654,20230803_070441,479170,90,23989,81
1,KSJT20230804_112109_V06,-39.235,0.081,414.444,328.368,13.681,-99.892,31.242,6840.675,58953.861,20230804_062109,479171,141,88278,133
1,KSJT20230804_112808_V06,-32.252,0.696,417.538,325.893,19.034,-99.875,31.253,9516.755,60178.011,20230804_062808,479173,173,87198,166
1,KSJT20230805_122259_V06,21.958,0.093,423.973,326.825,14.178,-99.841,31.248,7088.970,63420.920,20230805_072259,479172,134,49870,120
1,KSJT20230806_120735_V06,5.918,0.056,274.325,391.496,25.628,-100.627,30.958,12814.228,47515.208,20230806_070735,479174,81,59609,70
1,KSJT20230806_121424_V06,12.734,0.120,270.888,394.864,35.994,-100.645,30.943,17997.176,49615.122,20230806_071424,479173,108,57127,82
1,KSJT20230806_122105_V06,19.418,-1.000,267.903,397.787,46.210,-100.660,30.930,23105.241,51460.261,20230806_072105,479172,120,57231,85
1,KSJT20230806_122746_V06,26.101,0.058,258.234,396.703,31.630,-100.711,30.935,15814.871,52668.659,20230806_072746,479171,122,57756,110
1,KSJT20230806_123426_V06,32.768,0.078,259.676,397.981,39.533,-100.703,30.929,19766.396,52977.076,20230806_073426,479174,91,59007,82
3,KSJT20230806_130754_V06,66.234,0.092,264.854,389.121,19.008,-100.676,30.969,9504.240,47900.530,20230806_080754,479169,146,69045,111
3,KSJT20230806_131434_V06,72.901,-1.000,264.854,389.121,29.608,-100.676,30.969,14804.240,47900.530,20230806_081434,479174,106,71658,88
3,KSJT20230806_132115_V06,79.584,0.062,270.232,387.109,19.924,-100.648,30.978,9962.000,46027.345,20230806_082115,479172,97,72283,71
3,KSJT20230808_112053_V06,-42.062,0.376,183.840,299.613,12.320,-101.103,31.371,6159.864,58080.110,20230808_062053,479172,41,76436,30
3,KSJT20230808_112751_V06,-35.096,0.521,182.570,297.520,19.906,-101.109,31.381,9953.092,58728.231,20230808_062751,479161,33,95895,31
3,KSJT20230808_113115_V06,-31.696,0.057,184.539,293.434,17.218,-101.099,31.399,8609.089,57823.517,20230808_063115,479188,35,94581,30
7,KSJT20230808_121215_V06,9.304,0.166,450.411,39.797,20.309,-99.692,32.542,10154.377,150273.897,20230808_071215,479173,50,89556,48
8,KSJT20230808_121215_V06,9.304,0.059,414.605,90.876,28.148,-99.884,32.313,14073.853,119233.946,20230808_071215,479173,50,89556,48
9,KSJT20230808_122607_V06,23.171,0.077,28.062,436.680,32.063,-101.912,30.747,16031.338,152177.206,20230808_072607,479175,84,88228,81
10,KSJT20230808_123305_V06,30.138,0.062,62.506,450.680,30.411,-101.732,30.686,15205.303,140630.490,20230808_073305,479172,91,89740,84
11,KSJT20230808_124003_V06,37.104,0.411,160.787,39.940,24.343,-101.233,32.542,12171.680,147488.722,20230808_074003,479175,107,91057,97
12,KSJT20230808_130758_V06,65.021,0.078,261.321,409.283,36.077,-100.694,30.878,18038.403,57962.946,20230808_080758,479173,129,99664,125
6,KSJT20230809_120710_V06,3.581,0.250,21.826,274.901,14.709,-101.956,31.476,7354.399,139651.784,20230809_070710,479171,194,105460,87
1,KSJT20230811_132133_V06,76.688,0.113,40.613,249.447,43.417,-101.859,31.592,21708.675,132133.893,20230811_082133,479173,123,86572,91
1,KSJT20230811_132832_V06,83.672,0.056,38.584,251.475,49.203,-101.869,31.583,24601.633,132940.627,20230811_082832,479171,114,89920,67
1,KSJT20230812_112623_V06,-39.115,0.062,274.983,400.244,17.390,-100.623,30.919,8694.757,51659.086,20230812_062623,479167,135,71512,126
3,KSJT20230812_130409_V06,58.651,0.051,283.461,103.922,33.544,-100.580,32.255,16772.055,98386.911,20230812_080409,479171,153,103899,150
5,KSJT20230812_132505_V06,79.585,0.071,304.816,167.915,5.900,-100.467,31.967,2950.222,66086.267,20230812_082505,479168,171,115622,155
1,KSJT20230813_120040_V06,-5.467,0.109,260.844,404.747,32.780,-100.697,30.899,16389.854,55913.018,20230813_070040,479173,181,71888,178
1,KSJT20230813_120741_V06,1.549,0.137,262.492,405.443,39.351,-100.688,30.895,19675.737,55957.642,20230813_070741,479169,163,74217,155
2,KSJT20230813_121440_V06,8.533,0.060,26.426,212.364,32.348,-101.936,31.758,16174.149,143634.079,20230813_071440,479170,151,72388,145
2,KSJT20230813_122138_V06,15.499,0.074,27.004,213.375,39.066,-101.933,31.754,19533.241,143204.953,20230813_072138,479171,172,68271,154
2,KSJT20230813_122838_V06,22.499,-1.000,27.521,214.280,46.299,-101.930,31.750,23149.337,142822.133,20230813_072838,479172,172,66543,152
2,KSJT20230813_123538_V06,29.499,0.056,28.232,212.869,32.473,-101.926,31.756,16236.315,142696.787,20230813_073538,479175,129,65038,112
4,KSJT20230813_131734_V06,71.433,0.099,258.107,396.657,33.045,-100.711,30.935,16522.738,52672.597,20230813_081734,479171,170,79022,151
1,KSJT20230814_115022_V06,-16.401,0.054,328.896,156.892,70.675,-100.339,32.016,35337.559,72998.244,20230814_065022,479171,98,69658,96
1,KSJT20230814_120420_V06,-2.434,0.104,328.207,152.912,81.161,-100.343,32.034,40580.498,74884.054,20230814_070420,479173,98,73598,94
1,KSJT20230815_110757_V06,-59.450,0.063,274.856,130.344,2.517,-100.625,32.136,1258.400,85754.770,20230815_060757,479172,94,34360,90
2,KSJT20230815_125243_V06,45.317,0.084,244.572,54.693,18.234,-100.787,32.477,9117.113,125745.673,20230815_075243,479178,88,54302,87
3,KSJT20230815_125243_V06,45.317,0.062,328.593,76.608,13.406,-100.340,32.378,6702.999,112607.040,20230815_075243,479178,88,54302,87
1,KSJT20230816_125205_V06,44.053,0.059,63.495,429.706,11.203,-101.728,30.780,5601.714,134868.376,20230816_075205,479177,133,83500,126
1,KSJT20230817_114641_V06,-21.975,0.365,279.900,384.516,47.449,-100.597,30.990,23724.688,43436.598,20230817_064641,479170,149,57835,114
1,KSJT20230818_122314_V06,13.949,0.083,335.783,123.923,33.049,-100.303,32.165,16524.395,89838.208,20230818_072314,479175,121,51037,91
2,KSJT20230818_123013_V06,20.932,0.097,201.449,387.658,25.765,-101.008,30.975,12882.540,65947.372,20230818_073013,479170,153,51453,131
3,KSJT20230818_124411_V06,34.899,0.089,270.846,139.694,8.517,-100.647,32.094,4258.255,81467.946,20230818_074411,479173,148,55585,122
4,KSJT20230818_125110_V06,41.882,0.591,392.874,186.563,11.162,-100.001,31.882,5581.249,73303.534,20230818_075110,479174,128,56806,111
6,KSJT20230818_131207_V06,62.832,0.082,444.697,129.763,17.935,-99.725,32.136,8967.739,111711.511,20230818_081207,479173,121,59104,102
7,KSJT20230818_131906_V06,69.816,0.098,387.996,184.692,18.423,-100.027,31.890,9211.601,72524.703,20230818_081906,479172,136,58869,106
8,KSJT20230818_131906_V06,69.816,0.060,420.245,180.560,30.065,-99.857,31.908,15032.509,84741.641,20230818_081906,479172,136,58869,106
1,KSJT20230819_121553_V06,5.975,0.125,298.375,130.524,11.270,-100.501,32.135,5635.223,84741.900,20230819_071553,479174,93,73657,88
4,KSJT20230820_120947_V06,-0.746,0.281,22.975,409.958,33.836,-101.941,30.867,16918.076,149024.743,20230820_070947,479174,82,62369,81
4,KSJT20230820_121647_V06,6.254,0.156,24.112,408.909,45.657,-101.935,30.872,22828.741,148303.217,20230820_071647,479172,38,62298,33
2,KSJT20230820_113511_V06,-35.346,0.063,410.730,330.876,11.303,-99.911,31.231,5651.344,57476.824,20230820_063511,479171,49,58510,44
2,KSJT20230820_114210_V06,-28.363,-1.000,410.730,330.876,22.406,-99.911,31.231,11203.094,57476.824,20230820_064210,479170,48,58889,48
2,KSJT20230820_114859_V06,-21.546,0.204,414.208,327.521,13.453,-99.893,31.246,6726.475,58738.430,20230820_064859,479168,51,52898,50
5,KSJT20230820_123045_V06,20.220,0.085,37.123,230.986,63.813,-101.878,31.675,31906.609,135892.727,20230820_073045,479172,45,63158,45
2,KSJT20230824_121905_V06,6.093,0.171,28.426,224.847,50.086,-101.925,31.702,25042.994,140890.276,20230824_071905,479171,43,64267,36
2,KSJT20230824_122603_V06,13.060,0.200,30.906,226.553,59.998,-101.911,31.694,29999.134,139468.450,20230824_072603,479176,38,62801,34
2,KSJT20230824_123302_V06,20.043,0.307,33.340,208.924,53.353,-101.900,31.774,26676.661,140892.299,20230824_073302,479168,33,64749,27
2,KSJT20230824_124001_V06,27.027,0.190,32.589,206.907,60.070,-101.904,31.783,30035.128,141575.917,20230824_074001,479170,51,68114,37
1,KSJT20230824_121205_V06,-0.907,0.054,290.378,502.111,4.542,-100.542,30.460,2271.200,101170.193,20230824_071205,479173,47,59609,44
5,KSJT20230824_131456_V06,61.943,0.169,452.836,364.669,9.913,-99.691,31.077,4956.455,82977.313,20230824_081456,479171,72,71501,57
5,KSJT20230826_121038_V06,-3.571,0.114,374.089,304.335,10.120,-100.103,31.351,5059.799,37107.703,20230826_071038,479173,121,60727,103
5,KSJT20230826_121737_V06,3.412,0.147,373.480,305.335,16.955,-100.106,31.346,8477.629,36836.800,20230826_071737,479170,100,64220,69
6,KSJT20230826_121737_V06,3.412,0.093,20.674,352.546,18.127,-101.957,31.126,9063.745,142112.772,20230826_071737,479170,100,64220,69
1,KSJT20230827_120119_V06,-13.492,0.190,437.030,84.204,8.074,-99.764,32.342,4036.858,127813.409,20230827_070119,479165,96,39819,84
2,KSJT20230827_120818_V06,-6.508,0.056,394.590,185.408,23.376,-99.992,31.887,11687.916,74294.316,20230827_070818,479171,146,42911,79
3,KSJT20230827_131109_V06,56.342,0.077,213.190,285.051,6.924,-100.949,31.438,3462.049,44043.903,20230827_081109,479170,139,56308,84
5,KSJT20230827_132506_V06,70.292,0.143,277.283,544.480,34.502,-100.610,30.268,17251.209,122766.832,20230827_082506,479175,186,57433,103
5,KSJT20230828_120847_V06,-6.626,0.415,443.539,264.020,8.271,-99.737,31.531,4135.361,73989.849,20230828_070847,479188,412,107671,31
5,KSJT20230828_121241_V06,-2.726,0.674,443.461,264.299,13.102,-99.737,31.530,6551.177,73918.385,20230828_071241,479175,402,113172,44
5,KSJT20230828_121622_V06,0.957,0.739,442.661,265.681,14.690,-99.741,31.524,7345.128,73365.418,20230828_071622,479197,405,116746,41
5,KSJT20230828_122004_V06,4.657,0.781,441.517,266.774,17.254,-99.747,31.519,8627.001,72682.366,20230828_072004,479195,384,119965,35
5,KSJT20230828_122358_V06,8.557,0.525,441.839,268.394,21.205,-99.746,31.511,10602.426,72658.996,20230828_072358,479188,340,124124,20
2,KSJT20230828_111547_V06,-59.626,0.069,24.205,253.389,10.641,-101.945,31.573,5320.338,139852.941,20230828_061547,479192,448,76066,82
2,KSJT20230829_125158_V06,35.958,0.057,297.000,424.490,10.992,-100.508,30.810,5495.935,62263.099,20230829_075158,479176,99,52447,83
2,KSJT20230829_130556_V06,49.925,0.377,299.528,424.637,20.380,-100.495,30.809,10190.170,62319.068,20230829_080556,479173,132,58818,85
2,KSJT20230829_131255_V06,56.908,0.140,297.651,427.438,15.231,-100.504,30.796,7615.335,63729.589,20230829_081255,479164,142,59651,79
1,KSJT20230829_112105_V06,-54.925,0.074,135.119,399.698,3.125,-101.355,30.919,1562.635,96340.044,20230829_062105,479168,74,58534,59
3,KSJT20230829_131255_V06,56.908,0.163,253.290,67.356,12.535,-100.741,32.420,6267.664,118643.373,20230829_081255,479164,142,59651,79
7,KSJT20230830_114006_V06,-36.505,0.153,264.257,418.066,18.530,-100.679,30.839,9264.833,61678.700,20230830_064006,479169,136,52780,75
7,KSJT20230830_114704_V06,-29.539,0.173,263.117,421.204,24.626,-100.685,30.824,12313.104,63345.870,20230830_064704,479178,119,55106,68
7,KSJT20230830_120103_V06,-15.555,0.183,266.450,431.589,20.599,-100.667,30.778,10299.305,67899.178,20230830_070103,479180,133,52005,96
11,KSJT20230830_122159_V06,5.378,0.054,216.702,365.728,16.579,-100.929,31.074,8289.585,53053.700,20230830_072159,479172,110,57691,77
11,KSJT20230830_122900_V06,12.395,0.064,214.398,366.110,26.905,-100.941,31.072,13452.675,54079.388,20230830_072900,479175,142,62711,119
3,KSJT20230830_111908_V06,-57.472,0.089,14.485,321.337,14.484,-101.991,31.266,7242.054,143155.446,20230830_061908,479171,149,58103,80
4,KSJT20230830_112607_V06,-50.489,0.208,261.860,410.540,14.496,-100.692,30.872,7247.831,58467.335,20230830_062607,479172,107,56083,63
6,KSJT20230830_114006_V06,-36.505,0.266,189.900,326.059,12.813,-101.070,31.252,6406.729,56570.823,20230830_064006,479169,136,52780,75
9,KSJT20230830_120103_V06,-15.555,0.150,63.658,327.631,15.898,-101.733,31.241,7949.066,118975.702,20230830_070103,479180,133,52005,96
12,KSJT20230830_123600_V06,19.395,0.104,151.297,343.466,8.509,-101.272,31.173,4254.726,77462.647,20230830_073600,479173,120,72147,98
15,KSJT20230830_124958_V06,33.361,0.055,238.874,42.347,25.394,-100.818,32.532,12697.231,132402.531,20230830_074958,479172,88,81218,69
17,KSJT20230830_132453_V06,68.278,0.112,190.094,423.030,25.945,-101.067,30.815,12972.488,82486.065,20230830_082453,479171,97,86599,84
1,KSJT20230831_114614_V06,-30.967,0.106,260.595,178.288,34.829,-100.701,31.920,17414.633,63965.866,20230831_064614,479172,207,74032,186
1,KSJT20230831_115312_V06,-24.000,-1.000,260.595,178.288,45.906,-100.701,31.920,22953.133,63965.866,20230831_065312,479176,242,71507,227
1,KSJT20230831_120711_V06,-10.017,0.219,263.375,198.847,20.764,-100.686,31.827,10381.805,53789.656,20230831_070711,479177,140,73296,124
3,KSJT20230831_121411_V06,-3.017,0.068,288.874,140.128,16.543,-100.551,32.092,8271.484,80129.530,20230831_071411,479172,141,55960,126
3,KSJT20230831_122110_V06,3.966,-1.000,288.874,140.128,27.646,-100.551,32.092,13823.234,80129.530,20230831_072110,479175,127,43282,121
3,KSJT20230831_122808_V06,10.933,0.054,299.824,148.663,2.745,-100.493,32.054,1372.616,75668.722,20230831_072808,479168,149,38033,143
5,KSJT20230831_130305_V06,45.883,0.176,410.710,507.001,17.060,-99.916,30.436,8529.793,117373.321,20230831_080305,479173,133,52990,132
6,KSJT20230831_130305_V06,45.883,0.063,388.888,426.214,36.099,-100.028,30.801,18049.339,77186.578,20230831_080305,479173,133,52990,132
6,KSJT20230831_131004_V06,52.866,0.200,374.672,413.683,29.762,-100.102,30.858,14881.180,68006.973,20230831_081004,479169,174,55252,169
8,KSJT20230831_133759_V06,80.783,0.110,166.859,54.268,19.493,-101.200,32.477,9746.353,139741.373,20230831_083759,479179,53,67908,49
2,KSJT20230901_124325_V06,25.623,0.236,334.893,119.585,22.051,-100.307,32.185,11025.280,91878.985,20230901_074325,479172,104,53926,90
2,KSJT20230901_125024_V06,32.607,0.169,337.127,118.815,29.063,-100.295,32.188,14531.672,92474.831,20230901_075024,479176,105,52663,90
1,KSJT20230901_122229_V06,4.690,0.055,29.463,398.176,57.758,-101.907,30.921,28879.194,143900.040,20230901_072229,479176,102,52127,93
4,KSJT20230901_130421_V06,46.557,0.051,262.623,206.181,11.972,-100.690,31.794,5985.981,50495.251,20230901_080421,479169,92,48675,83
6,KSJT20230901_133216_V06,74.473,0.056,295.659,102.534,16.192,-100.515,32.262,8095.779,98757.056,20230901_083216,479173,74,49566,72
1,KSJT20230902_113954_V06,-38.485,0.051,427.536,346.102,30.760,-99.823,31.161,15380.068,67806.536,20230902_063954,479172,146,39994,123
1,KSJT20230902_114653_V06,-31.502,-1.000,427.536,346.102,41.864,-99.823,31.161,20931.818,67806.536,20230902_064653,479170,142,39345,117
1,KSJT20230902_120051_V06,-17.535,0.232,423.495,323.697,13.611,-99.844,31.263,6805.458,62873.942,20230902_070051,479167,98,42020,83
3,KSJT20230902_121439_V06,-3.735,0.236,277.812,209.224,17.364,-100.609,31.780,8682.003,46723.981,20230902_071439,479172,114,50766,104
4,KSJT20230902_122838_V06,10.248,0.103,280.055,304.925,8.406,-100.597,31.349,4203.190,10271.968,20230902_072838,479175,77,60433,63
1,KSJT20230904_120116_V06,-18.298,0.113,416.689,325.752,12.112,-99.880,31.254,6056.171,59748.295,20230904_070116,479172,99,66235,80
1,KSJT20230904_120815_V06,-11.315,0.062,415.917,325.904,19.769,-99.884,31.253,9884.603,59388.018,20230904_070815,479167,86,100332,61
2,KSJT20230904_124310_V06,23.602,0.116,337.689,143.769,10.870,-100.293,32.075,5435.127,80356.427,20230904_074310,479173,97,85961,84
2,KSJT20230904_125009_V06,30.585,0.052,338.744,143.109,17.823,-100.287,32.078,8911.629,80802.024,20230904_075009,479170,71,82421,57
3,KSJT20230904_131804_V06,58.502,0.179,370.779,81.121,8.199,-100.116,32.358,4099.400,115019.481,20230904_081804,479172,142,83390,88
3,KSJT20230904_132503_V06,65.485,0.207,371.305,82.457,16.000,-100.113,32.351,7999.888,114465.515,20230904_082503,479173,138,82213,93
5,KSJT20230905_112454_V06,-55.254,0.208,332.698,404.245,15.320,-100.321,30.901,7660.244,54626.612,20230905_062454,479173,90,113210,82
5,KSJT20230905_113146_V06,-48.387,0.320,334.380,405.016,22.085,-100.312,30.897,11042.297,55250.209,20230905_063146,479171,156,112742,140
5,KSJT20230905_113845_V06,-41.404,-1.000,335.897,405.711,29.441,-100.304,30.894,14720.254,55819.985,20230905_063845,479173,134,114708,113
5,KSJT20230905_114543_V06,-34.437,0.215,353.415,420.632,28.003,-100.213,30.827,14001.615,65964.553,20230905_064543,479167,152,114752,136
16,KSJT20230905_120640_V06,-13.487,0.054,166.515,413.380,13.192,-101.190,30.858,6596.216,87569.015,20230905_070640,479169,148,109497,136
16,KSJT20230905_121339_V06,-6.504,0.196,167.379,415.238,19.966,-101.185,30.850,9982.761,87846.569,20230905_071339,479173,115,116278,108
16,KSJT20230905_122037_V06,0.463,0.073,160.902,428.504,8.274,-101.219,30.790,4136.822,94685.882,20230905_072037,479165,136,116178,117
16,KSJT20230905_122735_V06,7.430,0.053,161.714,429.980,16.087,-101.215,30.783,8043.268,94891.744,20230905_072735,479168,123,118972,113
7,KSJT20230905_113146_V06,-48.387,0.248,148.660,420.987,16.101,-101.283,30.823,8050.323,96878.170,20230905_063146,479171,156,112742,140
7,KSJT20230905_113845_V06,-41.404,0.245,147.968,429.178,13.969,-101.286,30.786,6984.303,99750.388,20230905_063845,479173,134,114708,113
8,KSJT20230905_113146_V06,-48.387,0.058,315.441,320.543,15.083,-100.411,31.278,7541.473,12849.311,20230905_063146,479171,156,112742,140
9,KSJT20230905_113146_V06,-48.387,0.055,170.335,404.407,10.695,-101.170,30.898,5347.342,83237.246,20230905_063146,479171,156,112742,140
12,KSJT20230905_114543_V06,-34.437,0.086,24.735,488.228,30.677,-101.926,30.514,15338.549,166733.760,20230905_064543,479167,152,114752,136
14,KSJT20230905_115241_V06,-27.470,0.054,316.309,337.609,11.546,-100.407,31.201,5772.900,20496.658,20230905_065241,479171,175,115784,109
1,KSJT20230907_114719_V06,-34.012,0.165,279.031,364.016,20.960,-100.602,31.082,10479.935,33681.526,20230907_064719,479180,94,79565,62
2,KSJT20230907_123021_V06,9.021,0.081,279.631,306.191,5.259,-100.599,31.343,2629.562,10644.540,20230907_073021,479171,120,66564,87
1,KSJT20230908_132329_V06,61.568,0.100,278.828,366.857,18.983,-100.603,31.070,9491.341,35064.639,20230908_082329,479173,118,45019,87
35,KSJT20230911_134822_V06,84.692,0.090,36.985,245.995,55.954,-101.878,31.607,27977.070,134251.066,20230911_084822,479170,601,223121,81
35,KSJT20230911_135303_V06,89.376,0.087,37.772,249.328,61.060,-101.874,31.592,30530.150,133539.369,20230911_085303,479184,598,221901,113
22,KSJT20230911_130619_V06,42.642,0.065,164.597,344.177,24.939,-101.202,31.170,12469.267,71213.956,20230911_080619,479180,612,202117,78
22,KSJT20230911_131102_V06,47.359,0.096,177.575,353.721,20.022,-101.134,31.127,10010.944,66846.366,20230911_081102,479190,693,206519,88
25,KSJT20230912_122600_V06,1.739,0.114,467.240,267.283,12.434,-99.612,31.516,6217.155,85205.118,20230912_072600,479194,1750,149145,142
25,KSJT20230912_123006_V06,5.839,0.141,467.761,267.391,17.878,-99.609,31.515,8939.022,85450.258,20230912_073006,479185,1731,148091,108
25,KSJT20230912_123359_V06,9.723,0.085,470.575,268.154,19.720,-99.594,31.512,9860.068,86761.291,20230912_073359,479175,1808,146499,157
5,KSJT20230912_115140_V06,-32.594,0.086,222.820,338.951,17.673,-100.897,31.195,8836.552,43225.922,20230912_065140,479186,1961,156184,151
5,KSJT20230912_115600_V06,-28.261,-1.000,222.820,338.951,24.563,-100.897,31.195,12281.552,43225.922,20230912_065600,479199,2065,155437,128
5,KSJT20230912_120413_V06,-20.044,0.050,226.248,348.074,30.500,-100.879,31.154,15250.037,44018.589,20230912_070413,479201,2056,155548,120
5,KSJT20230912_120819_V06,-15.944,-1.000,227.737,352.038,33.922,-100.871,31.136,16961.017,44525.119,20230912_070819,479189,1886,152207,140
5,KSJT20230912_121226_V06,-11.827,0.256,245.899,366.730,23.182,-100.776,31.070,11591.070,42952.629,20230912_071226,479177,1871,150108,139
5,KSJT20230912_121749_V06,-6.444,0.079,248.051,363.490,29.107,-100.764,31.085,14553.338,41017.427,20230912_071749,479183,1851,149831,128
5,KSJT20230912_122154_V06,-2.361,0.696,254.667,358.092,24.140,-100.730,31.109,12070.080,36843.484,20230912_072154,479188,1628,149349,141
5,KSJT20230912_122600_V06,1.739,0.529,257.421,360.220,28.450,-100.715,31.099,14225.058,36875.878,20230912_072600,479194,1750,149145,142
5,KSJT20230912_123006_V06,5.839,0.690,264.478,366.316,24.961,-100.678,31.072,12480.503,37615.329,20230912_073006,479185,1731,148091,108
5,KSJT20230912_123359_V06,9.723,0.308,265.099,367.310,30.288,-100.675,31.067,15144.227,37910.151,20230912_073359,479175,1808,146499,157
15,KSJT20230912_121749_V06,-6.444,0.058,227.480,223.720,13.010,-100.875,31.715,6504.820,52625.652,20230912_071749,479183,1851,149831,128
15,KSJT20230912_122154_V06,-2.361,0.059,228.365,224.485,18.727,-100.870,31.711,9363.315,52043.246,20230912_072154,479188,1628,149349,141
15,KSJT20230912_122600_V06,1.739,0.052,234.867,228.708,16.312,-100.836,31.692,8156.151,48282.501,20230912_072600,479194,1750,149145,142
12,KSJT20230912_121749_V06,-6.444,0.244,404.845,168.104,7.035,-99.938,31.965,3517.273,84245.105,20230912_071749,479183,1851,149831,128
12,KSJT20230912_122154_V06,-2.361,-1.000,404.845,168.104,13.527,-99.938,31.965,6763.523,84245.105,20230912_072154,479188,1628,149349,141
12,KSJT20230912_122600_V06,1.739,0.090,407.005,167.491,15.543,-99.926,31.967,7771.306,85159.822,20230912_072600,479194,1750,149145,142
8,KSJT20230912_121226_V06,-11.827,0.057,241.561,320.984,25.993,-100.799,31.276,12996.372,31046.262,20230912_071226,479177,1871,150108,139
10,KSJT20230912_121749_V06,-6.444,0.284,403.816,142.741,6.666,-99.942,32.079,3333.107,94218.334,20230912_071749,479183,1851,149831,128
10,KSJT20230912_122154_V06,-2.361,-1.000,403.816,142.741,13.159,-99.942,32.079,6579.357,94218.334,20230912_072154,479188,1628,149349,141
10,KSJT20230912_122600_V06,1.739,0.134,408.463,140.438,8.771,-99.918,32.089,4385.544,96467.746,20230912_072600,479194,1750,149145,142
13,KSJT20230912_121749_V06,-6.444,0.075,463.318,263.903,8.147,-99.632,31.531,4073.647,83629.646,20230912_071749,479183,1851,149831,128
34,KSJT20230912_124913_V06,24.956,0.115,271.391,220.892,21.291,-100.643,31.728,10645.271,42061.118,20230912_074913,479204,1730,142861,98
44,KSJT20230912_134020_V06,76.073,0.095,323.898,420.564,22.099,-100.367,30.827,11049.265,61454.920,20230912_084020,479193,285,118021,84
44,KSJT20230912_134404_V06,79.806,-1.000,323.898,420.564,28.035,-100.367,30.827,14017.265,61454.920,20230912_084404,479177,227,114092,66
44,KSJT20230912_134747_V06,83.523,0.062,328.946,427.920,17.662,-100.341,30.794,8831.049,65577.234,20230912_084747,479191,212,111342,52
21,KSJT20230913_130712_V06,42.353,0.058,103.616,167.058,12.458,-101.531,31.966,6229.055,118574.903,20230913_080712,479198,1105,131124,37
8,KSJT20230914_132334_V06,58.132,0.178,31.817,276.473,45.534,-101.903,31.469,22767.124,134606.521,20230914_082334,479184,2106,92966,111
5,KSJT20230915_120751_V06,-18.172,0.105,162.751,212.159,10.664,-101.217,31.765,5331.863,81476.031,20230915_070751,479187,12019,151052,373
10,KSJT20230915_121300_V06,-13.022,0.336,183.198,156.659,30.936,-101.110,32.016,15468.008,92451.518,20230915_071300,479191,12245,148574,322
17,KSJT20230915_122312_V06,-2.822,0.063,369.810,272.974,7.291,-100.125,31.492,3645.416,37429.483,20230915_072312,479194,12344,147605,479
19,KSJT20230915_123345_V06,7.728,0.087,4.041,236.398,5.771,-102.052,31.648,2885.504,151357.890,20230915_073345,479182,11186,149648,268
1,KSJT20230919_122951_V06,1.471,0.096,292.899,162.440,49.987,-100.530,31.991,24993.603,68871.426,20230919_072951,479172,123,110463,95
1,KSJT20230920_133909_V06,70.179,0.059,43.859,214.548,71.095,-101.844,31.749,35547.382,135009.671,20230920_083909,479177,107,93903,81
1,KSJT20230921_113709_V06,-52.415,0.131,277.866,313.411,12.304,-100.608,31.311,6152.176,12939.896,20230921_063709,479186,271,84487,66
5,KSJT20230921_134349_V06,74.252,0.124,201.156,292.007,15.947,-101.012,31.406,7973.690,49583.549,20230921_084349,479198,168,72505,64
1,KSJT20230923_132118_V06,50.544,0.061,414.406,322.699,17.719,-99.892,31.267,8859.341,58318.257,20230923_082118,479176,143,51827,128
2,KSJT20230924_122431_V06,-6.838,0.064,378.635,232.654,14.858,-100.078,31.674,7429.035,51766.256,20230924_072431,479175,132,89144,97
1,KSJT20230927_121915_V06,-13.915,0.063,413.108,324.662,12.980,-99.898,31.259,6490.108,57882.486,20230927_071915,479171,130,75038,91
1,KSJT20230928_125204_V06,18.293,0.169,415.081,328.685,16.591,-99.888,31.240,8295.612,59301.078,20230928_075204,479174,98,61657,90
2,KSJT20230929_132002_V06,45.647,0.071,402.840,275.557,18.097,-99.951,31.480,9048.534,52852.211,20230929_082002,479180,229,69786,209
2,KSJT20230929_132702_V06,52.647,0.275,405.056,271.904,25.255,-99.939,31.497,12627.324,54373.908,20230929_082702,479173,292,71807,262
2,KSJT20230929_133402_V06,59.647,0.117,405.176,257.804,21.214,-99.938,31.560,10607.151,56662.326,20230929_083402,479171,144,74078,123
1,KSJT20230929_130604_V06,31.681,0.296,411.266,330.797,20.330,-99.908,31.231,10164.783,57724.672,20230929_080604,479172,227,66528,218
3,KSJT20230930_133635_V06,61.582,0.467,414.081,323.545,17.166,-99.893,31.264,8582.893,58242.652,20230930_083635,479178,100,39237,81
3,KSJT20230930_134334_V06,68.565,-1.000,414.081,323.545,28.269,-99.893,31.264,14134.643,58242.652,20230930_084334,479170,130,39339,112
3,KSJT20230930_135032_V06,75.532,0.064,413.198,312.864,27.889,-99.898,31.312,13944.412,56963.382,20230930_085032,479175,125,39186,101
2,KSJT20230930_130137_V06,26.615,0.468,410.274,319.826,18.253,-99.913,31.280,9126.625,56021.226,20230930_080137,479171,120,38829,92
1,KSJT20231001_113904_V06,-56.555,0.058,296.663,389.996,5.393,-100.510,30.965,2696.653,45029.062,20231001_063904,479179,145,35904,131
2,KSJT20231001_122059_V06,-14.638,0.057,265.017,198.348,16.901,-100.677,31.829,8450.365,53751.767,20231001_072059,479173,116,29327,101
3,KSJT20231001_130912_V06,33.578,0.116,414.479,320.271,17.104,-99.891,31.278,8551.933,58130.079,20231001_080912,479176,76,36939,75
11,KSJT20231002_134022_V06,64.121,0.121,414.987,324.193,15.151,-99.889,31.261,7575.676,58752.179,20231002_084022,479175,114,47637,98
11,KSJT20231002_134720_V06,71.088,0.109,415.500,328.291,26.864,-99.886,31.242,13431.903,59457.404,20231002_084720,479181,107,48937,101
11,KSJT20231002_140119_V06,85.071,0.368,411.225,308.296,28.973,-99.908,31.332,14486.621,55767.004,20231002_090119,479174,127,51623,111
9,KSJT20231002_131224_V06,36.155,0.050,394.678,292.934,32.215,-99.994,31.402,16107.445,47470.856,20231002_081224,479164,163,48175,135
9,KSJT20231002_131923_V06,43.138,0.490,389.757,289.881,39.431,-100.020,31.416,19715.339,45162.947,20231002_081923,479179,120,48020,105
9,KSJT20231002_132622_V06,50.121,0.442,383.573,275.020,34.333,-100.052,31.483,17166.523,43613.440,20231002_082622,479173,181,45818,162
9,KSJT20231002_133323_V06,57.138,0.434,382.055,273.165,42.751,-100.060,31.491,21375.530,43165.753,20231002_083323,479171,129,46806,105
9,KSJT20231002_134022_V06,64.121,0.101,378.640,254.834,35.988,-100.078,31.574,17994.095,45343.518,20231002_084022,479175,114,47637,98
1,KSJT20231002_114850_V06,-47.412,0.448,413.766,329.123,9.045,-99.895,31.238,4522.297,58717.152,20231002_064850,479170,104,47043,97
4,KSJT20231002_123030_V06,-5.745,0.427,335.568,102.735,7.992,-100.303,32.260,3995.945,100222.784,20231002_073030,479170,129,55822,113
1,KSJT20231003_131236_V06,35.726,0.151,296.304,373.826,20.179,-100.512,31.038,10089.548,36959.366,20231003_081236,479165,145,51274,124
3,KSJT20231005_124143_V06,3.571,0.128,463.065,108.042,33.095,-99.627,32.234,16547.321,125934.576,20231005_074143,479191,951,93572,275
3,KSJT20231005_124601_V06,7.871,0.091,463.215,109.717,38.729,-99.626,32.226,19364.518,125346.256,20231005_074601,479188,847,95158,222
3,KSJT20231005_125019_V06,12.171,0.148,463.082,115.362,38.984,-99.627,32.201,19491.771,123173.534,20231005_075019,479178,596,95056,119
2,KSJT20231005_123725_V06,-0.729,0.095,366.820,268.115,15.412,-100.140,31.514,7705.986,37018.859,20231005_073725,479190,970,91715,243
2,KSJT20231005_124143_V06,3.571,-1.000,366.820,268.115,22.249,-100.140,31.514,11124.486,37018.859,20231005_074143,479191,951,93572,275
2,KSJT20231005_124601_V06,7.871,0.074,361.873,274.257,12.074,-100.167,31.487,6037.239,33507.366,20231005_074601,479188,847,95158,222
1,KSJT20231006_123314_V06,-5.555,0.069,416.300,183.597,30.204,-99.878,31.895,15101.860,82273.073,20231006_073314,479174,130,50771,121
2,KSJT20231006_125030_V06,11.711,0.136,131.775,446.914,12.726,-101.370,30.706,6363.080,111673.038,20231006_075030,479175,63,61679,63
3,KSJT20231006_130746_V06,28.978,0.054,234.633,499.961,15.760,-100.833,30.469,7880.044,105186.847,20231006_080746,479173,77,66442,72
4,KSJT20231006_135055_V06,72.128,0.141,187.419,329.382,11.702,-101.083,31.237,5851.185,58175.829,20231006_085055,479174,68,70822,63
1,KSJT20231007_123859_V06,-0.454,0.289,418.991,186.664,27.651,-99.863,31.881,13825.600,82164.442,20231007_073859,479172,93,73039,83
1,KSJT20231008_133415_V06,54.159,0.099,32.655,439.247,37.031,-101.888,30.736,18515.553,150717.610,20231008_083415,479172,57,99692,39
1,KSJT20231009_122911_V06,-11.568,0.195,295.124,66.501,4.524,-100.518,32.424,2262.238,116775.153,20231009_072911,479169,113,77782,86
1,KSJT20231009_123749_V06,-2.934,0.384,295.974,68.871,12.587,-100.514,32.413,6293.452,115581.874,20231009_073749,479171,157,90017,117
3,KSJT20231009_133814_V06,57.482,0.062,409.168,323.755,11.909,-99.919,31.263,5954.597,55861.278,20231009_083814,479172,66,90724,42
1,KSJT20231011_124334_V06,1.479,0.877,362.179,249.990,14.844,-100.165,31.596,7421.932,39897.237,20231011_074334,479177,121,58231,87
1,KSJT20231011_130035_V06,18.495,0.787,361.562,246.977,18.446,-100.168,31.610,9223.153,40624.463,20231011_080035,479174,176,58201,134
2,KSJT20231011_124334_V06,1.479,0.096,454.177,249.526,9.200,-99.680,31.596,4599.953,81114.411,20231011_074334,479177,121,58231,87
2,KSJT20231011_130035_V06,18.495,0.593,454.243,246.994,19.324,-99.679,31.608,9662.128,81548.333,20231011_080035,479174,176,58201,134
5,KSJT20231011_130904_V06,26.979,0.072,422.982,329.932,15.859,-99.847,31.235,7929.508,63285.930,20231011_080904,479167,151,57396,102
1,KSJT20231012_123013_V06,-12.549,0.120,365.039,233.136,6.909,-100.149,31.672,3454.407,46639.081,20231012_073013,479170,174,66144,149
1,KSJT20231012_123843_V06,-4.049,0.244,363.970,235.525,15.594,-100.155,31.661,7796.990,45412.479,20231012_073843,479172,148,65555,142
1,KSJT20231012_124721_V06,4.585,0.752,365.855,237.192,22.068,-100.145,31.654,11034.054,45502.055,20231012_074721,479170,261,58097,240
1,KSJT20231013_120436_V06,-38.849,0.059,30.602,203.346,51.423,-101.915,31.799,25711.632,143106.236,20231013_070436,479176,242,17953,167
2,KSJT20231013_122150_V06,-21.615,0.065,432.075,265.734,2.104,-99.797,31.524,1051.762,68223.756,20231013_072150,479173,255,30866,177
3,KSJT20231013_123027_V06,-12.999,0.073,360.824,266.684,4.751,-100.172,31.521,2375.660,34675.463,20231013_073027,479175,317,37034,233
4,KSJT20231013_130433_V06,21.101,0.277,58.879,308.719,61.233,-101.759,31.326,30616.724,120639.252,20231013_080433,479177,318,60072,199
5,KSJT20231013_133027_V06,47.001,0.085,135.355,313.380,49.271,-101.357,31.308,24635.303,82594.049,20231013_083027,479182,321,52159,184
6,KSJT20231013_134857_V06,65.501,0.114,170.051,60.261,15.507,-101.183,32.450,7753.452,136346.609,20231013_084857,479190,273,53563,191
1,KSJT20231014_123420_V06,-9.805,0.164,447.867,276.265,6.779,-99.714,31.476,3389.561,74879.940,20231014_073420,479169,130,49692,126
1,KSJT20231014_124240_V06,-1.471,0.220,448.097,280.348,17.252,-99.713,31.457,8626.188,74697.768,20231014_074240,479170,179,69471,158
1,KSJT20231014_125100_V06,6.862,0.610,451.696,294.248,21.757,-99.695,31.395,10878.603,75902.398,20231014_075100,479175,166,75057,152
2,KSJT20231014_123420_V06,-9.805,0.051,375.402,260.326,21.121,-100.095,31.549,10560.593,42601.341,20231014_073420,479169,130,49692,126
1,KSJT20231015_123925_V06,-5.417,0.248,446.851,276.439,16.403,-99.720,31.475,8201.370,74364.768,20231015_073925,479170,176,35596,161
1,KSJT20231023_120745_V06,-42.872,0.064,30.699,294.111,56.506,-101.908,31.390,28252.903,134682.887,20231023_070745,479179,119,215948,98
3,KSJT20231023_125336_V06,2.978,0.166,315.540,290.207,13.080,-100.411,31.415,6539.974,9184.074,20231023_075336,479182,306,216507,220
12,KSJT20231023_141127_V06,80.828,0.225,367.144,149.275,35.508,-100.137,32.050,17753.963,82502.028,20231023_091127,479170,189,222744,121
7,KSJT20231025_134550_V06,53.702,0.064,22.405,285.564,36.836,-101.952,31.428,18418.194,138984.971,20231025_084550,479178,21776,274289,295
1,KSJT20231026_122609_V06,-26.746,0.090,26.945,238.607,53.685,-101.931,31.640,26842.598,139935.581,20231026_072609,479176,58,51544,53
2,KSJT20231026_123927_V06,-13.446,0.084,414.542,327.384,12.029,-99.891,31.246,6014.679,58885.032,20231026_073927,479176,134,61670,97
3,KSJT20231028_120212_V06,-52.243,0.141,236.815,70.092,11.296,-100.828,32.407,5647.837,119216.176,20231028_070212,479195,28,111251,7
6,KSJT20231028_131729_V06,23.040,0.086,279.325,357.093,20.359,-100.601,31.114,10179.436,30360.727,20231028_081729,479180,32,66041,27
7,KSJT20231029_131848_V06,23.574,0.072,228.625,132.724,30.836,-100.870,32.125,15418.205,90933.657,20231029_081848,479174,2071,120195,151
7,KSJT20231029_132224_V06,27.174,0.054,227.931,116.095,23.364,-100.874,32.200,11682.079,98760.897,20231029_082224,479184,2218,121302,129
5,KSJT20231030_134047_V06,44.768,0.183,274.038,220.400,17.435,-100.629,31.730,8717.392,41863.299,20231030_084047,479189,127,53280,103
1,KSJT20231102_120232_V06,-55.889,0.089,398.382,116.265,9.855,-99.971,32.199,4927.425,104208.584,20231102_070232,479173,207,34251,171
1,KSJT20231105_140412_V06,63.316,0.114,407.177,118.190,4.177,-99.924,32.190,2088.406,105524.507,20231105_080412,479166,171,31939,139
1,KSJT20231106_130818_V06,6.584,0.232,332.020,290.831,26.001,-100.324,31.412,13000.557,16653.213,20231106_070818,479175,240,38766,212
1,KSJT20231108_133834_V06,35.172,0.075,185.161,159.253,2.527,-101.100,32.004,1263.422,90826.235,20231108_073834,479187,273,49666,193
2,KSJT20231108_134903_V06,45.655,0.082,165.505,328.104,13.716,-101.198,31.242,6857.906,68700.198,20231108_074903,479195,531,53581,402
3,KSJT20231110_132148_V06,16.708,0.069,74.274,329.877,74.567,-101.677,31.231,37283.592,113847.209,20231110_072148,479167,178,49883,154
4,KSJT20231110_140241_V06,57.592,0.090,414.697,327.485,17.351,-99.890,31.246,8675.726,58972.071,20231110_080241,479172,127,50274,115
2,KSJT20231111_132832_V06,22.587,0.051,273.677,387.812,21.603,-100.630,30.975,10801.279,45836.476,20231111_072832,479166,112,50339,98
3,KSJT20231114_122809_V06,-40.378,0.074,399.709,107.277,13.925,-99.963,32.239,6962.452,108494.045,20231114_062809,479168,106,43510,42
3,KSJT20231114_123508_V06,-33.395,0.132,399.658,108.195,20.366,-99.964,32.235,10182.796,108075.304,20231114_063508,479170,116,41950,59
1,KSJT20231114_121409_V06,-54.378,0.106,410.335,316.125,8.598,-99.913,31.297,4298.908,55753.685,20231114_061409,479175,70,52937,9
4,KSJT20231114_124910_V06,-19.362,0.394,423.798,262.768,14.562,-99.840,31.537,7280.819,64637.657,20231114_064910,479172,80,37757,60
5,KSJT20231114_124910_V06,-19.362,0.139,289.295,424.999,6.936,-100.548,30.807,3467.890,62728.314,20231114_064910,479172,80,37757,60
1,KSJT20231115_124038_V06,-28.760,0.358,369.635,323.019,6.595,-100.127,31.267,3297.531,36670.520,20231115_064038,479173,27,26337,16
1,KSJT20231117_124612_V06,-24.928,0.236,289.001,420.213,7.930,-100.550,30.829,3964.804,60357.636,20231117_064612,479177,188,51111,176
3,KSJT20231117_131414_V06,3.105,0.059,261.925,410.169,30.875,-100.691,30.874,15437.662,58281.394,20231117_071414,479177,342,52075,309
4,KSJT20231117_131414_V06,3.105,0.058,399.025,358.436,13.862,-99.973,31.107,6930.944,57490.652,20231117_071414,479177,342,52075,309
8,KSJT20231119_124038_V06,-32.231,0.060,356.916,298.564,14.584,-100.193,31.377,7292.107,28467.151,20231119_064038,479198,772,55481,77
10,KSJT20231119_131920_V06,6.469,0.083,260.667,160.221,6.058,-100.700,32.001,3029.140,72603.792,20231119_071920,479198,1066,69815,108
3,KSJT20231120_131357_V06,0.219,0.093,402.046,171.906,26.578,-99.953,31.948,13288.853,81886.124,20231120_071357,479192,385,58610,289
3,KSJT20231120_131734_V06,3.836,0.054,401.136,172.841,32.349,-99.957,31.943,16174.597,81237.063,20231120_071734,479178,289,58229,179
5,KSJT20231120_133915_V06,25.519,0.162,437.349,185.512,67.059,-99.766,31.885,33529.385,89403.917,20231120_073915,479186,458,55047,385
5,KSJT20231120_134252_V06,29.136,0.415,435.569,182.674,69.940,-99.776,31.898,34970.176,89644.212,20231120_074252,479195,610,54252,546
5,KSJT20231120_134622_V06,32.636,0.126,425.099,175.928,61.086,-99.831,31.929,30543.247,88095.996,20231120_074622,479195,512,55536,422
1,KSJT20231120_123453_V06,-38.848,0.077,398.433,108.970,12.975,-99.970,32.231,6487.358,107449.501,20231120_063453,479172,250,53041,214
2,KSJT20231120_130306_V06,-10.631,0.243,80.100,386.918,7.819,-101.643,30.974,3909.704,118227.305,20231120_070306,479185,477,61443,382
4,KSJT20231120_132111_V06,7.452,0.209,489.066,237.547,6.788,-99.496,31.649,3393.860,99557.089,20231120_072111,479172,276,57454,171
8,KSJT20231120_141126_V06,57.702,0.106,43.902,346.329,7.602,-101.835,31.155,3801.238,130127.393,20231120_081126,479199,967,69245,677
1,KSJT20231121_130314_V06,-11.363,0.080,283.678,394.322,25.764,-100.578,30.946,12881.836,47861.913,20231121_070314,479168,207,29714,174
4,KSJT20231123_131608_V06,-0.188,0.128,307.480,292.503,23.024,-100.453,31.405,11511.772,5295.190,20231123_071608,479187,289,25064,221
4,KSJT20231123_131932_V06,3.212,-1.000,307.480,292.503,28.430,-100.453,31.405,14214.772,5295.190,20231123_071932,479200,264,25533,176
4,KSJT20231123_132301_V06,6.696,0.130,314.618,288.850,31.261,-100.415,31.421,15630.481,9192.617,20231123_072301,479190,245,26010,163
1,KSJT20231123_122231_V06,-53.804,0.110,396.579,108.902,14.909,-99.980,32.232,7454.449,107058.580,20231123_062231,479171,308,35340,253
2,KSJT20231123_122231_V06,-53.804,0.053,88.864,396.257,9.388,-101.597,30.932,4693.809,116021.472,20231123_062231,479171,308,35340,253
3,KSJT20231123_124919_V06,-27.004,0.237,289.996,422.239,10.487,-100.544,30.820,5243.362,61324.012,20231123_064919,479171,320,23407,251
1,KSJT20231124_132100_V06,3.821,0.407,301.556,298.254,24.682,-100.484,31.379,12340.965,1169.374,20231124_072100,479172,334,11657,310
5,KSJT20231125_133628_V06,18.433,0.062,217.284,114.643,31.098,-100.931,32.206,15548.761,101487.942,20231125_073628,479169,132,59242,120
1,KSJT20231130_122641_V06,-55.549,0.058,418.540,333.029,13.127,-99.870,31.221,6563.469,61527.854,20231130_062641,479181,131,41356,90
2,KSJT20231130_123006_V06,-52.133,0.054,282.903,366.336,11.316,-100.582,31.072,5658.142,34251.909,20231130_063006,479177,127,41858,87
3,KSJT20231130_134703_V06,24.817,0.090,277.072,366.931,18.163,-100.612,31.069,9081.715,35374.398,20231130_074703,479201,97,40365,85
1,KSJT20231201_134031_V06,17.463,0.101,177.695,324.999,6.925,-101.134,31.257,3462.559,62416.880,20231201_074031,479168,107,19045,85
1,KSJT20231203_122907_V06,-55.555,0.202,397.846,107.358,14.459,-99.973,32.239,7229.397,108033.456,20231203_062907,479186,390,26459,313
2,KSJT20231203_124333_V06,-41.121,0.054,396.389,108.615,17.068,-99.981,32.233,8533.798,107143.750,20231203_064333,479177,567,31683,427
3,KSJT20231203_130136_V06,-23.071,0.089,255.760,307.763,6.399,-100.725,31.336,3199.732,22457.803,20231203_070136,479187,414,22454,315
1,KSJT20231205_130119_V06,-24.936,0.082,367.292,318.826,7.683,-100.139,31.286,3841.438,34937.959,20231205_070119,479170,109,10490,77
1,KSJT20231206_122853_V06,-58.144,0.088,397.796,111.277,9.646,-99.974,32.221,4822.815,106278.385,20231206_062853,479174,117,16847,70
2,KSJT20231206_130333_V06,-23.477,0.530,365.167,314.991,6.935,-100.150,31.303,3467.350,33434.296,20231206_070333,479173,224,10883,167
1,KSJT20231207_123058_V06,-56.824,0.065,415.165,339.355,17.702,-99.888,31.192,8850.994,60851.780,20231207_063058,479171,116,30150,65
2,KSJT20231207_143914_V06,71.443,0.067,271.761,397.118,18.619,-100.640,30.933,9309.425,50569.925,20231207_083914,479173,101,26077,84
3,KSJT20231208_132955_V06,1.375,0.054,262.743,398.230,29.775,-100.687,30.928,14887.711,52528.978,20231208_072955,479170,271,47318,210
3,KSJT20231208_133646_V06,8.225,0.099,263.998,388.463,24.057,-100.681,30.972,12028.446,47754.274,20231208_073646,479175,212,46694,184
1,KSJT20231209_124301_V06,-46.263,0.083,244.346,178.487,8.552,-100.786,31.919,4276.035,66826.010,20231209_064301,479166,244,25865,161
1,KSJT20231210_123531_V06,-54.487,0.207,275.506,385.224,13.648,-100.620,30.987,6824.060,44337.261,20231210_063531,479167,199,18958,138
3,KSJT20231210_130335_V06,-26.420,0.056,369.737,303.914,17.828,-100.126,31.353,8913.921,34923.202,20231210_070335,479169,193,14093,154
4,KSJT20231210_141345_V06,43.746,0.129,273.106,395.397,25.205,-100.633,30.941,12602.568,49557.586,20231210_081345,479173,281,15449,258
1,KSJT20231211_130432_V06,-26.180,0.067,254.375,307.851,6.612,-100.732,31.335,3305.775,23147.985,20231211_070432,479173,183,10837,115
1,KSJT20231212_130515_V06,-26.158,0.215,362.324,315.003,7.686,-100.165,31.303,3843.102,32052.114,20231212_070515,479174,121,12251,105
3,KSJT20231214_141250_V06,40.087,0.086,275.023,306.029,14.574,-100.623,31.344,7286.976,12846.987,20231214_081250,479175,104,106142,48
7,KSJT20231215_134426_V06,11.043,0.142,320.394,269.078,14.481,-100.385,31.511,7240.368,18520.794,20231215_074426,479194,458,161659,96
7,KSJT20231215_134808_V06,14.743,0.194,321.928,268.252,19.227,-100.377,31.514,9613.629,19292.278,20231215_074808,479203,483,158516,84
1,KSJT20231216_124436_V06,-49.414,0.157,397.596,107.128,14.694,-99.974,32.240,7347.130,108079.280,20231216_064436,479172,253,23401,177
3,KSJT20231219_131317_V06,-22.485,0.079,253.597,306.143,7.188,-100.736,31.343,3593.822,23404.014,20231219_071317,479168,281,12660,254
3,KSJT20231219_132011_V06,-15.585,0.063,256.008,305.501,17.936,-100.723,31.346,8968.004,22167.449,20231219_072011,479167,370,12909,340
1,KSJT20231219_124512_V06,-50.569,0.067,246.804,175.028,6.812,-100.773,31.934,3405.945,67911.161,20231219_064512,479177,272,19489,221
2,KSJT20231219_125214_V06,-43.535,0.090,280.252,395.092,22.027,-100.596,30.942,11013.485,48560.234,20231219_065214,479166,247,18619,220
1,KSJT20231220_131850_V06,-17.478,0.057,263.306,317.168,15.828,-100.685,31.294,7914.047,20255.976,20231220_071850,479176,138,11425,123
1,KSJT20231221_124353_V06,-52.949,0.080,22.882,267.791,29.480,-101.951,31.508,14740.118,139491.867,20231221_064353,479198,70,247508,48
1,KSJT20231221_124823_V06,-48.449,0.078,23.981,265.309,35.057,-101.945,31.519,17528.524,139095.104,20231221_064823,479195,61,249144,42
7,KSJT20231221_145402_V06,77.201,0.282,25.037,275.691,32.879,-101.939,31.473,16439.720,138017.920,20231221_085402,479195,126,255552,84
1,KSJT20231223_124616_V06,-51.538,0.060,416.466,325.759,13.063,-99.881,31.253,6531.490,59640.206,20231223_064616,479172,130,49417,125
2,KSJT20231223_131309_V06,-24.655,0.244,296.029,245.173,6.483,-100.513,31.618,3241.467,27485.337,20231223_071309,479165,192,28293,175
1,KSJT20231225_131437_V06,-24.067,0.160,253.740,307.273,6.628,-100.735,31.338,3314.085,23414.354,20231225_071437,479173,175,11763,145
1,KSJT20231226_131137_V06,-27.469,0.108,256.118,307.773,9.171,-100.723,31.336,4585.598,22282.594,20231226_071137,479173,176,10572,132
1,KSJT20231229_133946_V06,-0.376,0.051,306.749,295.421,27.997,-100.457,31.392,13998.642,4077.645,20231229_073946,479170,258,9870,226
1,KSJT20231230_130623_V06,-34.060,0.310,25.470,182.350,39.585,-101.943,31.893,19792.593,149338.584,20231230_070623,479170,312,18148,214
1,KSJT20231230_131326_V06,-27.010,0.072,26.423,183.527,49.671,-101.938,31.888,24835.367,148669.231,20231230_071326,479168,356,17448,242
2,KSJT20231230_131326_V06,-27.010,0.189,254.096,307.326,8.279,-100.733,31.338,4139.624,23242.447,20231230_071326,479168,356,17448,242
3,KSJT20231230_131326_V06,-27.010,0.114,431.631,261.545,8.017,-99.799,31.543,4008.446,68566.672,20231230_071326,479168,356,17448,242
4,KSJT20231230_140937_V06,29.173,0.107,30.596,166.907,47.810,-101.917,31.963,23905.106,150243.167,20231230_080937,479171,215,19645,137
5,KSJT20231230_141638_V06,36.190,0.066,147.287,228.901,18.293,-101.298,31.689,9146.439,84226.299,20231230_081638,479176,245,19561,187
6,KSJT20231230_145147_V06,71.340,0.078,400.733,101.976,16.860,-99.958,32.263,8430.195,111086.214,20231230_085147,479171,203,23320,136
1,KSJT20231231_131601_V06,-24.701,0.078,254.680,306.489,6.769,-100.730,31.342,3384.642,22891.304,20231231_071601,479169,170,14556,123
