track_id,filename,from_sunrise,det_score,x,y,r,lon,lat,radius,geo_dist,local_time,n_radar_pixels,n_refAbove40_pixels,n_xcorrAbove0.95_pixels,n_xcorrBelow0.95_refAbove40_pixels
3,KGGW20160609_110116_V06,-5.094,0.107,284.745,211.632,6.396,-106.728,48.604,3198.246,44837.538,20160609_050116,479168,40,74235,2
4,KGGW20160609_110116_V06,-5.094,0.086,419.669,85.115,13.911,-105.804,49.170,6955.425,122980.162,20160609_050116,479168,40,74235,2
5,KGGW20160609_110116_V06,-5.094,0.066,316.998,158.455,31.147,-106.508,48.843,15573.563,71280.992,20160609_050116,479168,40,74235,2
3,KGGW20160610_101423_V06,-51.716,0.065,218.635,432.631,7.670,-107.165,47.609,3835.203,77799.519,20160610_041423,479170,22,35214,11
10,KGGW20160610_114750_V06,41.734,0.293,245.106,404.832,31.066,-106.990,47.734,15532.997,59167.583,20160610_054750,479175,10,35744,2
2,KGGW20160615_102852_V06,-36.585,0.076,27.254,507.713,41.015,-108.426,47.258,20507.519,171417.002,20160615_042852,479173,5,31004,0
3,KGGW20160615_113701_V06,31.565,0.182,28.467,242.862,39.120,-108.460,48.449,19560.020,138739.752,20160615_053701,479170,3,29525,1
4,KGGW20160615_113701_V06,31.565,0.067,333.803,182.390,36.816,-106.394,48.735,18408.211,61185.592,20160615_053701,479170,3,29525,1
5,KGGW20160618_122335_V06,77.996,0.181,387.271,54.802,58.311,-106.024,49.307,29155.476,130132.847,20160618_062335,479179,13,61571,3
5,KGGW20160618_122735_V06,81.996,0.064,388.154,55.769,63.730,-106.018,49.303,31864.853,129826.555,20160618_062735,479172,15,58517,3
12,KGGW20160619_112623_V06,20.665,0.061,315.129,390.906,33.017,-106.523,47.798,16508.627,46078.120,20160619_052623,479172,0,53518,0
12,KGGW20160619_113211_V06,26.465,0.081,316.647,387.254,38.750,-106.513,47.814,19375.038,44413.930,20160619_053211,479176,3,54541,2
16,KGGW20160619_120711_V06,61.465,0.051,392.374,204.853,20.114,-105.998,48.633,10056.877,66306.234,20160619_060711,479176,0,91602,0
16,KGGW20160619_121656_V06,71.215,0.060,403.904,218.308,33.455,-105.920,48.572,16727.374,66086.238,20160619_061656,479177,2,94883,1
6,KGGW20160619_104448_V06,-20.919,0.067,43.146,423.698,65.895,-108.333,47.637,32947.479,142543.898,20160619_044448,479172,0,46941,0
8,KGGW20160619_105934_V06,-6.152,0.051,42.362,392.143,80.421,-108.343,47.779,40210.415,136809.859,20160619_045934,479175,0,53331,0
11,KGGW20160619_112623_V06,20.665,0.086,414.237,60.844,60.031,-105.839,49.279,30015.617,132519.579,20160619_052623,479172,0,53518,0
1,KGGW20160623_105249_V06,-13.853,0.078,379.641,381.914,38.085,-106.092,47.837,19042.582,57124.193,20160623_045249,479169,2,31806,1
9,KGGW20160624_104330_V06,-23.512,0.148,278.595,365.373,25.404,-106.767,47.912,12702.057,34394.217,20160624_044330,479179,4004,118541,181
2,KGGW20160625_105945_V06,-7.645,0.339,29.534,276.763,52.990,-108.447,48.296,26494.904,135731.015,20160625_045945,479174,1,34846,1
2,KGGW20160625_110441_V06,-2.712,0.379,30.586,272.389,59.186,-108.441,48.316,29593.009,135412.358,20160625_050441,479176,10,33844,2
2,KGGW20160625_110936_V06,2.205,0.354,34.337,258.567,59.316,-108.417,48.379,29657.913,134437.067,20160625_050936,479175,0,34906,0
2,KGGW20160625_111432_V06,7.138,0.150,37.101,248.723,60.097,-108.400,48.423,30048.490,133926.634,20160625_051432,479174,1,36305,1
2,KGGW20160625_111928_V06,12.072,0.068,46.029,246.381,69.900,-108.340,48.435,34949.944,129784.669,20160625_051928,479176,0,38082,0
5,KGGW20160625_115856_V06,51.538,0.054,35.981,291.280,46.871,-108.401,48.232,23435.726,132081.453,20160625_055856,479176,3,50912,1
5,KGGW20160625_120351_V06,56.455,0.093,36.612,291.499,53.193,-108.397,48.231,26596.740,131762.380,20160625_060351,479167,4,52996,1
5,KGGW20160625_120847_V06,61.388,0.100,42.872,289.090,54.094,-108.355,48.242,27047.163,128679.869,20160625_060847,479169,0,54137,0
5,KGGW20160625_121343_V06,66.322,0.063,52.187,279.103,58.444,-108.294,48.288,29222.183,124346.443,20160625_061343,479167,3,55765,0
5,KGGW20160625_121838_V06,71.238,0.057,59.987,263.818,68.352,-108.244,48.358,34175.900,121362.640,20160625_061838,479171,2,56935,1
5,KGGW20160625_122333_V06,76.155,-1.000,67.789,251.434,76.001,-108.193,48.414,38000.679,118617.569,20160625_062333,479176,5,59803,0
5,KGGW20160625_122829_V06,81.088,0.055,50.561,300.970,43.206,-108.302,48.190,21603.146,124720.356,20160625_062829,479176,3,62062,1
2,KGGW20160627_115821_V06,50.068,0.112,26.316,397.512,49.080,-108.449,47.753,24539.766,145268.502,20160627_055821,479175,14,15613,2
3,KGGW20160627_115821_V06,50.068,0.092,23.636,345.052,19.886,-108.476,47.989,9943.126,140005.905,20160627_055821,479175,14,15613,2
9,KGGW20160629_121736_V06,68.275,0.056,280.687,210.440,41.046,-106.755,48.609,20522.839,45809.412,20160629_061736,479178,109,52535,16
10,KGGW20160629_123121_V06,82.025,0.106,175.235,203.492,4.679,-107.471,48.637,2339.712,78867.335,20160629_063121,479182,223,50808,22
3,KGGW20160630_112820_V06,18.430,0.098,280.297,357.713,31.358,-106.756,47.947,15678.919,30492.069,20160630_052820,479178,5,36770,2
3,KGGW20160630_113804_V06,28.163,0.125,281.565,362.672,39.119,-106.748,47.925,19559.504,32663.465,20160630_053804,479174,2,35028,1
3,KGGW20160630_114748_V06,37.896,0.057,255.455,361.731,38.876,-106.922,47.928,19438.232,38062.448,20160630_054748,479184,1,32401,1
1,KGGW20160630_104923_V06,-20.520,0.137,289.246,401.332,32.633,-106.696,47.751,16316.393,50950.733,20160630_044923,479180,2,39968,0
2,KGGW20160630_105907_V06,-10.787,0.052,402.042,376.273,32.628,-105.942,47.861,16313.805,63698.656,20160630_045907,479177,1,34344,0
16,KGGW20160703_122601_V06,74.159,0.070,367.694,66.562,41.423,-106.159,49.255,20711.273,121527.515,20160703_062601,479186,964,153946,91
16,KGGW20160703_123053_V06,79.026,0.173,368.449,65.587,47.379,-106.154,49.259,23689.293,122101.093,20160703_063053,479179,1040,146077,132
1,KGGW20160705_103619_V06,-37.016,0.094,341.188,408.205,20.345,-106.350,47.719,10172.474,57889.534,20160705_043619,479178,114,84087,3
7,KGGW20160707_113251_V06,17.914,0.375,418.449,357.992,8.932,-105.831,47.943,4465.910,65941.512,20160707_053251,479181,21,43099,3
6,KGGW20160710_114748_V06,30.233,0.123,187.052,298.663,23.890,-107.384,48.210,11945.173,56477.968,20160710_054748,479165,4,103639,2
8,KGGW20160710_115307_V06,35.550,0.107,32.489,441.863,54.126,-108.401,47.555,27062.946,151399.296,20160710_055307,479171,16,108504,4
10,KGGW20160710_123755_V06,80.350,0.192,191.697,327.508,44.201,-107.351,48.080,22100.639,55870.940,20160710_063755,479178,49,98205,1
14,KGGW20160712_121926_V06,59.975,0.057,267.301,20.928,21.499,-106.850,49.461,10749.725,140490.421,20160712_061926,479181,61,73970,2
6,KGGW20160713_113049_V06,10.373,0.126,23.769,123.254,19.553,-108.511,48.986,9776.462,163968.205,20160713_053049,479173,14,57668,11
6,KGGW20160713_114034_V06,20.123,0.227,26.268,121.401,32.009,-108.495,48.994,16004.545,163422.116,20160713_054034,479174,2,51572,1
1,KGGW20160713_104208_V06,-38.310,0.082,166.597,341.735,15.909,-107.518,48.015,7954.338,69889.514,20160713_044208,479177,0,53830,0
2,KGGW20160713_105153_V06,-28.560,0.053,59.000,258.952,32.216,-108.251,48.379,16108.250,122235.104,20160713_045153,479177,2,58061,2
7,KGGW20160713_113049_V06,10.373,0.119,201.557,47.529,4.722,-107.301,49.340,2360.800,135492.540,20160713_053049,479173,14,57668,11
2,KGGW20160714_120649_V06,45.364,0.098,427.514,301.605,15.359,-105.767,48.196,7679.394,63762.087,20160714_060649,479170,63,30998,3
2,KGGW20160714_121144_V06,50.281,0.198,428.701,302.106,21.069,-105.759,48.194,10534.250,64359.287,20160714_061144,479174,61,30466,6
2,KGGW20160714_121640_V06,55.214,0.058,433.754,304.767,16.692,-105.725,48.181,8346.214,66919.566,20160714_061640,479175,51,29666,6
1,KGGW20160714_105259_V06,-28.469,0.210,394.366,403.979,29.213,-105.995,47.737,14606.321,70207.550,20160714_045259,479176,26,56921,1
5,KGGW20160718_105825_V06,-27.299,0.112,43.093,155.400,65.103,-108.374,48.843,32551.441,147402.799,20160718_045825,479169,3079,110920,80
5,KGGW20160718_110413_V06,-21.499,-1.000,43.093,155.400,74.325,-108.374,48.843,37162.441,147402.799,20160718_050413,479174,3249,111917,150
5,KGGW20160718_111002_V06,-15.682,0.136,50.832,153.954,71.644,-108.322,48.851,35822.082,144407.486,20160718_051002,479176,3022,112808,82
5,KGGW20160718_111552_V06,-9.849,0.214,57.173,166.095,66.703,-108.277,48.797,33351.500,138649.980,20160718_051552,479173,2570,116644,52
5,KGGW20160718_112141_V06,-4.032,0.344,61.267,170.219,66.679,-108.248,48.779,33339.470,135864.157,20160718_052141,479172,2330,115490,46
5,KGGW20160718_112730_V06,1.785,0.124,65.296,174.016,69.527,-108.220,48.762,34763.544,133189.854,20160718_052730,479178,2519,112176,119
5,KGGW20160718_113319_V06,7.601,0.130,71.134,178.075,68.965,-108.180,48.744,34482.327,129658.738,20160718_053319,479165,1959,116755,57
5,KGGW20160718_113907_V06,13.401,-1.000,76.460,182.166,69.124,-108.143,48.726,34561.866,126347.695,20160718_053907,479179,1985,122399,39
5,KGGW20160718_114456_V06,19.218,0.161,92.892,179.681,68.167,-108.032,48.739,34083.349,119760.320,20160718_054456,479172,2890,125988,67
5,KGGW20160718_115044_V06,25.018,-1.000,103.697,180.519,67.774,-107.959,48.736,33887.140,114902.946,20160718_055044,479176,2984,126697,66
5,KGGW20160718_115633_V06,30.835,0.099,110.821,175.155,65.487,-107.911,48.761,32743.623,113330.343,20160718_055633,479168,2487,130416,25
1,KGGW20160718_104059_V06,-44.732,0.145,215.506,232.558,29.629,-107.196,48.508,14814.545,54054.802,20160718_044059,479177,4094,97345,363
1,KGGW20160718_104647_V06,-38.932,0.105,220.693,230.753,35.443,-107.161,48.517,17721.621,52641.924,20160718_044647,479172,4225,101605,323
2,KGGW20160718_104059_V06,-44.732,0.062,240.302,332.678,16.160,-107.025,48.059,8080.229,34028.470,20160718_044059,479177,4094,97345,363
3,KGGW20160718_104647_V06,-38.932,0.086,431.267,514.564,19.291,-105.757,47.238,9645.446,125766.204,20160718_044647,479172,4225,101605,323
6,KGGW20160718_110413_V06,-21.499,0.138,46.033,150.447,57.798,-108.355,48.866,28899.036,147364.824,20160718_050413,479174,3249,111917,150
1,KGGW20160721_102944_V06,-59.391,0.734,146.564,408.620,12.266,-107.647,47.713,6132.788,93995.898,20160721_042944,479166,13,59902,11
1,KGGW20160721_103439_V06,-54.474,0.288,148.042,407.945,19.280,-107.637,47.716,9640.224,93198.064,20160721_043439,479173,13,60148,11
4,KGGW20160721_103439_V06,-54.474,0.058,30.195,205.641,52.836,-108.454,48.616,26417.986,142914.730,20160721_043439,479173,13,60148,11
4,KGGW20160721_103934_V06,-49.558,0.070,29.649,203.034,58.607,-108.458,48.628,29303.711,143606.973,20160721_043934,479179,17,62059,2
5,KGGW20160721_103934_V06,-49.558,0.065,7.125,285.184,10.606,-108.596,48.256,5303.188,146624.784,20160721_043934,479179,17,62059,2
7,KGGW20160721_105447_V06,-34.341,0.061,446.700,313.277,10.975,-105.639,48.142,5487.396,73649.838,20160721_045447,479169,39,58881,13
10,KGGW20160722_121722_V06,47.070,0.164,215.080,201.496,23.850,-107.200,48.648,11925.056,65027.580,20160722_061722,479172,21,56903,3
10,KGGW20160722_122311_V06,52.887,0.105,218.965,200.337,30.965,-107.174,48.653,15482.722,64225.095,20160722_062311,479181,13,55936,2
10,KGGW20160722_122900_V06,58.704,0.070,232.168,193.332,31.921,-107.085,48.685,15960.670,63204.321,20160722_062900,479171,18,54833,11
10,KGGW20160722_123448_V06,64.504,0.187,253.211,183.121,25.278,-106.942,48.731,12639.042,62948.093,20160722_063448,479166,30,53631,0
2,KGGW20160722_103314_V06,-57.063,0.101,20.690,241.017,14.062,-108.512,48.456,7031.009,142734.684,20160722_043314,479172,2,65917,0
4,KGGW20160722_103314_V06,-57.063,0.052,148.507,148.450,11.072,-107.657,48.883,5536.234,107141.893,20160722_043314,479172,2,65917,0
6,KGGW20160722_110809_V06,-22.146,0.196,30.075,281.578,30.711,-108.443,48.275,15355.575,135276.344,20160722_050809,479176,5,61018,1
3,KGGW20160723_103919_V06,-52.168,0.051,421.998,170.846,26.057,-105.794,48.784,13028.305,88831.861,20160723_043919,479180,16,70101,0
6,KGGW20160723_104907_V06,-42.368,0.098,295.922,159.844,27.669,-106.652,48.837,13834.709,70107.446,20160723_044907,479176,16,68585,2
1,KGGW20160725_123032_V06,56.624,0.115,334.121,187.626,3.314,-106.392,48.711,1656.761,58720.011,20160725_063032,479179,23,35869,10
1,KGGW20160725_124016_V06,66.358,0.094,334.684,188.472,12.314,-106.389,48.708,6156.752,58398.209,20160725_064016,479172,15,34534,9
2,KGGW20160726_122828_V06,53.324,0.053,179.115,132.432,7.938,-107.449,48.957,3968.941,103310.484,20160726_062828,479177,2226,65864,286
1,KGGW20160730_115231_V06,12.314,0.084,298.022,125.644,33.655,-106.638,48.990,16827.423,87183.433,20160730_055231,479182,4,52809,2
1,KGGW20160730_120214_V06,22.031,0.095,301.232,122.404,42.358,-106.616,49.005,21178.998,88800.280,20160730_060214,479170,29,51177,9
3,KGGW20160801_114329_V06,0.687,0.055,427.730,477.435,15.510,-105.778,47.405,7755.086,109313.898,20160801_054329,479177,13,80596,3
3,KGGW20160801_114714_V06,4.437,0.094,428.711,477.819,21.278,-105.772,47.404,10638.909,109756.779,20160801_054714,479168,15,80174,7
4,KGGW20160801_122822_V06,45.570,0.058,431.074,482.880,35.163,-105.756,47.381,17581.467,112500.379,20160801_062822,479182,14,65423,5
5,KGGW20160801_124704_V06,64.270,0.099,422.835,496.736,28.715,-105.812,47.319,14357.596,115966.934,20160801_064704,479172,21,65129,8
1,KGGW20160803_120504_V06,19.642,0.076,29.819,401.451,55.645,-108.425,47.736,27822.382,144300.008,20160803_060504,479177,8,69320,3
1,KGGW20160806_114051_V06,-8.570,0.121,31.378,531.810,36.773,-108.395,47.150,18386.618,177407.404,20160806_054051,479177,5,37121,2
2,KGGW20160807_115811_V06,7.421,0.113,415.519,295.024,46.921,-105.847,48.226,23460.560,57812.894,20160807_055811,479175,0,50774,0
2,KGGW20160807_120305_V06,12.321,0.151,414.458,294.536,52.585,-105.854,48.228,26292.638,57294.118,20160807_060305,479170,0,51225,0
2,KGGW20160807_120800_V06,17.238,0.153,416.182,297.527,53.342,-105.842,48.215,26671.237,58104.014,20160807_060800,479175,4,51343,1
2,KGGW20160807_121256_V06,22.171,0.138,417.532,299.590,53.693,-105.834,48.206,26846.385,58766.308,20160807_061256,479180,7,50693,0
2,KGGW20160807_121750_V06,27.071,0.104,413.689,301.025,50.509,-105.859,48.199,25254.345,56846.969,20160807_061750,479172,4,50743,1
2,KGGW20160807_122245_V06,31.988,-1.000,411.628,302.702,48.739,-105.873,48.192,24369.646,55830.592,20160807_062245,479172,2,50674,1
2,KGGW20160807_122739_V06,36.888,0.069,413.811,299.740,52.186,-105.859,48.205,26092.888,56905.662,20160807_062739,479177,6,50370,1
3,KGGW20160809_115307_V06,-0.345,0.319,141.632,39.964,39.146,-107.714,49.370,19572.800,152232.699,20160809_055307,479171,4,53904,0
3,KGGW20160809_115856_V06,5.472,0.166,143.657,39.424,45.708,-107.701,49.373,22854.242,151939.803,20160809_055856,479171,4,53355,3
3,KGGW20160809_120444_V06,11.272,0.213,159.505,38.313,39.010,-107.592,49.379,19505.117,148508.306,20160809_060444,479175,23,51982,0
2,KGGW20160810_114600_V06,-8.817,0.235,215.277,65.185,59.088,-107.206,49.261,29544.147,124816.180,20160810_054600,479180,1154,47213,112
1,KGGW20160812_120356_V06,6.397,0.051,28.016,126.468,30.474,-108.482,48.972,15237.194,161313.832,20160812_060356,479178,100,79209,3
1,KGGW20160813_111612_V06,-42.700,0.073,60.065,305.774,6.184,-108.237,48.169,3091.892,120002.057,20160813_051612,479173,2,35039,0
1,KGGW20160814_114243_V06,-17.549,0.051,284.244,159.377,16.877,-106.731,48.839,8438.457,70751.717,20160814_054243,479172,1,38481,0
1,KGGW20160814_115226_V06,-7.832,-1.000,284.244,159.377,32.326,-106.731,48.839,16163.207,70751.717,20160814_055226,479173,0,49233,0
1,KGGW20160814_120210_V06,1.901,0.121,292.397,167.711,35.707,-106.676,48.801,17853.338,66253.615,20160814_060210,479180,0,53024,0
1,KGGW20160814_121155_V06,11.651,0.349,284.738,152.553,49.857,-106.728,48.869,24928.682,74117.628,20160814_061155,479174,5,52696,2
1,KGGW20160814_122140_V06,21.401,0.236,285.942,144.113,52.169,-106.720,48.907,26084.337,78259.961,20160814_062140,479172,3,50360,3
1,KGGW20160814_123123_V06,31.118,0.054,288.702,129.387,65.399,-106.701,48.973,32699.703,85493.323,20160814_063123,479176,6,50704,2
2,KGGW20160814_121155_V06,11.651,0.276,22.015,351.343,23.265,-108.485,47.960,11632.380,141343.350,20160814_061155,479174,5,52696,2
2,KGGW20160814_122140_V06,21.401,0.150,22.789,356.999,33.748,-108.479,47.935,16873.787,141504.999,20160814_062140,479172,3,50360,3
2,KGGW20160814_123123_V06,31.118,-1.000,23.515,362.301,44.492,-108.474,47.911,22245.774,141708.584,20160814_063123,479176,6,50704,2
2,KGGW20160814_124108_V06,40.868,0.195,31.137,395.360,54.335,-108.418,47.763,27167.502,142636.549,20160814_064108,479177,13,49303,0
2,KGGW20160814_125052_V06,50.601,0.158,32.437,396.026,57.591,-108.409,47.761,28795.571,142136.430,20160814_065052,479176,3,50414,3
3,KGGW20160814_121155_V06,11.651,0.121,283.633,85.040,23.560,-106.736,49.173,11779.881,107790.998,20160814_061155,479174,5,52696,2
3,KGGW20160814_122140_V06,21.401,0.065,285.312,82.769,32.709,-106.725,49.183,16354.658,108863.759,20160814_062140,479172,3,50360,3
4,KGGW20160814_123123_V06,31.118,0.155,29.820,400.286,53.268,-108.426,47.741,26634.071,144095.943,20160814_063123,479176,6,50704,2
6,KGGW20160814_130035_V06,60.318,0.053,282.689,123.791,40.568,-106.742,48.999,20284.035,88528.883,20160814_070035,479175,3,50005,0
2,KGGW20160815_111252_V06,-48.766,0.075,52.487,312.464,8.589,-108.287,48.138,4294.274,123913.503,20160815_051252,479165,456,46379,10
2,KGGW20160815_111841_V06,-42.950,0.078,52.826,312.931,15.700,-108.285,48.136,7850.126,123755.910,20160815_051841,479173,749,49227,44
4,KGGW20160815_120509_V06,3.517,0.135,21.268,358.194,17.079,-108.489,47.930,8539.322,142371.265,20160815_060509,479162,586,68736,34
4,KGGW20160815_121057_V06,9.317,0.066,21.425,362.714,26.862,-108.488,47.909,13430.753,142773.721,20160815_061057,479176,614,70508,8
4,KGGW20160815_121646_V06,15.134,-1.000,21.558,366.561,36.587,-108.486,47.892,18293.671,143143.495,20160815_061646,479171,725,71592,37
4,KGGW20160815_122234_V06,20.934,0.075,23.619,383.588,31.303,-108.470,47.816,15651.720,144372.232,20160815_062234,479176,843,71483,55
2,KGGW20160816_113018_V06,-32.702,0.066,63.575,299.299,5.707,-108.214,48.199,2853.555,118212.916,20160816_053018,479167,32,54554,3
2,KGGW20160816_113514_V06,-27.769,0.063,63.762,299.257,11.876,-108.213,48.199,5938.238,118119.661,20160816_053514,479170,32,53230,3
3,KGGW20160816_120503_V06,2.048,0.068,29.052,405.012,45.734,-108.430,47.720,22866.955,145293.150,20160816_060503,479172,22,50777,3
3,KGGW20160816_121447_V06,11.781,-1.000,29.052,405.012,61.210,-108.430,47.720,30604.955,145293.150,20160816_061447,479180,68,52027,5
3,KGGW20160816_122431_V06,21.515,0.123,28.081,407.161,51.454,-108.436,47.710,25726.767,146136.433,20160816_062431,479183,122,56205,7
5,KGGW20160816_124901_V06,46.015,0.082,31.173,395.881,47.527,-108.417,47.761,23763.494,142706.911,20160816_064901,479172,21,68773,5
6,KGGW20160816_131404_V06,71.065,0.100,289.498,246.708,16.220,-106.695,48.446,8110.188,27158.389,20160816_071404,479173,7,70663,0
1,KGGW20160817_112836_V06,-35.772,0.151,147.891,343.539,16.456,-107.643,48.006,8227.877,79108.525,20160817_052836,479174,2,26042,1
2,KGGW20160818_121621_V06,10.606,0.329,200.669,194.401,78.787,-107.299,48.679,39393.669,72487.527,20160818_061621,479179,3895,109962,902
2,KGGW20160818_122208_V06,16.390,0.398,203.237,193.911,85.966,-107.281,48.682,42983.032,71794.622,20160818_062208,479182,4736,116653,1185
2,KGGW20160818_122756_V06,22.190,0.376,213.810,201.646,83.556,-107.209,48.647,41778.017,65387.663,20160818_062756,479167,5113,124418,1332
2,KGGW20160818_123344_V06,27.990,-1.000,222.793,207.834,83.027,-107.148,48.620,41513.363,60115.384,20160818_063344,479177,4867,131474,971
2,KGGW20160818_123932_V06,33.790,-1.000,231.775,214.023,82.497,-107.087,48.592,41248.710,54878.628,20160818_063932,479169,5086,138407,1137
2,KGGW20160818_124520_V06,39.590,-1.000,240.758,220.212,81.968,-107.025,48.564,40984.056,49688.627,20160818_064520,479180,5189,144577,1202
2,KGGW20160818_125108_V06,45.390,-1.000,249.740,226.400,81.439,-106.964,48.537,40719.402,44561.722,20160818_065108,479167,5386,153792,1303
2,KGGW20160818_125656_V06,51.190,-1.000,258.723,232.589,80.909,-106.903,48.509,40454.748,39522.473,20160818_065656,479179,4452,157940,927
2,KGGW20160818_130245_V06,57.006,-1.000,267.731,238.795,80.379,-106.842,48.481,40189.334,34595.308,20160818_070245,479174,3723,161402,813
2,KGGW20160818_130833_V06,62.806,0.061,267.442,234.820,93.411,-106.844,48.499,46705.369,36429.710,20160818_070833,479178,3857,166760,961
2,KGGW20160818_131421_V06,68.606,0.122,269.954,235.954,102.318,-106.827,48.494,51158.792,35371.650,20160818_071421,479172,3441,168268,835
4,KGGW20160818_123344_V06,27.990,0.163,229.882,220.055,70.944,-107.099,48.565,35472.248,53168.858,20160818_063344,479177,4867,131474,971
4,KGGW20160818_123932_V06,33.790,0.118,242.671,238.117,62.126,-107.012,48.484,31062.922,42178.765,20160818_063932,479169,5086,138407,1137
4,KGGW20160818_124520_V06,39.590,0.378,265.082,246.734,52.081,-106.860,48.446,26040.333,31845.304,20160818_064520,479180,5189,144577,1202
9,KGGW20160818_130833_V06,62.806,0.257,334.884,390.394,16.248,-106.391,47.800,8124.205,48445.728,20160818_070833,479178,3857,166760,961
10,KGGW20160818_130833_V06,62.806,0.129,293.168,133.438,5.512,-106.671,48.955,2755.859,83351.223,20160818_070833,479178,3857,166760,961
15,KGGW20160818_132008_V06,74.390,0.058,46.829,214.671,55.629,-108.340,48.577,27814.335,133582.189,20160818_072008,479167,2998,167510,580
1,KGGW20160819_111145_V06,-55.366,0.150,309.101,437.898,13.146,-106.564,47.586,6573.021,69098.775,20160819_051145,479177,223,103996,7
1,KGGW20160821_132042_V06,70.837,0.105,28.819,410.751,54.335,-108.431,47.694,27167.614,146462.439,20160821_072042,479170,6,54667,2
1,KGGW20160821_133027_V06,80.587,0.082,31.411,407.778,61.730,-108.414,47.708,30864.844,144703.412,20160821_073027,479173,4,54250,4
1,KGGW20160822_122830_V06,17.262,0.059,272.137,128.190,67.457,-106.814,48.979,33728.355,87027.139,20160822_062830,479172,7,66324,4
1,KGGW20160826_113529_V06,-41.258,0.074,30.549,286.214,51.884,-108.439,48.254,25942.036,134901.626,20160826_053529,479171,5,69079,0
1,KGGW20160826_114052_V06,-35.875,0.056,31.339,285.967,59.174,-108.433,48.255,29586.803,134513.692,20160826_054052,479169,7,69681,2
3,KGGW20160826_114616_V06,-30.475,0.311,348.834,339.766,16.387,-106.297,48.027,8193.644,31488.515,20160826_054616,479172,7,71252,1
3,KGGW20160826_115139_V06,-25.091,0.575,351.531,339.457,20.796,-106.279,48.028,10398.200,32451.016,20160826_055139,479172,9,73731,3
3,KGGW20160826_115634_V06,-20.175,0.588,357.876,339.171,16.615,-106.236,48.030,8307.337,34942.687,20160826_055634,479177,6,77234,4
3,KGGW20160826_120129_V06,-15.258,0.574,360.229,338.670,20.578,-106.220,48.032,10288.762,35787.202,20160826_060129,479175,11,77838,1
3,KGGW20160826_120625_V06,-10.325,-1.000,362.120,338.268,25.323,-106.208,48.034,12661.450,36480.657,20160826_060625,479174,4,77211,1
3,KGGW20160826_121120_V06,-5.408,0.064,373.844,338.971,13.983,-106.129,48.030,6991.697,41748.337,20160826_061120,479176,2,74673,1
3,KGGW20160826_121834_V06,1.825,0.091,374.680,338.575,21.347,-106.123,48.032,10673.620,42027.082,20160826_061834,479174,2,71904,1
3,KGGW20160826_122329_V06,6.742,-1.000,375.189,338.334,26.642,-106.120,48.033,13320.963,42198.643,20160826_062329,479175,10,69705,0
3,KGGW20160826_122824_V06,11.659,0.198,388.276,337.207,13.744,-106.032,48.038,6872.236,47898.566,20160826_062824,479173,3,67695,2
2,KGGW20160826_114052_V06,-35.875,0.050,353.812,294.277,14.583,-106.262,48.232,7291.500,27057.865,20160826_054052,479169,7,69681,2
5,KGGW20160826_120625_V06,-10.325,0.061,327.378,226.618,73.851,-106.439,48.536,36925.301,39161.595,20160826_060625,479174,4,77211,1
8,KGGW20160826_121834_V06,1.825,0.145,243.684,260.286,9.021,-107.004,48.384,4510.283,34455.426,20160826_061834,479174,2,71904,1
9,KGGW20160826_121834_V06,1.825,0.081,66.590,148.256,23.634,-108.215,48.878,11817.095,139200.047,20160826_061834,479174,2,71904,1
15,KGGW20160826_125823_V06,41.642,0.382,400.570,49.677,20.777,-105.932,49.330,10388.302,134885.286,20160826_065823,479177,2,52197,0
1,KGGW20160827_121322_V06,-4.751,0.439,175.593,226.345,7.353,-107.466,48.535,3676.632,72287.936,20160827_061322,479174,3,28202,1
2,KGGW20160828_115740_V06,-21.828,0.165,37.547,157.147,66.482,-108.412,48.835,33240.864,149405.985,20160828_055740,479168,0,77551,0
2,KGGW20160828_120237_V06,-16.878,0.100,37.989,156.765,71.872,-108.409,48.837,35936.089,149303.210,20160828_060237,479181,1,78586,0
2,KGGW20160828_120732_V06,-11.962,0.118,39.463,156.279,71.892,-108.399,48.839,35945.796,148774.378,20160828_060732,479168,3,76391,3
2,KGGW20160828_121227_V06,-7.045,0.334,42.423,156.111,70.849,-108.379,48.840,35424.440,147521.320,20160828_061227,479171,0,78330,0
2,KGGW20160828_121723_V06,-2.112,0.353,47.465,151.725,72.593,-108.345,48.860,36296.643,146423.235,20160828_061723,479171,1,80523,1
2,KGGW20160828_122217_V06,2.788,0.095,49.585,150.664,75.225,-108.331,48.865,37612.539,145781.645,20160828_062217,479178,7,79809,5
4,KGGW20160828_124156_V06,22.438,0.072,28.016,192.019,49.748,-108.471,48.677,24873.821,146317.358,20160828_064156,479177,1,73793,0
4,KGGW20160828_124652_V06,27.372,0.289,28.590,190.802,56.430,-108.467,48.683,28215.082,146276.617,20160828_064652,479177,4,73549,2
4,KGGW20160828_125354_V06,34.405,0.193,34.637,181.648,57.556,-108.428,48.725,28778.025,145279.684,20160828_065354,479175,1,70054,0
4,KGGW20160828_125849_V06,39.322,0.093,38.928,183.325,62.197,-108.398,48.717,31098.525,142978.741,20160828_065849,479173,5,68912,3
4,KGGW20160828_130343_V06,44.222,-1.000,42.988,182.339,65.734,-108.371,48.722,32866.823,141332.589,20160828_070343,479165,2,67365,0
4,KGGW20160828_130837_V06,49.122,0.055,39.832,179.366,65.561,-108.393,48.735,32780.645,143387.503,20160828_070837,479178,4,65186,0
4,KGGW20160828_131400_V06,54.505,0.052,40.558,181.900,71.601,-108.387,48.724,35800.648,142528.676,20160828_071400,479178,6,62495,2
4,KGGW20160828_131922_V06,59.872,0.098,53.999,215.711,43.883,-108.291,48.573,21941.685,130020.079,20160828_071922,479167,1,60877,1
4,KGGW20160828_132444_V06,65.238,0.072,54.491,213.097,54.408,-108.288,48.585,27203.874,130218.077,20160828_072444,479177,11,59516,0
1,KGGW20160828_113307_V06,-46.378,0.085,247.365,153.185,95.272,-106.983,48.866,47636.124,77982.439,20160828_053307,479173,1,66348,1
3,KGGW20160828_123702_V06,17.538,0.120,21.237,223.766,27.718,-108.512,48.534,13858.807,144499.555,20160828_063702,479171,13,76027,6
11,KGGW20160828_133555_V06,76.422,0.066,242.748,136.842,13.688,-107.015,48.939,6844.156,86455.404,20160828_073555,479174,6,58436,3
2,KGGW20160830_131559_V06,53.735,0.058,267.806,391.549,13.701,-106.839,47.795,6850.353,48522.399,20160830_071559,479178,116,59739,2
2,KGGW20160830_132119_V06,59.068,0.085,269.067,392.242,21.179,-106.831,47.791,10589.363,48645.148,20160830_072119,479173,119,58706,3
1,KGGW20160830_113024_V06,-51.848,0.053,33.208,110.318,36.812,-108.449,49.045,18406.048,163674.609,20160830_053024,479176,86,47389,0
1,KGGW20160831_114337_V06,-40.008,0.201,158.515,360.192,3.686,-107.571,47.932,1842.831,76878.433,20160831_054337,479181,0,31963,0
1,KGGW20160831_115320_V06,-30.292,0.091,158.083,360.596,12.189,-107.574,47.930,6094.479,77156.451,20160831_055320,479182,2,31391,2
3,KGGW20160831_123217_V06,8.658,0.071,19.039,354.609,18.429,-108.505,47.945,9214.493,143109.581,20160831_063217,479179,12,47546,5
1,KGGW20160902_114002_V06,-46.344,0.076,25.426,454.441,42.565,-108.446,47.497,21282.280,157514.057,20160902_054002,479181,312,70992,1
2,KGGW20160902_115942_V06,-26.677,0.051,321.097,386.183,37.099,-106.483,47.819,18549.252,44363.851,20160902_055942,479174,150,71050,3
1,KGGW20160903_113219_V06,-55.436,0.146,294.507,136.513,7.876,-106.662,48.941,3937.923,81789.589,20160903_053219,479167,6,51345,0
1,KGGW20160903_113740_V06,-50.086,0.454,295.806,139.654,17.541,-106.653,48.927,8770.728,80200.232,20160903_053740,479177,4,51781,0
1,KGGW20160903_114303_V06,-44.703,0.491,306.280,142.068,28.873,-106.581,48.916,14436.366,79028.385,20160903_054303,479172,2,53068,1
1,KGGW20160903_114758_V06,-39.786,0.196,315.785,136.355,31.735,-106.516,48.942,15867.584,82202.505,20160903_054758,479172,0,52792,0
1,KGGW20160903_115252_V06,-34.886,0.070,330.973,111.229,22.008,-106.412,49.055,11003.807,95647.402,20160903_055252,479179,2,54036,1
1,KGGW20160903_115747_V06,-29.970,0.126,331.916,110.441,29.720,-106.406,49.058,14860.096,96113.398,20160903_055747,479175,13,55751,0
1,KGGW20160903_120241_V06,-25.070,0.062,347.983,94.801,28.780,-106.295,49.129,14389.927,105366.967,20160903_060241,479182,14,58695,0
1,KGGW20160903_120735_V06,-20.170,0.314,350.517,92.834,34.196,-106.278,49.137,17097.812,106618.122,20160903_060735,479170,30,64052,3
4,KGGW20160903_114303_V06,-44.703,0.157,518.703,342.327,29.166,-105.159,48.007,14583.220,111380.607,20160903_054303,479172,2,53068,1
4,KGGW20160903_114758_V06,-39.786,0.122,521.159,338.694,34.916,-105.142,48.023,17457.821,112259.345,20160903_054758,479172,0,52792,0
1,KGGW20160904_125711_V06,28.055,0.156,24.973,143.013,42.591,-108.500,48.897,21295.557,158338.842,20160904_065711,479183,2,91087,0
1,KGGW20160904_130208_V06,33.005,0.104,25.375,143.960,50.111,-108.497,48.893,25055.660,157929.813,20160904_070208,479169,1,91057,1
1,KGGW20160904_130702_V06,37.905,0.056,26.471,134.249,51.678,-108.491,48.937,25838.986,159915.241,20160904_070702,479170,7,91620,4
4,KGGW20160904_134648_V06,77.672,0.078,51.486,201.271,70.345,-108.310,48.638,35172.745,133703.559,20160904_074648,479174,4,102242,2
1,KGGW20160906_133701_V06,65.139,0.059,307.180,353.452,8.346,-106.576,47.966,4172.831,26966.171,20160906_073701,479177,3,12672,0
2,KGGW20160907_114122_V06,-51.886,0.096,43.233,226.197,86.473,-108.362,48.525,43236.305,133581.663,20160907_054122,479169,7002,181286,446
2,KGGW20160907_114615_V06,-47.002,0.097,43.940,227.909,93.950,-108.357,48.518,46974.983,133007.353,20160907_054615,479175,7228,185099,390
5,KGGW20160907_120053_V06,-32.369,0.057,51.689,155.427,68.095,-108.316,48.844,34047.256,143665.951,20160907_060053,479176,7159,203937,612
4,KGGW20160908_125404_V06,19.440,0.057,45.533,136.576,65.452,-108.361,48.928,32726.089,151212.556,20160908_065404,479171,16,118586,2
4,KGGW20160908_125954_V06,25.274,-1.000,45.533,136.576,74.727,-108.361,48.928,37363.589,151212.556,20160908_065954,479176,7,120972,2
4,KGGW20160908_130543_V06,31.090,0.148,48.907,133.117,72.066,-108.338,48.944,36033.170,150746.262,20160908_070543,479175,5,122559,2
1,KGGW20160908_121436_V06,-20.026,0.089,42.375,83.707,57.039,-108.391,49.166,28519.596,168191.438,20160908_061436,479172,11,115729,8
3,KGGW20160908_124815_V06,13.624,0.120,398.168,149.545,6.576,-105.955,48.881,3287.785,89824.495,20160908_064815,479172,3,113086,1
2,KGGW20160909_115059_V06,-45.017,0.052,245.089,189.301,12.964,-106.997,48.704,6482.040,61784.955,20160909_055059,479171,933,99169,127
3,KGGW20160909_115621_V06,-39.651,0.293,391.561,181.835,46.755,-106.002,48.736,23377.575,74743.592,20160909_055621,479170,986,101543,116
4,KGGW20160909_120709_V06,-28.851,0.188,456.616,211.390,40.431,-105.562,48.600,20215.477,89972.447,20160909_060709,479175,1082,104533,108
1,KGGW20160911_122229_V06,-16.265,0.054,23.263,90.241,28.511,-108.520,49.134,14255.653,173624.817,20160911_062229,479175,0,55454,0
5,KGGW20160912_132504_V06,44.944,0.633,312.002,417.929,30.829,-106.544,47.676,15414.572,59269.271,20160912_072504,479173,22,40269,10
5,KGGW20160912_133449_V06,54.694,0.575,319.491,418.647,35.963,-106.494,47.673,17981.470,60118.557,20160912_073449,479172,8,38193,7
5,KGGW20160912_134433_V06,64.427,0.536,334.405,414.186,34.698,-106.395,47.693,17348.821,59628.389,20160912_074433,479175,12,36511,6
5,KGGW20160912_135418_V06,74.177,0.235,352.210,416.375,32.951,-106.276,47.683,16475.380,63775.027,20160912_075418,479174,7,34899,1
1,KGGW20160912_114214_V06,-57.890,0.149,372.389,260.713,9.101,-106.136,48.382,4550.644,41181.430,20160912_054214,479182,4,70035,1
1,KGGW20160912_114709_V06,-52.973,0.410,372.328,260.262,16.309,-106.136,48.384,8154.722,41262.727,20160912_054709,479173,4,65731,0
1,KGGW20160915_121050_V06,-33.416,0.073,174.477,322.002,2.434,-107.467,48.104,1216.957,63718.451,20160915_061050,479174,30,44173,6
2,KGGW20160915_122658_V06,-17.283,0.096,179.340,270.182,15.467,-107.438,48.338,7733.410,62144.882,20160915_062658,479172,18,64606,4
1,KGGW20160916_115911_V06,-46.444,0.079,248.471,152.384,8.171,-106.975,48.870,4085.680,78175.423,20160916_055911,479172,6,43501,2
1,KGGW20160916_120855_V06,-36.710,0.240,252.693,156.838,15.111,-106.946,48.850,7555.453,75387.699,20160916_060855,479179,14,45043,4
1,KGGW20160916_121839_V06,-26.977,-1.000,256.664,161.027,22.559,-106.919,48.831,11279.443,72786.630,20160916_061839,479174,3,59714,1
1,KGGW20160916_122825_V06,-17.210,0.185,263.632,169.953,20.780,-106.872,48.791,10389.886,67518.432,20160916_062825,479174,29,71788,14
1,KGGW20160916_123810_V06,-7.460,0.147,280.784,153.041,38.149,-106.755,48.867,19074.355,74105.180,20160916_063810,479172,31,68135,3
1,KGGW20160916_124755_V06,2.290,0.081,284.088,161.606,45.401,-106.733,48.829,22700.420,69653.099,20160916_064755,479171,22,60050,11
3,KGGW20160916_120855_V06,-36.710,0.071,289.585,423.939,5.224,-106.693,47.649,2611.797,62188.030,20160916_060855,479179,14,45043,4
14,KGGW20160916_124755_V06,2.290,0.063,104.381,102.904,31.437,-107.963,49.085,15718.544,138846.771,20160916_064755,479171,22,60050,11
14,KGGW20160916_125740_V06,12.040,-1.000,104.381,102.904,46.940,-107.963,49.085,23469.794,138846.771,20160916_065740,479172,33,54968,9
14,KGGW20160916_130725_V06,21.790,0.096,113.589,119.119,32.550,-107.898,49.013,16275.057,129872.112,20160916_070725,479177,53,49631,13
1,KGGW20160917_123551_V06,-11.156,0.064,208.157,226.698,2.348,-107.246,48.534,1173.920,58754.128,20160917_063551,479179,7,51730,4
3,KGGW20160918_140706_V06,78.714,0.090,356.335,275.243,8.039,-106.244,48.317,4019.337,30767.449,20160918_080706,479178,6,58667,0
5,KGGW20160920_125332_V06,2.381,0.247,26.878,204.143,33.888,-108.477,48.623,16943.928,144727.622,20160920_065332,479170,32,30502,3
5,KGGW20160920_125828_V06,7.314,0.106,29.034,203.943,40.651,-108.462,48.624,20325.407,143744.364,20160920_065828,479174,21,28672,1
6,KGGW20160920_132800_V06,36.847,0.218,27.434,181.106,41.161,-108.477,48.726,20580.498,148684.219,20160920_072800,479170,26,26351,0
4,KGGW20160924_124607_V06,-10.601,0.065,349.524,140.131,8.779,-106.286,48.925,4389.263,83682.098,20160924_064607,479174,45,170361,6
1,KGGW20160929_133007_V06,26.369,0.112,383.161,271.642,38.773,-106.063,48.333,19386.574,43931.367,20160929_073007,479177,11,16835,7
7,KGGW20161003_134221_V06,32.912,0.060,325.351,344.212,11.090,-106.454,48.007,5545.183,25482.197,20161003_074221,479185,1128,234685,36
11,KGGW20161003_142855_V06,79.479,0.053,405.819,355.426,38.056,-105.916,47.955,19028.225,59727.909,20161003_082855,479176,2059,231158,197
1,KGGW20161005_124254_V06,-29.407,0.063,28.556,422.897,39.395,-108.430,47.639,19697.659,148984.510,20161005_064254,479177,2,354161,1
2,KGGW20161006_123053_V06,-42.865,0.050,47.325,142.391,67.722,-108.347,48.902,33861.042,148900.460,20161006_063053,479172,4,131628,3
2,KGGW20161006_124038_V06,-33.115,0.072,48.322,143.176,73.954,-108.341,48.899,36976.845,148269.480,20161006_064038,479174,7,128663,3
1,KGGW20161006_123053_V06,-42.865,0.053,359.832,306.030,8.001,-106.222,48.179,4000.557,30067.587,20161006_063053,479172,4,131628,3
4,KGGW20161006_130955_V06,-3.832,0.163,41.998,166.783,73.492,-108.380,48.792,36746.017,145182.311,20161006_070955,479170,5,114524,5
1,KGGW20161007_122153_V06,-53.311,0.232,299.372,301.191,6.962,-106.628,48.201,3481.182,673.171,20161007_062153,479174,2,23090,0
1,KGGW20161008_124929_V06,-27.161,0.267,299.138,300.868,6.640,-106.630,48.202,3320.030,611.353,20161008_064929,479174,1,7327,1
3,KGGW20161008_131848_V06,2.156,0.102,356.656,255.860,6.751,-106.242,48.404,3375.439,35910.682,20161008_071848,479177,0,6051,0
4,KGGW20161008_131848_V06,2.156,0.078,346.779,351.966,29.024,-106.311,47.972,14512.108,34959.789,20161008_071848,479177,0,6051,0
5,KGGW20161008_134804_V06,31.423,0.228,299.545,301.291,5.566,-106.627,48.201,2783.077,684.510,20161008_074804,479176,10,6717,1
5,KGGW20161009_133538_V06,17.535,0.280,29.167,216.771,52.258,-108.459,48.566,26129.179,141666.650,20161009_073538,479173,2,28820,0
5,KGGW20161009_134524_V06,27.302,0.312,35.821,215.911,66.187,-108.414,48.571,33093.725,138619.634,20161009_074524,479170,11,29887,5
5,KGGW20161009_135509_V06,37.052,0.270,48.234,213.129,64.425,-108.331,48.584,32212.678,133165.834,20161009_075509,479173,9,33045,0
3,KGGW20161009_125639_V06,-21.448,0.079,26.657,278.331,31.888,-108.466,48.289,15944.016,137100.369,20161009_065639,479180,2,25615,0
6,KGGW20161009_140454_V06,46.802,0.051,464.522,20.920,24.869,-105.490,49.456,12434.402,161982.439,20161009_080454,479176,3,35327,0
2,KGGW20161010_124805_V06,-31.474,0.296,45.946,153.780,68.000,-108.355,48.851,33999.928,146563.666,20161010_064805,479177,6,108297,1
2,KGGW20161010_125302_V06,-26.524,0.265,47.958,150.845,74.558,-108.342,48.864,37279.075,146434.524,20161010_065302,479178,7,106012,1
2,KGGW20161010_125757_V06,-21.607,0.114,55.705,140.815,74.821,-108.291,48.910,37410.574,145790.727,20161010_065757,479183,4,100507,0
3,KGGW20161010_140443_V06,45.160,0.093,27.016,451.239,41.640,-108.436,47.512,20819.902,156039.554,20161010_080443,479177,8,138934,4
4,KGGW20161010_140443_V06,45.160,0.093,49.862,139.838,70.753,-108.331,48.914,35376.453,148509.825,20161010_080443,479177,8,138934,4
1,KGGW20161012_122401_V06,-58.471,0.583,299.873,300.096,6.984,-106.625,48.206,3491.997,79.631,20161012_062401,479176,3,29671,3
3,KGGW20161014_130141_V06,-23.755,0.052,24.211,458.006,44.644,-108.454,47.481,22321.774,158922.508,20161014_070141,479177,5,30249,3
3,KGGW20161014_131127_V06,-13.988,0.214,28.384,451.455,54.855,-108.427,47.511,27427.402,155494.461,20161014_071127,479182,2,28249,0
6,KGGW20161014_141005_V06,44.645,0.147,24.899,174.454,49.138,-108.495,48.756,24568.859,151197.022,20161014_081005,479180,9,51801,4
6,KGGW20161014_141952_V06,54.429,0.092,26.591,165.676,57.939,-108.485,48.795,28969.453,152311.860,20161014_081952,479173,16,66190,6
2,KGGW20161014_124208_V06,-43.305,0.099,474.229,522.698,24.201,-105.475,47.199,12100.256,141377.012,20161014_064208,479176,8,38719,4
4,KGGW20161014_132113_V06,-4.221,0.066,21.299,266.102,29.895,-108.504,48.343,14947.281,140377.237,20161014_072113,479175,10,27754,4
1,KGGW20161015_133918_V06,12.380,0.061,130.275,267.506,2.630,-107.769,48.347,1315.175,86403.822,20161015_073918,479172,13,30985,6
4,KGGW20161016_125419_V06,-34.090,0.053,264.589,352.216,23.382,-106.861,47.971,11691.164,31545.389,20161016_065419,479168,900,203191,35
8,KGGW20161016_142133_V06,53.143,0.065,19.362,279.155,29.574,-108.515,48.285,14786.913,140705.663,20161016_082133,479173,3786,308745,415
10,KGGW20161016_142723_V06,58.976,0.060,33.301,163.072,38.552,-108.440,48.808,19275.875,149898.025,20161016_082723,479175,3855,312500,408
4,KGGW20161018_130216_V06,-29.130,0.110,37.536,294.749,41.249,-108.390,48.216,20624.550,131258.358,20161018_070216,479170,2,105643,0
4,KGGW20161018_131202_V06,-19.363,0.234,42.762,293.318,51.658,-108.355,48.223,25829.170,128662.542,20161018_071202,479173,11,103629,3
8,KGGW20161018_134120_V06,9.937,0.099,22.783,373.381,29.425,-108.477,47.861,14712.698,143382.317,20161018_074120,479174,14,100374,8
8,KGGW20161018_135107_V06,19.720,0.051,26.511,372.866,40.101,-108.452,47.864,20050.386,141514.599,20161018_075107,479178,26,105502,12
2,KGGW20161018_124244_V06,-48.663,0.292,318.564,300.875,10.393,-106.499,48.202,5196.316,9292.439,20161018_064244,479175,23,104482,10
5,KGGW20161018_132149_V06,-9.580,0.087,37.975,118.721,38.348,-108.415,49.008,19174.047,159310.200,20161018_072149,479177,10,100214,6
5,KGGW20161018_133135_V06,0.187,-1.000,37.975,118.721,53.877,-108.415,49.008,26938.547,159310.200,20161018_073135,479178,7,100052,6
5,KGGW20161018_134120_V06,9.937,0.055,61.337,107.232,35.281,-108.257,49.062,17640.652,153394.657,20161018_074120,479174,14,100374,8
6,KGGW20161018_132149_V06,-9.580,0.079,398.912,280.163,46.850,-105.958,48.294,23424.862,50440.693,20161018_072149,479177,10,100214,6
9,KGGW20161018_134120_V06,9.937,0.074,221.335,295.996,19.067,-107.154,48.223,9533.552,39383.505,20161018_074120,479174,14,100374,8
11,KGGW20161018_135107_V06,19.720,0.078,409.460,287.932,34.004,-105.887,48.258,17001.984,55061.685,20161018_075107,479178,26,105502,12
1,KGGW20161019_123957_V06,-52.949,0.310,34.947,185.756,44.371,-108.425,48.706,22185.509,144312.618,20161019_063957,479177,6,49370,1
1,KGGW20161019_124943_V06,-43.182,0.620,39.261,187.036,50.783,-108.395,48.701,25391.602,142079.143,20161019_064943,479173,4,49584,0
1,KGGW20161019_125930_V06,-33.399,0.413,43.833,185.596,50.361,-108.365,48.708,25180.301,140276.296,20161019_065930,479175,6,48692,3
4,KGGW20161019_123957_V06,-52.949,0.099,260.333,280.232,6.512,-106.891,48.295,3255.892,22159.871,20161019_063957,479177,6,49370,1
5,KGGW20161019_124943_V06,-43.182,0.394,299.717,300.189,5.321,-106.626,48.206,2660.316,170.356,20161019_064943,479173,4,49584,0
9,KGGW20161019_132849_V06,-4.082,0.157,16.777,150.913,17.755,-108.554,48.861,8877.318,160032.996,20161019_072849,479179,8,41721,4
10,KGGW20161019_132849_V06,-4.082,0.054,339.308,375.830,8.443,-106.361,47.865,4221.487,42706.332,20161019_072849,479179,8,41721,4
12,KGGW20161019_140800_V06,35.101,0.179,299.314,301.310,6.196,-106.629,48.200,3098.122,739.315,20161019_080800,479177,8,32783,8
7,KGGW20161022_133531_V06,-1.920,0.119,27.306,403.660,50.774,-108.442,47.726,25386.856,145865.788,20161022_073531,479173,100,142857,7
7,KGGW20161022_134120_V06,3.897,-1.000,27.306,403.660,60.022,-108.442,47.726,30011.106,145865.788,20161022_074120,479177,32,143065,2
7,KGGW20161022_134709_V06,9.713,-1.000,27.306,403.660,69.271,-108.442,47.726,34635.356,145865.788,20161022_074709,479175,24,139157,2
7,KGGW20161022_135258_V06,15.530,0.087,41.366,422.417,70.045,-108.345,47.643,35022.667,143071.008,20161022_075258,479174,5,140410,1
7,KGGW20161022_135847_V06,21.347,0.198,42.820,431.928,70.776,-108.334,47.600,35387.880,144522.036,20161022_075847,479175,6,139529,1
7,KGGW20161022_140437_V06,27.180,0.099,46.714,436.875,67.477,-108.308,47.578,33738.393,143951.766,20161022_080437,479175,14,134561,1
7,KGGW20161022_141000_V06,32.563,-1.000,50.158,442.684,65.849,-108.284,47.553,32924.335,143857.275,20161022_081000,479180,18,128985,7
7,KGGW20161022_141522_V06,37.930,0.059,57.334,412.724,79.650,-108.240,47.688,39825.176,133784.793,20161022_081522,479172,19,126177,11
2,KGGW20161022_125444_V06,-42.703,0.061,17.246,204.633,18.900,-108.542,48.619,9450.151,149201.553,20161022_065444,479178,106,132728,0
2,KGGW20161022_130034_V06,-36.870,-1.000,17.246,204.633,28.175,-108.542,48.619,14087.651,149201.553,20161022_070034,479167,84,129918,14
2,KGGW20161022_130623_V06,-31.053,0.055,24.916,202.778,30.186,-108.490,48.628,15092.922,145879.304,20161022_070623,479178,96,128540,7
4,KGGW20161022_131214_V06,-25.203,0.094,23.673,448.523,30.818,-108.459,47.524,15408.891,156856.322,20161022_071214,479172,74,130776,5
13,KGGW20161022_142513_V06,47.780,0.055,27.182,289.116,30.020,-108.461,48.241,15009.753,136517.544,20161022_082513,479175,34,121929,16
14,KGGW20161022_143008_V06,52.697,0.060,27.407,524.027,39.425,-108.422,47.185,19712.608,176419.273,20161022_083008,479179,23,121087,7
2,KGGW20161025_133159_V06,-10.034,0.543,23.379,570.897,25.406,-108.442,46.974,12703.089,193587.395,20161025_073159,479173,25,12124,4
4,KGGW20161026_144046_V06,57.213,0.059,33.168,440.575,57.851,-108.397,47.560,28925.583,150798.323,20161026_084046,479175,9,30517,3
4,KGGW20161026_145031_V06,66.963,0.228,34.038,436.168,67.634,-108.392,47.580,33817.136,149396.783,20161026_085031,479177,9,34502,2
4,KGGW20161026_150222_V06,78.813,0.173,40.226,427.778,70.061,-108.352,47.619,35030.395,144749.749,20161026_090222,479170,13,41239,6
4,KGGW20161026_151209_V06,88.597,0.112,57.043,417.333,73.502,-108.242,47.667,36751.083,134902.766,20161026_091209,479172,9,45495,3
1,KGGW20161026_135158_V06,8.413,0.135,25.258,434.169,33.271,-108.451,47.588,16635.353,152876.260,20161026_075158,479174,24,13684,8
2,KGGW20161026_142112_V06,37.647,0.051,27.102,493.265,43.971,-108.429,47.323,21985.378,167201.117,20161026_082112,479180,13,20773,7
3,KGGW20161026_143100_V06,47.447,0.155,23.671,169.336,29.191,-108.504,48.779,14595.258,152832.424,20161026_083100,479179,24,25834,13
3,KGGW20161026_144046_V06,57.213,-1.000,23.671,169.336,44.720,-108.504,48.779,22359.758,152832.424,20161026_084046,479175,9,30517,3
3,KGGW20161026_145031_V06,66.963,0.098,28.734,133.178,37.160,-108.476,48.942,18579.977,159228.496,20161026_085031,479177,9,34502,2
2,KGGW20161028_125918_V06,-47.335,0.076,35.122,213.808,57.905,-108.419,48.580,28952.740,139274.614,20161028_065918,479172,3,51949,0
2,KGGW20161028_130413_V06,-42.418,0.158,35.500,217.446,62.220,-108.416,48.564,31109.856,138541.741,20161028_070413,479168,15,52237,3
2,KGGW20161028_130937_V06,-37.018,0.162,38.472,230.266,64.160,-108.394,48.506,32079.919,135332.769,20161028_070937,479168,11,52522,1
3,KGGW20161028_125918_V06,-47.335,0.064,306.839,166.186,30.969,-106.578,48.808,15484.291,66994.472,20161028_065918,479172,3,51949,0
3,KGGW20161028_130413_V06,-42.418,0.117,308.628,165.398,37.403,-106.565,48.812,18701.727,67438.890,20161028_070413,479168,15,52237,3
10,KGGW20161028_140815_V06,21.615,0.132,31.035,212.856,35.069,-108.447,48.584,17534.525,141365.169,20161028_080815,479173,22,68725,11
10,KGGW20161028_141759_V06,31.348,-1.000,31.035,212.856,50.545,-108.447,48.584,25272.525,141365.169,20161028_081759,479173,11,72380,3
10,KGGW20161028_142745_V06,41.115,0.270,39.106,247.742,66.044,-108.387,48.428,33021.942,133038.274,20161028_082745,479174,19,81743,4
10,KGGW20161028_143731_V06,50.882,0.088,66.465,292.036,100.076,-108.196,48.231,50037.865,116835.194,20161028_083731,479175,11,83906,6
10,KGGW20161028_144715_V06,60.615,0.053,82.740,304.205,111.990,-108.085,48.178,55994.793,108650.497,20161028_084715,479171,18,85232,7
5,KGGW20161028_131930_V06,-27.135,0.074,153.158,296.137,61.127,-107.612,48.220,30563.599,73446.501,20161028_071930,479171,29,57015,17
11,KGGW20161028_142745_V06,41.115,0.183,52.685,341.506,72.779,-108.282,48.008,36389.252,125387.000,20161028_082745,479174,19,81743,4
1,KGGW20161030_131353_V06,-35.846,0.101,13.966,227.407,24.841,-108.560,48.517,12420.664,147550.884,20161030_071353,479176,18,7204,15
1,KGGW20161030_132338_V06,-26.096,0.342,18.846,228.574,34.609,-108.527,48.512,17304.317,145042.324,20161030_072338,479177,11,5609,4
1,KGGW20161030_133324_V06,-16.329,0.141,29.637,231.741,39.299,-108.454,48.499,19649.626,139423.098,20161030_073324,479172,8,5706,2
3,KGGW20161030_140240_V06,12.938,0.093,18.961,193.345,28.540,-108.532,48.670,14269.823,150298.452,20161030_080240,479185,19,6049,4
3,KGGW20161030_141225_V06,22.688,0.176,23.175,186.041,36.460,-108.505,48.704,18230.223,149682.015,20161030_081225,479173,1,6241,0
2,KGGW20161030_131353_V06,-35.846,0.082,299.592,302.015,8.002,-106.627,48.197,4000.805,1027.761,20161030_071353,479176,18,7204,15
2,KGGW20161105_141752_V06,18.820,0.071,291.523,294.136,14.196,-106.681,48.233,7097.973,5153.521,20161105_081752,479172,11,15950,3
1,KGGW20161107_132012_V06,-41.949,0.350,296.322,286.252,15.352,-106.649,48.268,7676.022,7115.481,20161107_062012,479178,18,15222,11
2,KGGW20161107_135911_V06,-2.966,0.099,305.437,291.829,28.816,-106.588,48.243,14407.776,4907.172,20161107_065911,479178,6,12374,2
2,KGGW20161109_152152_V06,76.625,0.055,315.640,297.893,13.680,-106.519,48.216,6839.989,7890.706,20161109_082152,479183,13,12833,8
3,KGGW20161110_142548_V06,19.018,0.053,275.117,377.477,4.873,-106.790,47.858,2436.659,40687.153,20161110_072548,479174,12,15062,7
5,KGGW20161114_150138_V06,48.742,0.077,289.241,308.846,14.072,-106.696,48.167,7036.186,6964.456,20161114_080138,479171,12,10668,7
2,KGGW20161115_141532_V06,1.132,0.080,30.471,429.117,62.683,-108.417,47.612,31341.274,149429.712,20161115_071532,479178,12,40922,2
1,KGGW20161117_132709_V06,-50.246,0.146,300.251,300.819,6.850,-106.622,48.203,3424.969,428.442,20161117_062709,479170,9,7627,7
2,KGGW20161119_132425_V06,-55.934,0.062,48.827,177.478,62.028,-108.332,48.745,31013.937,139731.486,20161119_062425,479177,14,18540,0
2,KGGW20161119_133412_V06,-46.150,-1.000,48.827,177.478,77.583,-108.332,48.745,38791.687,139731.486,20161119_063412,479176,2,20372,0
2,KGGW20161119_134358_V06,-36.384,0.055,64.059,155.591,83.339,-108.231,48.845,41669.595,138313.011,20161119_064358,479173,17,22610,11
1,KGGW20161119_132425_V06,-55.934,0.165,294.507,337.604,8.816,-106.661,48.037,4407.841,19001.617,20161119_062425,479177,14,18540,0
3,KGGW20161119_141320_V06,-7.017,0.103,28.578,376.533,51.939,-108.438,47.848,25969.721,141002.928,20161119_071320,479175,2,26375,2
5,KGGW20161119_142305_V06,2.733,0.140,24.075,316.384,24.623,-108.477,48.118,12311.272,138205.468,20161119_072305,479173,9,26824,3
6,KGGW20161119_145225_V06,32.066,0.157,35.085,379.528,52.189,-108.394,47.835,26094.288,138297.345,20161119_075225,479170,8,35536,6
1,KGGW20161120_143627_V06,14.640,0.351,350.580,350.952,6.906,-106.285,47.977,3452.793,35897.391,20161120_073627,479171,16,6943,8
3,KGGW20161120_150547_V06,43.973,0.341,299.970,301.069,7.008,-106.624,48.202,3503.849,534.562,20161120_080547,479176,7,6169,4
4,KGGW20161121_153836_V06,75.344,0.421,303.607,300.800,14.146,-106.600,48.203,7072.922,1847.550,20161121_083836,479169,4,21569,2
1,KGGW20161122_152228_V06,57.778,0.067,301.417,301.140,6.968,-106.615,48.201,3484.066,909.371,20161122_082228,479179,12,6899,4
1,KGGW20161122_153213_V06,67.528,-1.000,301.417,301.140,22.471,-106.615,48.201,11235.316,909.371,20161122_083213,479181,8,7521,4
1,KGGW20161122_154201_V06,77.328,0.053,301.520,301.720,8.528,-106.614,48.199,4264.160,1147.500,20161122_084201,479174,13,7402,6
1,KGGW20161123_151613_V06,50.111,0.126,301.628,302.657,9.610,-106.613,48.194,4804.752,1558.007,20161123_081613,479178,2,4867,0
2,KGGW20161126_141434_V06,-15.687,0.135,309.431,339.647,11.538,-106.561,48.028,5769.197,20376.728,20161126_071434,479169,1,5683,1
1,KGGW20161127_144723_V06,15.785,0.097,315.137,301.269,22.533,-106.522,48.201,11266.495,7595.165,20161127_074723,479180,4,10113,1
1,KGGW20161128_134227_V06,-50.471,0.281,301.761,299.388,6.375,-106.612,48.209,3187.641,932.106,20161128_064227,479174,6,20523,1
1,KGGW20161128_135214_V06,-40.687,0.051,299.426,301.095,14.474,-106.628,48.201,7236.921,618.275,20161128_065214,479176,9,24924,9
3,KGGW20161128_145052_V06,17.946,0.621,299.038,301.060,6.913,-106.631,48.202,3456.264,715.891,20161128_075052,479178,5,39092,1
1,KGGW20161201_133719_V06,-59.432,0.067,301.357,301.040,5.008,-106.615,48.202,2504.135,854.666,20161201_063719,479177,12,46760,9
4,KGGW20161203_141126_V06,-27.736,0.104,305.059,171.090,31.192,-106.590,48.786,15596.134,64504.843,20161203_071126,479174,12,113681,2
4,KGGW20161203_142111_V06,-17.986,0.105,310.476,171.850,38.526,-106.553,48.783,19262.895,64288.861,20161203_072111,479174,4,110560,3
2,KGGW20161203_140142_V06,-37.470,0.064,297.498,174.311,35.259,-106.641,48.772,17629.723,62856.963,20161203_070142,479179,6,113741,2
3,KGGW20161204_151619_V06,35.979,0.223,372.920,340.348,10.118,-106.135,48.024,5059.208,41669.437,20161204_081619,479174,7,6266,5
3,KGGW20161204_152603_V06,45.712,0.137,375.357,340.735,20.443,-106.119,48.022,10221.654,42831.383,20161204_082603,479175,36,6398,4
3,KGGW20161204_153549_V06,55.479,0.088,373.735,344.140,26.672,-106.130,48.007,13335.792,42968.828,20161204_083549,479173,12,5963,11
3,KGGW20161204_154534_V06,65.229,0.054,364.359,352.945,27.412,-106.193,47.968,13705.838,41668.936,20161204_084534,479170,12,6205,3
1,KGGW20161204_134829_V06,-51.854,0.110,372.998,342.161,3.493,-106.135,48.016,1746.389,42149.409,20161204_064829,479178,10,8942,8
3,KGGW20161205_140743_V06,-33.759,0.083,42.114,151.651,86.701,-108.382,48.860,43350.376,148755.530,20161205_070743,479169,4,267170,2
3,KGGW20161205_141728_V06,-24.009,0.054,44.442,161.277,99.751,-108.364,48.817,49875.649,145390.941,20161205_071728,479173,9,259972,3
1,KGGW20161207_135212_V06,-51.455,0.819,299.519,300.787,6.859,-106.627,48.203,3429.501,461.177,20161207_065212,479177,20,5309,14
1,KGGW20161207_140159_V06,-41.671,0.090,299.567,300.327,19.494,-106.627,48.205,9747.090,271.578,20161207_070159,479181,13,6633,7
5,KGGW20161207_140159_V06,-41.671,0.080,329.720,342.330,13.708,-106.425,48.016,6854.139,25860.799,20161207_070159,479181,13,6633,7
1,KGGW20161208_140612_V06,-38.494,0.199,287.930,207.983,8.790,-106.706,48.620,4394.997,46402.646,20161208_070612,479174,1,7574,1
1,KGGW20161208_141558_V06,-28.727,0.220,288.467,207.144,15.619,-106.702,48.624,7809.261,46784.821,20161208_071558,479169,12,6962,4
2,KGGW20161208_154354_V06,59.206,0.621,299.922,300.687,7.063,-106.625,48.203,3531.258,345.740,20161208_084354,479175,12,4002,3
1,KGGW20161211_140328_V06,-44.130,0.066,408.418,297.702,9.266,-105.895,48.214,4632.751,54220.974,20161211_070328,479175,4,24968,4
1,KGGW20161212_141944_V06,-28.756,0.061,25.778,517.050,34.788,-108.434,47.216,17394.024,174863.060,20161212_071944,479176,30,81182,20
1,KGGW20161215_141610_V06,-34.763,0.077,40.127,406.495,71.868,-108.356,47.714,35934.128,140423.495,20161215_071610,479175,17,60084,9
2,KGGW20161215_155351_V06,62.921,0.052,34.029,159.538,45.722,-108.435,48.824,22860.796,150391.193,20161215_085351,479177,12,85353,7
1,KGGW20161218_135333_V06,-59.445,0.111,290.083,292.702,6.658,-106.691,48.239,3329.105,6156.480,20161218_065333,479171,1,7147,0
2,KGGW20161219_143429_V06,-19.114,0.104,21.122,295.371,25.600,-108.501,48.212,12799.870,139458.238,20161219_073429,479171,30,25438,7
2,KGGW20161219_144416_V06,-9.330,0.118,25.366,285.602,42.295,-108.474,48.256,21147.670,137505.525,20161219_074416,479175,11,22834,6
2,KGGW20161219_145403_V06,0.453,0.676,28.275,281.559,46.240,-108.455,48.275,23119.976,136175.056,20161219_075403,479174,10,20012,4
2,KGGW20161219_150348_V06,10.203,0.929,37.757,286.696,54.873,-108.390,48.253,27436.423,131290.134,20161219_080348,479174,9,19167,3
2,KGGW20161219_151334_V06,19.970,0.850,53.132,298.719,60.617,-108.285,48.200,30308.467,123435.844,20161219_081334,479175,10,20745,5
2,KGGW20161219_152319_V06,29.720,0.403,56.402,272.885,83.312,-108.267,48.317,41655.925,122551.105,20161219_082319,479170,5,29521,1
2,KGGW20161219_153304_V06,39.470,0.317,62.146,260.462,96.966,-108.230,48.373,48482.797,120559.054,20161219_083304,479174,4,44354,3
2,KGGW20161219_154250_V06,49.236,0.063,74.141,259.135,104.183,-108.149,48.380,52091.612,114762.978,20161219_084250,479176,18,53503,4
1,KGGW20161220_154433_V06,50.396,0.074,297.301,301.888,9.654,-106.642,48.198,4827.244,1646.817,20161220_084433,479173,11,5361,3
1,KGGW20161221_160451_V06,70.184,0.432,299.931,301.736,7.426,-106.625,48.199,3712.795,868.511,20161221_090451,479173,7,6193,1
1,KGGW20161222_140923_V06,-45.749,0.195,289.382,312.220,17.189,-106.696,48.151,8594.410,8094.265,20161222_070923,479176,7,14327,2
1,KGGW20161222_141909_V06,-35.982,-1.000,289.382,312.220,32.718,-106.696,48.151,16358.910,8094.265,20161222_071909,479173,12,12848,5
1,KGGW20161222_142855_V06,-26.216,0.363,287.738,308.603,14.416,-106.707,48.168,7207.867,7489.476,20161222_072855,479171,13,12221,8
1,KGGW20161223_160819_V06,72.765,0.566,299.296,301.991,6.716,-106.629,48.197,3358.040,1055.659,20161223_090819,479173,5,3986,3
8,KGGW20161224_161009_V06,74.225,0.351,29.054,419.111,41.269,-108.428,47.657,20634.312,147985.832,20161224_091009,479178,0,29064,0
8,KGGW20161224_161954_V06,83.975,0.639,29.890,419.917,48.283,-108.422,47.653,24141.440,147766.304,20161224_091954,479172,11,34187,5
2,KGGW20161224_143231_V06,-23.408,0.374,299.538,300.760,6.554,-106.627,48.203,3277.161,444.752,20161224_073231,479175,3,24178,0
5,KGGW20161224_151135_V06,15.659,0.738,299.419,300.596,6.782,-106.628,48.204,3390.755,416.006,20161224_081135,479172,10,11786,3
1,KGGW20161225_145751_V06,1.600,0.091,36.302,299.984,59.351,-108.398,48.193,29675.743,131849.180,20161225_075751,479177,2,96372,2
1,KGGW20161226_160423_V06,67.856,0.079,291.877,300.054,29.509,-106.679,48.206,14754.715,4061.645,20161226_090423,479175,0,106377,0
1,KGGW20161226_161409_V06,77.622,0.070,305.817,314.016,25.713,-106.585,48.143,12856.495,7587.666,20161226_091409,479175,8,98682,3
5,KGGW20161227_151752_V06,21.109,0.291,27.247,275.784,47.726,-108.463,48.301,23862.995,136913.067,20161227_081752,479175,15,31273,9
5,KGGW20161227_152737_V06,30.859,-1.000,27.247,275.784,63.228,-108.463,48.301,31614.245,136913.067,20161227_082737,479166,17,31016,5
5,KGGW20161227_153724_V06,40.643,0.072,38.843,289.144,63.780,-108.382,48.242,31889.918,130691.287,20161227_083724,479174,8,32942,4
1,KGGW20161227_135738_V06,-59.124,0.193,23.112,436.101,30.573,-108.465,47.579,15286.402,154264.750,20161227_065738,479170,2,22131,1
2,KGGW20161227_141710_V06,-39.591,0.145,39.556,512.501,47.530,-108.344,47.238,23764.894,168067.939,20161227_071710,479176,4,28071,0
3,KGGW20161227_143847_V06,-17.974,0.115,405.587,33.487,17.271,-105.897,49.402,8635.681,143333.377,20161227_073847,479178,4,33736,0
4,KGGW20161227_144835_V06,-8.174,0.117,19.170,346.584,25.731,-108.505,47.981,12865.543,142334.000,20161227_074835,479175,5,32500,3
6,KGGW20161227_151752_V06,21.109,0.287,123.045,115.320,33.018,-107.834,49.030,16509.087,127886.687,20161227_081752,479175,15,31273,9
7,KGGW20161227_152737_V06,30.859,0.491,31.811,321.642,36.888,-108.425,48.095,18444.139,134530.157,20161227_082737,479166,17,31016,5
8,KGGW20161227_152737_V06,30.859,0.051,38.527,269.247,41.398,-108.388,48.331,20699.114,131637.474,20161227_082737,479166,17,31016,5
1,KGGW20161228_135938_V06,-57.305,0.089,28.382,276.049,43.406,-108.455,48.300,21703.068,136335.838,20161228_065938,479177,2,29251,0
5,KGGW20161228_143106_V06,-25.838,0.094,24.795,191.990,20.388,-108.493,48.677,10194.211,147820.959,20161228_073106,479173,15,44840,8
6,KGGW20161228_143106_V06,-25.838,0.071,27.987,102.580,24.261,-108.486,49.079,12130.749,168051.877,20161228_073106,479173,15,44840,8
1,KGGW20161229_140131_V06,-55.554,0.058,292.782,303.547,2.726,-106.673,48.190,1363.071,4021.306,20161229_070131,479175,5,4629,2
1,KGGW20161229_141116_V06,-45.804,-1.000,292.782,303.547,18.229,-106.673,48.190,9114.321,4021.306,20161229_071116,479177,11,7540,2
1,KGGW20161229_142101_V06,-36.054,0.343,299.494,301.649,7.241,-106.628,48.199,3620.281,862.293,20161229_072101,479179,17,9173,1
1,KGGW20161231_140509_V06,-52.038,0.197,291.645,374.958,2.254,-106.680,47.869,1127.174,37710.988,20161231_070509,479174,8,61498,3
