track_id,filename,from_sunrise,det_score,x,y,r,lon,lat,radius,geo_dist,local_time,n_radar_pixels,n_refAbove40_pixels,n_xcorrAbove0.95_pixels,n_xcorrBelow0.95_refAbove40_pixels
1,KCBX20220602_124540_V06,39.282,0.062,236.586,393.514,23.894,-116.624,43.069,11947.222,56493.931,20220602_064540,479175,2,40433,2
9,KCBX20220603_120048_V06,-5.141,0.055,74.285,144.818,32.293,-117.646,44.181,16146.429,136956.790,20220603_060048,479175,22,47188,3
10,KCBX20220603_121205_V06,6.142,0.051,138.273,38.198,36.991,-117.254,44.664,18495.476,153863.549,20220603_061205,479174,41,41259,22
2,KCBX20220605_112659_V06,-38.178,0.132,42.299,503.721,56.018,-117.804,42.563,28009.007,164250.023,20220605_052659,479176,60,196649,0
2,KCBX20220605_113410_V06,-30.995,0.325,47.766,503.326,62.598,-117.770,42.565,31298.839,161990.338,20220605_053410,479177,41,201447,0
2,KCBX20220605_114119_V06,-23.845,0.053,59.948,489.448,69.434,-117.698,42.629,34716.772,152901.756,20220605_054119,479176,78,206931,0
3,KCBX20220611_124407_V06,40.422,0.058,35.636,397.402,68.330,-117.857,43.041,34165.081,140868.197,20220611_064407,479177,2,70967,0
3,KCBX20220611_125032_V06,46.839,0.059,37.612,393.657,78.497,-117.845,43.058,39248.282,139301.001,20220611_065032,479172,2,68126,2
1,KCBX20220611_113150_V06,-31.861,0.052,307.580,289.935,13.791,-116.188,43.536,6895.554,6300.217,20220611_053150,479178,14,86960,1
4,KCBX20220613_122602_V06,22.537,0.068,271.877,189.035,2.856,-116.410,43.990,1427.914,57236.571,20220613_062602,479174,2,19337,2
1,KCBX20220618_122248_V06,19.168,0.107,234.342,392.885,22.041,-116.638,43.072,11020.559,56874.170,20220618_062248,479175,0,44519,0
2,KCBX20220618_123944_V06,36.101,0.119,234.715,390.878,21.165,-116.635,43.081,10582.281,55948.720,20220618_063944,479173,1,41191,1
3,KCBX20220618_125048_V06,47.168,0.063,20.337,193.818,29.048,-117.977,43.955,14524.023,149571.046,20220618_065048,479169,0,39919,0
4,KCBX20220618_130723_V06,63.751,0.114,234.451,390.084,22.873,-116.637,43.085,11436.495,55704.147,20220618_070723,479176,4,37719,1
3,KCBX20220620_112853_V06,-35.053,0.064,284.180,296.558,13.202,-116.332,43.506,6601.128,8094.791,20220620_052853,479176,1,20601,0
5,KCBX20220620_114522_V06,-18.570,0.068,278.209,55.172,25.698,-116.372,44.592,12849.073,122897.760,20220620_054522,479166,0,15836,0
12,KCBX20220620_122413_V06,20.280,0.079,192.154,9.927,15.795,-116.916,44.794,7897.377,154736.361,20220620_062413,479175,3,15476,2
1,KCBX20220621_110626_V06,-57.707,0.060,231.148,385.220,13.736,-116.657,43.107,6868.166,54779.007,20220621_050626,479175,2,45701,2
1,KCBX20220627_111813_V06,-47.859,0.338,281.364,264.935,26.917,-116.350,43.649,13458.359,19855.017,20220627_051813,479171,2,70803,2
1,KCBX20220627_112659_V06,-39.092,0.076,282.179,265.557,35.670,-116.345,43.646,17835.210,19390.167,20220627_052659,479175,0,68934,0
1,KCBX20220701_114837_V06,-19.382,0.138,354.240,409.577,27.776,-115.902,42.997,13887.909,61133.355,20220701_054837,479171,5,45468,4
5,KCBX20220703_112233_V06,-46.583,0.092,228.136,143.683,12.631,-116.684,44.193,6315.584,86022.350,20220703_052233,479176,0,68360,0
5,KCBX20220703_112928_V06,-39.667,0.109,228.378,145.507,26.474,-116.682,44.185,13236.762,85143.500,20220703_052928,479174,0,66937,0
12,KCBX20220703_121354_V06,4.767,0.095,312.945,428.453,29.234,-116.155,42.913,14616.854,64551.956,20220703_061354,479177,1,68390,1
12,KCBX20220703_122019_V06,11.183,0.104,311.977,425.096,36.264,-116.161,42.928,18131.985,62833.790,20220703_062019,479172,2,70359,0
12,KCBX20220703_122658_V06,17.833,-1.000,311.101,422.058,43.968,-116.166,42.941,21984.014,61281.044,20220703_062658,479177,2,68440,1
12,KCBX20220703_123353_V06,24.750,0.598,312.385,440.502,31.157,-116.159,42.858,15578.407,70523.375,20220703_063353,479174,2,66255,2
12,KCBX20220703_124103_V06,31.917,0.116,309.562,436.405,40.636,-116.176,42.877,20317.944,68369.893,20220703_064103,479177,1,62256,1
25,KCBX20220703_132310_V06,74.033,0.056,460.096,442.207,33.289,-115.255,42.847,16644.283,107067.205,20220703_072310,479174,0,52215,0
25,KCBX20220703_132937_V06,80.483,0.170,461.006,435.863,39.584,-115.249,42.875,19792.092,105334.677,20220703_072937,479174,24,50942,14
7,KCBX20220703_113623_V06,-32.750,0.073,349.058,507.489,38.365,-115.936,42.557,19182.732,106604.968,20220703_053623,479173,1,68629,0
10,KCBX20220703_120118_V06,-7.833,0.074,245.916,249.666,24.403,-116.570,43.717,12201.523,36941.300,20220703_060118,479173,0,65462,0
23,KCBX20220703_130945_V06,60.617,0.458,313.260,364.378,30.480,-116.153,43.201,15239.889,32864.496,20220703_070945,479171,1,55905,0
1,KCBX20220704_113014_V06,-39.508,0.147,43.365,207.400,66.875,-117.832,43.896,33437.748,136415.015,20220704_053014,479173,0,65827,0
1,KCBX20220704_113533_V06,-34.192,-1.000,43.365,207.400,75.329,-117.832,43.896,37664.498,136415.015,20220704_053533,479172,0,64809,0
1,KCBX20220704_114051_V06,-28.892,0.074,48.417,198.434,73.697,-117.801,43.937,36848.574,135655.449,20220704_054051,479178,0,62331,0
2,KCBX20220704_123020_V06,20.592,0.059,391.224,519.777,13.325,-115.680,42.500,6662.498,118978.908,20220704_063020,479176,2,52026,1
9,KCBX20220705_132840_V06,78.290,0.057,294.812,443.089,27.926,-116.266,42.847,13962.866,71591.450,20220705_072840,479178,9,46419,8
9,KCBX20220705_133550_V06,85.457,0.128,299.143,438.291,34.869,-116.240,42.868,17434.431,69146.742,20220705_073550,479175,5,43185,2
6,KCBX20220705_132129_V06,71.107,0.058,340.755,337.368,22.050,-115.983,43.322,11024.765,27646.854,20220705_072129,479174,10,49500,7
7,KCBX20220705_132840_V06,78.290,0.111,145.184,334.620,22.884,-117.189,43.331,11442.135,79320.006,20220705_072840,479178,9,46419,8
1,KCBX20220706_111654_V06,-54.137,0.189,337.639,359.494,8.511,-116.003,43.223,4255.602,35200.241,20220706_051654,479172,1,53287,1
2,KCBX20220707_115109_V06,-20.571,0.136,287.604,191.854,21.415,-116.312,43.977,10707.291,54427.113,20220707_055109,479174,21,50559,1
3,KCBX20220707_121836_V06,6.879,0.056,239.684,179.475,60.942,-116.611,44.033,30470.791,67387.736,20220707_061836,479173,72,49698,6
4,KCBX20220711_123448_V06,20.108,0.083,389.604,516.211,17.035,-115.689,42.516,8517.652,117021.622,20220711_063448,479169,4,27196,3
1,KCBX20220712_120217_V06,-13.205,0.139,241.520,310.839,11.751,-116.596,43.441,5875.328,29737.846,20220712_060217,479172,36,35354,19
1,KCBX20220712_121055_V06,-4.572,0.137,244.157,312.308,21.536,-116.579,43.435,10767.832,28591.786,20220712_061055,479171,20,34920,6
1,KCBX20220713_120034_V06,-15.739,0.086,234.768,306.455,8.392,-116.637,43.461,4196.211,32775.505,20220713_060034,479173,6,50396,6
19,KCBX20220715_131149_V06,53.820,0.360,29.628,420.754,29.838,-117.891,42.935,14919.008,148056.171,20220715_071149,479173,6,47486,2
19,KCBX20220715_131859_V06,60.987,0.396,32.291,418.579,45.253,-117.875,42.945,22626.446,146397.943,20220715_071859,479174,1,48044,1
19,KCBX20220715_132539_V06,67.653,0.116,37.718,406.374,54.214,-117.843,43.001,27106.914,141516.198,20220715_072539,479173,23,46149,18
8,KCBX20220715_120126_V06,-16.563,0.159,434.829,309.453,40.769,-115.402,43.445,20384.350,67579.829,20220715_060126,479181,22,53321,0
12,KCBX20220715_124410_V06,26.170,0.060,407.853,79.806,23.752,-115.557,44.480,11875.874,122594.474,20220715_064410,479175,3,49884,1
13,KCBX20220715_124410_V06,26.170,0.053,133.824,488.420,31.041,-117.247,42.638,15520.290,125614.934,20220715_064410,479175,3,49884,1
15,KCBX20220715_125120_V06,33.337,0.158,258.001,131.346,34.691,-116.497,44.249,17345.722,86902.495,20220715_065120,479177,2,50147,1
1,KCBX20220718_120541_V06,-14.984,0.333,196.448,198.974,8.214,-116.879,43.944,4107.031,72334.639,20220718_060541,479172,5,46245,1
1,KCBX20220718_121052_V06,-9.801,0.770,198.104,199.989,12.617,-116.869,43.939,6308.684,71387.913,20220718_061052,479174,5,45499,1
1,KCBX20220718_121604_V06,-4.601,0.399,200.678,201.804,13.372,-116.853,43.931,6686.239,69834.212,20220718_061604,479178,2,45099,0
1,KCBX20220719_120747_V06,-13.808,0.083,188.539,193.133,8.206,-116.929,43.970,4103.039,77207.614,20220719_060747,479171,8,29719,4
1,KCBX20220719_121625_V06,-5.174,0.293,189.108,194.598,18.401,-116.925,43.963,9200.659,76496.022,20220719_061625,479174,17,28678,15
1,KCBX20220721_120849_V06,-14.666,0.340,191.760,204.257,12.318,-116.908,43.920,6158.903,72254.320,20220721_060849,479171,10,35378,6
1,KCBX20220721_121715_V06,-6.233,0.182,190.491,203.532,21.364,-116.916,43.923,10681.900,72969.512,20220721_061715,479174,18,33703,12
1,KCBX20220722_112903_V06,-55.400,0.104,194.386,58.751,2.920,-116.899,44.575,1460.127,131677.203,20220722_052903,479172,5,39541,3
1,KCBX20220727_113313_V06,-56.251,0.054,136.094,92.718,2.290,-117.263,44.419,1144.981,132127.621,20220727_053313,479170,18,40021,11
7,KCBX20220804_123958_V06,2.015,0.113,271.060,431.705,8.466,-116.412,42.898,4232.967,67423.422,20220804_063958,479169,18,41379,5
2,KCBX20220805_124136_V06,2.562,0.063,266.434,188.068,11.537,-116.444,43.994,5768.478,58428.317,20220805_064136,479170,60,65968,0
2,KCBX20220806_124131_V06,1.389,0.148,206.904,380.600,9.837,-116.806,43.127,4918.571,61569.659,20220806_064131,479173,15,64022,3
2,KCBX20220806_124711_V06,7.055,-1.000,206.904,380.600,18.847,-116.806,43.127,9423.571,61569.659,20220806_064711,479175,8,62870,1
2,KCBX20220806_125250_V06,12.705,0.220,205.868,378.350,13.391,-116.813,43.137,6695.658,61236.118,20220806_065250,479174,6,61230,4
2,KCBX20220809_121054_V06,-32.519,0.172,251.768,132.962,28.829,-116.536,44.242,14414.614,86930.824,20220809_061054,479177,13,63914,8
2,KCBX20220809_121733_V06,-25.869,0.210,253.116,130.954,37.630,-116.528,44.251,18815.197,87713.438,20220809_061733,479172,0,64993,0
4,KCBX20220809_123023_V06,-13.036,0.166,363.003,447.276,37.373,-115.849,42.827,18686.710,80093.219,20220809_063023,479174,8,65331,2
5,KCBX20220809_123023_V06,-13.036,0.089,152.400,272.485,28.734,-117.149,43.611,14366.874,75071.564,20220809_063023,479174,8,65331,2
11,KCBX20220809_131203_V06,28.631,0.070,264.464,248.922,17.927,-116.455,43.720,8963.509,31111.616,20220809_071203,479173,1,61114,0
4,KCBX20220810_115333_V06,-50.971,0.062,285.489,561.499,32.217,-116.322,42.314,16108.295,130950.508,20220810_055333,479171,17,114964,4
11,KCBX20220810_124706_V06,2.579,0.052,531.820,471.841,51.950,-114.820,42.709,25975.100,144282.395,20220810_064706,479173,5,106633,0
12,KCBX20220810_125316_V06,8.746,0.098,324.879,422.457,27.397,-116.082,42.940,13698.423,62479.359,20220810_065316,479179,1,105163,0
15,KCBX20220810_131344_V06,29.212,0.090,422.133,270.054,37.845,-115.478,43.623,18922.260,62875.490,20220810_071344,479174,13,103048,4
18,KCBX20220810_132024_V06,35.879,0.058,479.588,310.609,30.645,-115.125,43.438,15322.689,89950.711,20220810_072024,479174,16,103783,10
20,KCBX20220810_133428_V06,49.946,0.107,391.165,558.351,29.833,-115.681,42.327,14916.500,136982.179,20220810_073428,479168,8,113181,3
21,KCBX20220810_133428_V06,49.946,0.080,447.739,519.037,28.552,-115.336,42.501,14276.005,132102.436,20220810_073428,479168,8,113181,3
23,KCBX20220810_134848_V06,64.279,0.092,305.318,152.196,31.904,-116.201,44.156,15952.187,73949.589,20220810_074848,479172,18,121102,2
1,KCBX20220811_120632_V06,-39.092,0.095,76.274,157.703,8.602,-117.632,44.123,4300.794,132572.574,20220811_060632,479174,0,42365,0
2,KCBX20220811_125023_V06,4.758,0.149,207.169,378.164,8.529,-116.805,43.138,4264.561,60677.663,20220811_065023,479173,1,40416,1
4,KCBX20220811_134413_V06,58.591,0.064,275.508,441.209,29.131,-116.384,42.855,14565.556,71658.680,20220811_074413,479171,5,34759,1
2,KCBX20220812_130320_V06,16.602,0.093,205.506,380.482,10.976,-116.815,43.127,5487.997,62061.420,20220812_070320,479176,16,41139,14
1,KCBX20220813_125003_V06,2.210,0.205,324.348,533.631,33.671,-116.086,42.439,16835.402,117448.374,20220813_065003,479172,2,42446,2
2,KCBX20220814_130516_V06,16.317,0.074,205.928,383.643,10.444,-116.812,43.113,5221.773,62939.740,20220814_070516,479170,1,45088,1
1,KCBX20220815_133443_V06,44.656,0.053,135.699,347.748,6.328,-117.246,43.271,3163.870,85549.053,20220815_073443,479172,7,33404,7
1,KCBX20220818_124439_V06,-8.751,0.065,234.436,305.889,9.164,-116.640,43.464,4582.134,32913.765,20220818_064439,479171,5,39914,5
2,KCBX20220818_130156_V06,8.533,0.070,201.344,376.667,14.007,-116.841,43.144,7003.590,62471.503,20220818_070156,479171,0,41191,0
3,KCBX20220818_140250_V06,69.433,0.070,267.820,424.126,39.614,-116.432,42.932,19806.931,64114.939,20220818_080250,479172,18,40779,8
7,KCBX20220819_124235_V06,-11.932,0.184,294.235,322.846,23.003,-116.270,43.388,11501.642,11780.874,20220819_064235,479190,13,92168,6
7,KCBX20220819_124715_V06,-7.266,0.233,291.926,321.596,28.148,-116.284,43.394,14073.805,11527.766,20220819_064715,479192,8,92782,2
9,KCBX20220819_133447_V06,40.268,0.263,288.998,303.210,19.706,-116.302,43.476,9852.852,5730.299,20220819_073447,479180,96,72770,29
9,KCBX20220819_133935_V06,45.068,0.150,287.164,302.530,25.458,-116.314,43.479,12729.223,6541.488,20220819_073935,479187,61,72101,3
9,KCBX20220819_134423_V06,49.868,0.098,276.831,303.230,19.121,-116.378,43.476,9560.272,11696.456,20220819_074423,479177,54,70877,8
5,KCBX20220819_123747_V06,-16.732,0.149,379.516,424.277,22.102,-115.747,42.930,11050.798,73769.414,20220819_063747,479185,7,91301,0
8,KCBX20220819_131536_V06,21.084,0.249,306.369,319.061,17.962,-116.195,43.405,8980.766,10048.485,20220819_071536,479182,20,76383,4
14,KCBX20220819_140822_V06,73.851,0.084,122.461,174.146,24.283,-117.342,44.052,12141.321,108811.200,20220819_080822,479185,12,63516,4
1,KCBX20220820_130112_V06,5.569,0.208,207.479,378.239,8.318,-116.803,43.137,4158.905,60583.601,20220820_070112,479170,1,37942,0
1,KCBX20220822_132854_V06,31.037,0.180,203.601,379.837,11.422,-116.827,43.130,5711.046,62583.405,20220822_072854,479189,59,36395,1
2,KCBX20220822_132854_V06,31.037,0.073,401.454,506.150,13.131,-115.617,42.561,6565.660,114881.097,20220822_072854,479189,59,36395,1
3,KCBX20220822_135014_V06,52.370,0.138,271.499,186.958,3.017,-116.412,43.999,1508.423,58289.917,20220822_075014,479184,14,34341,5
1,KCBX20220824_124420_V06,-15.763,0.103,454.427,341.571,38.926,-115.283,43.300,19463.169,79962.260,20220824_064420,479174,9,44863,6
3,KCBX20220824_130151_V06,1.754,0.156,427.142,515.673,16.350,-115.461,42.517,8174.924,125179.977,20220824_070151,479175,6,49321,4
4,KCBX20220824_131037_V06,10.521,0.094,298.366,575.617,21.206,-116.244,42.250,10602.936,137810.984,20220824_071037,479172,6,51093,5
1,KCBX20220826_121258_V06,-49.361,0.091,135.538,92.809,2.591,-117.267,44.419,1295.580,132264.743,20220826_061258,479175,6,48706,1
1,KCBX20220828_132042_V06,16.143,0.068,227.970,377.442,44.240,-116.677,43.141,22120.134,52881.162,20220828_072042,479173,7,33898,0
1,KCBX20220829_121150_V06,-53.838,0.065,135.493,93.958,2.502,-117.267,44.413,1250.879,131829.476,20220829_061150,479174,0,40689,0
1,KCBX20220901_132948_V06,20.792,0.073,421.914,527.329,34.192,-115.493,42.465,17096.233,128978.294,20220901_072948,479172,14,49342,6
1,KCBX20220903_122928_V06,-41.762,0.076,19.191,287.395,33.050,-117.972,43.534,16525.049,140545.831,20220903_062928,479171,1,45927,0
2,KCBX20220903_122928_V06,-41.762,0.057,13.687,251.898,15.324,-118.010,43.694,7662.143,145162.879,20220903_062928,479171,1,45927,0
3,KCBX20220903_123754_V06,-33.329,0.171,328.923,414.694,35.897,-116.057,42.975,17948.584,59142.186,20220903_063754,479172,2,46183,2
4,KCBX20220903_132012_V06,8.971,0.092,206.079,380.094,8.614,-116.812,43.129,4306.841,61717.313,20220903_072012,479173,14,46494,12
1,KCBX20220904_130104_V06,-11.271,0.121,179.648,256.107,7.986,-116.981,43.686,3992.884,64053.162,20220904_070104,479174,6,43703,3
2,KCBX20220904_130104_V06,-11.271,0.108,282.316,269.276,18.704,-116.344,43.629,9351.891,17725.149,20220904_070104,479174,6,43703,3
3,KCBX20220904_130950_V06,-2.504,0.619,291.904,394.069,13.711,-116.284,43.067,6855.560,47208.552,20220904_070950,479170,0,44998,0
1,KCBX20220906_131436_V06,0.046,0.055,178.375,262.139,19.062,-116.988,43.659,9530.788,63690.867,20220906_071436,479167,4,39970,2
2,KCBX20220907_130535_V06,-10.077,0.107,177.681,255.471,6.339,-116.993,43.689,3169.685,65085.780,20220907_070535,479192,25,38678,17
2,KCBX20220907_131038_V06,-5.027,0.394,177.436,256.031,13.550,-116.995,43.686,6775.183,65105.817,20220907_071038,479198,8,39697,1
2,KCBX20220907_131610_V06,0.506,0.250,174.268,258.718,20.157,-117.014,43.674,10078.255,66167.752,20220907_071610,479180,4,40967,1
4,KCBX20220907_134632_V06,30.873,0.111,267.091,89.375,29.282,-116.441,44.438,14640.926,106590.243,20220907_074632,479174,13,45734,5
6,KCBX20220907_143010_V06,74.506,0.096,402.647,366.920,18.309,-115.603,43.188,9154.648,61267.084,20220907_083010,479188,0,36939,0
1,KCBX20220908_130034_V06,-16.201,0.120,182.998,261.276,6.727,-116.960,43.663,3363.581,61621.769,20220908_070034,479180,10,50498,7
1,KCBX20220908_130457_V06,-11.818,0.390,183.263,261.624,12.373,-116.958,43.661,6186.562,61441.411,20220908_070457,479183,2,50236,1
1,KCBX20220908_130921_V06,-7.418,0.429,184.537,262.054,17.449,-116.950,43.659,8724.518,60769.036,20220908_070921,479200,8,50797,3
1,KCBX20220908_131345_V06,-3.018,0.386,190.214,261.611,21.533,-116.915,43.662,10766.702,58152.329,20220908_071345,479187,0,50771,0
2,KCBX20220908_130034_V06,-16.201,0.088,410.405,285.669,58.821,-115.551,43.553,29410.395,55665.767,20220908_070034,479180,10,50498,7
1,KCBX20220909_131506_V06,-2.774,0.442,182.657,263.767,16.338,-116.962,43.652,8169.037,61405.015,20220909_071506,479172,14,48326,9
1,KCBX20220910_130734_V06,-11.414,0.070,173.622,253.695,8.239,-117.018,43.697,4119.383,67296.903,20220910_070734,479171,4,22230,4
1,KCBX20220911_130852_V06,-11.221,0.369,176.256,257.765,10.519,-117.002,43.678,5259.254,65376.677,20220911_070852,479173,27,28924,7
1,KCBX20220911_131739_V06,-2.438,0.470,176.310,258.203,19.782,-117.001,43.676,9890.949,65280.808,20220911_071739,479175,1,25927,0
1,KCBX20220911_132624_V06,6.312,0.705,176.924,258.274,21.035,-116.998,43.676,10517.562,64978.430,20220911_072624,479170,0,25286,0
1,KCBX20220911_133511_V06,15.095,0.314,176.942,259.391,27.632,-116.997,43.671,13815.964,64792.827,20220911_073511,479173,8,25040,5
2,KCBX20220911_131739_V06,-2.438,0.173,225.077,309.562,14.459,-116.697,43.447,7229.372,37765.458,20220911_071739,479175,1,25927,0
2,KCBX20220912_131743_V06,-3.479,0.461,176.177,259.291,14.907,-117.002,43.671,7453.487,65171.496,20220912_071743,479174,15,37636,8
2,KCBX20220912_132604_V06,4.871,0.583,177.658,260.190,21.561,-116.993,43.667,10780.385,64327.921,20220912_072604,479170,16,37580,8
2,KCBX20220912_133426_V06,13.238,0.479,179.619,263.893,25.201,-116.981,43.651,12600.589,62839.799,20220912_073426,479172,2,37656,2
1,KCBX20220912_130922_V06,-11.829,0.199,32.128,330.147,36.100,-117.886,43.343,18050.140,134781.360,20220912_070922,479174,16,36599,15
1,KCBX20220912_131743_V06,-3.479,0.218,32.686,329.337,44.700,-117.883,43.347,22350.238,134459.471,20220912_071743,479174,15,37636,8
1,KCBX20220912_132604_V06,4.871,0.073,30.757,309.561,36.611,-117.897,43.436,18305.553,134706.222,20220912_072604,479170,16,37580,8
1,KCBX20220912_133426_V06,13.238,0.092,30.154,301.029,43.263,-117.902,43.474,21631.352,134923.840,20220912_073426,479172,2,37656,2
1,KCBX20220912_134247_V06,21.588,0.070,31.601,277.150,33.246,-117.896,43.582,16623.030,134684.764,20220912_074247,479172,3,37478,3
6,KCBX20220912_134247_V06,21.588,0.074,29.233,141.854,41.328,-117.928,44.190,20664.204,156784.018,20220912_074247,479172,3,37478,3
6,KCBX20220912_135107_V06,29.921,0.189,29.909,135.117,49.460,-117.925,44.220,24729.995,158221.022,20220912_075107,479175,14,37016,11
3,KCBX20220912_132604_V06,4.871,0.223,232.615,310.466,14.808,-116.651,43.443,7404.182,34096.356,20220912_072604,479170,16,37580,8
5,KCBX20220912_132604_V06,4.871,0.056,25.058,177.626,43.309,-117.949,44.029,21654.442,150472.906,20220912_072604,479170,16,37580,8
11,KCBX20220913_143140_V06,69.362,0.058,380.973,207.662,12.589,-115.730,43.905,6294.384,61406.300,20220913_083140,479178,304,151658,24
2,KCBX20220914_131303_V06,-10.364,0.226,177.197,257.989,8.195,-116.996,43.677,4097.340,64894.994,20220914_071303,479180,1,46979,0
2,KCBX20220914_131753_V06,-5.531,0.441,177.371,258.440,15.174,-116.995,43.675,7586.877,64739.946,20220914_071753,479179,5,46742,0
2,KCBX20220914_132222_V06,-1.047,0.392,178.627,259.146,17.890,-116.987,43.672,8944.952,64032.196,20220914_072222,479183,3,45357,1
2,KCBX20220914_132650_V06,3.419,-1.000,179.619,259.764,21.488,-116.981,43.669,10743.779,63463.381,20220914_072650,479182,3,44153,1
2,KCBX20220914_133119_V06,7.903,0.429,180.138,258.901,20.360,-116.978,43.673,10180.181,63356.178,20220914_073119,479188,16,44179,9
2,KCBX20220914_133556_V06,12.519,0.271,181.417,257.965,22.632,-116.970,43.678,11316.047,62906.345,20220914_073556,479180,2,43039,1
2,KCBX20220914_134033_V06,17.136,0.376,183.822,257.550,27.351,-116.955,43.680,13675.674,61845.182,20220914_074033,479189,2,43040,1
2,KCBX20220914_134500_V06,21.586,0.137,190.630,255.408,38.259,-116.913,43.689,19129.671,59055.688,20220914_074500,479194,3,43594,2
1,KCBX20220914_131303_V06,-10.364,0.326,225.926,307.417,8.150,-116.692,43.457,4074.892,37222.028,20220914_071303,479180,1,46979,0
1,KCBX20220914_131753_V06,-5.531,-1.000,225.926,307.417,15.835,-116.692,43.457,7917.392,37222.028,20220914_071753,479179,5,46742,0
1,KCBX20220914_132222_V06,-1.047,0.053,225.644,308.932,13.737,-116.694,43.450,6868.475,37445.189,20220914_072222,479183,3,45357,1
4,KCBX20220914_132650_V06,3.419,0.477,178.627,260.127,15.541,-116.987,43.668,7770.456,63877.381,20220914_072650,479182,3,44153,1
2,KCBX20220915_131656_V06,-7.592,0.355,180.601,261.724,8.161,-116.975,43.661,4080.599,62692.101,20220915_071656,479193,186,68803,3
2,KCBX20220915_132200_V06,-2.525,0.283,180.795,262.254,14.306,-116.973,43.658,7153.055,62519.191,20220915_072200,479181,220,68725,19
2,KCBX20220915_132705_V06,2.558,0.369,182.260,264.651,16.406,-116.964,43.648,8203.048,61466.197,20220915_072705,479188,209,67298,4
2,KCBX20220915_133210_V06,7.642,0.468,183.113,267.307,19.567,-116.959,43.636,9783.679,60686.647,20220915_073210,479188,119,65266,8
2,KCBX20220915_133700_V06,12.475,0.533,183.713,269.124,23.137,-116.955,43.628,11568.431,60157.965,20220915_073700,479188,81,65033,4
2,KCBX20220915_134151_V06,17.325,0.527,183.505,269.683,25.206,-116.956,43.625,12602.966,60187.776,20220915_074151,479187,74,64324,8
2,KCBX20220915_134642_V06,22.175,0.130,183.836,272.425,29.054,-116.954,43.613,14527.000,59695.967,20220915_074642,479186,54,63542,8
2,KCBX20220915_135133_V06,27.025,-1.000,184.087,274.664,32.507,-116.952,43.603,16253.401,59325.025,20220915_075133,479179,15,62094,2
2,KCBX20220915_140015_V06,35.725,0.058,196.290,281.036,42.562,-116.876,43.574,21281.077,52714.734,20220915_080015,479189,6,60258,3
4,KCBX20220915_131656_V06,-7.592,0.171,171.001,177.793,7.554,-117.039,44.038,3776.953,88847.042,20220915_071656,479193,186,68803,3
4,KCBX20220915_132200_V06,-2.525,0.071,171.162,178.216,14.828,-117.038,44.036,7413.820,88643.343,20220915_072200,479181,220,68725,19
3,KCBX20220915_131656_V06,-7.592,0.303,284.592,506.892,35.505,-116.328,42.560,17752.634,103732.721,20220915_071656,479193,186,68803,3
3,KCBX20220915_132200_V06,-2.525,-1.000,284.592,506.892,43.561,-116.328,42.560,21780.634,103732.721,20220915_072200,479181,220,68725,19
3,KCBX20220915_132705_V06,2.558,0.171,288.568,513.121,50.750,-116.304,42.532,25375.221,106713.770,20220915_072705,479188,209,67298,4
5,KCBX20220915_131656_V06,-7.592,0.118,412.993,306.277,27.415,-115.536,43.460,13707.336,56583.379,20220915_071656,479193,186,68803,3
6,KCBX20220915_131656_V06,-7.592,0.090,386.709,379.156,2.862,-115.702,43.133,1431.189,58702.956,20220915_071656,479193,186,68803,3
3,KCBX20220916_131201_V06,-13.621,0.238,174.946,255.743,5.735,-117.010,43.687,2867.702,66327.282,20220916_071201,479181,35,42360,20
3,KCBX20220916_131615_V06,-9.387,0.109,175.700,256.109,11.183,-117.005,43.686,5591.634,65910.782,20220916_071615,479184,4,43322,4
3,KCBX20220916_132039_V06,-4.987,0.531,178.158,257.925,14.582,-116.990,43.678,7291.023,64451.129,20220916_072039,479179,1,42755,1
3,KCBX20220916_132504_V06,-0.571,0.348,179.643,258.952,16.610,-116.981,43.673,8304.930,63582.128,20220916_072504,479187,6,41575,6
3,KCBX20220916_132928_V06,3.829,0.470,181.646,259.577,20.829,-116.968,43.670,10414.522,62533.274,20220916_072928,479173,15,41119,14
3,KCBX20220916_133352_V06,8.229,0.529,183.029,259.560,27.089,-116.960,43.671,13544.711,61881.906,20220916_073352,479183,8,40218,5
3,KCBX20220916_133816_V06,12.629,0.406,184.851,260.335,29.762,-116.948,43.667,14881.196,60894.370,20220916_073816,479181,2,39883,1
3,KCBX20220916_134240_V06,17.029,0.075,186.783,261.651,32.643,-116.936,43.661,16321.621,59767.863,20220916_074240,479174,10,39547,1
5,KCBX20220916_133816_V06,12.629,0.263,240.954,414.111,17.046,-116.596,42.977,8522.991,64241.206,20220916_073816,479181,2,39883,1
5,KCBX20220916_134240_V06,17.029,0.082,241.336,414.108,23.333,-116.594,42.977,11666.352,64152.454,20220916_074240,479174,10,39547,1
1,KCBX20220916_130737_V06,-18.021,0.059,326.345,397.053,29.685,-116.073,43.054,14842.703,50282.318,20220916_070737,479185,25,42179,7
4,KCBX20220916_132504_V06,-0.571,0.051,136.392,202.500,12.603,-117.253,43.925,6301.666,95228.619,20220916_072504,479187,6,41575,6
1,KCBX20220917_131153_V06,-14.868,0.124,164.829,176.381,5.134,-117.078,44.044,2567.080,91587.336,20220917_071153,479172,0,34905,0
1,KCBX20220917_132031_V06,-6.235,0.128,165.664,177.734,14.194,-117.072,44.038,7096.810,90822.806,20220917_072031,479172,0,33932,0
1,KCBX20220917_132910_V06,2.415,0.196,167.899,178.738,16.100,-117.058,44.034,8050.134,89659.352,20220917_072910,479172,6,32222,2
1,KCBX20220917_133755_V06,11.165,0.182,166.979,182.337,23.120,-117.064,44.017,11559.895,88796.337,20220917_073755,479173,33,30481,18
1,KCBX20220917_134642_V06,19.949,-1.000,166.660,185.428,29.369,-117.066,44.003,14684.425,87900.856,20220917_074642,479174,15,28795,15
1,KCBX20220917_140347_V06,37.032,0.117,193.334,241.870,62.574,-116.897,43.751,31287.239,60738.513,20220917_080347,479172,3,28596,0
2,KCBX20220917_132031_V06,-6.235,0.506,178.534,258.559,11.135,-116.988,43.675,5567.474,64170.475,20220917_072031,479172,0,33932,0
2,KCBX20220917_132910_V06,2.415,0.686,179.774,259.278,19.067,-116.980,43.672,9533.726,63467.772,20220917_072910,479172,6,32222,2
2,KCBX20220917_133755_V06,11.165,0.636,183.092,259.858,24.003,-116.959,43.669,12001.253,61803.709,20220917_073755,479173,33,30481,18
2,KCBX20220917_134642_V06,19.949,0.530,187.395,262.343,34.099,-116.932,43.658,17049.432,59367.466,20220917_074642,479174,15,28795,15
3,KCBX20220917_132031_V06,-6.235,0.310,136.681,201.254,7.273,-117.251,43.931,3636.427,95425.341,20220917_072031,479172,0,33932,0
3,KCBX20220917_132910_V06,2.415,0.101,136.250,201.870,17.494,-117.254,43.928,8746.969,95451.127,20220917_072910,479172,6,32222,2
4,KCBX20220917_132031_V06,-6.235,0.175,466.904,541.162,14.182,-115.221,42.401,7091.245,146642.558,20220917_072031,479172,0,33932,0
4,KCBX20220917_132910_V06,2.415,0.051,467.212,539.656,22.640,-115.219,42.408,11319.772,146112.133,20220917_072910,479172,6,32222,2
4,KCBX20220917_133755_V06,11.165,0.051,468.719,536.527,18.118,-115.209,42.422,9058.767,145267.873,20220917_073755,479173,33,30481,18
5,KCBX20220917_132031_V06,-6.235,0.143,191.582,145.773,7.300,-116.912,44.183,3650.177,94260.907,20220917_072031,479172,0,33932,0
5,KCBX20220917_132910_V06,2.415,0.153,191.550,147.403,17.623,-116.913,44.176,8811.272,93604.513,20220917_072910,479172,6,32222,2
6,KCBX20220917_133755_V06,11.165,0.328,305.391,394.903,18.037,-116.201,43.064,9018.673,47528.155,20220917_073755,479173,33,30481,18
6,KCBX20220918_131545_V06,-12.117,0.363,28.535,359.178,36.271,-117.905,43.212,18135.374,138920.360,20220918_071545,479181,278,46525,3
6,KCBX20220918_132009_V06,-7.717,0.389,28.169,357.326,41.487,-117.907,43.221,20743.728,138904.970,20220918_072009,479191,300,45414,0
6,KCBX20220918_132433_V06,-3.317,0.591,29.646,339.559,36.746,-117.900,43.301,18373.184,136616.405,20220918_072433,479183,266,45918,3
6,KCBX20220918_132856_V06,1.066,0.400,29.655,335.976,41.811,-117.901,43.317,20905.622,136364.134,20220918_072856,479179,259,45722,1
6,KCBX20220918_133320_V06,5.466,0.311,30.519,318.435,35.971,-117.898,43.396,17985.653,135055.343,20220918_073320,479175,263,45405,0
6,KCBX20220918_133745_V06,9.883,0.378,30.144,315.672,40.918,-117.900,43.408,20458.798,135155.268,20220918_073745,479172,292,45851,3
6,KCBX20220918_134209_V06,14.283,0.108,28.874,299.471,36.419,-117.910,43.481,18209.316,135563.173,20220918_074209,479187,268,47165,2
4,KCBX20220918_124029_V06,-47.384,0.067,32.120,258.240,38.568,-117.895,43.667,19283.878,135557.866,20220918_064029,479184,132,60695,4
2,KCBX20220919_131610_V06,-12.819,0.321,179.383,258.978,11.744,-116.982,43.673,5872.108,63700.959,20220919_071610,479190,0,40985,0
2,KCBX20220919_132034_V06,-8.419,0.517,180.503,259.349,16.001,-116.975,43.671,8000.250,63111.042,20220919_072034,479175,0,43023,0
2,KCBX20220919_132458_V06,-4.019,0.411,182.357,261.819,17.212,-116.964,43.660,8605.980,61841.818,20220919_072458,479177,3,43109,2
2,KCBX20220919_132922_V06,0.381,0.411,183.378,263.145,19.712,-116.957,43.654,9856.030,61153.620,20220919_072922,479189,1,43056,0
2,KCBX20220919_133346_V06,4.781,0.486,183.287,265.784,22.937,-116.958,43.643,11468.254,60812.538,20220919_073346,479181,2,43035,0
2,KCBX20220919_133810_V06,9.181,0.562,182.906,267.564,26.944,-116.960,43.635,13472.081,60751.756,20220919_073810,479188,0,42841,0
2,KCBX20220919_134234_V06,13.581,0.498,183.308,268.850,28.366,-116.957,43.629,14182.827,60389.079,20220919_074234,479185,2,42806,1
2,KCBX20220919_134658_V06,17.981,0.682,184.399,269.707,31.891,-116.951,43.625,15945.286,59751.869,20220919_074658,479187,0,43355,0
2,KCBX20220919_135121_V06,22.365,0.508,184.345,270.104,35.436,-116.951,43.623,17717.967,59728.004,20220919_075121,479197,2,44178,2
2,KCBX20220919_140022_V06,31.381,0.273,188.957,272.008,45.324,-116.922,43.615,22662.152,57258.662,20220919_080022,479190,4,45858,4
4,KCBX20220919_131610_V06,-12.819,0.131,164.517,173.674,8.237,-117.080,44.056,4118.261,92619.778,20220919_071610,479190,0,40985,0
4,KCBX20220919_132034_V06,-8.419,0.255,164.929,174.114,13.676,-117.077,44.054,6837.958,92319.191,20220919_072034,479175,0,43023,0
4,KCBX20220919_132458_V06,-4.019,0.201,166.975,175.379,15.038,-117.064,44.049,7519.016,91139.979,20220919_072458,479177,3,43109,2
7,KCBX20220919_132034_V06,-8.419,0.162,319.762,421.902,14.623,-116.113,42.942,7311.687,61746.805,20220919_072034,479175,0,43023,0
7,KCBX20220919_132458_V06,-4.019,0.208,319.369,422.515,20.817,-116.116,42.939,10408.365,62018.176,20220919_072458,479177,3,43109,2
8,KCBX20220919_132034_V06,-8.419,0.053,340.697,441.457,21.508,-115.985,42.854,10753.786,73597.648,20220919_072034,479175,0,43023,0
8,KCBX20220919_132458_V06,-4.019,0.104,341.810,442.083,26.877,-115.979,42.851,13438.261,74053.407,20220919_072458,479177,3,43109,2
1,KCBX20220919_131146_V06,-17.219,0.082,319.258,516.453,18.348,-116.117,42.517,9173.786,108654.089,20220919_071146,479179,4,39009,4
6,KCBX20220919_132034_V06,-8.419,0.175,199.133,187.063,6.962,-116.863,43.997,3480.947,75711.453,20220919_072034,479175,0,43023,0
9,KCBX20220919_133346_V06,4.781,0.086,190.708,228.732,16.058,-116.914,43.810,8028.814,65237.740,20220919_073346,479181,2,43035,0
9,KCBX20220919_133810_V06,9.181,-1.000,190.708,228.732,23.054,-116.914,43.810,11526.814,65237.740,20220919_073810,479188,0,42841,0
9,KCBX20220919_134234_V06,13.581,0.076,197.478,220.610,12.893,-116.872,43.846,6446.396,64833.501,20220919_074234,479185,2,42806,1
1,KCBX20220920_131525_V06,-14.689,0.504,184.521,259.324,8.065,-116.950,43.672,4032.621,61216.448,20220920_071525,479170,11,47040,11
1,KCBX20220920_132226_V06,-7.672,0.345,183.790,260.403,15.404,-116.955,43.667,7702.066,61385.577,20220920_072226,479170,11,45987,3
1,KCBX20220920_132933_V06,-0.556,0.551,183.107,263.453,19.010,-116.959,43.653,9504.896,61236.520,20220920_072933,479171,8,46314,5
1,KCBX20220920_133639_V06,6.544,0.555,183.197,262.417,23.831,-116.958,43.658,11915.660,61350.249,20220920_073639,479171,34,46394,32
1,KCBX20220920_134344_V06,13.628,0.531,185.982,265.628,33.223,-116.941,43.643,16611.579,59543.216,20220920_074344,479175,12,46737,8
1,KCBX20220920_135052_V06,20.761,0.357,189.900,267.441,35.945,-116.917,43.635,17972.264,57406.636,20220920_075052,479171,18,47796,14
3,KCBX20220920_131525_V06,-14.689,0.218,164.110,171.912,8.749,-117.082,44.064,4374.565,93371.312,20220920_071525,479170,11,47040,11
3,KCBX20220920_132226_V06,-7.672,0.208,164.175,173.310,16.973,-117.082,44.058,8486.544,92869.397,20220920_072226,479170,11,45987,3
3,KCBX20220920_132933_V06,-0.556,0.365,162.301,175.962,17.972,-117.094,44.046,8985.802,92664.116,20220920_072933,479171,8,46314,5
3,KCBX20220920_133639_V06,6.544,0.446,163.568,177.653,18.331,-117.085,44.038,9165.485,91627.734,20220920_073639,479171,34,46394,32
3,KCBX20220920_134344_V06,13.628,0.071,161.606,180.409,22.762,-117.098,44.026,11381.241,91453.650,20220920_074344,479175,12,46737,8
5,KCBX20220920_132933_V06,-0.556,0.112,134.293,207.630,13.175,-117.266,43.902,6587.373,94856.372,20220920_072933,479171,8,46314,5
5,KCBX20220920_133639_V06,6.544,0.116,134.160,207.446,20.361,-117.267,43.903,10180.685,94959.233,20220920_073639,479171,34,46394,32
4,KCBX20220920_132226_V06,-7.672,0.305,319.598,424.739,13.210,-116.114,42.929,6604.797,63134.591,20220920_072226,479170,11,45987,3
6,KCBX20220920_132933_V06,-0.556,0.077,455.271,498.072,27.044,-115.289,42.595,13522.002,125838.704,20220920_072933,479171,8,46314,5
7,KCBX20220920_143330_V06,63.394,0.090,362.260,433.196,47.578,-115.853,42.891,23789.135,73514.121,20220920_083330,479170,13,51133,3
3,KCBX20220921_131655_V06,-14.311,0.115,182.644,255.815,5.203,-116.962,43.687,2601.702,62699.006,20220921_071655,479187,12,41975,11
3,KCBX20220921_132022_V06,-10.861,0.488,182.963,255.860,9.997,-116.960,43.687,4998.743,62541.820,20220921_072022,479174,9,41857,6
3,KCBX20220921_132403_V06,-7.178,0.375,184.888,256.394,13.348,-116.948,43.685,6673.941,61547.281,20220921_072403,479178,15,41154,8
3,KCBX20220921_132744_V06,-3.495,0.574,186.141,257.044,13.760,-116.940,43.682,6879.994,60846.116,20220921_072744,479181,6,41053,4
3,KCBX20220921_133124_V06,0.172,0.329,187.371,257.285,16.588,-116.933,43.681,8293.936,60228.290,20220921_073124,479177,4,39379,2
3,KCBX20220921_133504_V06,3.839,0.232,187.315,257.107,18.210,-116.933,43.682,9104.794,60286.494,20220921_073504,479184,22,38231,7
3,KCBX20220921_133837_V06,7.389,0.350,189.588,256.999,23.269,-116.919,43.682,11634.455,59244.833,20220921_073837,479173,12,37599,4
3,KCBX20220921_134217_V06,11.055,0.423,191.087,256.677,27.586,-116.910,43.684,13792.944,58606.463,20220921_074217,479179,40,36689,25
3,KCBX20220921_134551_V06,14.622,0.530,192.163,255.245,28.015,-116.903,43.690,14007.330,58377.469,20220921_074551,479184,14,35975,10
3,KCBX20220921_134924_V06,18.172,0.583,193.645,256.024,30.989,-116.894,43.687,15494.575,57544.012,20220921_074924,479189,7,35508,2
3,KCBX20220921_135257_V06,21.722,0.601,193.247,254.812,34.502,-116.897,43.692,17250.786,57961.495,20220921_075257,479178,10,34869,2
3,KCBX20220921_140018_V06,29.072,0.651,198.185,252.451,44.039,-116.866,43.703,22019.268,56185.410,20220921_080018,479190,4,34403,3
3,KCBX20220921_140411_V06,32.955,0.632,197.646,252.829,50.454,-116.869,43.701,25227.093,56350.613,20220921_080411,479190,3,33867,3
3,KCBX20220921_140750_V06,36.605,0.563,200.838,253.530,54.252,-116.850,43.698,27126.113,54755.051,20220921_080750,479183,17,34549,5
5,KCBX20220921_132022_V06,-10.861,0.285,173.967,172.213,9.820,-117.021,44.063,4910.135,89741.185,20220921_072022,479174,9,41857,6
5,KCBX20220921_132403_V06,-7.178,0.438,174.529,172.513,14.682,-117.017,44.062,7340.933,89436.963,20220921_072403,479178,15,41154,8
5,KCBX20220921_132744_V06,-3.495,0.465,177.547,174.010,16.854,-116.999,44.055,8427.105,87846.745,20220921_072744,479181,6,41053,4
5,KCBX20220921_133124_V06,0.172,0.417,181.463,176.872,19.998,-116.974,44.043,9998.761,85456.911,20220921_073124,479177,4,39379,2
5,KCBX20220921_133504_V06,3.839,0.455,184.616,174.994,23.935,-116.954,44.051,11967.642,85058.598,20220921_073504,479184,22,38231,7
5,KCBX20220921_133837_V06,7.389,0.394,187.528,173.527,27.827,-116.936,44.058,13913.651,84624.831,20220921_073837,479173,12,37599,4
5,KCBX20220921_134217_V06,11.055,0.348,191.901,171.011,32.026,-116.909,44.069,16012.925,84148.034,20220921_074217,479179,40,36689,25
5,KCBX20220921_134551_V06,14.622,0.306,194.145,168.356,37.203,-116.895,44.081,18601.385,84462.210,20220921_074551,479184,14,35975,10
5,KCBX20220921_134924_V06,18.172,0.310,195.814,166.093,41.346,-116.885,44.092,20673.125,84831.981,20220921_074924,479189,7,35508,2
5,KCBX20220921_135257_V06,21.722,0.221,204.253,160.441,49.870,-116.832,44.117,24934.964,84623.055,20220921_075257,479178,10,34869,2
1,KCBX20220921_130959_V06,-21.245,0.106,313.689,418.362,6.688,-116.151,42.958,3343.941,59575.261,20220921_070959,479172,15,42602,14
1,KCBX20220921_131327_V06,-17.778,0.627,313.311,418.714,11.090,-116.153,42.957,5545.089,59728.788,20220921_071327,479190,1,41972,1
1,KCBX20220921_131655_V06,-14.311,0.670,313.512,421.323,12.157,-116.152,42.945,6078.634,61036.678,20220921_071655,479187,12,41975,11
1,KCBX20220921_132022_V06,-10.861,0.760,314.210,424.097,15.023,-116.147,42.932,7511.547,62453.795,20220921_072022,479174,9,41857,6
1,KCBX20220921_132403_V06,-7.178,0.640,314.625,423.995,19.604,-116.145,42.933,9802.163,62427.167,20220921_072403,479178,15,41154,8
1,KCBX20220921_132744_V06,-3.495,0.582,322.254,428.415,17.490,-116.098,42.913,8745.007,65164.567,20220921_072744,479181,6,41053,4
1,KCBX20220921_133124_V06,0.172,0.699,322.663,429.369,22.382,-116.096,42.909,11191.088,65669.473,20220921_073124,479177,4,39379,2
1,KCBX20220921_133504_V06,3.839,0.201,325.752,430.867,24.031,-116.077,42.902,12015.687,66688.143,20220921_073504,479184,22,38231,7
6,KCBX20220921_132403_V06,-7.178,0.051,197.855,221.082,6.334,-116.870,43.844,3166.843,64539.942,20220921_072403,479178,15,41154,8
6,KCBX20220921_132744_V06,-3.495,0.137,198.116,220.921,11.731,-116.868,43.845,5865.729,64486.117,20220921_072744,479181,6,41053,4
1,KCBX20220922_131746_V06,-14.586,0.116,182.222,256.377,5.765,-116.965,43.685,2882.463,62798.483,20220922_071746,479177,1,22253,0
1,KCBX20220922_132104_V06,-11.286,0.343,182.452,256.231,11.005,-116.963,43.685,5502.557,62716.203,20220922_072104,479179,0,23737,0
1,KCBX20220922_132422_V06,-7.986,0.367,184.040,255.084,13.012,-116.954,43.691,6505.829,62177.448,20220922_072422,479184,1,25473,1
1,KCBX20220922_132740_V06,-4.686,0.439,187.199,254.561,14.472,-116.934,43.693,7236.189,60804.688,20220922_072740,479181,0,27144,0
1,KCBX20220922_133058_V06,-1.386,0.319,189.738,253.154,17.118,-116.918,43.700,8558.765,59900.398,20220922_073058,479184,4,27334,0
1,KCBX20220922_133416_V06,1.914,0.226,192.146,253.262,22.042,-116.903,43.699,11020.926,58772.988,20220922_073416,479181,1,26798,1
2,KCBX20220922_131746_V06,-14.586,0.107,318.484,418.061,2.527,-116.121,42.959,1263.412,59749.458,20220922_071746,479177,1,22253,0
2,KCBX20220922_132104_V06,-11.286,0.099,318.834,417.931,7.552,-116.119,42.960,3776.137,59712.586,20220922_072104,479179,0,23737,0
2,KCBX20220922_132422_V06,-7.986,-1.000,319.060,417.847,12.656,-116.118,42.960,6328.213,59689.109,20220922_072422,479184,1,25473,1
2,KCBX20220922_132740_V06,-4.686,0.053,320.298,420.084,14.515,-116.110,42.950,7257.462,60893.583,20220922_072740,479181,0,27144,0
3,KCBX20220923_132435_V06,-8.897,0.549,169.890,171.949,9.270,-117.046,44.064,4635.143,91276.378,20220923_072435,479170,36,26788,21
3,KCBX20220923_133142_V06,-1.780,0.640,170.753,172.011,17.180,-117.041,44.064,8589.869,90947.965,20220923_073142,479177,28,24358,15
3,KCBX20220923_133849_V06,5.336,0.410,173.985,172.289,21.631,-117.021,44.063,10815.576,89707.579,20220923_073849,479173,54,22466,17
3,KCBX20220923_134555_V06,12.436,0.135,188.545,173.188,34.264,-116.930,44.059,17131.775,84415.160,20220923_074555,479169,39,21354,22
3,KCBX20220923_135302_V06,19.553,0.336,192.254,170.613,43.592,-116.907,44.071,21795.889,84187.443,20220923_075302,479172,10,20825,8
4,KCBX20220923_132435_V06,-8.897,0.494,182.738,253.927,8.662,-116.962,43.696,4331.219,62994.285,20220923_072435,479170,36,26788,21
4,KCBX20220923_133142_V06,-1.780,0.516,183.728,254.404,16.494,-116.956,43.694,8246.903,62446.339,20220923_073142,479177,28,24358,15
4,KCBX20220923_133849_V06,5.336,0.507,186.485,253.030,24.797,-116.939,43.700,12398.630,61424.371,20220923_073849,479173,54,22466,17
4,KCBX20220923_134555_V06,12.436,0.336,189.828,252.841,29.912,-116.918,43.701,14955.944,59920.598,20220923_074555,479169,39,21354,22
4,KCBX20220923_135302_V06,19.553,0.180,193.371,253.073,37.955,-116.896,43.700,18977.374,58249.366,20220923_075302,479172,10,20825,8
6,KCBX20220923_132435_V06,-8.897,0.169,204.219,140.727,5.681,-116.834,44.206,2840.614,92927.357,20220923_072435,479170,36,26788,21
6,KCBX20220923_133142_V06,-1.780,-1.000,204.219,140.727,16.997,-116.834,44.206,8498.364,92927.357,20220923_073142,479177,28,24358,15
6,KCBX20220923_133849_V06,5.336,0.252,208.865,143.964,21.676,-116.804,44.192,10837.845,90350.425,20220923_073849,479173,54,22466,17
6,KCBX20220923_134555_V06,12.436,0.050,214.224,148.122,27.044,-116.771,44.173,13522.246,87213.073,20220923_074555,479169,39,21354,22
6,KCBX20220923_135302_V06,19.553,-1.000,219.149,151.874,32.643,-116.740,44.156,16321.437,84377.306,20220923_075302,479172,10,20825,8
6,KCBX20220923_140711_V06,33.703,0.058,181.275,170.702,36.798,-116.975,44.070,18399.223,87768.856,20220923_080711,479164,10,20489,9
2,KCBX20220923_131735_V06,-15.897,0.149,321.871,417.103,7.689,-116.100,42.964,3844.662,59564.074,20220923_071735,479172,14,30441,1
2,KCBX20220923_132435_V06,-8.897,0.833,319.891,420.093,15.880,-116.113,42.950,7939.783,60864.500,20220923_072435,479170,36,26788,21
2,KCBX20220923_133142_V06,-1.780,0.096,321.155,420.098,26.553,-116.105,42.950,13276.386,60973.283,20220923_073142,479177,28,24358,15
5,KCBX20220923_132435_V06,-8.897,0.393,208.181,189.526,7.554,-116.807,43.987,3776.892,71824.919,20220923_072435,479170,36,26788,21
5,KCBX20220923_133142_V06,-1.780,0.225,208.040,190.987,16.323,-116.808,43.980,8161.348,71310.290,20220923_073142,479177,28,24358,15
7,KCBX20220923_132435_V06,-8.897,0.116,340.716,442.684,19.084,-115.985,42.848,9542.091,74189.726,20220923_072435,479170,36,26788,21
7,KCBX20220923_133142_V06,-1.780,-1.000,340.716,442.684,30.400,-115.985,42.848,15199.841,74189.726,20220923_073142,479177,28,24358,15
7,KCBX20220923_133849_V06,5.336,0.077,351.835,439.075,30.608,-115.917,42.864,15304.240,74210.246,20220923_073849,479173,54,22466,17
1,KCBX20220923_131029_V06,-22.997,0.179,309.402,419.303,9.909,-116.177,42.954,4954.657,59836.554,20220923_071029,479171,12,36153,5
4,KCBX20220924_132226_V06,-12.177,0.585,181.839,257.972,13.309,-116.967,43.678,6654.615,62706.544,20220924_072226,479171,11,47934,5
4,KCBX20220924_132933_V06,-5.061,0.546,182.553,258.510,19.756,-116.963,43.675,9878.059,62280.235,20220924_072933,479170,5,41320,0
4,KCBX20220924_133639_V06,2.039,0.564,183.158,259.253,21.923,-116.959,43.672,10961.578,61871.740,20220924_073639,479168,1,37233,1
4,KCBX20220924_134346_V06,9.156,0.594,184.752,258.717,31.860,-116.949,43.674,15930.031,61209.488,20220924_074346,479170,10,34060,9
4,KCBX20220924_135053_V06,16.273,0.618,186.417,260.568,35.404,-116.939,43.666,17702.219,60116.499,20220924_075053,479174,2,34285,2
4,KCBX20220924_140507_V06,30.506,0.279,192.996,259.540,50.577,-116.898,43.671,25288.454,57198.711,20220924_080507,479170,0,33075,0
4,KCBX20220924_141215_V06,37.639,0.083,196.019,259.021,56.898,-116.879,43.673,28448.979,55882.193,20220924_081215,479175,7,33343,6
4,KCBX20220924_141921_V06,44.739,0.150,203.035,265.598,56.025,-116.835,43.644,28012.660,51443.668,20220924_081921,479173,16,32245,7
1,KCBX20220924_131519_V06,-19.294,0.566,346.483,435.974,8.495,-115.950,42.879,4247.726,71849.786,20220924_071519,479173,0,53519,0
1,KCBX20220924_132226_V06,-12.177,0.551,346.227,436.929,16.770,-115.952,42.874,8385.214,72260.902,20220924_072226,479171,11,47934,5
1,KCBX20220924_132933_V06,-5.061,0.682,349.412,434.202,20.730,-115.932,42.886,10364.832,71504.863,20220924_072933,479170,5,41320,0
5,KCBX20220924_132226_V06,-12.177,0.168,312.279,421.121,11.106,-116.159,42.946,5553.122,60870.898,20220924_072226,479171,11,47934,5
5,KCBX20220924_132933_V06,-5.061,0.481,314.261,421.634,18.749,-116.147,42.943,9374.633,61233.787,20220924_072933,479170,5,41320,0
8,KCBX20220924_132226_V06,-12.177,0.082,168.883,167.809,8.472,-117.053,44.083,4236.086,93094.151,20220924_072226,479171,11,47934,5
8,KCBX20220924_132933_V06,-5.061,0.229,168.215,168.493,17.631,-117.057,44.080,8815.292,93088.057,20220924_072933,479170,5,41320,0
6,KCBX20220924_132226_V06,-12.177,0.117,198.954,139.430,3.795,-116.867,44.212,1897.263,94859.326,20220924_072226,479171,11,47934,5
11,KCBX20220924_132933_V06,-5.061,0.088,372.557,372.270,15.163,-115.788,43.165,7581.423,51203.906,20220924_072933,479170,5,41320,0
1,KCBX20220925_132248_V06,-12.944,0.818,345.681,438.442,14.024,-115.955,42.867,7012.218,72892.075,20220925_072248,479173,0,51196,0
1,KCBX20220925_132955_V06,-5.827,0.925,348.263,441.347,20.036,-115.939,42.854,10018.109,74679.705,20220925_072955,479173,13,44984,6
1,KCBX20220925_133702_V06,1.290,0.912,351.460,445.041,24.514,-115.920,42.838,12256.858,76949.447,20220925_073702,479167,4,39080,2
1,KCBX20220925_134409_V06,8.406,0.836,355.530,448.364,28.749,-115.895,42.823,14374.433,79207.828,20220925_074409,479174,4,36167,0
1,KCBX20220925_135117_V06,15.540,0.741,356.967,451.147,33.868,-115.886,42.810,16933.857,80763.160,20220925_075117,479175,5,34743,3
1,KCBX20220925_140524_V06,29.656,0.116,348.531,454.718,58.766,-115.938,42.794,29383.015,81075.467,20220925_080524,479172,1,33787,1
3,KCBX20220925_132248_V06,-12.944,0.282,178.040,262.779,13.605,-116.990,43.656,6802.710,63756.585,20220925_072248,479173,0,51196,0
3,KCBX20220925_132955_V06,-5.827,0.441,179.629,262.547,19.295,-116.981,43.657,9647.655,63031.329,20220925_072955,479173,13,44984,6
3,KCBX20220925_133702_V06,1.290,0.428,182.764,261.923,22.233,-116.961,43.660,11116.718,61632.130,20220925_073702,479167,4,39080,2
3,KCBX20220925_134409_V06,8.406,0.418,184.797,264.630,29.130,-116.948,43.648,14564.973,60255.431,20220925_074409,479174,4,36167,0
3,KCBX20220925_135117_V06,15.540,0.367,186.824,268.638,32.522,-116.936,43.630,16260.797,58720.251,20220925_075117,479175,5,34743,3
3,KCBX20220925_140524_V06,29.656,0.083,195.131,266.030,51.169,-116.884,43.642,25584.415,55117.115,20220925_080524,479172,1,33787,1
2,KCBX20220925_132248_V06,-12.944,0.410,166.512,168.574,8.571,-117.068,44.079,4285.442,93664.093,20220925_072248,479173,0,51196,0
2,KCBX20220925_132955_V06,-5.827,0.673,166.183,170.334,15.077,-117.070,44.071,7538.637,93167.131,20220925_072955,479173,13,44984,6
2,KCBX20220925_133702_V06,1.290,0.706,166.311,172.309,20.266,-117.069,44.062,10133.072,92436.303,20220925_073702,479167,4,39080,2
2,KCBX20220925_134409_V06,8.406,0.487,166.690,173.302,27.563,-117.066,44.058,13781.529,91956.289,20220925_074409,479174,4,36167,0
2,KCBX20220925_135117_V06,15.540,0.291,169.875,178.097,29.696,-117.046,44.037,14847.949,89152.573,20220925_075117,479175,5,34743,3
1,KCBX20220926_132255_V06,-13.963,0.581,177.452,258.380,8.435,-116.994,43.676,4217.749,64711.373,20220926_072255,479175,12,39346,10
1,KCBX20220926_133002_V06,-6.846,0.550,178.089,259.047,16.948,-116.990,43.673,8473.975,64302.667,20220926_073002,479170,21,34092,16
1,KCBX20220926_133710_V06,0.287,0.520,180.134,259.349,21.498,-116.978,43.671,10748.990,63285.669,20220926_073710,479172,17,32007,14
1,KCBX20220926_134416_V06,7.387,0.439,181.166,258.142,28.102,-116.971,43.677,14051.139,62995.272,20220926_074416,479174,11,31108,6
1,KCBX20220926_135124_V06,14.520,0.153,182.055,256.642,35.737,-116.966,43.684,17868.363,62831.038,20220926_075124,479175,20,30613,13
2,KCBX20220926_132255_V06,-13.963,0.181,349.336,434.577,8.475,-115.932,42.885,4237.528,71667.552,20220926_072255,479175,12,39346,10
2,KCBX20220926_133002_V06,-6.846,0.811,345.295,434.701,15.145,-115.957,42.884,7572.447,71056.238,20220926_073002,479170,21,34092,16
2,KCBX20220926_133710_V06,0.287,0.551,341.104,434.543,20.796,-115.983,42.885,10398.156,70340.973,20220926_073710,479172,17,32007,14
2,KCBX20220926_134416_V06,7.387,0.282,343.074,435.418,26.221,-115.971,42.881,13110.510,71051.803,20220926_074416,479174,11,31108,6
2,KCBX20220926_135124_V06,14.520,0.052,338.643,434.424,32.922,-115.998,42.886,16461.226,69934.207,20220926_075124,479175,20,30613,13
3,KCBX20220926_133002_V06,-6.846,0.591,165.735,167.597,11.506,-117.073,44.084,5752.758,94283.551,20220926_073002,479170,21,34092,16
3,KCBX20220926_133710_V06,0.287,0.476,166.457,167.723,19.856,-117.068,44.083,9927.856,93982.700,20220926_073710,479172,17,32007,14
3,KCBX20220926_134416_V06,7.387,0.601,167.735,165.873,24.347,-117.060,44.091,12173.379,94186.168,20220926_074416,479174,11,31108,6
3,KCBX20220926_135124_V06,14.520,0.101,167.285,165.911,24.293,-117.063,44.091,12146.559,94330.648,20220926_075124,479175,20,30613,13
4,KCBX20220926_133002_V06,-6.846,0.138,198.726,143.727,4.918,-116.868,44.192,2459.217,93109.642,20220926_073002,479170,21,34092,16
4,KCBX20220926_133710_V06,0.287,0.192,198.466,144.944,13.971,-116.869,44.187,6985.541,92670.754,20220926_073710,479172,17,32007,14
1,KCBX20220927_132250_V06,-15.185,0.293,178.718,257.892,11.219,-116.986,43.678,5609.709,64192.028,20220927_072250,479171,11,36802,4
1,KCBX20220927_132959_V06,-8.035,0.543,180.022,257.542,16.828,-116.978,43.679,8413.955,63634.536,20220927_072959,479175,3,36652,2
1,KCBX20220927_133706_V06,-0.918,0.451,183.180,253.888,21.240,-116.959,43.696,10619.968,62795.646,20220927_073706,479173,3,34587,1
1,KCBX20220927_134413_V06,6.198,0.503,185.300,252.519,25.713,-116.946,43.702,12856.527,62069.662,20220927_074413,479171,30,33559,9
1,KCBX20220927_135119_V06,13.298,0.126,186.813,252.384,32.144,-116.937,43.703,16071.915,61397.471,20220927_075119,479173,9,35612,4
1,KCBX20220927_140534_V06,27.548,0.095,189.088,260.989,36.367,-116.922,43.664,18183.625,58786.120,20220927_080534,479172,3,38679,1
3,KCBX20220927_132250_V06,-15.185,0.093,165.126,165.610,3.320,-117.077,44.093,1660.007,95199.481,20220927_072250,479171,11,36802,4
3,KCBX20220927_132959_V06,-8.035,0.526,163.717,164.439,12.557,-117.085,44.098,6278.553,96111.891,20220927_072959,479175,3,36652,2
3,KCBX20220927_133706_V06,-0.918,0.401,163.970,162.323,19.286,-117.084,44.107,9643.131,96771.661,20220927_073706,479173,3,34587,1
3,KCBX20220927_134413_V06,6.198,0.442,166.095,162.544,21.958,-117.071,44.106,10978.885,95948.860,20220927_074413,479171,30,33559,9
2,KCBX20220928_132608_V06,-13.027,0.529,169.608,162.776,9.530,-117.049,44.105,4764.833,94647.331,20220928_072608,479173,12,40471,11
2,KCBX20220928_133314_V06,-5.927,0.830,174.002,163.080,17.551,-117.021,44.104,8775.719,93035.717,20220928_073314,479176,18,42376,10
2,KCBX20220928_134021_V06,1.190,0.905,182.401,164.011,24.739,-116.969,44.100,12369.716,89892.214,20220928_074021,479173,7,43772,3
2,KCBX20220928_134727_V06,8.290,0.922,189.463,166.286,28.397,-116.925,44.090,14198.615,86743.909,20220928_074727,479170,11,44544,10
2,KCBX20220928_140141_V06,22.523,0.788,197.553,162.391,44.554,-116.874,44.108,22277.236,85778.319,20220928_080141,479172,20,44628,16
2,KCBX20220928_140848_V06,29.640,0.502,208.049,165.155,51.631,-116.809,44.096,25815.544,81606.108,20220928_080848,479170,12,45953,3
3,KCBX20220928_132608_V06,-13.027,0.117,181.250,255.950,8.467,-116.971,43.687,4233.479,63328.278,20220928_072608,479173,12,40471,11
3,KCBX20220928_133314_V06,-5.927,0.599,185.365,257.373,15.379,-116.945,43.680,7689.621,61152.162,20220928_073314,479176,18,42376,10
3,KCBX20220928_134021_V06,1.190,0.606,191.214,258.882,20.811,-116.909,43.674,10405.396,58148.995,20220928_074021,479173,7,43772,3
3,KCBX20220928_134727_V06,8.290,0.415,195.496,257.289,26.972,-116.882,43.681,13486.091,56447.295,20220928_074727,479170,11,44544,10
1,KCBX20220928_124214_V06,-56.927,0.051,134.160,94.018,2.368,-117.276,44.413,1184.225,132222.782,20220928_064214,479177,3,42205,1
7,KCBX20220928_143010_V06,51.006,0.090,252.288,408.715,33.815,-116.527,43.001,16907.307,59362.134,20220928_083010,479168,15,46968,5
6,KCBX20220929_132654_V06,-13.406,0.252,170.219,170.192,5.852,-117.044,44.072,2925.863,91778.611,20220929_072654,479168,0,42084,0
6,KCBX20220929_133027_V06,-9.856,0.703,171.581,170.860,10.624,-117.036,44.069,5312.020,91061.341,20220929_073027,479184,5,42067,4
6,KCBX20220929_133408_V06,-6.172,0.668,175.078,172.400,12.471,-117.014,44.062,6235.660,89285.152,20220929_073408,479179,4,40948,3
6,KCBX20220929_133741_V06,-2.622,0.709,179.097,173.785,15.382,-116.989,44.056,7691.019,87389.501,20220929_073741,479170,11,40610,7
6,KCBX20220929_134121_V06,1.044,0.799,183.022,174.171,20.262,-116.964,44.055,10131.144,85901.999,20220929_074121,479179,9,40136,4
6,KCBX20220929_134500_V06,4.694,0.810,186.494,174.996,23.766,-116.943,44.051,11882.767,84424.046,20220929_074500,479184,3,39622,3
6,KCBX20220929_134833_V06,8.244,0.888,191.076,177.090,27.863,-116.914,44.042,13931.725,82114.551,20220929_074833,479181,12,39238,5
6,KCBX20220929_135214_V06,11.928,0.755,194.281,174.248,35.487,-116.894,44.055,17743.465,82143.166,20220929_075214,479192,6,39260,3
6,KCBX20220929_135554_V06,15.594,0.690,201.373,173.336,42.230,-116.850,44.059,21114.945,80267.063,20220929_075554,479174,1,38958,1
6,KCBX20220929_140314_V06,22.928,0.851,206.748,166.949,52.486,-116.817,44.088,26242.854,81237.874,20220929_080314,479177,2,39092,2
6,KCBX20220929_140654_V06,26.594,0.400,211.021,166.338,58.627,-116.790,44.091,29313.285,80285.085,20220929_080654,479182,5,39074,0
6,KCBX20220929_141034_V06,30.261,0.592,214.190,173.430,58.358,-116.770,44.059,29178.912,76458.359,20220929_081034,479178,8,39191,2
6,KCBX20220929_141413_V06,33.911,0.154,221.684,176.569,60.887,-116.723,44.045,30443.630,73090.269,20220929_081413,479173,1,38996,1
1,KCBX20220929_132314_V06,-17.072,0.513,355.178,439.937,8.023,-115.897,42.861,4011.667,75211.511,20220929_072314,479185,16,40107,4
1,KCBX20220929_132654_V06,-13.406,0.339,356.006,440.503,13.383,-115.892,42.858,6691.510,75627.113,20220929_072654,479168,0,42084,0
1,KCBX20220929_133027_V06,-9.856,0.742,357.659,441.490,20.305,-115.882,42.853,10152.266,76393.539,20220929_073027,479184,5,42067,4
1,KCBX20220929_133408_V06,-6.172,0.514,365.804,445.410,21.265,-115.832,42.836,10632.604,79803.467,20220929_073408,479179,4,40948,3
1,KCBX20220929_133741_V06,-2.622,0.605,373.322,450.107,22.019,-115.786,42.814,11009.723,83529.016,20220929_073741,479170,11,40610,7
1,KCBX20220929_134121_V06,1.044,0.357,376.026,451.996,26.984,-115.770,42.806,13491.933,84974.444,20220929_074121,479179,9,40136,4
1,KCBX20220929_134500_V06,4.694,0.105,381.842,453.997,29.324,-115.734,42.797,14662.199,87196.937,20220929_074500,479184,3,39622,3
1,KCBX20220929_134833_V06,8.244,0.083,390.623,458.790,31.568,-115.681,42.775,15784.167,91414.795,20220929_074833,479181,12,39238,5
1,KCBX20220929_135214_V06,11.928,0.061,402.050,462.615,31.113,-115.611,42.757,15556.537,95992.094,20220929_075214,479192,6,39260,3
1,KCBX20220929_135554_V06,15.594,0.068,407.777,463.502,33.302,-115.576,42.753,16650.959,97913.932,20220929_075554,479174,1,38958,1
2,KCBX20220929_132314_V06,-17.072,0.244,315.400,422.644,8.961,-116.140,42.939,4480.476,61803.789,20220929_072314,479185,16,40107,4
2,KCBX20220929_132654_V06,-13.406,0.369,316.269,423.070,13.791,-116.135,42.937,6895.292,62070.362,20220929_072654,479168,0,42084,0
2,KCBX20220929_133027_V06,-9.856,0.706,322.006,425.662,14.194,-116.100,42.925,7096.984,63786.986,20220929_073027,479184,5,42067,4
2,KCBX20220929_133408_V06,-6.172,0.256,326.728,427.942,16.421,-116.071,42.915,8210.655,65351.961,20220929_073408,479179,4,40948,3
10,KCBX20220929_133408_V06,-6.172,0.716,189.702,261.824,7.006,-116.918,43.661,3503.096,58359.002,20220929_073408,479179,4,40948,3
10,KCBX20220929_133741_V06,-2.622,0.439,190.104,262.417,11.872,-116.916,43.658,5935.807,58072.193,20220929_073741,479170,11,40610,7
10,KCBX20220929_134121_V06,1.044,0.386,193.706,263.534,15.860,-116.893,43.653,7929.859,56187.625,20220929_074121,479179,9,40136,4
10,KCBX20220929_134500_V06,4.694,0.428,198.837,266.476,18.216,-116.861,43.640,9108.147,53286.487,20220929_074500,479184,3,39622,3
9,KCBX20220929_133027_V06,-9.856,0.050,205.510,204.129,2.975,-116.823,43.921,1487.604,67304.330,20220929_073027,479184,5,42067,4
7,KCBX20220930_132742_V06,-13.754,0.198,166.320,169.764,4.219,-117.069,44.074,2109.442,93316.530,20220930_072742,479179,3,57727,2
7,KCBX20220930_133230_V06,-8.954,0.632,167.563,170.965,10.254,-117.061,44.069,5126.897,92452.330,20220930_073230,479182,8,53011,3
7,KCBX20220930_133702_V06,-4.421,0.724,170.168,173.970,12.360,-117.045,44.055,6179.761,90470.744,20220930_073702,479178,7,48873,4
7,KCBX20220930_134137_V06,0.163,0.757,171.311,176.776,16.395,-117.037,44.043,8197.680,89085.830,20220930_074137,479178,4,46217,1
7,KCBX20220930_134556_V06,4.479,0.773,174.421,180.861,21.198,-117.018,44.024,10599.184,86550.777,20220930_074556,479182,11,43402,1
7,KCBX20220930_135016_V06,8.813,0.682,178.962,184.832,25.844,-116.989,44.007,12921.948,83537.232,20220930_075016,479186,8,41030,6
7,KCBX20220930_135436_V06,13.146,0.766,181.690,186.425,29.600,-116.972,44.000,14799.944,82000.811,20220930_075436,479176,10,40104,3
7,KCBX20220930_140302_V06,21.579,0.192,175.211,182.685,45.400,-117.013,44.016,22700.153,85637.484,20220930_080302,479181,7,39727,2
14,KCBX20220930_133702_V06,-4.421,0.219,183.413,261.406,3.466,-116.957,43.662,1733.240,61404.296,20220930_073702,479178,7,48873,4
14,KCBX20220930_134137_V06,0.163,0.704,185.452,261.926,8.736,-116.944,43.660,4367.779,60354.916,20220930_074137,479178,4,46217,1
14,KCBX20220930_134556_V06,4.479,0.523,190.123,263.678,10.620,-116.915,43.652,5310.165,57862.398,20220930_074556,479182,11,43402,1
14,KCBX20220930_135016_V06,8.813,0.527,192.921,265.475,13.933,-116.898,43.644,6966.459,56253.445,20220930_075016,479186,8,41030,6
14,KCBX20220930_135436_V06,13.146,0.392,194.915,267.091,16.835,-116.886,43.637,8417.705,55058.596,20220930_075436,479176,10,40104,3
18,KCBX20220930_134137_V06,0.163,0.056,356.602,246.755,74.849,-115.883,43.730,37424.652,38854.874,20220930_074137,479178,4,46217,1
18,KCBX20220930_134556_V06,4.479,0.056,356.432,247.678,80.708,-115.884,43.726,40354.180,38477.833,20220930_074556,479182,11,43402,1
18,KCBX20220930_135016_V06,8.813,0.080,365.093,251.345,79.048,-115.831,43.709,39523.947,40634.019,20220930_075016,479186,8,41030,6
18,KCBX20220930_135436_V06,13.146,0.083,362.535,255.253,80.981,-115.847,43.692,40490.350,38447.810,20220930_075436,479176,10,40104,3
18,KCBX20220930_140302_V06,21.579,0.076,367.995,252.492,90.867,-115.813,43.704,45433.689,41474.089,20220930_080302,479181,7,39727,2
5,KCBX20220930_132742_V06,-13.754,0.625,354.882,442.629,6.915,-115.899,42.848,3457.344,76411.969,20220930_072742,479179,3,57727,2
5,KCBX20220930_133230_V06,-8.954,0.728,356.333,445.410,14.182,-115.890,42.836,7090.993,77970.587,20220930_073230,479182,8,53011,3
5,KCBX20220930_133702_V06,-4.421,0.300,358.707,450.853,21.371,-115.876,42.811,10685.625,80936.925,20220930_073702,479178,7,48873,4
5,KCBX20220930_134137_V06,0.163,0.072,361.458,457.266,29.417,-115.859,42.782,14708.340,84424.132,20220930_074137,479178,4,46217,1
9,KCBX20220930_132742_V06,-13.754,0.118,319.367,420.738,3.455,-116.116,42.947,1727.518,61140.609,20220930_072742,479179,3,57727,2
9,KCBX20220930_133230_V06,-8.954,0.112,318.654,421.009,12.446,-116.120,42.946,6223.178,61219.166,20220930_073230,479182,8,53011,3
9,KCBX20220930_133702_V06,-4.421,0.064,318.628,421.695,23.650,-116.120,42.943,11824.817,61556.290,20220930_073702,479178,7,48873,4
2,KCBX20220930_130714_V06,-34.221,0.055,342.584,197.207,78.481,-115.969,43.953,39240.566,55632.398,20220930_070714,479188,55,65966,25
4,KCBX20220930_132255_V06,-18.537,0.075,364.285,182.345,21.050,-115.834,44.020,10524.975,67036.059,20220930_072255,479175,8,61428,5
4,KCBX20220930_132742_V06,-13.754,0.080,367.874,213.819,77.680,-115.812,43.878,38839.859,54849.915,20220930_072742,479179,3,57727,2
28,KCBX20220930_144520_V06,63.879,0.072,273.199,187.305,3.077,-116.402,43.998,1538.555,57918.977,20220930_084520,479184,25,34132,1
1,KCBX20221001_133145_V06,-10.856,0.596,165.166,167.431,8.885,-117.076,44.084,4442.692,94544.522,20221001_073145,479172,1,44618,1
1,KCBX20221001_133852_V06,-3.739,0.737,165.919,170.298,14.466,-117.071,44.071,7233.159,93274.075,20221001_073852,479170,0,38472,0
1,KCBX20221001_134559_V06,3.377,0.815,165.412,175.626,17.673,-117.074,44.047,8836.671,91627.981,20221001_074559,479171,1,33949,1
1,KCBX20221001_135305_V06,10.477,0.831,165.413,180.010,26.384,-117.074,44.028,13191.762,90154.422,20221001_075305,479171,10,30128,0
1,KCBX20221001_140719_V06,24.711,0.802,172.780,191.918,34.121,-117.027,43.974,17060.384,83466.542,20221001_080719,479172,2,26271,2
1,KCBX20221001_141426_V06,31.827,0.199,175.691,192.639,43.574,-117.009,43.971,21787.035,82126.531,20221001_081426,479173,6,26360,4
5,KCBX20221001_133852_V06,-3.739,0.391,185.442,261.828,10.684,-116.945,43.660,5341.871,60374.909,20221001_073852,479170,0,38472,0
5,KCBX20221001_134559_V06,3.377,0.691,186.377,263.932,17.662,-116.939,43.651,8830.996,59605.067,20221001_074559,479171,1,33949,1
5,KCBX20221001_135305_V06,10.477,0.685,186.218,268.152,20.785,-116.939,43.632,10392.271,59077.397,20221001_075305,479171,10,30128,0
5,KCBX20221001_140719_V06,24.711,0.051,180.397,215.313,20.727,-116.978,43.870,10363.517,73274.849,20221001_080719,479172,2,26271,2
4,KCBX20221001_133145_V06,-10.856,0.052,318.995,420.621,5.275,-116.118,42.948,2637.480,61053.774,20221001_073145,479172,1,44618,1
4,KCBX20221001_133852_V06,-3.739,0.542,319.312,422.988,14.625,-116.116,42.937,7312.727,62247.406,20221001_073852,479170,0,38472,0
1,KCBX20221002_133711_V06,-6.578,0.419,180.260,257.703,6.234,-116.977,43.679,3117.010,63495.632,20221002_073711,479171,33,28476,29
1,KCBX20221002_134538_V06,1.872,0.677,179.809,256.358,15.508,-116.980,43.685,7753.941,63934.673,20221002_074538,479170,0,24615,0
1,KCBX20221002_135245_V06,8.989,0.597,182.373,255.897,18.298,-116.964,43.687,9149.147,62811.568,20221002_075245,479174,15,23439,10
2,KCBX20221002_133711_V06,-6.578,0.156,165.942,167.807,3.286,-117.071,44.083,1643.154,94136.488,20221002_073711,479171,33,28476,29
2,KCBX20221002_134538_V06,1.872,0.426,166.973,168.521,11.922,-117.065,44.080,5960.795,93518.465,20221002_074538,479170,0,24615,0
2,KCBX20221002_135245_V06,8.989,0.383,171.845,168.683,13.942,-117.034,44.079,6971.066,91744.060,20221002_075245,479174,15,23439,10
3,KCBX20221003_132950_V06,-15.087,0.387,166.316,169.059,8.651,-117.069,44.077,4325.541,93563.950,20221003_072950,479165,0,39343,0
3,KCBX20221003_133657_V06,-7.970,0.717,167.250,170.925,16.239,-117.063,44.069,8119.602,92578.453,20221003_073657,479172,2,32931,1
3,KCBX20221003_134404_V06,-0.854,0.858,169.152,173.490,16.930,-117.051,44.057,8464.843,91002.603,20221003_074404,479172,3,28429,1
3,KCBX20221003_135110_V06,6.246,0.889,169.654,176.768,23.116,-117.048,44.043,11558.070,89688.404,20221003_075110,479163,52,24787,24
3,KCBX20221003_140644_V06,21.813,0.057,172.074,174.903,28.272,-117.033,44.051,14135.921,89462.848,20221003_080644,479172,61,24179,33
3,KCBX20221003_141351_V06,28.930,-1.000,173.166,174.165,30.725,-117.026,44.054,15362.528,89332.513,20221003_081351,479169,18,23639,9
3,KCBX20221003_142057_V06,36.030,0.425,192.223,192.201,47.418,-116.906,43.974,23708.977,76217.648,20221003_082057,479171,8,23908,8
1,KCBX20221003_132244_V06,-22.187,0.146,350.196,438.971,3.226,-115.927,42.865,1612.831,73879.406,20221003_072244,479177,5,45607,4
1,KCBX20221003_132950_V06,-15.087,0.774,352.191,443.240,11.316,-115.915,42.846,5658.179,76225.938,20221003_072950,479165,0,39343,0
1,KCBX20221003_133657_V06,-7.970,0.823,361.778,452.004,15.589,-115.857,42.806,7794.502,82039.300,20221003_073657,479172,2,32931,1
1,KCBX20221003_134404_V06,-0.854,0.092,358.876,451.734,24.412,-115.875,42.807,12205.936,81378.320,20221003_074404,479172,3,28429,1
1,KCBX20221003_135110_V06,6.246,0.068,360.003,458.831,36.241,-115.868,42.775,18120.428,84893.355,20221003_075110,479163,52,24787,24
5,KCBX20221003_133657_V06,-7.970,0.569,185.222,263.658,8.900,-116.946,43.652,4450.233,60197.038,20221003_073657,479172,2,32931,1
5,KCBX20221003_134404_V06,-0.854,0.376,186.132,265.912,17.926,-116.940,43.642,8963.046,59430.454,20221003_074404,479172,3,28429,1
5,KCBX20221003_135110_V06,6.246,0.236,190.895,265.163,24.983,-116.911,43.646,12491.650,57265.957,20221003_075110,479163,52,24787,24
7,KCBX20221003_133657_V06,-7.970,0.256,315.730,426.137,14.959,-116.138,42.923,7479.496,63557.171,20221003_073657,479172,2,32931,1
3,KCBX20221004_133344_V06,-12.350,0.604,166.422,166.136,8.457,-117.068,44.090,4228.508,94555.167,20221004_073344,479171,10,34440,10
3,KCBX20221004_134051_V06,-5.233,0.730,168.408,166.782,15.679,-117.056,44.087,7839.339,93626.280,20221004_074051,479174,9,28006,2
3,KCBX20221004_134758_V06,1.884,0.701,172.294,165.355,18.662,-117.032,44.094,9330.865,92787.277,20221004_074758,479175,14,24659,11
3,KCBX20221004_140211_V06,16.100,0.846,170.768,171.009,31.457,-117.041,44.068,15728.641,91295.788,20221004_080211,479172,12,22168,4
3,KCBX20221004_141037_V06,24.534,0.081,180.764,166.243,42.494,-116.979,44.090,21247.179,89593.817,20221004_081037,479171,17,21065,12
6,KCBX20221004_134051_V06,-5.233,0.281,184.758,263.051,11.331,-116.949,43.655,5665.737,60510.151,20221004_074051,479174,9,28006,2
6,KCBX20221004_134758_V06,1.884,0.498,185.449,262.501,21.476,-116.944,43.657,10737.869,60266.302,20221004_074758,479175,14,24659,11
6,KCBX20221004_140211_V06,16.100,0.215,191.757,262.066,29.809,-116.905,43.660,14904.411,57348.691,20221004_080211,479172,12,22168,4
1,KCBX20221004_132638_V06,-19.450,0.545,349.380,437.927,6.420,-115.932,42.870,3210.171,73249.787,20221004_072638,479175,17,44278,14
1,KCBX20221004_133344_V06,-12.350,0.246,349.599,439.522,15.041,-115.931,42.862,7520.586,74037.752,20221004_073344,479171,10,34440,10
4,KCBX20221005_133338_V06,-13.616,0.566,165.241,166.816,9.860,-117.076,44.087,4930.019,94733.526,20221005_073338,479172,23,36167,9
4,KCBX20221005_134045_V06,-6.499,0.650,166.100,167.503,14.985,-117.070,44.084,7492.588,94186.656,20221005_074045,479173,13,29017,10
4,KCBX20221005_134751_V06,0.601,0.752,168.677,169.030,17.409,-117.054,44.077,8704.496,92734.765,20221005_074751,479172,0,25935,0
4,KCBX20221005_140205_V06,14.834,0.878,169.441,175.376,31.729,-117.049,44.049,15864.484,90245.483,20221005_080205,479171,12,24335,10
4,KCBX20221005_140912_V06,21.951,0.768,173.244,178.911,36.314,-117.025,44.033,18156.936,87649.518,20221005_080912,479168,20,23946,5
4,KCBX20221005_141619_V06,29.067,0.238,168.460,174.891,50.582,-117.055,44.051,25290.803,90767.401,20221005_081619,479174,16,24042,12
1,KCBX20221005_132630_V06,-20.749,0.436,353.990,439.460,5.967,-115.904,42.863,2983.324,74772.988,20221005_072630,479170,3,45401,3
1,KCBX20221005_133338_V06,-13.616,0.083,353.554,439.736,16.856,-115.907,42.861,8427.868,74823.437,20221005_073338,479172,23,36167,9
1,KCBX20221005_134045_V06,-6.499,0.251,353.715,441.701,18.996,-115.906,42.853,9497.776,75770.348,20221005_074045,479173,13,29017,10
6,KCBX20221005_134751_V06,0.601,0.117,237.659,301.067,15.175,-116.620,43.485,7587.263,31175.124,20221005_074751,479172,0,25935,0
7,KCBX20221005_134751_V06,0.601,0.078,182.765,276.953,10.828,-116.960,43.592,5414.120,59739.688,20221005_074751,479172,0,25935,0
4,KCBX20221006_133409_V06,-14.270,0.293,165.840,167.410,10.625,-117.072,44.084,5312.746,94311.850,20221006_073409,479173,1,37007,1
4,KCBX20221006_134116_V06,-7.153,0.620,166.082,169.653,14.854,-117.070,44.074,7426.853,93440.271,20221006_074116,479171,1,31622,1
4,KCBX20221006_134824_V06,-0.020,0.824,169.287,173.707,15.165,-117.050,44.056,7582.287,90878.816,20221006_074824,479174,13,28667,2
4,KCBX20221006_140238_V06,14.213,0.845,170.787,178.601,31.468,-117.040,44.034,15733.934,88647.707,20221006_080238,479174,14,25437,3
4,KCBX20221006_140944_V06,21.313,0.675,172.821,184.639,36.936,-117.027,44.007,18468.016,85852.497,20221006_080944,479172,5,24664,5
4,KCBX20221006_141651_V06,28.430,0.592,173.679,184.947,43.436,-117.022,44.006,21717.764,85431.596,20221006_081651,479173,2,24917,1
4,KCBX20221006_142358_V06,35.547,0.587,171.219,184.311,52.947,-117.037,44.009,26473.358,86556.910,20221006_082358,479176,43,24862,22
4,KCBX20221006_143103_V06,42.630,0.421,172.558,187.957,60.943,-117.029,43.992,30471.533,84845.759,20221006_083103,479171,49,26704,16
4,KCBX20221006_143928_V06,51.047,0.116,177.038,189.396,67.929,-117.001,43.986,33964.558,82693.416,20221006_083928,479173,6,27294,1
1,KCBX20221006_132703_V06,-21.370,0.405,351.915,437.837,5.988,-115.917,42.870,2994.198,73644.689,20221006_072703,479172,17,44138,16
1,KCBX20221006_133409_V06,-14.270,0.052,350.401,439.657,17.218,-115.926,42.862,8609.143,74236.614,20221006_073409,479173,1,37007,1
1,KCBX20221006_134116_V06,-7.153,0.763,354.730,441.417,21.387,-115.900,42.854,10693.287,75819.104,20221006_074116,479171,1,31622,1
1,KCBX20221006_134824_V06,-0.020,0.348,356.733,442.272,27.360,-115.887,42.850,13679.765,76583.123,20221006_074824,479174,13,28667,2
1,KCBX20221006_140238_V06,14.213,0.150,367.423,445.512,35.791,-115.822,42.835,17895.546,80186.664,20221006_080238,479174,14,25437,3
7,KCBX20221006_134116_V06,-7.153,0.141,182.279,274.632,8.317,-116.963,43.603,4158.493,60211.561,20221006_074116,479171,1,31622,1
7,KCBX20221006_134824_V06,-0.020,0.362,183.905,275.545,15.689,-116.953,43.599,7844.561,59321.568,20221006_074824,479174,13,28667,2
2,KCBX20221007_133442_V06,-14.895,0.123,165.659,168.089,8.313,-117.073,44.081,4156.601,94138.263,20221007_073442,479175,4,37662,3
2,KCBX20221007_134149_V06,-7.778,0.604,166.854,169.561,13.121,-117.066,44.075,6560.497,93196.304,20221007_074149,479170,3,31589,1
2,KCBX20221007_134850_V06,-0.761,0.811,169.480,172.683,14.484,-117.049,44.061,7242.222,91166.386,20221007_074850,479173,0,27389,0
2,KCBX20221007_140306_V06,13.505,0.940,173.590,181.636,28.046,-117.023,44.021,14023.098,86587.391,20221007_080306,479172,3,25435,0
2,KCBX20221007_141013_V06,20.622,0.909,175.458,184.302,34.296,-117.011,44.009,17148.169,84995.326,20221007_081013,479171,2,26316,0
2,KCBX20221007_141720_V06,27.739,0.789,175.961,185.050,43.248,-117.008,44.006,21623.768,84556.633,20221007_081720,479175,11,26442,3
2,KCBX20221007_142427_V06,34.855,0.171,168.024,181.401,56.563,-117.057,44.022,28281.415,88717.851,20221007_082427,479173,1,26669,1
2,KCBX20221007_143134_V06,41.972,0.073,172.410,184.640,66.600,-117.030,44.007,33300.028,86004.848,20221007_083134,479174,9,26697,8
1,KCBX20221007_133442_V06,-14.895,0.605,357.390,445.160,7.525,-115.883,42.837,3762.602,78046.437,20221007_073442,479175,4,37662,3
1,KCBX20221007_134149_V06,-7.778,0.689,357.830,446.932,16.885,-115.881,42.829,8442.675,78951.622,20221007_074149,479170,3,31589,1
1,KCBX20221007_134850_V06,-0.761,0.259,358.458,445.606,28.296,-115.877,42.835,14148.152,78451.511,20221007_074850,479173,0,27389,0
2,KCBX20221008_133515_V06,-15.524,0.086,165.855,167.491,3.487,-117.072,44.084,1743.372,94278.099,20221008_073515,479169,11,38044,10
2,KCBX20221008_134223_V06,-8.391,0.720,168.221,170.521,13.108,-117.057,44.071,6553.888,92372.203,20221008_074223,479175,10,32420,10
2,KCBX20221008_134929_V06,-1.291,0.779,170.971,175.823,15.478,-117.039,44.047,7739.059,89538.310,20221008_074929,479171,3,27129,0
2,KCBX20221008_140337_V06,12.843,0.892,181.494,181.213,28.428,-116.973,44.023,14214.176,83895.889,20221008_080337,479172,8,24938,2
2,KCBX20221008_141044_V06,19.959,0.673,181.560,183.076,40.258,-116.973,44.015,20128.784,83215.590,20221008_081044,479172,12,25158,11
2,KCBX20221008_141750_V06,27.059,0.348,186.751,188.956,48.716,-116.940,43.988,24357.886,79303.152,20221008_081750,479171,16,25176,10
2,KCBX20221008_142457_V06,34.176,0.115,187.090,181.419,61.614,-116.939,44.022,30807.202,81868.863,20221008_082457,479172,12,26043,5
1,KCBX20221008_133515_V06,-15.524,0.206,356.594,442.930,6.847,-115.888,42.847,3423.468,76863.533,20221008_073515,479169,11,38044,10
1,KCBX20221008_134223_V06,-8.391,0.893,355.787,445.483,16.028,-115.893,42.836,8013.867,77906.060,20221008_074223,479175,10,32420,10
1,KCBX20221008_134929_V06,-1.291,0.905,357.351,448.994,23.510,-115.884,42.820,11754.877,79825.609,20221008_074929,479171,3,27129,0
1,KCBX20221008_140337_V06,12.843,0.856,372.168,457.141,29.227,-115.793,42.783,14613.627,86460.370,20221008_080337,479172,8,24938,2
1,KCBX20221008_141044_V06,19.959,0.252,380.219,467.437,31.173,-115.745,42.736,15586.394,92830.656,20221008_081044,479172,12,25158,11
1,KCBX20221008_141750_V06,27.059,0.072,378.641,465.137,45.258,-115.754,42.747,22628.805,91453.240,20221008_081750,479171,16,25176,10
8,KCBX20221009_140426_V06,12.476,0.130,182.783,188.284,13.034,-116.965,43.991,6516.989,80963.427,20221009_080426,479168,0,23854,0
8,KCBX20221009_141134_V06,19.609,0.823,187.349,192.849,23.580,-116.936,43.971,11790.245,77735.917,20221009_081134,479175,8,24444,4
8,KCBX20221009_141842_V06,26.742,0.794,190.905,194.934,29.988,-116.914,43.962,14994.248,75730.726,20221009_081842,479173,14,23989,11
8,KCBX20221009_142548_V06,33.842,0.655,190.318,189.289,43.570,-116.918,43.987,21785.126,77921.596,20221009_082548,479171,15,25103,11
8,KCBX20221009_143255_V06,40.959,0.127,186.293,184.254,57.246,-116.943,44.010,28622.832,81127.110,20221009_083255,479172,12,25457,5
1,KCBX20221009_133559_V06,-15.974,0.513,352.786,441.791,5.893,-115.912,42.852,2946.411,75648.915,20221009_073559,479176,14,33629,8
1,KCBX20221009_134306_V06,-8.858,0.859,356.364,443.125,13.273,-115.890,42.846,6636.299,76911.829,20221009_074306,479173,0,28712,0
1,KCBX20221009_135013_V06,-1.741,0.881,357.196,444.757,24.392,-115.885,42.839,12195.910,77823.576,20221009_075013,479172,0,25447,0
1,KCBX20221009_140426_V06,12.476,0.130,370.667,455.327,32.419,-115.803,42.791,16209.747,85323.535,20221009_080426,479168,0,23854,0
7,KCBX20221009_135013_V06,-1.741,0.069,225.044,289.365,22.484,-116.698,43.538,11241.995,37853.574,20221009_075013,479172,0,25447,0
1,KCBX20221010_133941_V06,-13.463,0.273,166.436,169.849,8.656,-117.068,44.074,4327.955,93245.137,20221010_073941,479171,6,35936,4
1,KCBX20221010_134649_V06,-6.330,0.168,167.994,171.327,16.132,-117.058,44.067,8066.236,92171.613,20221010_074649,479171,0,31735,0
1,KCBX20221010_140103_V06,7.903,0.862,176.094,173.800,27.675,-117.008,44.056,13837.669,88429.391,20221010_080103,479174,3,25234,2
1,KCBX20221010_140810_V06,15.020,0.858,180.717,176.999,34.240,-116.979,44.042,17120.219,85670.206,20221010_080810,479171,0,24861,0
1,KCBX20221010_141518_V06,22.153,0.788,188.873,184.784,38.101,-116.927,44.007,19050.627,80037.423,20221010_081518,479165,6,24712,4
1,KCBX20221010_142226_V06,29.287,0.444,193.278,182.081,48.388,-116.900,44.020,24193.844,79520.971,20221010_082226,479167,1,25378,1
1,KCBX20221010_142932_V06,36.387,0.417,195.984,181.253,55.331,-116.883,44.023,27665.375,78930.560,20221010_082932,479173,8,25729,4
2,KCBX20221010_133941_V06,-13.463,0.108,356.396,445.634,7.903,-115.890,42.835,3951.670,78086.085,20221010_073941,479171,6,35936,4
1,KCBX20221011_133913_V06,-15.124,0.114,169.187,174.684,8.493,-117.051,44.052,4246.412,90575.953,20221011_073913,479171,1,36147,1
1,KCBX20221011_134621_V06,-7.990,0.888,170.302,179.421,13.669,-117.043,44.031,6834.515,88545.099,20221011_074621,479172,5,32110,1
1,KCBX20221011_140035_V06,6.243,0.937,174.828,196.599,28.187,-117.014,43.954,14093.635,81178.238,20221011_080035,479175,7,26794,6
1,KCBX20221011_140741_V06,13.343,0.806,179.946,207.327,29.695,-116.982,43.905,14847.525,75831.050,20221011_080741,479170,48,26677,14
1,KCBX20221011_141449_V06,20.476,0.400,176.261,210.791,38.111,-117.004,43.890,19055.655,76271.865,20221011_081449,479172,2,27114,1
1,KCBX20221012_134447_V06,-10.756,0.568,163.789,171.387,8.439,-117.085,44.066,4219.458,93667.946,20221012_074447,479174,9,28344,6
1,KCBX20221012_135153_V06,-3.656,0.506,163.392,173.198,16.860,-117.087,44.058,8429.968,93194.079,20221012_075153,479169,6,24776,5
1,KCBX20221012_140609_V06,10.610,0.640,173.747,181.506,22.453,-117.022,44.021,11226.744,86574.829,20221012_080609,479170,3,22040,1
1,KCBX20221013_134543_V06,-11.027,0.409,160.855,171.998,8.701,-117.103,44.064,4350.456,94532.929,20221013_074543,479172,23,27120,7
1,KCBX20221013_135249_V06,-3.927,0.821,163.645,174.829,12.906,-117.085,44.051,6452.923,92547.823,20221013_075249,479173,19,23849,5
1,KCBX20221013_140703_V06,10.306,0.567,159.728,190.677,26.490,-117.109,43.979,13244.909,88921.079,20221013_080703,479172,8,21328,7
1,KCBX20221013_141410_V06,17.423,0.487,157.204,196.403,34.751,-117.124,43.954,17375.347,88208.397,20221013_081410,479171,18,20548,7
1,KCBX20221013_142117_V06,24.539,0.059,159.027,199.554,39.624,-117.112,43.939,19811.989,86548.591,20221013_082117,479175,22,21296,15
1,KCBX20221014_135134_V06,-6.387,0.704,166.875,179.795,12.188,-117.065,44.029,6094.196,89682.203,20221014_075134,479173,0,24622,0
1,KCBX20221014_140547_V06,7.829,0.180,171.772,185.452,27.024,-117.034,44.004,13511.790,85970.305,20221014_080547,479170,8,21445,7
1,KCBX20221018_141529_V06,12.634,0.087,20.454,194.099,33.805,-117.976,43.954,16902.645,149466.411,20221018_081529,479171,11,18894,7
1,KCBX20221021_134558_V06,-20.614,0.064,32.866,219.509,36.385,-117.895,43.841,18192.490,139498.628,20221021_074558,479171,10,23569,4
1,KCBX20221021_135305_V06,-13.497,0.136,35.939,215.024,50.444,-117.877,43.861,25222.135,138698.421,20221021_075305,479174,7,22925,6
20,KCBX20221022_150303_V06,55.216,0.064,324.973,303.701,18.302,-116.080,43.474,9151.112,12622.737,20221022_090303,479167,199,95267,21
1,KCBX20221024_132546_V06,-44.592,0.051,299.225,298.960,20.008,-116.239,43.496,10003.838,648.440,20221024_072546,479171,8,26259,4
25,KCBX20221026_151331_V06,60.616,0.210,311.631,379.955,46.389,-116.163,43.131,23194.487,40398.473,20221026_091331,479174,15,81973,5
25,KCBX20221026_151819_V06,65.416,0.056,313.307,380.822,52.396,-116.153,43.127,26197.760,40955.146,20221026_091819,479180,20,83372,5
1,KCBX20221026_131915_V06,-53.651,0.229,204.714,501.243,15.289,-116.815,42.584,7644.691,111330.781,20221026_071915,479179,2,81322,1
10,KCBX20221026_133814_V06,-34.667,0.068,250.529,182.398,61.921,-116.543,44.020,30960.526,63791.663,20221026_073814,479174,21,66740,6
10,KCBX20221026_134207_V06,-30.784,0.056,275.331,186.342,40.295,-116.388,44.002,20147.701,58152.069,20221026_074207,479182,5,62446,3
11,KCBX20221026_134207_V06,-30.784,0.174,223.685,399.064,17.245,-116.703,43.044,8622.490,62525.064,20221026_074207,479182,5,62446,3
11,KCBX20221026_134600_V06,-26.901,-1.000,223.685,399.064,23.419,-116.703,43.044,11709.740,62525.064,20221026_074600,479184,3,57726,2
11,KCBX20221026_134951_V06,-23.051,0.148,235.152,411.616,14.386,-116.632,42.988,7192.850,64543.426,20221026_074951,479179,0,53601,0
17,KCBX20221026_140438_V06,-8.267,0.126,26.295,308.794,31.325,-117.925,43.439,15662.671,136923.279,20221026_080438,479186,32,46225,7
18,KCBX20221026_140808_V06,-4.767,0.421,216.899,382.675,20.252,-116.745,43.118,10126.123,58610.882,20221026_080808,479195,4,46685,2
19,KCBX20221026_140808_V06,-4.767,0.052,272.881,187.462,2.648,-116.403,43.997,1323.978,57879.863,20221026_080808,479195,4,46685,2
28,KCBX20221026_152725_V06,74.516,0.155,425.531,301.458,20.516,-115.459,43.482,10257.870,62769.937,20221026_092725,479175,11,81449,9
28,KCBX20221026_153145_V06,78.849,0.338,432.535,304.228,17.203,-115.415,43.469,8601.547,66301.112,20221026_093145,479174,23,80352,9
1,KCBX20221027_144638_V06,32.455,0.089,205.493,387.936,3.269,-116.815,43.094,1634.281,64544.999,20221027_084638,479172,19,16318,12
1,KCBX20221030_141707_V06,-0.917,0.125,233.116,283.170,17.405,-116.648,43.566,8702.642,34484.664,20221030_081707,479171,2,19453,0
3,KCBX20221102_143955_V06,18.002,0.066,15.859,352.137,22.707,-117.984,43.243,11353.431,144442.241,20221102_083955,479174,16,52066,7
3,KCBX20221102_144656_V06,25.019,0.067,16.977,352.031,30.282,-117.977,43.243,15141.000,143883.005,20221102_084656,479173,36,52885,8
3,KCBX20221102_150106_V06,39.186,0.058,24.029,355.069,33.265,-117.933,43.230,16632.384,140705.885,20221102_090106,479169,5,54621,2
2,KCBX20221102_140421_V06,-17.564,0.064,184.062,241.550,28.741,-116.954,43.752,14370.680,64919.378,20221102_080421,479172,6,38138,1
4,KCBX20221102_144656_V06,25.019,0.054,309.710,326.788,27.803,-116.175,43.370,13901.461,14246.935,20221102_084656,479173,36,52885,8
1,KCBX20221103_140105_V06,-22.129,0.334,295.738,302.826,20.695,-116.261,43.478,10347.454,2556.685,20221103_080105,479173,0,15965,0
21,KCBX20221105_152443_V06,58.906,0.128,52.462,198.145,74.968,-117.776,43.939,37484.146,133837.174,20221105_092443,479198,295,131855,29
21,KCBX20221105_152930_V06,63.689,0.086,54.268,198.402,81.978,-117.765,43.938,40989.131,132953.217,20221105_092930,479174,314,135180,16
21,KCBX20221105_153418_V06,68.489,0.117,51.179,206.132,73.470,-117.783,43.903,36734.978,132968.917,20221105_093418,479169,342,137484,23
21,KCBX20221105_153859_V06,73.172,0.067,52.380,207.515,80.057,-117.775,43.897,40028.520,132163.742,20221105_093859,479191,485,139216,30
1,KCBX20221105_132912_V06,-56.611,0.272,267.275,185.433,6.235,-116.438,44.006,3117.554,59574.578,20221105_072912,479178,88,134086,5
14,KCBX20221105_151021_V06,44.539,0.162,291.130,178.134,44.407,-116.290,44.039,22203.701,61094.427,20221105_091021,479180,96,115585,12
14,KCBX20221105_151508_V06,49.322,-1.000,291.130,178.134,52.013,-116.290,44.039,26006.451,61094.427,20221105_091508,479175,110,118911,3
14,KCBX20221105_151956_V06,54.122,0.103,259.062,198.715,61.048,-116.489,43.946,30524.191,54622.553,20221105_091956,479191,136,125167,8
23,KCBX20221105_152930_V06,63.689,0.073,129.763,374.262,29.709,-117.281,43.152,14854.419,92864.758,20221105_092930,479174,314,135180,16
1,KCBX20221106_141005_V06,-17.028,0.191,237.119,280.676,11.968,-116.624,43.577,5983.751,32891.409,20221106_071005,479175,1,21272,1
1,KCBX20221108_141647_V06,-12.930,0.078,171.892,234.468,10.673,-117.030,43.783,5336.309,71948.251,20221108_071647,479172,8,19753,4
2,KCBX20221108_143029_V06,0.770,0.300,236.901,281.346,19.170,-116.625,43.574,9584.869,32899.048,20221108_073029,479172,9,18687,6
2,KCBX20221112_143220_V06,-2.575,0.068,27.011,415.528,52.949,-117.907,42.959,26474.264,148214.326,20221112_073220,479172,4,28474,4
2,KCBX20221112_143929_V06,4.575,0.129,26.732,410.461,59.243,-117.910,42.981,29621.565,147374.358,20221112_073929,479173,0,29169,0
3,KCBX20221112_143929_V06,4.575,0.084,238.711,272.553,23.313,-116.614,43.614,11656.254,33576.853,20221112_073929,479173,0,29169,0
3,KCBX20221113_142653_V06,-9.318,0.057,244.354,268.947,21.573,-116.579,43.630,10786.360,31862.024,20221113_072653,479173,8,15916,6
3,KCBX20221113_143401_V06,-2.185,0.416,244.388,272.183,28.870,-116.579,43.615,14435.141,31090.602,20221113_073401,479169,0,15941,0
1,KCBX20221113_140535_V06,-30.618,0.079,301.591,301.808,19.673,-116.225,43.483,9836.620,1204.097,20221113_070535,479169,10,17390,6
2,KCBX20221113_142653_V06,-9.318,0.220,167.906,226.540,8.354,-117.055,43.818,4176.802,75573.203,20221113_072653,479173,8,15916,6
1,KCBX20221114_145230_V06,15.009,0.152,237.480,221.790,13.386,-116.623,43.842,6692.835,50064.027,20221114_075230,479173,2,12818,0
1,KCBX20221116_143445_V06,-5.309,0.102,165.146,225.391,6.649,-117.073,43.824,3324.442,77058.781,20221116_073445,479171,9,11791,8
2,KCBX20221116_143445_V06,-5.309,0.066,234.920,278.094,16.963,-116.637,43.589,8481.724,34333.907,20221116_073445,479171,9,11791,8
1,KCBX20221119_143614_V06,-7.634,0.231,165.058,225.357,8.036,-117.073,43.824,4017.830,77105.276,20221119_073614,479173,0,12514,0
1,KCBX20221121_134624_V06,-59.968,0.051,227.334,408.841,2.466,-116.680,43.000,1232.786,65434.269,20221121_064624,479170,1,14427,1
3,KCBX20221124_150835_V06,18.540,0.535,201.227,218.175,9.269,-116.849,43.857,4634.516,64131.838,20221124_080835,479169,2,14811,1
1,KCBX20221126_144348_V06,-8.632,0.077,276.069,280.981,73.639,-116.383,43.576,36819.603,15284.223,20221126_074348,479177,2,78773,0
1,KCBX20221127_140557_V06,-47.654,0.076,133.890,93.937,3.211,-117.277,44.413,1605.387,132338.976,20221127_070557,479173,11,16974,8
1,KCBX20221127_141255_V06,-40.687,0.072,133.891,93.781,10.277,-117.277,44.414,5138.596,132399.146,20221127_071255,479174,18,17044,17
2,KCBX20221127_140557_V06,-47.654,0.056,301.552,301.089,12.787,-116.225,43.486,6393.749,947.812,20221127_070557,479173,11,16974,8
7,KCBX20221128_144840_V06,-6.093,0.239,39.808,423.955,47.269,-117.828,42.922,23634.361,144104.552,20221128_074840,479176,2,100592,2
7,KCBX20221128_145235_V06,-2.176,0.140,39.722,424.504,52.644,-117.828,42.919,26321.969,144261.845,20221128_075235,479179,5,99602,3
8,KCBX20221128_152010_V06,25.407,0.089,23.794,271.709,25.069,-117.945,43.605,12534.381,138825.783,20221128_082010,479177,4,127391,0
1,KCBX20221130_143152_V06,-25.152,0.103,37.997,410.289,58.775,-117.841,42.983,29387.451,142134.990,20221130_073152,479189,28,228165,4
1,KCBX20221130_143639_V06,-20.369,0.053,39.225,411.814,65.192,-117.833,42.976,32596.104,141867.716,20221130_073639,479179,2,224103,2
1,KCBX20221201_143541_V06,-22.437,0.075,23.838,354.531,27.190,-117.934,43.233,13595.198,140746.979,20221201_073541,479170,90,249539,12
2,KCBX20221201_150909_V06,11.030,0.078,58.579,201.697,67.655,-117.738,43.923,33827.408,130333.973,20221201_080909,479181,14,236961,1
4,KCBX20221202_141007_V06,-49.085,0.238,455.022,300.501,15.307,-115.276,43.485,7653.297,77511.407,20221202_071007,479171,0,32018,0
4,KCBX20221204_150902_V06,7.734,0.059,290.135,162.722,33.044,-116.296,44.109,16521.820,68815.878,20221204_080902,479189,543,219438,12
7,KCBX20221204_161114_V06,69.934,0.180,33.079,310.057,32.933,-117.883,43.434,16466.436,133555.058,20221204_091114,479191,302,224472,1
1,KCBX20221206_141730_V06,-45.805,0.061,303.133,318.542,11.363,-116.215,43.407,5681.362,9402.579,20221206_071730,479171,13,28732,8
1,KCBX20221208_145239_V06,-12.562,0.113,299.741,298.873,24.304,-116.236,43.496,12152.233,578.039,20221208_075239,479176,47,11841,36
6,KCBX20221210_152933_V06,22.538,0.095,26.161,482.709,30.371,-117.904,42.656,15185.642,164598.093,20221210_082933,479181,17,138675,11
6,KCBX20221210_153406_V06,27.088,0.164,27.468,479.591,36.738,-117.897,42.670,18368.982,163192.031,20221210_083406,479191,35,137516,30
6,KCBX20221210_153826_V06,31.422,0.161,38.499,459.169,39.288,-117.832,42.763,19644.163,153066.760,20221210_083826,479178,16,133544,12
5,KCBX20221210_152445_V06,17.738,0.053,472.167,551.162,31.782,-115.190,42.356,15891.156,152253.117,20221210_082445,479176,13,138580,7
9,KCBX20221211_151930_V06,11.630,0.061,224.376,516.148,32.531,-116.695,42.517,16265.394,114497.740,20221211_081930,479177,27,103037,11
9,KCBX20221211_152310_V06,15.297,0.298,224.848,515.194,36.770,-116.692,42.521,18385.173,113969.612,20221211_082310,479185,38,111149,26
7,KCBX20221211_151930_V06,11.630,0.079,303.456,179.842,14.912,-116.213,44.032,7455.997,60103.646,20221211_081930,479177,27,103037,11
11,KCBX20221211_152650_V06,18.964,0.351,216.697,316.363,9.882,-116.749,43.416,4940.775,42447.179,20221211_082650,479182,25,116610,14
1,KCBX20221220_142118_V06,-52.869,0.157,24.223,153.356,29.452,-117.958,44.138,14726.145,156171.063,20221220_072118,479171,8,16151,5
1,KCBX20221220_142824_V06,-45.769,0.390,29.679,149.722,42.384,-117.924,44.155,21191.906,154642.313,20221220_072824,479170,13,15913,11
1,KCBX20221220_143525_V06,-38.752,0.076,39.496,148.974,45.200,-117.863,44.159,22599.823,150558.235,20221220_073525,479172,10,16644,5
1,KCBX20221220_144221_V06,-31.819,0.062,56.424,150.230,43.294,-117.757,44.155,21647.188,142968.996,20221220_074221,479171,21,17143,18
2,KCBX20221220_153212_V06,18.031,0.259,25.792,200.468,31.315,-117.942,43.926,15657.526,145856.849,20221220_083212,479173,4,23683,3
1,KCBX20221222_153404_V06,18.880,0.060,245.715,228.278,15.334,-116.572,43.813,7666.931,44974.464,20221222_083404,479174,10,11757,4
1,KCBX20221225_150344_V06,-12.694,0.528,301.472,302.623,16.565,-116.225,43.479,8282.471,1504.187,20221225_080344,479176,0,9210,0
1,KCBX20221225_151040_V06,-5.761,0.716,303.043,303.772,25.742,-116.216,43.474,12870.999,2422.976,20221225_081040,479173,57,8982,12
2,KCBX20221225_162744_V06,71.306,0.197,321.599,320.708,32.315,-116.101,43.398,16157.545,14960.953,20221225_092744,479171,0,9190,0
4,KCBX20221226_162402_V06,67.271,0.158,27.171,373.193,45.343,-117.912,43.149,22671.741,141238.288,20221226_092402,479172,6,18999,2
4,KCBX20221226_163109_V06,74.387,0.082,30.634,370.988,54.215,-117.891,43.159,27107.594,139281.284,20221226_093109,479172,14,19050,11
2,KCBX20221226_144350_V06,-32.929,0.317,294.415,130.763,12.736,-116.269,44.252,6368.095,84664.786,20221226_074350,479174,0,16863,0
5,KCBX20221226_162402_V06,67.271,0.056,304.106,299.961,20.404,-116.209,43.491,10201.847,2052.951,20221226_092402,479172,6,18999,2
12,KCBX20221227_160724_V06,50.342,0.057,17.072,228.116,24.008,-117.992,43.801,12004.025,145958.677,20221227_090724,479177,5,66420,0
12,KCBX20221227_161055_V06,53.859,0.294,18.127,227.542,29.212,-117.986,43.804,14606.130,145518.683,20221227_091055,479195,7,68605,3
12,KCBX20221227_161426_V06,57.376,0.442,23.304,225.609,32.154,-117.954,43.813,16077.182,143260.738,20221227_091426,479187,3,65348,1
12,KCBX20221227_161756_V06,60.876,0.317,27.389,226.858,36.649,-117.929,43.807,18324.530,141126.537,20221227_091756,479183,3,63777,3
12,KCBX20221227_162114_V06,64.176,0.067,34.498,218.394,26.234,-117.885,43.846,13117.017,138880.242,20221227_092114,479180,8,61816,4
4,KCBX20221227_145009_V06,-26.908,0.186,236.076,390.876,19.340,-116.627,43.081,9670.139,55553.305,20221227_075009,479179,19,99034,4
9,KCBX20221227_155436_V06,37.542,0.065,19.097,65.414,20.411,-118.002,44.533,10205.374,182987.288,20221227_085436,479174,6,64889,4
10,KCBX20221227_155436_V06,37.542,0.053,287.124,257.874,25.692,-116.314,43.680,12845.856,22025.128,20221227_085436,479174,6,64889,4
11,KCBX20221227_160724_V06,50.342,0.111,215.275,353.112,29.089,-116.756,43.251,14544.472,49998.070,20221227_090724,479177,5,66420,0
13,KCBX20221227_161055_V06,53.859,0.195,292.157,207.737,28.609,-116.283,43.906,14304.363,46297.660,20221227_091055,479195,7,68605,3
13,KCBX20221227_161426_V06,57.376,0.141,298.217,197.429,23.521,-116.246,43.952,11760.258,51293.457,20221227_091426,479187,3,65348,1
3,KCBX20221228_142512_V06,-52.112,0.060,497.194,300.197,16.407,-115.016,43.483,8203.537,98597.278,20221228_072512,479174,16,46734,12
11,KCBX20221228_161433_V06,57.238,0.079,296.585,85.704,23.884,-116.256,44.455,11942.245,107161.673,20221228_091433,479172,10,59608,6
1,KCBX20221229_160224_V06,44.874,0.103,29.483,444.500,39.355,-117.889,42.828,19677.273,153345.640,20221229_090224,479174,16,20764,12
5,KCBX20221230_162221_V06,64.652,0.054,26.751,429.782,44.738,-117.907,42.894,22368.917,151251.608,20221230_092221,479181,9,131279,8
5,KCBX20221230_162601_V06,68.319,-1.000,26.751,429.782,50.568,-117.907,42.894,25283.917,151251.608,20221230_092601,479182,8,127949,0
5,KCBX20221230_163057_V06,73.252,0.100,27.362,422.524,51.064,-117.904,42.927,25531.767,149451.813,20221230_093057,479177,16,125356,13
5,KCBX20221230_163437_V06,76.919,-1.000,27.723,418.240,52.556,-117.903,42.946,26278.041,148421.155,20221230_093437,479198,5,124133,3
5,KCBX20221230_163817_V06,80.585,0.096,29.943,419.686,53.155,-117.889,42.940,26577.561,147695.174,20221230_093817,479185,9,120551,6
5,KCBX20221230_164210_V06,84.469,-1.000,31.193,417.825,54.319,-117.881,42.949,27159.327,146747.762,20221230_094210,479182,84,117319,45
5,KCBX20221230_164604_V06,88.369,0.166,28.475,417.655,50.471,-117.898,42.949,25235.547,147959.987,20221230_094604,479173,28,113227,3
2,KCBX20221230_154800_V06,30.302,0.137,29.058,431.133,49.226,-117.893,42.889,24613.085,150503.400,20221230_084800,479181,49,192721,16
2,KCBX20221230_155140_V06,33.969,0.301,29.128,430.922,54.445,-117.893,42.890,27222.319,150426.012,20221230_085140,479186,28,188665,7
2,KCBX20221230_155533_V06,37.852,0.136,35.102,429.731,57.056,-117.856,42.895,28528.217,147479.716,20221230_085533,479194,15,184086,1
1,KCBX20221230_144219_V06,-35.381,0.102,34.615,399.782,57.859,-117.863,43.030,28929.413,141761.753,20221230_074219,479187,662,233102,14
1,KCBX20221230_144705_V06,-30.615,0.106,36.609,397.128,64.961,-117.851,43.042,32480.525,140364.456,20221230_074705,479185,93,228101,2
4,KCBX20221230_161353_V06,56.185,0.057,28.438,435.276,46.267,-117.896,42.870,23133.722,151694.930,20221230_091353,479177,11,143824,7
4,KCBX20221230_161840_V06,60.969,0.133,28.016,435.291,51.141,-117.899,42.870,25570.325,151887.247,20221230_091840,479181,10,136723,6
6,KCBX20221230_163817_V06,80.585,0.092,189.935,236.255,10.884,-116.918,43.776,5442.039,63595.853,20221230_093817,479185,9,120551,6
1,KCBX20221231_142906_V06,-48.729,0.066,192.153,244.299,5.253,-116.904,43.740,2626.701,60690.992,20221231_072906,479170,1,14668,1
1,KCBX20221231_143611_V06,-41.646,0.185,193.985,242.863,13.921,-116.893,43.746,6960.266,60215.904,20221231_073611,479171,9,14505,5
2,KCBX20221231_162239_V06,64.821,0.078,297.215,299.565,15.209,-116.252,43.493,7604.485,1409.634,20221231_092239,479172,8,11901,8
2,KCBX20221231_162946_V06,71.938,0.260,298.098,300.580,22.987,-116.246,43.488,11493.606,994.160,20221231_092946,479172,22,11792,20
