track_id,filename,from_sunrise,det_score,x,y,r,lon,lat,radius,geo_dist,local_time,n_radar_pixels,n_refAbove40_pixels,n_xcorrAbove0.95_pixels,n_xcorrBelow0.95_refAbove40_pixels
2,KFTG20170601_103933_V06,-52.430,0.125,380.077,61.074,14.693,-104.070,40.862,7346.443,125994.168,20170601_043933,479169,90,41930,75
1,KFTG20170602_113453_V06,3.289,0.066,379.899,63.207,6.987,-104.072,40.852,3493.744,124954.939,20170602_053453,479164,107,24021,83
2,KFTG20170602_123318_V06,61.706,0.743,379.887,61.795,5.662,-104.072,40.858,2830.807,125622.135,20170602_063318,479165,141,23928,106
1,KFTG20170603_113717_V06,6.043,0.098,382.622,61.325,8.190,-104.055,40.860,4095.177,126285.474,20170603_053717,479173,52,14197,38
1,KFTG20170604_104156_V06,-48.985,0.154,120.122,343.135,6.022,-105.592,39.588,3011.105,92488.659,20170604_044156,479172,13,35431,10
4,KFTG20170605_114605_V06,15.455,0.154,383.114,57.225,15.760,-104.052,40.879,7879.768,128303.958,20170605_054605,479171,88,27511,58
1,KFTG20170606_103645_V06,-53.620,0.726,379.843,59.420,10.661,-104.072,40.869,5330.383,126741.718,20170606_043645,479169,54,38356,42
1,KFTG20170606_104629_V06,-43.886,0.503,380.084,59.397,15.415,-104.070,40.869,7707.312,126790.502,20170606_044629,479175,74,35409,40
2,KFTG20170606_103645_V06,-53.620,0.154,172.329,93.260,6.764,-105.301,40.715,3381.821,121492.185,20170606_043645,479169,54,38356,42
2,KFTG20170606_104629_V06,-43.886,0.110,172.317,92.693,18.581,-105.301,40.718,9290.668,121736.591,20170606_044629,479175,74,35409,40
4,KFTG20170606_104629_V06,-43.886,0.075,96.840,219.350,40.692,-105.737,40.144,20345.966,109291.265,20170606_044629,479175,74,35409,40
2,KFTG20170607_104100_V06,-49.144,0.080,27.228,26.546,23.120,-106.166,41.007,11559.929,193120.271,20170607_044100,479169,49,30594,29
2,KFTG20170608_120404_V06,34.117,0.533,382.536,57.330,9.663,-104.056,40.878,4831.478,128160.872,20170608_060404,479171,114,23509,94
1,KFTG20170609_103430_V06,-55.287,0.267,378.635,62.142,7.302,-104.079,40.857,3650.806,125259.474,20170609_043430,479163,203,41962,150
1,KFTG20170609_103935_V06,-50.204,0.056,379.146,61.553,13.839,-104.076,40.859,6919.643,125619.411,20170609_043935,479176,216,41757,173
3,KFTG20170610_103008_V06,-59.524,0.072,386.532,59.447,12.550,-104.032,40.869,6275.139,127821.796,20170610_043008,479171,42,23951,25
3,KFTG20170610_103953_V06,-49.774,0.078,388.442,59.533,21.367,-104.021,40.868,10683.688,128107.568,20170610_043953,479165,42,22034,28
1,KFTG20170610_103008_V06,-59.524,0.286,118.212,340.933,6.661,-105.604,39.598,3330.454,93169.745,20170610_043008,479171,42,23951,25
1,KFTG20170611_103312_V06,-56.359,0.246,380.764,56.675,11.358,-104.066,40.881,5679.035,128189.275,20170611_043312,479173,35,26099,10
2,KFTG20170611_104256_V06,-46.626,0.068,122.138,150.198,4.180,-105.594,40.457,2090.094,116270.645,20170611_044256,479171,51,24281,36
1,KFTG20170612_104753_V06,-41.610,0.059,157.204,353.989,3.072,-105.376,39.541,1536.167,76330.730,20170612_044753,479160,16,31217,9
1,KFTG20170613_103824_V06,-51.059,0.704,378.770,58.627,13.233,-104.078,40.873,6616.741,126950.253,20170613_043824,479171,51,38612,34
1,KFTG20170613_104808_V06,-41.326,0.634,378.980,58.514,17.813,-104.077,40.873,8906.355,127036.489,20170613_044808,479174,45,37718,23
3,KFTG20170613_111720_V06,-12.126,0.107,368.723,389.071,27.321,-104.146,39.385,13660.320,56250.718,20170613_051720,479169,97,31699,68
5,KFTG20170613_120755_V06,38.457,0.117,261.536,101.414,2.463,-104.773,40.681,1231.606,101138.508,20170613_060755,479171,99,24051,69
3,KFTG20170614_103350_V06,-55.623,0.057,119.430,343.483,5.020,-105.596,39.586,2510.133,92865.689,20170614_043350,479178,85,26113,54
3,KFTG20170614_104334_V06,-45.890,0.093,119.792,343.338,13.526,-105.594,39.587,6762.926,92672.759,20170614_044334,479177,104,23504,75
4,KFTG20170614_110303_V06,-26.407,0.255,381.285,58.830,11.351,-104.063,40.872,5675.606,127249.949,20170614_050303,479170,77,19160,58
8,KFTG20170615_122708_V06,57.648,0.256,382.006,59.038,8.314,-104.059,40.871,4157.215,127267.203,20170615_062708,479178,114,27661,66
8,KFTG20170615_123651_V06,67.364,0.720,381.069,59.372,12.163,-104.064,40.869,6081.550,126958.798,20170615_063651,479176,113,26813,87
1,KFTG20170615_103748_V06,-51.686,0.594,379.422,61.677,7.868,-104.074,40.859,3934.109,125604.206,20170615_043748,479171,49,35297,33
3,KFTG20170615_103748_V06,-51.686,0.065,119.816,343.178,5.055,-105.594,39.587,2527.710,92642.396,20170615_043748,479171,49,35297,33
9,KFTG20170615_122708_V06,57.648,0.076,433.725,392.270,2.455,-103.769,39.369,1227.322,81234.361,20170615_062708,479178,114,27661,66
1,KFTG20170616_104137_V06,-47.930,0.738,381.254,59.373,8.680,-104.063,40.869,4339.985,126987.927,20170616_044137,479173,61,26304,42
3,KFTG20170616_104137_V06,-47.930,0.067,120.027,343.450,6.757,-105.593,39.586,3378.518,92571.630,20170616_044137,479173,61,26304,42
2,KFTG20170617_104115_V06,-48.388,0.241,378.393,307.198,6.446,-104.088,39.753,3223.034,39361.546,20170617_044115,479170,35,38573,22
4,KFTG20170617_104115_V06,-48.388,0.159,119.721,344.368,5.910,-105.595,39.582,2955.010,92829.107,20170617_044115,479170,35,38573,22
5,KFTG20170617_104115_V06,-48.388,0.129,342.338,260.727,14.866,-104.298,39.963,7433.102,28874.250,20170617_044115,479170,35,38573,22
1,KFTG20170618_112255_V06,-6.844,0.077,325.606,172.582,2.041,-104.395,40.360,1020.691,64982.697,20170618_052255,479165,30,25139,19
1,KFTG20170618_113240_V06,2.906,0.098,325.919,172.435,10.263,-104.393,40.361,5131.312,65085.858,20170618_053240,479171,32,23610,19
4,KFTG20170619_112022_V06,-9.547,0.109,381.741,61.875,7.983,-104.061,40.858,3991.356,125881.996,20170619_052022,479173,53,34632,47
4,KFTG20170619_113006_V06,0.186,0.076,381.779,61.494,15.345,-104.060,40.860,7672.512,126068.451,20170619_053006,479177,70,31679,55
1,KFTG20170620_103841_V06,-51.414,0.469,377.207,63.111,9.290,-104.087,40.852,4644.806,124576.596,20170620_043841,479163,45,29397,33
1,KFTG20170620_104826_V06,-41.664,0.237,378.626,61.908,16.747,-104.079,40.858,8373.644,125369.264,20170620_044826,479173,36,29775,32
4,KFTG20170620_112721_V06,-2.747,0.097,381.612,59.239,8.877,-104.061,40.870,4438.580,127108.443,20170620_052721,479170,77,32192,52
4,KFTG20170620_113704_V06,6.970,0.266,381.416,59.083,15.949,-104.062,40.870,7974.494,127151.184,20170620_053704,479172,91,33887,78
1,KFTG20170621_103259_V06,-57.327,0.131,120.203,343.245,6.250,-105.592,39.587,3124.948,92462.401,20170621_043259,479174,81,27032,49
2,KFTG20170621_103259_V06,-57.327,0.074,117.706,195.478,9.612,-105.617,40.252,4805.962,105066.840,20170621_043259,479174,81,27032,49
3,KFTG20170621_111720_V06,-12.977,0.147,377.684,59.244,15.489,-104.085,40.870,7744.587,126489.166,20170621_051720,479169,242,36063,157
1,KFTG20170622_103758_V06,-52.586,0.065,120.895,342.925,7.530,-105.588,39.589,3764.816,92088.662,20170622_043758,479176,28,43472,16
2,KFTG20170622_111656_V06,-13.619,0.069,377.270,57.992,10.679,-104.087,40.875,5339.333,127021.910,20170622_051656,479178,75,28517,52
3,KFTG20170622_114611_V06,15.631,0.078,378.615,58.514,11.484,-104.079,40.873,5741.856,126979.930,20170622_054611,479175,98,33724,59
16,KFTG20170623_124958_V06,79.143,0.087,380.718,63.148,7.975,-104.067,40.852,3987.617,125114.332,20170623_064958,479177,262,130138,102
16,KFTG20170623_130021_V06,89.526,0.205,382.496,61.375,15.913,-104.056,40.860,7956.264,126241.349,20170623_070021,479166,172,127591,93
15,KFTG20170623_124958_V06,79.143,0.138,312.134,461.038,18.278,-104.475,39.061,9139.006,80747.460,20170623_064958,479177,262,130138,102
1,KFTG20170624_103213_V06,-58.907,0.219,123.568,343.400,8.564,-105.572,39.587,4282.139,90845.855,20170624_043213,479168,42,36106,37
1,KFTG20170624_104159_V06,-49.140,0.366,122.920,344.177,14.350,-105.576,39.583,7174.809,91253.582,20170624_044159,479177,35,33164,24
2,KFTG20170624_112058_V06,-10.157,0.622,383.915,58.542,9.706,-104.048,40.873,4852.757,127812.160,20170624_052058,479171,51,24658,33
4,KFTG20170624_120943_V06,38.593,0.566,384.201,59.497,9.667,-104.046,40.869,4833.611,127408.364,20170624_060943,479168,44,17697,33
4,KFTG20170624_121929_V06,48.360,0.126,380.346,63.328,6.638,-104.069,40.851,3319.054,124968.952,20170624_061929,479172,61,16568,41
1,KFTG20170625_123108_V06,59.683,0.464,381.420,64.541,5.465,-104.063,40.846,2732.525,124569.596,20170625_063108,479178,238,25802,41
1,KFTG20170626_103700_V06,-54.805,0.060,380.408,66.655,2.795,-104.069,40.836,1397.522,123405.129,20170626_043700,479169,26,37840,19
2,KFTG20170626_112540_V06,-6.138,0.105,237.832,104.337,28.025,-104.913,40.667,14012.461,102650.862,20170626_052540,479161,67,27631,57
3,KFTG20170626_113525_V06,3.612,0.223,381.895,64.184,5.942,-104.060,40.848,2970.867,124815.823,20170626_053525,479173,56,26504,44
1,KFTG20170627_103933_V06,-52.636,0.069,120.354,342.515,6.415,-105.591,39.590,3207.363,92304.355,20170627_043933,479172,36,25945,24
2,KFTG20170627_103933_V06,-52.636,0.065,382.764,57.449,15.492,-104.054,40.878,7746.056,128141.518,20170627_043933,479172,36,25945,24
1,KFTG20170628_103613_V06,-56.376,0.740,380.083,60.517,8.544,-104.070,40.864,4271.904,126258.930,20170628_043613,479171,35,49200,21
1,KFTG20170628_104558_V06,-46.626,0.609,380.584,60.077,14.335,-104.067,40.866,7167.482,126547.186,20170628_044558,479174,39,49258,24
1,KFTG20170629_113737_V06,4.592,0.057,370.014,375.355,22.656,-104.139,39.447,11328.077,51430.346,20170629_053737,479178,79,32154,56
1,KFTG20170629_114721_V06,14.326,0.086,369.605,376.373,31.855,-104.141,39.442,15927.439,51666.539,20170629_054721,479167,96,32645,68
3,KFTG20170630_114614_V06,12.752,0.113,380.473,59.901,8.182,-104.068,40.867,4091.141,126613.135,20170630_054614,479176,112,34579,67
6,KFTG20170701_122605_V06,52.121,0.547,382.510,59.748,8.837,-104.056,40.867,4418.438,127012.825,20170701_062605,479174,49,22050,32
6,KFTG20170701_123549_V06,61.855,0.093,383.085,57.750,20.635,-104.052,40.876,10317.410,128050.754,20170701_063549,479172,65,24464,37
1,KFTG20170701_103657_V06,-57.012,0.237,387.763,56.546,16.196,-104.025,40.882,8098.179,129394.917,20170701_043657,479175,46,35478,23
1,KFTG20170701_104642_V06,-47.262,0.280,381.769,57.283,14.154,-104.060,40.879,7077.007,128060.094,20170701_044642,479176,32,33699,28
3,KFTG20170701_104642_V06,-47.262,0.116,433.883,390.664,2.857,-103.768,39.376,1428.417,80846.506,20170701_044642,479176,32,33699,28
5,KFTG20170701_121620_V06,42.371,0.242,386.652,56.895,12.316,-104.031,40.880,6157.928,129043.195,20170701_061620,479168,39,21432,26
1,KFTG20170703_104257_V06,-52.044,0.074,379.921,68.157,2.380,-104.072,40.830,1189.972,122615.687,20170703_044257,479171,39,40362,26
2,KFTG20170703_104257_V06,-52.044,0.062,434.258,393.897,4.876,-103.766,39.361,2437.963,81917.569,20170703_044257,479171,39,40362,26
1,KFTG20170704_104007_V06,-55.427,0.119,431.572,391.658,3.111,-103.782,39.371,1555.492,80175.438,20170704_044007,479171,51,35799,46
3,KFTG20170704_104951_V06,-45.693,0.054,121.687,343.554,8.761,-105.583,39.586,4380.285,91777.782,20170704_044951,479175,169,36894,151
1,KFTG20170705_104440_V06,-51.448,0.469,380.592,62.595,6.758,-104.067,40.855,3379.204,125355.801,20170705_044440,479181,31,36982,17
1,KFTG20170705_110410_V06,-31.948,0.272,380.750,63.719,11.318,-104.067,40.850,5659.077,124849.364,20170705_050410,479170,62,29770,31
1,KFTG20170706_121111_V06,34.476,0.126,217.678,107.343,6.687,-105.032,40.653,3343.657,104754.157,20170706_061111,479173,363,29001,297
6,KFTG20170707_111804_V06,-19.253,0.653,382.577,58.366,10.374,-104.056,40.874,5186.867,127677.077,20170707_051804,479184,47,23508,36
6,KFTG20170707_112749_V06,-9.503,0.601,382.075,58.925,14.900,-104.058,40.871,7450.082,127332.013,20170707_052749,479174,73,26566,48
2,KFTG20170707_103904_V06,-58.253,0.235,435.876,390.848,4.887,-103.757,39.375,2443.419,81724.562,20170707_043904,479171,26,36757,15
7,KFTG20170707_120849_V06,31.497,0.151,381.017,57.233,14.180,-104.065,40.879,7089.783,127964.418,20170707_060849,479176,93,31818,66
1,KFTG20170708_104547_V06,-52.170,0.077,310.103,438.353,2.824,-104.487,39.164,1411.812,69360.854,20170708_044547,479164,10,38546,6
1,KFTG20170709_104330_V06,-55.105,0.054,360.320,475.549,10.369,-104.197,38.996,5184.296,92811.443,20170709_044330,479171,36,31792,24
2,KFTG20170709_110301_V06,-35.588,0.161,470.554,177.714,7.148,-103.542,40.333,3573.887,104931.375,20170709_050301,479168,57,29265,44
3,KFTG20170709_120134_V06,22.962,0.124,301.390,150.970,2.972,-104.537,40.458,1486.076,74518.164,20170709_060134,479176,84,35033,60
1,KFTG20170710_104757_V06,-51.325,0.100,384.636,55.895,10.246,-104.043,40.885,5122.765,129180.580,20170710_044757,479171,53,34081,41
1,KFTG20170711_104928_V06,-50.497,0.190,122.144,344.329,7.015,-105.580,39.582,3507.395,91648.706,20170711_044928,479170,119,48520,94
6,KFTG20170711_123642_V06,56.736,0.217,365.463,354.438,20.342,-104.165,39.541,10170.963,42569.996,20170711_063642,479174,175,36514,120
8,KFTG20170711_130306_V06,83.136,0.053,280.752,345.229,14.192,-104.657,39.583,7096.012,24577.107,20170711_070306,479183,188,45299,132
3,KFTG20170712_110237_V06,-38.053,0.056,307.253,143.002,18.495,-104.503,40.494,9247.486,78582.560,20170712_050237,479179,87,83822,54
5,KFTG20170712_110837_V06,-32.053,0.146,31.062,415.148,20.197,-106.103,39.258,10098.354,146275.833,20170712_050837,479179,86,80649,55
3,KFTG20170714_112827_V06,-13.681,0.098,382.113,58.964,8.438,-104.058,40.871,4219.181,127319.516,20170714_052827,479176,87,38648,62
3,KFTG20170714_113811_V06,-3.947,0.068,381.611,57.979,16.724,-104.061,40.875,8362.173,127705.394,20170714_053811,479164,66,35560,43
1,KFTG20170714_104925_V06,-52.714,0.055,120.412,344.725,5.737,-105.590,39.581,2868.390,92536.771,20170714_044925,479174,65,52901,44
2,KFTG20170714_112827_V06,-13.681,0.117,356.366,151.812,36.131,-104.213,40.453,18065.357,79273.038,20170714_052827,479176,87,38648,62
1,KFTG20170715_112817_V06,-14.601,0.085,356.702,146.976,36.834,-104.211,40.475,18416.908,81595.520,20170715_052817,479184,2617,68863,178
4,KFTG20170717_113536_V06,-8.837,0.094,382.924,61.706,8.464,-104.054,40.859,4232.044,126155.099,20170717_053536,479174,183,45019,152
1,KFTG20170722_110638_V06,-41.907,0.052,436.197,392.502,3.106,-103.755,39.367,1552.954,82320.033,20170722_050638,479172,48,53327,40
1,KFTG20170725_105452_V06,-56.262,0.051,30.423,429.945,32.046,-106.106,39.191,16023.117,149630.891,20170725_045452,479160,262,50881,169
2,KFTG20170725_124656_V06,55.805,0.067,161.613,437.639,14.161,-105.346,39.164,7080.502,97590.341,20170725_064656,479167,212,49096,144
1,KFTG20170726_105526_V06,-56.574,0.054,380.136,67.812,2.677,-104.070,40.831,1338.264,122813.746,20170726_045526,479169,78,55949,48
2,KFTG20170726_114839_V06,-3.358,0.077,380.148,66.689,2.585,-104.070,40.836,1292.576,123346.848,20170726_054839,479180,125,46357,95
4,KFTG20170726_121822_V06,26.359,0.079,383.826,61.983,8.521,-104.048,40.857,4260.658,126173.275,20170726_061822,479183,139,45124,107
1,KFTG20170727_111623_V06,-36.511,0.094,381.641,58.503,10.998,-104.061,40.873,5498.833,127461.915,20170727_051623,479172,72,54133,55
1,KFTG20170727_112120_V06,-31.561,0.522,384.353,58.582,16.885,-104.045,40.873,8442.353,127865.154,20170727_052120,479186,99,50371,70
2,KFTG20170727_114122_V06,-11.527,0.233,383.640,58.720,11.441,-104.049,40.872,5720.276,127683.084,20170727_054122,479174,110,39673,82
3,KFTG20170728_120545_V06,11.963,0.090,283.795,148.793,35.228,-104.641,40.468,17614.002,76036.632,20170728_060545,479178,154,32073,111
3,KFTG20170728_121530_V06,21.713,0.099,285.977,151.115,43.233,-104.628,40.457,21616.665,74772.008,20170728_061530,479178,113,34420,96
1,KFTG20170728_105455_V06,-58.871,0.119,379.650,63.186,6.444,-104.073,40.852,3221.989,124925.054,20170728_045455,479177,155,54098,129
2,KFTG20170728_112527_V06,-28.337,0.103,384.609,60.360,9.495,-104.044,40.865,4747.307,127068.974,20170728_052527,479183,161,55317,118
4,KFTG20170728_123501_V06,41.229,0.103,383.848,58.761,7.934,-104.048,40.872,3967.014,127697.819,20170728_063501,479176,89,35254,55
5,KFTG20170728_130436_V06,70.813,0.072,379.747,58.634,7.689,-104.072,40.873,3844.563,127099.272,20170728_070436,479190,121,49234,97
3,KFTG20170729_114135_V06,-13.103,0.174,388.798,67.082,8.165,-104.019,40.834,4082.489,124635.502,20170729_054135,479196,82,81218,67
3,KFTG20170729_114749_V06,-6.870,0.076,389.202,64.877,17.456,-104.016,40.844,8728.032,125737.603,20170729_054749,479170,87,81278,69
8,KFTG20170729_130853_V06,74.197,0.182,173.434,266.367,18.756,-105.286,39.936,9378.241,65479.152,20170729_070853,479178,103,74078,80
1,KFTG20170730_120218_V06,6.709,0.061,336.833,397.613,14.751,-104.332,39.347,7375.349,52165.241,20170730_060218,479165,71,46374,63
2,KFTG20170730_120659_V06,11.392,0.054,311.240,422.712,28.356,-104.480,39.234,14177.767,61612.655,20170730_060659,479171,101,45284,56
3,KFTG20170731_122905_V06,32.582,0.794,381.455,59.224,8.262,-104.062,40.870,4130.932,127090.560,20170731_062905,479171,137,38011,106
3,KFTG20170731_123849_V06,42.315,0.166,381.335,58.530,17.166,-104.063,40.873,8582.789,127400.048,20170731_063849,479178,123,37666,91
1,KFTG20170731_110516_V06,-51.235,0.053,397.226,64.241,14.000,-103.969,40.847,7000.217,127509.843,20170731_050516,479170,94,37626,66
2,KFTG20170731_112445_V06,-31.751,0.074,300.309,301.686,10.917,-104.543,39.779,5458.660,856.994,20170731_052445,479170,129,43649,72
4,KFTG20170731_130804_V06,71.565,0.053,401.785,66.488,20.832,-103.942,40.837,10416.172,127365.869,20170731_070804,479181,140,31967,107
1,KFTG20170801_110500_V06,-52.416,0.303,382.597,59.839,10.747,-104.055,40.867,5373.390,126984.004,20170801_050500,479172,58,37796,35
1,KFTG20170801_111445_V06,-42.666,0.061,379.976,61.342,18.178,-104.071,40.860,9088.827,125850.732,20170801_051445,479168,82,37440,56
7,KFTG20170802_120941_V06,11.349,0.575,266.591,50.488,9.533,-104.744,40.910,4766.582,125869.233,20170802_060941,479171,144,70070,90
7,KFTG20170802_121556_V06,17.599,0.130,273.201,53.756,18.532,-104.704,40.895,9266.209,123849.015,20170802_061556,479183,118,67785,92
11,KFTG20170802_123530_V06,37.165,0.421,230.533,119.046,15.070,-104.956,40.601,7535.076,96914.929,20170802_063530,479179,202,67556,142
11,KFTG20170802_124118_V06,42.965,0.495,231.791,120.296,21.850,-104.948,40.595,10925.089,96106.824,20170802_064118,479175,161,66785,121
5,KFTG20170802_114527_V06,-12.885,0.065,323.338,238.398,19.160,-104.409,40.064,9580.086,32937.319,20170802_054527,479173,195,74479,80
10,KFTG20170802_122209_V06,23.815,0.050,364.782,165.792,64.103,-104.164,40.390,32051.334,74512.512,20170802_062209,479171,195,67373,139
16,KFTG20170802_131614_V06,77.899,0.052,339.378,293.660,26.017,-104.315,39.815,13008.404,19942.768,20170802_071614,479182,148,54470,98
1,KFTG20170803_110241_V06,-56.574,0.508,379.418,60.446,9.152,-104.074,40.864,4575.878,126187.621,20170803_050241,479173,2826,126383,132
1,KFTG20170803_110856_V06,-50.324,0.407,380.013,60.640,14.792,-104.071,40.864,7396.180,126189.864,20170803_050856,479176,2914,127737,142
6,KFTG20170803_115229_V06,-6.774,0.059,381.536,62.680,7.232,-104.062,40.854,3616.024,125467.984,20170803_055229,479172,2462,135535,171
6,KFTG20170803_120456_V06,5.676,0.393,381.277,60.353,14.480,-104.063,40.865,7239.819,126527.228,20170803_060456,479188,2205,127643,171
3,KFTG20170803_112122_V06,-37.891,0.051,273.141,278.083,16.968,-104.702,39.885,8484.203,17332.988,20170803_052122,479167,3272,131711,125
19,KFTG20170803_130057_V06,61.693,0.173,277.262,251.730,30.497,-104.678,40.004,15248.741,26678.513,20170803_070057,479172,1188,107660,171
15,KFTG20170804_114856_V06,-11.250,0.069,288.258,244.979,11.862,-104.614,40.034,5930.988,28130.055,20170804_054856,479178,280,52383,131
15,KFTG20170804_115420_V06,-5.850,0.059,288.679,245.109,19.355,-104.612,40.034,9677.276,28023.088,20170804_055420,479181,258,52776,112
3,KFTG20170804_110604_V06,-54.117,0.121,380.129,64.539,5.017,-104.070,40.846,2508.728,124361.000,20170804_050604,479172,432,54573,79
5,KFTG20170804_111135_V06,-48.600,0.106,243.406,281.024,30.079,-104.876,39.872,15039.413,29845.405,20170804_051135,479194,234,55033,56
12,KFTG20170804_113910_V06,-21.017,0.059,273.657,228.802,17.658,-104.700,40.107,8829.063,37957.544,20170804_053910,479174,199,47404,89
14,KFTG20170804_114856_V06,-11.250,0.134,382.616,61.781,8.392,-104.055,40.858,4195.850,126068.964,20170804_054856,479178,280,52383,131
16,KFTG20170804_114856_V06,-11.250,0.063,242.054,247.011,15.287,-104.885,40.025,7643.337,39260.427,20170804_054856,479178,280,52383,131
33,KFTG20170804_131040_V06,70.483,0.051,318.839,42.512,20.995,-104.433,40.946,10497.616,129087.919,20170804_071040,479168,155,35294,101
1,KFTG20170805_112054_V06,-40.212,0.072,238.270,211.498,115.583,-104.908,40.185,57791.565,53951.526,20170805_052054,479174,51,32788,33
1,KFTG20170805_113039_V06,-30.462,-1.000,238.270,211.498,131.086,-104.908,40.185,65542.815,53951.526,20170805_053039,479173,36,37328,30
1,KFTG20170805_114024_V06,-20.712,0.064,267.183,238.455,130.873,-104.738,40.064,65436.661,34873.568,20170805_054024,479174,55,44225,44
2,KFTG20170805_113039_V06,-30.462,0.074,382.211,57.651,10.461,-104.058,40.877,5230.286,127956.794,20170805_053039,479173,36,37328,30
3,KFTG20170805_120940_V06,8.554,0.081,384.646,57.345,12.224,-104.043,40.878,6111.984,128497.328,20170805_060940,479176,50,35035,36
5,KFTG20170806_121114_V06,9.189,0.057,381.097,60.282,10.222,-104.064,40.865,5110.832,126531.765,20170806_061114,479176,109,38196,52
6,KFTG20170806_125301_V06,50.973,0.066,381.755,63.347,7.592,-104.061,40.851,3795.925,125188.482,20170806_065301,479174,66,25720,50
11,KFTG20170807_121639_V06,13.672,0.070,381.674,59.200,9.684,-104.061,40.870,4842.094,127137.169,20170807_061639,479171,1160,120724,120
11,KFTG20170807_122156_V06,18.955,0.096,381.837,59.287,15.868,-104.060,40.870,7934.011,127122.020,20170807_062156,479184,1152,121357,138
13,KFTG20170807_124904_V06,46.089,0.104,380.988,59.693,9.707,-104.065,40.868,4853.394,126793.608,20170807_064904,479165,716,126573,106
16,KFTG20170807_131640_V06,73.689,0.093,318.338,416.909,16.180,-104.439,39.260,8090.204,59169.083,20170807_071640,479172,1198,123777,218
1,KFTG20170809_111350_V06,-51.019,0.711,381.483,57.885,11.137,-104.062,40.876,5568.497,127729.558,20170809_051350,479180,61,31817,50
2,KFTG20170809_111350_V06,-51.019,0.066,435.918,392.158,3.196,-103.757,39.369,1597.893,82108.010,20170809_051350,479180,61,31817,50
5,KFTG20170809_114303_V06,-21.802,0.138,381.100,57.545,11.544,-104.064,40.877,5771.774,127829.513,20170809_054303,479176,76,50558,57
1,KFTG20170810_110730_V06,-58.292,0.287,381.580,64.010,6.024,-104.062,40.848,3012.085,124846.646,20170810_050730,479176,451,74999,78
1,KFTG20170810_111234_V06,-53.225,0.058,381.321,63.905,12.224,-104.063,40.849,6111.903,124853.778,20170810_051234,479182,457,76092,77
13,KFTG20170810_120932_V06,3.742,0.110,23.310,132.494,29.080,-106.178,40.530,14540.133,161721.593,20170810_060932,479172,1155,69718,267
13,KFTG20170810_121408_V06,8.342,-1.000,23.310,132.494,36.394,-106.178,40.530,18197.133,161721.593,20170810_061408,479172,1189,68343,242
13,KFTG20170810_121845_V06,12.958,0.052,28.930,130.882,40.526,-106.145,40.537,20263.108,159749.711,20170810_061845,479170,1192,66435,185
3,KFTG20170810_111717_V06,-48.508,0.184,45.532,388.562,61.666,-106.022,39.378,30833.113,134719.022,20170810_051717,479164,554,77572,111
3,KFTG20170810_112213_V06,-43.575,-1.000,45.532,388.562,69.510,-106.022,39.378,34755.113,134719.022,20170810_052213,479165,422,77263,91
3,KFTG20170810_112657_V06,-38.842,0.072,22.764,383.519,23.158,-106.155,39.399,11579.155,144771.623,20170810_052657,479190,376,78035,96
7,KFTG20170810_113628_V06,-29.325,0.053,108.739,421.211,26.861,-105.653,39.235,13430.454,113217.352,20170810_053628,479166,767,78843,144
7,KFTG20170810_114112_V06,-24.592,0.124,124.525,425.150,23.728,-105.561,39.219,11863.826,107766.006,20170810_054112,479188,783,78803,171
14,KFTG20170810_121408_V06,8.342,0.136,27.762,138.898,44.234,-106.151,40.501,22116.938,158167.144,20170810_061408,479172,1189,68343,242
15,KFTG20170810_122322_V06,17.575,0.104,27.482,256.351,30.110,-106.140,39.972,15054.810,137995.622,20170810_062322,479184,1017,64989,157
17,KFTG20170810_130822_V06,62.575,0.279,313.773,398.956,26.611,-104.465,39.341,13305.523,49954.822,20170810_070822,479187,890,58086,116
4,KFTG20170811_121758_V06,11.234,0.372,380.681,60.432,9.185,-104.067,40.864,4592.281,126394.445,20170811_061758,479169,102,30226,81
4,KFTG20170811_122744_V06,21.001,0.200,381.094,60.136,16.257,-104.064,40.866,8128.642,126600.924,20170811_062744,479171,142,26265,116
7,KFTG20170811_132612_V06,79.467,0.265,381.275,59.255,8.093,-104.063,40.870,4046.276,127046.809,20170811_072612,479173,159,26639,106
7,KFTG20170811_133557_V06,89.217,0.109,382.221,59.722,15.481,-104.058,40.868,7740.475,126978.012,20170811_073557,479177,117,29068,97
1,KFTG20170811_110944_V06,-56.999,0.592,384.506,57.832,9.247,-104.044,40.876,4623.680,128244.579,20170811_050944,479171,52,43768,32
3,KFTG20170811_120813_V06,1.484,0.095,387.352,58.466,12.490,-104.027,40.873,6244.972,128421.946,20170811_060813,479177,105,33347,83
5,KFTG20170811_130642_V06,59.967,0.080,384.220,60.623,11.143,-104.046,40.863,5571.419,126880.388,20170811_070642,479180,104,23759,82
5,KFTG20170811_131600_V06,69.267,-1.000,384.220,60.623,25.930,-104.046,40.863,12964.919,126880.388,20170811_071600,479169,102,25036,83
5,KFTG20170811_131628_V06,69.734,0.068,384.326,55.901,9.061,-104.045,40.885,4530.426,129127.043,20170811_071628,479169,102,25036,83
4,KFTG20170812_121206_V06,4.425,0.201,314.175,158.219,13.557,-104.462,40.425,6778.275,71243.992,20170812_061206,479174,51,41459,45
4,KFTG20170812_122152_V06,14.192,0.345,316.470,155.887,22.080,-104.448,40.436,11039.992,72525.495,20170812_062152,479174,54,37206,36
4,KFTG20170812_123138_V06,23.958,0.106,324.932,151.091,29.122,-104.398,40.457,14561.246,75490.842,20170812_063138,479173,66,35623,42
4,KFTG20170812_124123_V06,33.708,0.574,333.669,154.470,29.119,-104.347,40.442,14559.485,74686.827,20170812_064123,479177,89,35656,62
7,KFTG20170812_131041_V06,63.008,0.077,310.485,127.587,12.905,-104.483,40.563,6452.545,86365.836,20170812_071041,479179,75,39869,45
7,KFTG20170812_132026_V06,72.758,-1.000,310.485,127.587,28.408,-104.483,40.563,14203.795,86365.836,20170812_072026,479173,67,41999,62
7,KFTG20170812_133011_V06,82.508,0.287,314.909,128.977,33.396,-104.457,40.557,16698.087,85835.867,20170812_073011,479172,54,43486,48
6,KFTG20170812_131041_V06,63.008,0.086,432.497,49.400,41.552,-103.759,40.912,20775.978,141735.510,20170812_071041,479179,75,39869,45
8,KFTG20170812_131041_V06,63.008,0.071,286.202,107.677,22.587,-104.627,40.653,11293.304,96408.421,20170812_071041,479179,75,39869,45
1,KFTG20170813_114647_V06,-21.835,0.129,383.668,56.354,10.627,-104.049,40.883,5313.713,128806.080,20170813_054647,479176,36,56327,26
1,KFTG20170813_120616_V06,-2.352,0.091,383.051,60.531,8.065,-104.053,40.864,4032.463,126730.843,20170813_060616,479167,58,46866,42
2,KFTG20170814_111640_V06,-52.896,0.091,382.533,56.515,9.094,-104.056,40.882,4547.146,128546.285,20170814_051640,479182,194,69686,130
2,KFTG20170814_112103_V06,-48.512,0.143,381.859,56.756,15.140,-104.060,40.881,7570.098,128324.283,20170814_052103,479162,185,68394,143
1,KFTG20170814_111216_V06,-57.296,0.136,384.201,57.208,10.364,-104.046,40.879,5181.770,128488.988,20170814_051216,479178,205,70515,127
6,KFTG20170815_123822_V06,27.859,0.054,470.475,306.029,76.063,-103.551,39.755,38031.288,85290.978,20170815_063822,479174,187,40735,138
6,KFTG20170815_124808_V06,37.626,0.130,471.931,302.020,91.376,-103.542,39.773,45688.133,85971.596,20170815_064808,479170,119,41351,96
3,KFTG20170815_111034_V06,-59.941,0.052,120.185,158.148,12.292,-105.605,40.421,6146.057,114515.580,20170815_051034,479169,78,38088,68
5,KFTG20170815_122837_V06,18.109,0.053,483.367,96.412,39.271,-103.461,40.698,19635.403,136995.989,20170815_062837,479170,148,40350,102
5,KFTG20170815_123822_V06,27.859,-1.000,483.367,96.412,54.773,-103.461,40.698,27386.653,136995.989,20170815_063822,479174,187,40735,138
5,KFTG20170815_124808_V06,37.626,0.057,488.284,85.611,48.862,-103.431,40.747,24431.213,142665.155,20170815_064808,479170,119,41351,96
1,KFTG20170816_111213_V06,-59.236,0.081,379.434,60.704,8.448,-104.074,40.863,4223.991,126067.730,20170816_051213,479182,126,66941,83
1,KFTG20170816_111637_V06,-54.836,0.199,379.500,60.755,13.751,-104.074,40.863,6875.721,126054.001,20170816_051637,479187,162,67560,95
5,KFTG20170816_114921_V06,-22.103,0.286,381.755,59.317,8.380,-104.060,40.869,4189.903,127094.489,20170816_054921,479178,132,71387,93
5,KFTG20170816_115324_V06,-18.053,0.097,381.392,59.505,13.859,-104.063,40.869,6929.503,126947.067,20170816_055324,479187,158,71851,109
2,KFTG20170816_113250_V06,-38.619,0.063,379.836,60.832,8.234,-104.072,40.863,4117.073,126070.616,20170816_053250,479182,136,68696,86
7,KFTG20170816_120943_V06,-1.736,0.061,384.550,60.349,11.461,-104.044,40.865,5730.705,127064.439,20170816_060943,479172,155,60802,110
3,KFTG20170817_114253_V06,-29.515,0.054,22.284,161.722,30.823,-106.181,40.398,15411.716,155118.486,20170817_054253,479184,131,49967,91
3,KFTG20170817_114716_V06,-25.132,0.092,22.419,162.943,36.705,-106.180,40.392,18352.646,154786.551,20170817_054716,479177,145,49054,93
3,KFTG20170817_115139_V06,-20.748,0.117,24.822,167.271,38.380,-106.165,40.373,19190.051,152758.014,20170817_055139,479180,142,50006,82
1,KFTG20170817_111633_V06,-55.848,0.575,381.562,59.555,8.798,-104.062,40.868,4399.139,126951.000,20170817_051633,479182,148,53418,58
1,KFTG20170817_112056_V06,-51.465,0.056,381.349,59.610,14.262,-104.063,40.868,7130.806,126890.609,20170817_052056,479175,200,52440,107
2,KFTG20170817_113406_V06,-38.298,0.089,381.169,61.480,8.350,-104.064,40.860,4175.159,125976.084,20170817_053406,479179,110,52139,63
6,KFTG20170817_123238_V06,20.235,0.125,384.255,58.656,8.882,-104.046,40.872,4441.055,127814.129,20170817_063238,479179,203,47880,157
7,KFTG20170817_131303_V06,60.652,0.102,381.948,60.104,8.736,-104.059,40.866,4367.962,126753.318,20170817_071303,479172,167,48482,129
8,KFTG20170817_133653_V06,84.485,0.064,381.338,59.852,10.021,-104.063,40.867,5010.361,126774.193,20170817_073653,479180,225,46007,166
1,KFTG20170818_112518_V06,-48.044,0.050,381.481,59.767,8.519,-104.062,40.867,4259.277,126837.561,20170818_052518,479170,47,46710,41
1,KFTG20170821_123820_V06,22.154,0.135,293.616,298.803,17.170,-104.583,39.792,8584.824,3247.444,20170821_063820,479175,254,54301,157
1,KFTG20170821_124243_V06,26.537,0.060,293.984,298.516,23.600,-104.580,39.793,11800.088,3098.319,20170821_064243,479183,245,54627,144
1,KFTG20170821_124706_V06,30.920,0.084,296.548,300.358,14.807,-104.565,39.785,7403.572,1735.321,20170821_064706,479167,223,54273,127
1,KFTG20170823_112031_V06,-57.550,0.087,434.028,391.123,2.590,-103.768,39.374,1295.006,81035.269,20170823_052031,479177,106,33568,77
3,KFTG20170823_114948_V06,-28.267,0.199,220.589,72.535,6.578,-105.016,40.810,3288.918,120464.083,20170823_054948,479171,206,40574,151
4,KFTG20170823_120920_V06,-8.733,0.121,24.770,250.496,21.978,-106.157,39.998,10988.867,139823.343,20170823_060920,479172,222,45912,166
2,KFTG20170824_122326_V06,4.425,0.107,330.510,259.873,66.557,-104.367,39.967,33278.404,25204.546,20170824_062326,479176,150,47670,113
2,KFTG20170824_123311_V06,14.175,0.056,333.975,248.044,79.613,-104.346,40.020,39806.637,31039.361,20170824_063311,479174,145,45390,104
1,KFTG20170824_122326_V06,4.425,0.114,372.224,161.292,33.244,-104.120,40.410,16622.105,78192.518,20170824_062326,479176,150,47670,113
1,KFTG20170825_131324_V06,53.450,0.055,298.959,303.095,11.697,-104.551,39.773,5848.354,1632.726,20170825_071324,479169,404,52736,267
1,KFTG20170826_123007_V06,9.227,0.298,330.297,100.404,14.374,-104.366,40.685,7187.103,100941.270,20170826_063007,479170,100,46778,56
1,KFTG20170826_123953_V06,18.994,0.321,330.660,100.798,24.559,-104.364,40.684,12279.438,100773.739,20170826_063953,479173,101,48838,68
2,KFTG20170826_123953_V06,18.994,0.155,400.472,149.251,45.917,-103.953,40.464,22958.504,90581.343,20170826_063953,479173,101,48838,68
2,KFTG20170826_124937_V06,28.727,0.251,403.306,150.508,56.327,-103.936,40.458,28163.411,90856.984,20170826_064937,479170,127,48179,86
9,KFTG20170827_133001_V06,68.189,0.093,314.082,116.784,24.242,-104.462,40.612,12120.842,91878.133,20170827_073001,479169,71,47703,48
9,KFTG20170827_133946_V06,77.939,0.246,320.163,117.075,29.969,-104.426,40.610,14984.653,92016.245,20170827_073946,479177,44,49540,41
9,KFTG20170827_134931_V06,87.689,0.107,325.091,122.818,31.275,-104.397,40.584,15637.709,89474.656,20170827_074931,479172,56,50775,44
1,KFTG20170827_112313_V06,-58.611,0.459,381.748,61.021,7.760,-104.061,40.862,3880.219,126286.791,20170827_052313,479172,27,25978,25
3,KFTG20170827_121201_V06,-9.811,0.089,382.289,59.831,8.428,-104.057,40.867,4213.776,126937.691,20170827_061201,479176,14,37706,9
4,KFTG20170827_121201_V06,-9.811,0.068,245.223,52.685,8.874,-104.870,40.900,4436.806,126654.218,20170827_061201,479176,14,37706,9
5,KFTG20170827_122145_V06,-0.078,0.361,333.721,177.829,21.222,-104.347,40.337,10610.870,63369.837,20170827_062145,479178,60,37977,37
6,KFTG20170827_122145_V06,-0.078,0.118,275.164,137.433,15.717,-104.692,40.519,7858.719,82226.738,20170827_062145,479178,60,37977,37
7,KFTG20170827_130046_V06,38.939,0.387,123.604,117.644,20.059,-105.587,40.603,10029.488,126855.278,20170827_070046,479167,63,45198,54
8,KFTG20170827_133001_V06,68.189,0.105,300.033,155.519,29.069,-104.545,40.437,14534.569,72240.480,20170827_073001,479169,71,47703,48
2,KFTG20170828_123317_V06,10.518,0.560,383.328,58.677,9.656,-104.051,40.872,4828.026,127652.292,20170828_063317,479174,118,49022,87
2,KFTG20170828_124302_V06,20.268,0.162,383.341,59.130,16.760,-104.051,40.870,8379.776,127440.512,20170828_064302,479170,132,48724,97
1,KFTG20170828_113446_V06,-47.999,0.083,380.201,67.868,2.374,-104.070,40.831,1186.924,122797.966,20170828_053446,479174,87,29341,55
6,KFTG20170828_132206_V06,59.335,0.067,190.627,52.984,15.719,-105.194,40.897,7859.369,135073.363,20170828_072206,479172,169,53053,134
1,KFTG20170830_121129_V06,-13.153,0.139,320.675,285.378,20.140,-104.424,39.852,10070.160,12661.507,20170830_061129,479168,222,47603,179
7,KFTG20170831_124732_V06,21.964,0.068,230.963,448.739,74.511,-104.944,39.116,37255.630,81989.812,20170831_064732,479167,146,44835,110
7,KFTG20170831_130703_V06,41.480,-1.000,230.963,448.739,105.543,-104.944,39.116,52771.380,81989.812,20170831_070703,479164,140,47779,101
7,KFTG20170831_131648_V06,51.230,0.060,267.949,474.722,72.274,-104.730,39.000,36137.173,88818.468,20170831_071648,479174,155,50554,115
10,KFTG20170831_133619_V06,70.747,0.114,23.805,139.590,28.673,-106.174,40.498,14336.668,159699.109,20170831_073619,479171,125,49438,102
1,KFTG20170901_123038_V06,4.131,0.556,381.688,61.097,7.833,-104.061,40.861,3916.340,126241.695,20170901_063038,479172,131,45777,100
1,KFTG20170901_124023_V06,13.881,0.226,381.235,61.121,15.012,-104.064,40.861,7505.804,126156.970,20170901_064023,479164,151,45138,114
2,KFTG20170901_124023_V06,13.881,0.078,422.309,168.416,46.648,-103.825,40.377,23324.100,89824.405,20170901_064023,479164,151,45138,114
3,KFTG20170901_133528_V06,68.965,0.095,382.494,58.700,9.165,-104.056,40.872,4582.451,127505.564,20170901_073528,479161,408,64601,263
4,KFTG20170902_124447_V06,17.350,0.149,262.220,85.086,18.444,-104.769,40.754,9222.078,109104.499,20170902_064447,479168,48,37103,31
4,KFTG20170902_130418_V06,36.867,0.242,264.845,85.349,27.794,-104.753,40.753,13896.814,108755.376,20170902_070418,479174,90,42206,48
5,KFTG20170902_130418_V06,36.867,0.061,143.789,419.426,30.658,-105.450,39.245,15329.079,98316.530,20170902_070418,479174,90,42206,48
6,KFTG20170902_133333_V06,66.117,0.062,303.923,118.064,28.131,-104.522,40.606,14065.636,90989.227,20170902_073333,479165,76,46542,46
1,KFTG20170904_121855_V06,-10.376,0.176,355.424,148.859,37.085,-104.219,40.467,18542.320,80491.341,20170904_061855,479170,50,49929,40
2,KFTG20170904_123824_V06,9.107,0.522,379.737,63.591,5.810,-104.073,40.850,2904.957,124746.898,20170904_063824,479176,62,58568,52
3,KFTG20170904_123824_V06,9.107,0.078,392.082,505.369,18.488,-104.015,38.861,9244.141,112533.663,20170904_063824,479176,62,58568,52
4,KFTG20170904_124810_V06,18.874,0.064,125.035,418.518,39.102,-105.559,39.248,19551.193,105663.595,20170904_064810,479173,45,59604,33
5,KFTG20170904_124810_V06,18.874,0.050,465.924,121.610,87.570,-103.565,40.586,43784.843,121812.954,20170904_064810,479173,45,59604,33
1,KFTG20170905_122704_V06,-3.155,0.623,282.083,150.295,7.028,-104.651,40.461,3514.030,75386.659,20170905_062704,479171,83,23369,60
1,KFTG20170905_123649_V06,6.595,0.966,282.497,147.042,10.956,-104.648,40.475,5477.982,76977.878,20170905_063649,479168,96,20986,73
1,KFTG20170905_124633_V06,16.328,0.951,282.381,143.956,14.033,-104.649,40.489,7016.270,78517.614,20170905_064633,479169,107,20194,84
1,KFTG20170905_130602_V06,35.811,0.762,279.089,145.923,19.228,-104.669,40.480,9613.891,77744.914,20170905_070602,479168,85,17090,64
7,KFTG20170905_122704_V06,-3.155,0.051,226.843,186.341,12.327,-104.975,40.298,6163.557,67583.911,20170905_062704,479171,83,23369,60
7,KFTG20170905_123649_V06,6.595,0.654,225.991,184.692,18.250,-104.981,40.305,9124.756,68507.740,20170905_063649,479168,96,20986,73
7,KFTG20170905_124633_V06,16.328,0.672,226.857,183.767,20.552,-104.975,40.309,10275.812,68665.728,20170905_064633,479169,107,20194,84
8,KFTG20170905_123649_V06,6.595,0.783,400.635,193.005,9.463,-103.954,40.267,4731.281,73442.890,20170905_063649,479168,96,20986,73
8,KFTG20170905_124633_V06,16.328,0.175,401.245,193.311,19.169,-103.950,40.266,9584.500,73541.062,20170905_064633,479169,107,20194,84
3,KFTG20170905_122704_V06,-3.155,0.482,296.783,420.029,8.208,-104.564,39.246,4104.067,60036.283,20170905_062704,479171,83,23369,60
5,KFTG20170905_122704_V06,-3.155,0.133,331.326,353.139,34.167,-104.363,39.547,17083.511,30842.599,20170905_062704,479171,83,23369,60
9,KFTG20170905_123649_V06,6.595,0.156,290.555,465.147,33.336,-104.600,39.043,16668.198,82708.422,20170905_063649,479168,96,20986,73
1,KFTG20170906_121705_V06,-14.067,0.808,287.420,147.870,7.297,-104.619,40.472,3648.682,76324.847,20170906_061705,479172,83,41202,52
1,KFTG20170906_122650_V06,-4.317,0.739,288.691,147.304,14.902,-104.612,40.474,7450.801,76557.108,20170906_062650,479171,108,32024,77
3,KFTG20170906_122650_V06,-4.317,0.081,200.737,247.465,8.535,-105.127,40.022,4267.496,56153.851,20170906_062650,479171,108,32024,77
4,KFTG20170906_132520_V06,54.183,0.266,378.522,63.235,6.368,-104.080,40.852,3183.807,124722.973,20170906_072520,479174,140,19570,112
1,KFTG20170907_121853_V06,-13.195,0.068,442.168,202.856,2.720,-103.710,40.221,1359.917,86094.147,20170907_061853,479159,104,49625,78
1,KFTG20170908_120215_V06,-30.757,0.802,381.813,63.136,6.158,-104.060,40.852,3079.018,125297.392,20170908_060215,479171,90,41655,70
1,KFTG20170908_121159_V06,-21.023,0.147,381.866,60.859,16.473,-104.060,40.862,8236.349,126382.811,20170908_061159,479169,102,46888,80
4,KFTG20170908_122145_V06,-11.257,0.318,290.482,152.260,3.135,-104.601,40.452,1567.677,74022.895,20170908_062145,479176,120,47509,87
5,KFTG20170908_122145_V06,-11.257,0.145,350.434,157.386,32.244,-104.248,40.428,16122.070,75634.592,20170908_062145,479176,120,47509,87
5,KFTG20170908_123130_V06,-1.507,-1.000,350.434,157.386,47.747,-104.248,40.428,23873.320,75634.592,20170908_063130,479177,108,39060,92
5,KFTG20170908_124115_V06,8.243,0.093,355.811,152.618,42.151,-104.216,40.450,21075.680,78797.669,20170908_064115,479170,111,40664,72
8,KFTG20170908_124115_V06,8.243,0.071,336.093,361.377,17.526,-104.335,39.510,8762.989,35601.495,20170908_064115,479170,111,40664,72
9,KFTG20170908_131028_V06,37.460,0.299,308.076,403.529,25.671,-104.498,39.320,12835.476,51921.832,20170908_071028,479166,92,50150,68
9,KFTG20170908_132014_V06,47.227,0.080,316.473,403.582,22.310,-104.450,39.320,11155.022,52441.773,20170908_072014,479175,109,50857,62
1,KFTG20170910_113605_V06,-58.780,0.124,381.006,60.293,8.059,-104.065,40.865,4029.453,126512.205,20170910_053605,479177,71,28384,51
1,KFTG20170910_114550_V06,-49.030,0.103,381.444,59.734,15.487,-104.062,40.868,7743.612,126847.092,20170910_054550,479173,84,28119,58
2,KFTG20170910_124423_V06,9.520,0.089,291.605,151.752,16.188,-104.595,40.454,8093.792,74242.718,20170910_064423,479171,88,47598,62
3,KFTG20170911_123015_V06,-5.543,0.624,287.640,154.921,8.858,-104.618,40.440,4429.218,72802.063,20170911_063015,479195,145,62989,95
3,KFTG20170911_123438_V06,-1.160,0.752,287.458,155.171,14.626,-104.619,40.439,7312.775,72685.514,20170911_063438,479177,174,63892,109
7,KFTG20170911_125142_V06,15.907,0.084,340.173,416.391,12.497,-104.313,39.262,6248.272,61564.627,20170911_065142,479169,150,62436,92
7,KFTG20170911_130029_V06,24.690,0.166,341.954,418.325,19.814,-104.302,39.254,9906.969,62771.229,20170911_070029,479176,168,63170,136
7,KFTG20170911_130452_V06,29.074,-1.000,342.779,419.220,23.705,-104.297,39.249,11852.553,63331.386,20170911_070452,479174,163,63557,120
7,KFTG20170911_130916_V06,33.474,0.084,350.170,424.492,11.535,-104.255,39.226,5767.590,67110.557,20170911_070916,479186,154,62580,107
1,KFTG20170911_122606_V06,-9.693,0.587,402.993,193.768,6.809,-103.940,40.263,3404.282,73981.279,20170911_062606,479183,145,63099,85
2,KFTG20170911_122606_V06,-9.693,0.082,314.607,402.842,14.277,-104.461,39.323,7138.378,51937.043,20170911_062606,479183,145,63099,85
2,KFTG20170911_123015_V06,-5.543,0.073,318.515,408.397,12.118,-104.438,39.298,6059.177,54983.588,20170911_063015,479195,145,62989,95
5,KFTG20170911_124257_V06,7.157,0.117,366.693,173.804,22.259,-104.153,40.354,11129.299,71367.631,20170911_064257,479186,128,61534,89
5,KFTG20170911_124720_V06,11.540,0.125,356.916,163.365,36.281,-104.210,40.401,18140.499,74007.908,20170911_064720,479178,147,62240,104
1,KFTG20170912_121821_V06,-18.373,0.390,288.898,151.099,5.429,-104.611,40.457,2714.256,74657.399,20170912_061821,479166,196,55963,135
1,KFTG20170912_122805_V06,-8.640,0.297,290.044,151.780,13.237,-104.604,40.454,6618.512,74277.073,20170912_062805,479173,229,48431,161
1,KFTG20170912_123749_V06,1.094,0.091,292.825,157.785,25.448,-104.588,40.427,12724.001,71197.710,20170912_063749,479180,205,42643,152
3,KFTG20170912_123749_V06,1.094,0.534,358.528,145.921,41.051,-104.200,40.480,20525.570,82410.211,20170912_063749,479180,205,42643,152
3,KFTG20170912_124733_V06,10.827,0.447,361.555,145.556,47.636,-104.182,40.482,23818.076,83129.323,20170912_064733,479164,195,41547,162
2,KFTG20170912_122805_V06,-8.640,0.210,276.449,236.409,8.711,-104.683,40.073,4355.629,33905.885,20170912_062805,479173,229,48431,161
1,KFTG20170913_133940_V06,62.013,0.083,300.800,258.420,29.680,-104.541,39.974,14839.825,20793.769,20170913_073940,479173,338,43273,229
2,KFTG20170913_140136_V06,83.946,0.097,256.533,347.979,76.253,-104.798,39.570,38126.595,32370.149,20170913_080136,479177,264,43753,182
1,KFTG20170914_123422_V06,-4.220,0.052,294.893,151.903,13.377,-104.575,40.454,6688.660,74092.380,20170914_063422,479178,247,54440,155
1,KFTG20170915_122416_V06,-15.253,0.348,227.590,180.437,8.093,-104.971,40.324,4046.459,69890.187,20170915_062416,479172,121,45250,91
1,KFTG20170915_123400_V06,-5.520,0.579,233.880,181.724,15.693,-104.934,40.319,7846.292,67751.387,20170915_063400,479166,112,34212,85
1,KFTG20170915_124345_V06,4.230,0.924,238.236,184.486,23.951,-104.909,40.306,11975.601,65494.508,20170915_064345,479178,118,30534,99
1,KFTG20170915_130315_V06,23.730,0.067,305.491,154.103,30.978,-104.513,40.444,15489.233,73000.176,20170915_070315,479169,120,30558,83
3,KFTG20170915_123400_V06,-5.520,0.654,295.412,152.971,16.141,-104.572,40.449,8070.507,73550.132,20170915_063400,479166,112,34212,85
3,KFTG20170915_124345_V06,4.230,0.532,302.751,153.367,26.247,-104.529,40.447,13123.724,73329.413,20170915_064345,479178,118,30534,99
5,KFTG20170915_123400_V06,-5.520,0.052,365.105,154.314,37.900,-104.162,40.442,18949.852,79785.753,20170915_063400,479166,112,34212,85
4,KFTG20170916_131428_V06,34.012,0.121,43.127,201.792,83.434,-106.054,40.219,41716.789,137503.335,20170916_071428,479163,104,45146,76
4,KFTG20170916_131912_V06,38.745,0.086,46.810,203.506,90.739,-106.032,40.212,45369.390,135477.378,20170916_071912,479177,97,45978,68
4,KFTG20170916_132356_V06,43.479,-1.000,49.715,204.857,98.091,-106.015,40.206,49045.312,133879.482,20170916_072356,479170,83,47693,51
4,KFTG20170916_132839_V06,48.195,0.061,57.216,215.303,93.095,-105.970,40.159,46547.676,128566.646,20170916_072839,479191,101,49027,67
4,KFTG20170916_133322_V06,52.912,0.057,56.197,215.671,92.200,-105.976,40.158,46099.856,128987.653,20170916_073322,479180,86,50445,50
4,KFTG20170916_133804_V06,57.612,-1.000,57.612,218.256,91.952,-105.968,40.146,45976.120,127900.539,20170916_073804,479175,87,51374,59
4,KFTG20170916_134234_V06,62.112,-1.000,58.966,220.731,91.715,-105.959,40.135,45857.649,126866.993,20170916_074234,479177,124,51685,67
4,KFTG20170916_134709_V06,66.695,-1.000,60.345,223.253,91.474,-105.951,40.124,45736.985,125821.840,20170916_074709,479177,89,52202,67
4,KFTG20170916_135144_V06,71.279,0.187,74.032,218.746,93.273,-105.871,40.145,46636.570,120066.089,20170916_075144,479167,92,52169,61
4,KFTG20170916_140043_V06,80.262,0.065,74.029,221.057,92.952,-105.871,40.135,46476.053,119681.642,20170916_080043,479177,95,48153,52
1,KFTG20170916_114638_V06,-53.821,0.114,381.434,66.487,3.333,-104.063,40.837,1666.687,123652.570,20170916_054638,479177,48,51354,27
1,KFTG20170917_122859_V06,-12.408,0.345,227.944,180.557,6.189,-104.969,40.324,3094.269,69747.099,20170917_062859,479170,31,31886,22
1,KFTG20170917_123844_V06,-2.658,0.905,226.531,180.625,15.669,-104.978,40.323,7834.439,70085.952,20170917_063844,479179,30,20111,17
1,KFTG20170917_124830_V06,7.109,0.584,227.832,182.826,23.993,-104.970,40.314,11996.564,68807.866,20170917_064830,479168,41,16269,30
8,KFTG20170918_123312_V06,-9.129,0.543,235.822,182.275,10.133,-104.923,40.316,5066.311,67040.990,20170918_063312,479175,155,46704,117
8,KFTG20170918_123734_V06,-4.763,0.650,237.092,181.918,16.759,-104.915,40.318,8379.387,66896.722,20170918_063734,479166,164,43971,109
8,KFTG20170918_124157_V06,-0.379,0.639,241.568,182.423,21.180,-104.889,40.316,10589.818,65647.915,20170918_064157,479176,189,42214,142
8,KFTG20170918_124619_V06,3.987,0.374,244.543,182.410,25.665,-104.871,40.316,12832.320,65005.783,20170918_064619,479164,165,40581,125
8,KFTG20170918_125042_V06,8.371,0.199,246.416,186.098,28.862,-104.860,40.299,14431.212,62938.534,20170918_065042,479171,177,39837,118
8,KFTG20170918_125504_V06,12.737,0.067,250.491,189.495,29.093,-104.836,40.284,14546.544,60544.232,20170918_065504,479171,184,38732,129
3,KFTG20170918_120500_V06,-37.329,0.079,428.565,51.267,8.478,-103.782,40.904,4238.895,139997.191,20170918_060500,479169,158,46326,117
10,KFTG20170918_123312_V06,-9.129,0.057,287.622,193.639,3.144,-104.618,40.266,1572.025,53539.685,20170918_063312,479175,155,46704,117
11,KFTG20170918_123734_V06,-4.763,0.076,253.918,123.922,7.022,-104.817,40.579,3510.820,91003.861,20170918_063734,479166,164,43971,109
1,KFTG20170919_114425_V06,-58.852,0.114,432.303,390.569,2.374,-103.778,39.376,1187.096,80166.934,20170919_054425,479176,96,36397,67
3,KFTG20170919_114425_V06,-58.852,0.059,209.474,502.801,3.246,-105.067,38.872,1623.070,111044.359,20170919_054425,479176,96,36397,67
5,KFTG20170919_130226_V06,19.164,0.050,232.318,179.126,26.543,-104.943,40.330,13271.593,69266.344,20170919_070226,479168,98,26290,76
6,KFTG20170919_134125_V06,58.148,0.086,382.122,58.082,10.370,-104.058,40.875,5184.978,127738.296,20170919_074125,479175,133,25016,107
4,KFTG20170920_123012_V06,-14.011,0.702,411.723,197.353,7.181,-103.889,40.247,3590.572,75859.030,20170920_063012,479177,94,21728,66
4,KFTG20170920_123957_V06,-4.261,0.529,414.618,198.431,14.835,-103.872,40.242,7417.407,76572.957,20170920_063957,479173,129,18859,94
4,KFTG20170920_124942_V06,5.489,0.491,448.182,211.107,21.772,-103.675,40.184,10885.825,86400.008,20170920_064942,479169,93,18178,69
3,KFTG20170920_121039_V06,-33.561,0.113,383.762,58.733,9.558,-104.048,40.872,4779.011,127696.561,20170920_061039,479170,66,37722,54
3,KFTG20170920_122027_V06,-23.761,0.078,383.009,58.945,16.561,-104.053,40.871,8280.629,127473.438,20170920_062027,479187,70,29262,56
6,KFTG20170920_123012_V06,-14.011,0.177,445.883,207.578,9.019,-103.689,40.200,4509.315,86347.689,20170920_063012,479177,94,21728,66
6,KFTG20170920_123957_V06,-4.261,0.771,451.305,208.320,14.396,-103.657,40.196,7198.166,88456.739,20170920_063957,479173,129,18859,94
1,KFTG20170920_120053_V06,-43.327,0.164,207.795,505.939,6.945,-105.076,38.858,3472.642,112819.104,20170920_060053,479176,71,41915,61
5,KFTG20170920_123012_V06,-14.011,0.212,292.081,146.834,5.253,-104.592,40.476,2626.701,76685.528,20170920_063012,479177,94,21728,66
8,KFTG20170920_130913_V06,25.006,0.144,383.251,58.491,10.014,-104.052,40.873,5007.214,127727.544,20170920_070913,479171,110,15129,87
1,KFTG20170922_123048_V06,-15.300,0.417,229.982,185.904,9.334,-104.957,40.300,4667.122,66933.584,20170922_063048,479189,176,46579,137
1,KFTG20170922_123511_V06,-10.917,0.448,230.272,186.787,15.634,-104.955,40.296,7816.754,66481.760,20170922_063511,479167,139,43705,88
1,KFTG20170922_123935_V06,-6.517,0.408,231.095,189.734,18.625,-104.950,40.283,9312.335,65012.520,20170922_063935,479165,174,40992,122
1,KFTG20170922_124358_V06,-2.133,0.593,229.892,193.212,24.072,-104.957,40.267,12035.851,63872.400,20170922_064358,479175,168,37791,116
1,KFTG20170922_124822_V06,2.267,0.750,230.033,196.097,28.957,-104.956,40.254,14478.611,62632.429,20170922_064822,479180,202,35025,155
1,KFTG20170922_125245_V06,6.650,0.685,230.470,198.272,33.343,-104.954,40.244,16671.310,61609.698,20170922_065245,479168,156,32997,114
1,KFTG20170922_130654_V06,20.800,0.462,233.019,205.650,42.918,-104.939,40.211,21459.013,57854.276,20170922_070654,479165,119,20589,95
2,KFTG20170922_123511_V06,-10.917,0.720,286.142,157.992,8.745,-104.627,40.426,4372.391,71341.158,20170922_063511,479167,139,43705,88
2,KFTG20170922_123935_V06,-6.517,0.350,285.836,158.188,14.761,-104.629,40.425,7380.670,71258.994,20170922_063935,479165,174,40992,122
2,KFTG20170922_124358_V06,-2.133,0.772,285.395,160.601,18.050,-104.631,40.414,9025.035,70081.066,20170922_064358,479175,168,37791,116
2,KFTG20170922_124822_V06,2.267,0.668,284.781,160.937,18.651,-104.635,40.413,9325.647,69946.812,20170922_064822,479180,202,35025,155
2,KFTG20170922_125245_V06,6.650,0.060,283.549,160.499,24.731,-104.642,40.415,12365.586,70233.986,20170922_065245,479168,156,32997,114
3,KFTG20170922_123511_V06,-10.917,0.217,277.049,234.787,6.918,-104.680,40.080,3459.133,34567.121,20170922_063511,479167,139,43705,88
3,KFTG20170922_123935_V06,-6.517,0.493,276.765,235.562,12.975,-104.681,40.077,6487.628,34249.431,20170922_063935,479165,174,40992,122
3,KFTG20170922_124358_V06,-2.133,0.477,277.578,237.339,14.486,-104.677,40.069,7243.027,33275.830,20170922_064358,479175,168,37791,116
3,KFTG20170922_124822_V06,2.267,0.104,278.000,239.863,14.925,-104.674,40.057,7462.749,32017.541,20170922_064822,479180,202,35025,155
3,KFTG20170923_124419_V06,-2.731,0.820,225.771,178.478,7.519,-104.982,40.333,3759.434,71199.660,20170923_064419,479164,38,29280,26
3,KFTG20170923_130350_V06,16.786,0.777,233.167,188.556,24.090,-104.938,40.288,12045.036,64973.930,20170923_070350,479172,63,33449,48
3,KFTG20170923_131336_V06,26.552,0.057,236.516,191.665,30.609,-104.918,40.274,15304.543,62782.800,20170923_071336,479160,66,36380,50
2,KFTG20170923_123434_V06,-12.481,0.073,172.461,430.327,9.167,-105.283,39.197,4583.340,91174.792,20170923_063434,479170,44,29612,34
5,KFTG20170923_124419_V06,-2.731,0.081,359.040,392.919,16.111,-104.203,39.368,8055.460,55044.484,20170923_064419,479164,38,29280,26
6,KFTG20170923_132321_V06,36.302,0.052,382.451,62.803,7.899,-104.056,40.854,3949.535,125559.197,20170923_072321,479172,84,35231,68
4,KFTG20170924_125026_V06,2.435,0.117,382.128,62.013,8.522,-104.058,40.857,4260.994,125879.677,20170924_065026,479171,39,58925,24
4,KFTG20170924_130958_V06,21.969,0.154,382.742,61.352,14.656,-104.055,40.860,7328.248,126292.304,20170924_070958,479174,83,69661,39
5,KFTG20170924_125026_V06,2.435,0.056,229.892,185.681,20.659,-104.958,40.301,10329.636,67052.110,20170924_065026,479171,39,58925,24
10,KFTG20170924_133915_V06,51.252,0.089,457.843,364.157,39.614,-103.628,39.494,19806.784,85191.999,20170924_073915,479167,62,75845,56
2,KFTG20170927_122403_V06,-26.813,0.141,325.713,146.628,41.258,-104.394,40.477,20628.906,77756.467,20170927_062403,479179,134,54909,78
2,KFTG20170927_123348_V06,-17.063,0.121,326.391,146.308,53.670,-104.390,40.479,26834.967,77970.842,20170927_063348,479171,154,72957,108
2,KFTG20170927_124332_V06,-7.330,0.079,327.599,131.636,40.386,-104.382,40.545,20192.780,85305.631,20170927_064332,479170,115,80308,85
4,KFTG20170927_123348_V06,-17.063,0.055,382.722,57.594,7.760,-104.055,40.877,3880.070,128066.287,20170927_063348,479171,154,72957,108
5,KFTG20170927_124332_V06,-7.330,0.116,444.927,202.923,3.279,-103.694,40.221,1639.606,87217.767,20170927_064332,479170,115,80308,85
8,KFTG20170927_130302_V06,12.170,0.114,246.137,191.708,31.085,-104.862,40.274,15542.402,60473.986,20170927_070302,479179,156,78387,121
12,KFTG20170927_132531_V06,34.653,0.113,325.629,222.341,5.694,-104.395,40.136,2847.023,40889.191,20170927_072531,479158,152,83651,116
2,KFTG20170928_124557_V06,-5.874,0.085,29.713,292.546,35.005,-106.124,39.810,17502.445,135194.743,20170928_064557,479174,1486,210805,176
2,KFTG20170928_125054_V06,-0.924,0.222,31.179,291.292,41.539,-106.115,39.815,20769.255,134480.962,20170928_065054,479171,1319,204491,164
4,KFTG20170928_131109_V06,19.326,0.057,166.576,288.037,32.077,-105.325,39.838,16038.301,66979.413,20170928_071109,479165,1196,195063,202
4,KFTG20170928_131606_V06,24.276,-1.000,166.576,288.037,39.947,-105.325,39.838,19973.551,66979.413,20170928_071606,479172,1158,192410,193
4,KFTG20170928_132102_V06,29.209,-1.000,166.576,288.037,47.791,-105.325,39.838,23895.551,66979.413,20170928_072102,479170,1020,186718,175
4,KFTG20170928_132559_V06,34.159,0.079,174.751,283.369,61.090,-105.277,39.859,30545.097,63174.263,20170928_072559,479171,808,180981,151
6,KFTG20170929_124202_V06,-10.755,0.144,228.482,180.301,8.387,-104.966,40.325,4193.296,69718.549,20170929_064202,479156,284,31692,79
6,KFTG20170929_124533_V06,-7.238,0.136,228.847,180.573,13.123,-104.964,40.324,6561.395,69508.282,20170929_064533,479182,240,31747,81
6,KFTG20170929_124859_V06,-3.805,0.331,230.202,182.869,15.742,-104.956,40.313,7870.904,68175.079,20170929_064859,479182,197,30569,97
6,KFTG20170929_125225_V06,-0.371,0.855,231.859,184.868,15.513,-104.946,40.304,7756.552,66892.775,20170929_065225,479181,182,30325,85
6,KFTG20170929_125551_V06,3.062,0.678,232.193,185.637,17.505,-104.944,40.301,8752.446,66476.937,20170929_065551,479176,201,29726,120
6,KFTG20170929_130244_V06,9.945,0.338,235.166,188.802,24.606,-104.926,40.287,12303.088,64359.420,20170929_070244,479172,143,29328,83
4,KFTG20170929_123830_V06,-14.288,0.257,279.419,231.173,4.950,-104.666,40.097,2474.754,35919.187,20170929_063830,479182,246,33990,69
4,KFTG20170929_124202_V06,-10.755,0.122,279.784,231.679,10.269,-104.664,40.094,5134.371,35624.633,20170929_064202,479156,284,31692,79
4,KFTG20170929_124533_V06,-7.238,-1.000,280.029,232.019,15.659,-104.662,40.093,7829.703,35426.795,20170929_064533,479182,240,31747,81
4,KFTG20170929_124859_V06,-3.805,0.241,286.350,235.404,15.475,-104.625,40.078,7737.585,33011.338,20170929_064859,479182,197,30569,97
7,KFTG20170929_124533_V06,-7.238,0.085,287.242,156.967,8.887,-104.620,40.431,4443.321,71800.198,20170929_064533,479182,240,31747,81
7,KFTG20170929_124859_V06,-3.805,-1.000,287.242,156.967,14.346,-104.620,40.431,7172.821,71800.198,20170929_064859,479182,197,30569,97
7,KFTG20170929_125225_V06,-0.371,-1.000,287.242,156.967,19.805,-104.620,40.431,9902.321,71800.198,20170929_065225,479181,182,30325,85
7,KFTG20170929_125551_V06,3.062,-1.000,287.242,156.967,25.264,-104.620,40.431,12631.821,71800.198,20170929_065551,479176,201,29726,120
7,KFTG20170929_130244_V06,9.945,0.051,289.405,159.898,27.216,-104.608,40.418,13607.862,70251.184,20170929_070244,479172,143,29328,83
7,KFTG20170929_130610_V06,13.379,0.128,294.672,160.882,28.462,-104.577,40.413,14231.061,69610.164,20170929_070610,479172,151,29063,97
7,KFTG20170929_130936_V06,16.812,-1.000,297.491,161.796,30.552,-104.560,40.409,15275.946,69113.412,20170929_070936,479176,134,29048,82
7,KFTG20170929_131303_V06,20.262,0.466,311.831,183.325,11.838,-104.476,40.312,5918.949,58636.461,20170929_071303,479191,120,28817,76
1,KFTG20170929_120258_V06,-49.821,0.084,380.327,67.762,2.342,-104.069,40.831,1170.898,122868.846,20170929_060258,479165,336,55471,71
2,KFTG20170929_123454_V06,-17.888,0.185,286.848,151.194,2.410,-104.623,40.457,1205.002,74692.909,20170929_063454,479178,308,37638,94
9,KFTG20170929_125225_V06,-0.371,0.084,282.785,344.302,17.543,-104.645,39.587,8771.700,23764.529,20170929_065225,479181,182,30325,85
2,KFTG20170930_124054_V06,-12.855,0.142,287.971,227.039,3.713,-104.616,40.115,1856.426,36973.112,20170930_064054,479174,67,51744,44
2,KFTG20170930_130025_V06,6.661,0.856,306.910,157.553,8.824,-104.505,40.428,4412.107,71307.177,20170930_070025,479170,94,43394,76
2,KFTG20170930_131011_V06,16.428,0.860,310.912,155.701,8.288,-104.481,40.436,4144.011,72355.581,20170930_071011,479171,137,40764,100
5,KFTG20170930_131011_V06,16.428,0.091,247.040,180.054,20.814,-104.857,40.326,10407.097,65558.751,20170930_071011,479171,137,40764,100
5,KFTG20170930_131956_V06,26.178,0.061,250.086,183.516,31.934,-104.839,40.311,15967.086,63363.868,20170930_071956,479175,93,40844,73
10,KFTG20171001_124859_V06,-5.743,0.107,238.257,175.570,7.693,-104.909,40.346,3846.737,69453.123,20171001_064859,479178,82,49391,59
10,KFTG20171001_125235_V06,-2.143,0.472,238.998,175.441,12.622,-104.904,40.347,6310.833,69347.381,20171001_065235,479182,96,49124,64
10,KFTG20171001_125616_V06,1.541,0.633,244.195,172.056,19.198,-104.874,40.362,9598.967,69792.251,20171001_065616,479183,119,49298,47
10,KFTG20171001_130338_V06,8.907,0.663,248.016,170.415,25.349,-104.851,40.370,12674.379,69811.620,20171001_070338,479179,131,49233,54
10,KFTG20171001_130720_V06,12.607,0.467,253.739,165.681,33.639,-104.818,40.391,16819.395,71031.240,20171001_070720,479172,121,48103,60
10,KFTG20171001_131101_V06,16.291,0.639,257.486,164.600,39.455,-104.796,40.396,19727.516,70958.659,20171001_071101,479176,145,47556,64
10,KFTG20171001_131442_V06,19.974,0.245,263.393,158.982,46.932,-104.761,40.421,23465.995,72845.746,20171001_071442,479173,95,46180,57
10,KFTG20171001_131818_V06,23.574,0.203,271.204,158.338,51.986,-104.715,40.424,25992.918,72279.582,20171001_071818,479173,105,43854,65
10,KFTG20171001_132155_V06,27.191,0.120,279.505,160.854,55.538,-104.666,40.413,27768.882,70323.399,20171001_072155,479179,91,43598,63
10,KFTG20171001_132531_V06,30.791,0.054,282.852,164.233,53.974,-104.646,40.398,26987.116,68422.670,20171001_072531,479189,119,42380,77
10,KFTG20171001_132902_V06,34.307,-1.000,287.895,166.387,54.932,-104.617,40.388,27466.240,67079.919,20171001_072902,479177,125,41887,75
10,KFTG20171001_133233_V06,37.824,0.095,302.540,198.609,33.206,-104.530,40.243,16603.123,50711.185,20171001_073233,479162,112,42248,84
11,KFTG20171001_125235_V06,-2.143,0.517,279.746,142.949,11.170,-104.665,40.494,5584.763,79175.871,20171001_065235,479182,96,49124,64
11,KFTG20171001_125616_V06,1.541,0.290,279.806,142.781,16.432,-104.664,40.495,8215.777,79255.378,20171001_065616,479183,119,49298,47
11,KFTG20171001_130338_V06,8.907,0.053,287.499,132.590,30.172,-104.619,40.540,15086.198,83938.278,20171001_070338,479179,131,49233,54
24,KFTG20171001_134638_V06,51.907,0.463,38.075,107.155,40.528,-106.094,40.645,20264.132,162629.817,20171001_074638,479159,139,41897,86
24,KFTG20171001_135009_V06,55.424,0.053,38.399,106.915,45.856,-106.092,40.646,22927.966,162570.870,20171001_075009,479174,126,40659,87
24,KFTG20171001_135341_V06,58.957,0.050,42.268,104.202,52.518,-106.069,40.658,26258.882,161835.308,20171001_075341,479177,141,40688,87
4,KFTG20171001_122642_V06,-28.026,0.059,116.453,244.231,26.400,-105.621,40.033,13200.025,95916.428,20171001_062642,479189,83,59102,74
4,KFTG20171001_123024_V06,-24.326,0.155,117.381,244.011,31.738,-105.615,40.034,15868.790,95504.358,20171001_063024,479176,83,58265,57
22,KFTG20171001_133936_V06,44.874,0.127,333.707,166.417,22.578,-104.347,40.388,11288.815,68885.183,20171001_073936,479172,115,41078,89
22,KFTG20171001_134307_V06,48.391,0.337,333.869,166.069,27.978,-104.346,40.390,13988.886,69073.507,20171001_074307,479191,149,41030,90
5,KFTG20171001_123413_V06,-20.509,0.075,381.973,59.251,8.858,-104.059,40.870,4428.974,127160.827,20171001_063413,479174,62,55679,50
6,KFTG20171001_123802_V06,-16.693,0.120,258.059,233.446,16.478,-104.791,40.086,8239.079,39333.314,20171001_063802,479181,102,52751,77
8,KFTG20171001_124152_V06,-12.859,0.101,454.043,96.588,38.778,-103.634,40.699,19388.924,127579.049,20171001_064152,479171,82,51317,63
8,KFTG20171001_124528_V06,-9.259,0.163,463.622,100.851,34.031,-103.578,40.679,17015.526,128872.675,20171001_064528,479181,106,49754,87
12,KFTG20171001_125235_V06,-2.143,0.066,257.618,219.111,6.497,-104.794,40.151,3248.589,45659.825,20171001_065235,479182,96,49124,64
21,KFTG20171001_133936_V06,44.874,0.318,473.937,129.225,50.440,-103.519,40.551,25220.036,121879.213,20171001_073936,479172,115,41078,89
27,KFTG20171001_135341_V06,58.957,0.052,353.631,146.767,21.302,-104.229,40.476,10650.761,81173.819,20171001_075341,479177,141,40688,87
30,KFTG20171001_140825_V06,73.691,0.069,299.208,145.700,1.938,-104.550,40.481,969.032,77150.795,20171001_080825,479172,202,40900,105
1,KFTG20171003_120044_V06,-55.945,0.061,380.110,64.195,4.948,-104.070,40.848,2473.877,124520.612,20171003_060044,479167,88,37989,67
1,KFTG20171004_122933_V06,-28.110,0.188,381.426,64.625,5.592,-104.063,40.846,2795.883,124530.848,20171004_062933,479174,94,35526,72
4,KFTG20171004_124902_V06,-8.627,0.198,327.400,409.533,28.447,-104.386,39.293,14223.562,56454.135,20171004_064902,479179,123,23032,89
5,KFTG20171004_140705_V06,69.423,0.070,378.400,66.453,2.583,-104.081,40.837,1291.271,123177.536,20171004_080705,479166,103,15141,68
1,KFTG20171005_122511_V06,-33.463,0.757,383.056,57.676,8.646,-104.053,40.877,4322.933,128081.052,20171005_062511,479171,111,17585,90
1,KFTG20171005_123456_V06,-23.713,0.717,381.842,59.331,11.771,-104.060,40.869,5885.550,127101.990,20171005_063456,479165,122,23622,101
5,KFTG20171005_124440_V06,-13.980,0.113,235.113,192.116,13.485,-104.927,40.272,6742.250,62947.205,20171005_064440,479176,124,31073,97
5,KFTG20171005_130411_V06,5.537,0.075,231.784,189.593,22.530,-104.946,40.283,11264.883,64890.306,20171005_070411,479171,130,31888,106
7,KFTG20171005_133327_V06,34.803,0.510,383.135,58.585,11.072,-104.052,40.873,5536.140,127664.466,20171005_073327,479164,161,28376,124
7,KFTG20171005_134312_V06,44.553,0.549,381.988,57.783,16.300,-104.059,40.876,8149.856,127858.298,20171005_074312,479172,142,27705,110
1,KFTG20171007_120929_V06,-51.150,0.490,380.255,63.950,5.432,-104.069,40.849,2715.813,124660.178,20171007_060929,479176,138,44947,113
1,KFTG20171007_121915_V06,-41.383,0.133,380.299,63.562,13.140,-104.069,40.850,6569.789,124850.975,20171007_061915,479170,113,43417,95
6,KFTG20171007_133716_V06,36.633,0.096,379.811,63.294,6.383,-104.072,40.852,3191.578,124899.470,20171007_073716,479170,121,20209,100
6,KFTG20171007_134700_V06,46.367,0.056,379.962,62.183,14.865,-104.071,40.857,7432.734,125450.259,20171007_074700,479175,132,19994,103
4,KFTG20171007_130802_V06,7.400,0.274,272.926,202.324,6.953,-104.704,40.226,3476.654,50679.415,20171007_070802,479165,107,20482,91
5,KFTG20171007_131747_V06,17.150,0.056,380.394,60.964,8.062,-104.069,40.862,4030.876,126096.780,20171007_071747,479173,112,20871,99
1,KFTG20171008_120902_V06,-52.601,0.736,381.478,58.635,9.967,-104.062,40.873,4983.501,127373.180,20171008_060902,479172,50,42695,32
1,KFTG20171008_121848_V06,-42.834,0.699,381.213,58.549,14.227,-104.064,40.873,7113.312,127371.639,20171008_061848,479172,84,40486,68
4,KFTG20171008_131720_V06,15.699,0.063,381.713,60.458,8.272,-104.061,40.864,4136.208,126547.796,20171008_071720,479163,111,30174,64
4,KFTG20171008_132706_V06,25.466,0.526,380.945,59.974,13.598,-104.065,40.866,6799.145,126653.803,20171008_072706,479168,92,29263,74
2,KFTG20171008_122833_V06,-33.084,0.395,296.368,140.726,66.218,-104.567,40.504,33109.158,79657.729,20171008_062833,479173,67,39403,41
3,KFTG20171008_124804_V06,-13.568,0.328,381.241,59.433,9.642,-104.063,40.869,4820.793,126957.483,20171008_064804,479166,55,35747,40
5,KFTG20171008_131720_V06,15.699,0.051,268.875,126.284,1.766,-104.729,40.569,883.003,88241.391,20171008_071720,479163,111,30174,64
3,KFTG20171011_125532_V06,-9.135,0.061,280.623,339.727,8.989,-104.658,39.608,4494.509,22100.290,20171011_065532,479168,211,27753,159
3,KFTG20171011_130418_V06,-0.369,0.183,289.337,357.043,18.641,-104.607,39.530,9320.292,29015.557,20171011_070418,479188,207,29287,135
1,KFTG20171011_121148_V06,-52.869,0.100,408.914,388.290,4.984,-103.913,39.387,2491.779,70102.640,20171011_061148,479182,171,38836,120
4,KFTG20171011_140121_V06,56.681,0.054,378.436,61.301,7.710,-104.080,40.861,3855.110,125627.854,20171011_080121,479163,248,30124,190
2,KFTG20171013_121359_V06,-52.737,0.052,210.242,503.995,5.558,-105.062,38.867,2779.039,111434.388,20171013_061359,479175,122,33135,99
2,KFTG20171013_122345_V06,-42.970,0.116,210.104,505.795,15.119,-105.063,38.859,7559.456,112286.074,20171013_062345,479179,99,32612,79
1,KFTG20171013_121359_V06,-52.737,0.054,143.049,157.474,20.372,-105.470,40.425,10186.131,106003.814,20171013_061359,479175,122,33135,99
1,KFTG20171013_122345_V06,-42.970,-1.000,143.049,157.474,35.901,-105.470,40.425,17950.631,106003.814,20171013_062345,479179,99,32612,79
1,KFTG20171013_123330_V06,-33.220,0.113,143.548,158.650,20.622,-105.467,40.420,10310.987,105424.150,20171013_063330,479169,88,32300,69
4,KFTG20171013_133200_V06,25.280,0.255,380.902,59.896,9.536,-104.065,40.867,4767.811,126683.674,20171013_073200,479166,133,18184,105
1,KFTG20171014_130300_V06,-4.754,0.163,388.264,59.011,11.959,-104.022,40.871,5979.568,128322.249,20171014_070300,479166,93,23915,53
2,KFTG20171014_130300_V06,-4.754,0.110,330.239,349.346,33.652,-104.369,39.564,16825.830,28937.007,20171014_070300,479166,93,23915,53
3,KFTG20171014_130300_V06,-4.754,0.060,295.581,429.916,18.768,-104.571,39.202,9384.148,64995.781,20171014_070300,479166,93,23915,53
1,KFTG20171015_135005_V06,41.289,0.158,381.686,57.905,9.972,-104.061,40.876,4986.084,127752.162,20171015_075005,479165,158,19843,100
1,KFTG20171016_121319_V06,-56.524,0.702,381.313,58.011,10.959,-104.063,40.875,5479.301,127642.389,20171016_061319,479172,164,31453,108
1,KFTG20171016_122304_V06,-46.774,0.478,381.096,58.207,17.419,-104.064,40.874,8709.506,127515.299,20171016_062304,479173,172,29577,129
2,KFTG20171016_132945_V06,19.910,0.108,380.938,62.094,8.140,-104.065,40.857,4070.236,125648.301,20171016_072945,479174,299,29529,213
2,KFTG20171017_121220_V06,-58.559,0.137,435.602,391.125,4.691,-103.758,39.374,2345.558,81687.667,20171017_061220,479167,159,39614,104
2,KFTG20171017_122205_V06,-48.809,0.056,435.634,391.164,12.280,-103.758,39.373,6139.823,81712.001,20171017_062205,479170,170,38088,135
1,KFTG20171017_121220_V06,-58.559,0.525,381.211,56.388,9.141,-104.064,40.883,4570.694,128396.025,20171017_061220,479167,159,39614,104
3,KFTG20171017_121220_V06,-58.559,0.063,274.372,151.292,2.596,-104.696,40.456,1298.183,75450.058,20171017_061220,479167,159,39614,104
4,KFTG20171017_124134_V06,-29.325,0.068,381.472,57.226,10.205,-104.062,40.879,5102.356,128039.740,20171017_064134,479171,222,32820,154
1,KFTG20171020_121640_V06,-57.415,0.194,381.415,58.310,9.306,-104.062,40.874,4653.061,127517.103,20171020_061640,479166,102,40317,66
1,KFTG20171020_122625_V06,-47.665,0.516,382.229,57.671,13.898,-104.058,40.877,6948.755,127950.121,20171020_062625,479178,109,41307,81
4,KFTG20171020_140354_V06,49.819,0.207,380.230,64.508,5.650,-104.070,40.846,2824.833,124392.038,20171020_080354,479172,214,16962,155
1,KFTG20171022_122218_V06,-53.935,0.068,381.297,66.300,5.011,-104.063,40.838,2505.707,123718.404,20171022_062218,479172,74,25546,43
1,KFTG20171023_121942_V06,-57.620,0.057,120.161,342.522,6.233,-105.592,39.590,3116.636,92398.646,20171023_061942,479179,106,22579,75
1,KFTG20171026_123846_V06,-41.837,0.119,378.449,66.365,2.871,-104.080,40.838,1435.642,123227.091,20171026_063846,479171,129,25632,106
5,KFTG20171027_142424_V06,62.692,0.210,380.848,60.516,8.522,-104.066,40.864,4260.902,126381.172,20171027_082424,479183,140,11379,106
5,KFTG20171027_143409_V06,72.442,0.257,383.313,59.977,15.871,-104.051,40.866,7935.492,127035.323,20171027_083409,479178,115,12095,97
3,KFTG20171027_132555_V06,4.209,0.162,382.194,62.904,6.992,-104.058,40.853,3496.098,125469.416,20171027_072555,479179,137,8390,100
1,KFTG20171031_141352_V06,47.702,0.207,380.766,63.887,6.406,-104.066,40.849,3202.904,124772.294,20171031_081352,479180,130,15926,96
2,KFTG20171031_141352_V06,47.702,0.149,16.926,427.039,21.109,-106.184,39.203,10554.615,155137.059,20171031_081352,479180,130,15926,96
1,KFTG20171101_122739_V06,-59.639,0.092,144.384,320.399,10.920,-105.452,39.691,5460.054,78473.748,20171101_062739,479178,234,14584,196
2,KFTG20171101_134741_V06,20.395,0.131,124.126,342.433,9.045,-105.569,39.591,4522.448,90460.350,20171101_074741,479173,201,12800,169
1,KFTG20171102_124659_V06,-41.432,0.072,156.529,410.501,2.662,-105.377,39.286,1330.853,90546.207,20171102_064659,479167,112,27249,98
1,KFTG20171103_131434_V06,-14.979,0.132,158.907,353.952,8.745,-105.366,39.541,4372.730,75528.017,20171103_071434,479172,100,5024,72
2,KFTG20171104_124340_V06,-47.012,0.111,119.748,196.709,7.497,-105.605,40.247,3748.390,103874.756,20171104_064340,479170,51,20468,35
3,KFTG20171104_133228_V06,1.788,0.407,37.294,371.886,50.995,-106.071,39.453,25497.555,136181.810,20171104_073228,479178,81,24999,69
3,KFTG20171105_143116_V06,59.453,0.060,26.912,318.415,34.940,-106.137,39.693,17470.181,136853.859,20171105_073116,479176,39,67606,21
4,KFTG20171105_144101_V06,69.203,0.337,18.014,117.469,17.671,-106.211,40.597,8835.670,167953.476,20171105_074101,479170,58,68704,45
1,KFTG20171106_130109_V06,-31.802,0.124,293.536,294.063,18.191,-104.583,39.813,9095.455,4388.542,20171106_060109,479163,44,19716,32
2,KFTG20171106_130109_V06,-31.802,0.085,83.780,301.286,29.543,-105.807,39.774,14771.593,108111.786,20171106_060109,479163,44,19716,32
3,KFTG20171106_134011_V06,7.231,0.082,128.918,234.926,17.411,-105.548,40.075,8705.684,91520.068,20171106_064011,479169,63,24604,46
3,KFTG20171107_142458_V06,50.875,0.050,29.050,252.328,34.693,-106.132,39.991,17346.539,137555.845,20171107_072458,479167,83,50690,66
4,KFTG20171107_144431_V06,70.425,0.052,242.531,38.094,21.001,-104.887,40.965,10500.675,134068.629,20171107_074431,479166,130,41587,111
1,KFTG20171108_130705_V06,-28.150,0.198,294.186,313.440,29.471,-104.579,39.726,14735.439,7321.709,20171108_060705,479176,104,14360,68
1,KFTG20171108_131650_V06,-18.400,0.212,296.648,307.884,26.283,-104.565,39.751,13141.411,4283.685,20171108_061650,479176,77,12221,52
3,KFTG20171108_142506_V06,49.867,0.055,379.391,68.058,2.260,-104.075,40.830,1130.165,122576.402,20171108_072506,479168,174,11311,121
1,KFTG20171111_130430_V06,-34.163,0.601,380.077,64.176,4.988,-104.071,40.848,2493.771,124524.248,20171111_060430,479169,89,17722,49
3,KFTG20171111_133346_V06,-4.897,0.081,301.476,307.082,24.482,-104.537,39.755,12241.108,3617.143,20171111_063346,479164,94,13144,72
5,KFTG20171111_141247_V06,34.120,0.336,383.588,60.185,8.042,-104.050,40.865,4020.836,126982.534,20171111_071247,479172,108,14800,69
1,KFTG20171113_124121_V06,-59.600,0.125,297.598,301.500,14.332,-104.559,39.780,7166.084,1415.651,20171113_054121,479164,64,24724,45
3,KFTG20171113_133007_V06,-10.833,0.055,290.155,233.321,6.947,-104.603,40.087,3473.377,33700.800,20171113_063007,479167,154,15986,120
5,KFTG20171113_143824_V06,57.450,0.066,384.731,56.832,13.244,-104.043,40.881,6622.112,128753.878,20171113_073824,479179,147,12611,123
5,KFTG20171113_144809_V06,67.200,0.229,381.897,58.841,9.120,-104.060,40.872,4560.032,127342.848,20171113_074809,479174,180,12391,122
2,KFTG20171114_131405_V06,-28.008,0.335,383.104,56.282,9.993,-104.052,40.883,4996.353,128748.784,20171114_061405,479169,140,9336,99
2,KFTG20171114_132349_V06,-18.275,0.342,383.376,56.576,16.868,-104.051,40.882,8433.900,128653.457,20171114_062349,479177,148,8068,120
1,KFTG20171114_124450_V06,-57.258,0.058,380.274,68.273,2.534,-104.069,40.829,1266.979,122618.725,20171114_054450,479176,108,14693,82
1,KFTG20171115_133323_V06,-9.847,0.054,304.654,325.510,29.675,-104.518,39.672,14837.610,12965.700,20171115_063323,479164,115,9715,91
1,KFTG20171116_134401_V06,-0.351,0.080,262.249,259.708,14.094,-104.766,39.968,7046.759,27607.207,20171116_064401,479171,145,10798,109
2,KFTG20171117_124646_V06,-58.734,0.052,299.025,304.089,11.300,-104.551,39.768,5650.066,2101.806,20171117_054646,479167,84,31257,57
2,KFTG20171117_130616_V06,-39.234,0.101,298.373,303.815,17.319,-104.555,39.769,8659.649,2073.794,20171117_060616,479182,68,30740,63
2,KFTG20171117_131602_V06,-29.467,-1.000,298.052,303.680,20.528,-104.557,39.770,10264.210,2082.057,20171117_061602,479175,90,30535,74
2,KFTG20171117_132547_V06,-19.717,0.065,299.271,305.009,10.828,-104.550,39.764,5414.089,2531.077,20171117_062547,479175,90,35148,67
1,KFTG20171117_124646_V06,-58.734,0.208,383.134,58.394,10.234,-104.052,40.874,5117.184,127754.235,20171117_054646,479167,84,31257,57
1,KFTG20171117_130616_V06,-39.234,0.055,380.378,61.703,8.163,-104.069,40.859,4081.406,125743.669,20171117_060616,479182,68,30740,63
1,KFTG20171118_124946_V06,-56.862,0.095,380.472,61.169,7.969,-104.068,40.861,3984.367,126011.937,20171118_054946,479177,79,22204,64
5,KFTG20171119_144102_V06,53.281,0.073,382.580,61.344,18.987,-104.056,40.860,9493.706,126269.842,20171119_074102,479168,111,12686,82
1,KFTG20171120_130016_V06,-48.604,0.112,126.691,343.751,12.790,-105.554,39.585,6394.944,89373.112,20171120_060016,479183,127,11765,89
1,KFTG20171120_131002_V06,-38.837,0.155,126.569,343.477,20.933,-105.555,39.586,10466.495,89398.819,20171120_061002,479168,118,11958,92
5,KFTG20171120_143748_V06,48.930,0.211,124.735,345.347,11.526,-105.565,39.578,5763.039,90518.040,20171120_073748,479172,204,10834,180
5,KFTG20171120_144934_V06,60.696,0.102,124.357,344.214,18.972,-105.568,39.583,9486.236,90561.196,20171120_074934,479169,153,10723,111
5,KFTG20171120_150904_V06,80.196,0.068,124.893,342.643,13.836,-105.565,39.590,6917.805,90112.143,20171120_080904,479177,118,10143,79
5,KFTG20171120_151849_V06,89.946,0.308,124.554,343.226,20.183,-105.566,39.588,10091.341,90346.366,20171120_081849,479179,150,11421,130
2,KFTG20171120_131002_V06,-38.837,0.084,448.119,195.626,2.412,-103.675,40.253,1205.990,90599.780,20171120_061002,479168,118,11958,92
3,KFTG20171120_131948_V06,-29.070,0.062,300.160,319.019,23.180,-104.544,39.701,11589.874,9509.643,20171120_061948,479173,119,8194,108
4,KFTG20171120_140833_V06,19.680,0.105,123.387,343.196,9.425,-105.573,39.588,4712.476,90909.197,20171120_070833,479169,248,10767,205
12,KFTG20171121_143111_V06,41.202,0.224,384.404,60.297,9.676,-104.045,40.865,4838.039,127064.670,20171121_073111,479163,2707,136051,568
12,KFTG20171121_143630_V06,46.519,0.109,384.280,60.444,15.812,-104.045,40.864,7905.800,126974.518,20171121_073630,479169,4239,137229,1340
2,KFTG20171121_131449_V06,-35.165,0.069,251.010,38.692,16.527,-104.836,40.963,8263.313,132930.148,20171121_061449,479182,233,147985,116
4,KFTG20171121_133122_V06,-18.615,0.058,384.629,60.294,10.391,-104.043,40.865,5195.488,127103.509,20171121_063122,479160,256,145975,127
13,KFTG20171121_144134_V06,51.585,0.073,24.788,405.009,35.651,-106.141,39.303,17825.418,147282.676,20171121_074134,479174,5635,136516,2051
1,KFTG20171122_130633_V06,-44.535,0.135,123.512,342.885,8.752,-105.573,39.589,4376.242,90811.697,20171122_060633,479171,90,12102,62
1,KFTG20171122_131619_V06,-34.768,0.267,123.143,342.375,15.317,-105.575,39.591,7658.667,90931.359,20171122_061619,479166,82,10766,56
2,KFTG20171122_144412_V06,53.115,0.058,120.328,341.679,8.477,-105.591,39.594,4238.715,92221.497,20171122_074412,479172,138,10797,118
2,KFTG20171125_131029_V06,-43.859,0.242,383.727,59.132,11.233,-104.049,40.870,5616.589,127502.491,20171125_061029,479168,53,15261,39
2,KFTG20171125_132015_V06,-34.092,0.270,383.989,59.019,17.682,-104.047,40.871,8840.890,127598.773,20171125_062015,479167,63,13416,42
1,KFTG20171125_130043_V06,-53.625,0.051,300.503,379.074,2.114,-104.542,39.431,1056.799,39537.909,20171125_060043,479165,30,13197,18
5,KFTG20171125_142833_V06,34.208,0.063,433.090,210.846,2.641,-103.764,40.186,1320.667,80095.847,20171125_072833,479171,172,17449,133
6,KFTG20171125_143817_V06,43.941,0.138,262.371,103.352,2.573,-104.768,40.672,1286.587,100108.143,20171125_073817,479168,167,17680,138
1,KFTG20171126_130930_V06,-45.907,0.091,295.872,150.229,7.005,-104.570,40.461,3502.739,74914.113,20171126_060930,479170,63,14095,40
1,KFTG20171127_131742_V06,-38.760,0.055,381.563,58.550,10.752,-104.062,40.873,5376.129,127426.913,20171127_061742,479168,97,14254,58
1,KFTG20171128_130733_V06,-49.950,0.199,384.203,60.592,9.321,-104.046,40.864,4660.477,126891.847,20171128_060733,479167,60,24610,44
1,KFTG20171128_131718_V06,-40.200,0.138,383.590,60.404,16.487,-104.050,40.864,8243.667,126879.187,20171128_061718,479169,72,24987,58
2,KFTG20171128_134632_V06,-10.967,0.059,381.580,62.896,7.856,-104.062,40.853,3927.986,125372.990,20171128_064632,479170,78,21315,60
2,KFTG20171130_130437_V06,-54.923,0.206,298.892,303.791,11.681,-104.552,39.770,5840.458,1974.667,20171130_060437,479162,84,11184,66
2,KFTG20171130_131423_V06,-45.156,0.096,298.829,303.556,19.016,-104.552,39.771,9508.195,1871.996,20171130_061423,479162,102,10630,85
4,KFTG20171130_134339_V06,-15.889,0.161,300.776,303.831,12.913,-104.541,39.769,6456.707,1954.180,20171130_064339,479161,91,9631,65
5,KFTG20171201_152039_V06,80.114,0.064,269.604,338.017,10.400,-104.722,39.615,5199.947,24337.102,20171201_082039,479162,184,11057,140
5,KFTG20171201_153025_V06,89.881,0.092,269.697,336.807,17.510,-104.722,39.621,8755.216,23838.416,20171201_083025,479176,159,11007,108
2,KFTG20171201_141225_V06,11.881,0.244,262.016,100.495,3.528,-104.770,40.685,1764.225,101544.360,20171201_071225,479167,264,11509,233
4,KFTG20171201_143155_V06,31.381,0.071,383.904,53.791,8.658,-104.047,40.894,4328.850,130056.588,20171201_073155,479166,261,11415,241
2,KFTG20171202_131336_V06,-47.917,0.065,302.812,313.893,16.730,-104.529,39.724,8365.105,7087.389,20171202_061336,479171,64,15178,49
1,KFTG20171203_130332_V06,-58.947,0.287,380.795,60.429,9.623,-104.066,40.864,4811.680,126414.164,20171203_060332,479172,38,6695,25
1,KFTG20171203_131318_V06,-49.181,0.120,380.510,60.148,16.961,-104.068,40.866,8480.683,126501.987,20171203_061318,479171,37,6852,26
2,KFTG20171203_130332_V06,-58.947,0.131,272.796,342.860,5.520,-104.704,39.594,2760.017,25382.238,20171203_060332,479172,38,6695,25
2,KFTG20171204_135003_V06,-13.377,0.074,382.065,61.264,8.000,-104.059,40.861,3999.836,126223.451,20171204_065003,479168,103,17400,79
2,KFTG20171204_140933_V06,6.123,0.067,439.033,88.962,20.227,-103.722,40.734,10113.266,126360.066,20171204_070933,479172,381,14847,365
3,KFTG20171205_143823_V06,34.029,0.494,380.857,60.784,6.990,-104.066,40.863,3495.197,126255.734,20171205_073823,479171,209,7588,179
3,KFTG20171205_144808_V06,43.779,0.279,381.542,59.964,14.570,-104.062,40.867,7285.138,126754.322,20171205_074808,479168,253,7944,220
1,KFTG20171205_131038_V06,-53.721,0.505,380.965,59.371,8.296,-104.065,40.869,4147.900,126942.319,20171205_061038,479171,102,7729,68
1,KFTG20171206_144757_V06,42.687,0.065,381.287,60.532,8.087,-104.063,40.864,4043.270,126444.124,20171206_074757,479166,259,9760,219
1,KFTG20171207_131705_V06,-49.068,0.054,299.462,301.286,11.823,-104.548,39.781,5911.503,696.961,20171207_061705,479169,106,8557,85
2,KFTG20171207_134622_V06,-19.785,0.134,383.265,59.372,9.387,-104.051,40.869,4693.611,127313.593,20171207_064622,479170,124,6907,83
3,KFTG20171207_150423_V06,58.232,0.078,381.733,60.401,7.990,-104.061,40.865,3994.968,126577.824,20171207_080423,479171,207,7843,170
6,KFTG20171209_152325_V06,75.553,0.386,380.657,62.447,6.649,-104.067,40.855,3324.474,125436.079,20171209_082325,479168,266,9802,251
6,KFTG20171209_153311_V06,85.319,0.115,380.067,62.533,14.257,-104.071,40.855,7128.417,125301.188,20171209_083311,479170,179,9577,160
1,KFTG20171209_131438_V06,-53.231,0.714,301.341,301.245,9.275,-104.537,39.781,4637.444,915.002,20171209_061438,479169,54,11186,34
5,KFTG20171209_144425_V06,36.553,0.051,380.523,62.432,6.674,-104.068,40.855,3336.887,125421.690,20171209_074425,479168,309,9476,283
4,KFTG20171210_150345_V06,55.063,0.196,380.662,59.653,9.891,-104.067,40.868,4945.465,126760.630,20171210_080345,479175,132,11232,101
5,KFTG20171211_151850_V06,69.347,0.051,380.989,63.203,5.955,-104.065,40.852,2977.406,125131.861,20171211_081850,479181,180,8961,149
5,KFTG20171211_152836_V06,79.114,0.061,380.780,62.290,13.878,-104.066,40.856,6938.864,125530.159,20171211_082836,479157,163,9364,134
2,KFTG20171211_140302_V06,-6.453,0.057,155.488,126.256,22.190,-105.399,40.566,11095.167,112994.282,20171211_070302,479165,159,8870,119
4,KFTG20171211_150904_V06,59.581,0.085,380.128,61.036,7.872,-104.070,40.862,3936.203,126020.256,20171211_080904,479173,138,9308,102
1,KFTG20171212_141237_V06,2.356,0.081,251.586,277.556,19.203,-104.828,39.887,9601.671,26681.487,20171212_071237,479173,276,23345,198
2,KFTG20171212_150249_V06,52.556,0.072,415.103,50.379,9.020,-103.862,40.909,4510.033,137440.086,20171212_080249,479171,371,21521,293
1,KFTG20171213_132547_V06,-45.227,0.160,120.703,341.567,7.724,-105.589,39.595,3862.179,92026.270,20171213_062547,479165,90,7047,71
1,KFTG20171214_131541_V06,-56.050,0.196,378.877,64.174,5.423,-104.078,40.848,2711.437,124333.869,20171214_061541,479162,81,134762,54
4,KFTG20171214_151246_V06,61.033,0.331,473.011,114.882,16.781,-103.523,40.616,8390.350,126690.125,20171214_081246,479161,154,53871,131
1,KFTG20171215_131316_V06,-59.163,0.185,298.820,302.515,11.484,-104.552,39.775,5742.058,1389.012,20171215_061316,479169,188,11889,131
1,KFTG20171215_132301_V06,-49.413,0.051,298.695,302.896,19.031,-104.553,39.774,9515.640,1588.106,20171215_062301,479172,243,21247,179
3,KFTG20171216_131611_V06,-56.915,0.063,253.483,78.672,2.554,-104.821,40.783,1276.855,113081.804,20171216_061611,479161,30,8738,27
3,KFTG20171218_150154_V06,47.552,0.120,404.025,192.484,2.387,-103.934,40.269,1193.649,74801.167,20171218_080154,479180,397,22237,308
1,KFTG20171219_131518_V06,-59.628,0.623,379.886,59.473,9.851,-104.071,40.869,4925.411,126723.131,20171219_061518,479171,120,10265,94
1,KFTG20171219_132503_V06,-49.878,0.209,379.670,58.962,17.481,-104.073,40.871,8740.301,126931.577,20171219_062503,479173,78,10421,63
3,KFTG20171219_144303_V06,28.122,0.061,380.823,61.273,8.122,-104.066,40.861,4060.974,126018.689,20171219_074303,479177,244,12248,196
3,KFTG20171219_150233_V06,47.622,0.100,383.029,60.754,14.670,-104.053,40.863,7334.767,126622.176,20171219_080233,479184,478,20303,416
5,KFTG20171219_152947_V06,74.855,0.163,381.733,59.664,8.338,-104.061,40.868,4169.102,126926.656,20171219_082947,479179,199,10697,166
5,KFTG20171219_153932_V06,84.605,0.286,381.975,59.112,14.918,-104.059,40.870,7459.082,127227.227,20171219_083932,479180,202,11452,161
2,KFTG20171219_142334_V06,8.638,0.051,381.589,63.191,6.420,-104.062,40.852,3210.068,125234.823,20171219_072334,479175,155,12975,112
4,KFTG20171219_150651_V06,51.922,0.179,281.215,344.138,14.424,-104.655,39.588,7211.847,23984.896,20171219_080651,479173,253,20398,202
1,KFTG20171220_131639_V06,-58.828,0.297,376.560,60.174,8.608,-104.091,40.866,4303.944,125874.975,20171220_061639,479176,102,17837,80
1,KFTG20171220_132625_V06,-49.061,-1.000,376.560,60.174,24.137,-104.091,40.866,12068.444,125874.975,20171220_062625,479178,77,17860,56
1,KFTG20171220_133611_V06,-39.294,0.717,379.454,58.207,9.740,-104.074,40.874,4870.068,127256.466,20171220_063611,479175,76,18618,56
2,KFTG20171220_132625_V06,-49.061,0.228,120.496,195.105,8.686,-105.600,40.254,4343.147,103952.576,20171220_062625,479178,77,17860,56
3,KFTG20171220_132625_V06,-49.061,0.185,299.442,377.002,2.562,-104.549,39.440,1280.817,38502.126,20171220_062625,479178,77,17860,56
6,KFTG20171220_142457_V06,9.472,0.106,260.340,261.548,24.809,-104.777,39.960,12404.497,27619.762,20171220_072457,479167,206,19131,171
7,KFTG20171220_143442_V06,19.222,0.073,381.074,61.975,7.245,-104.065,40.857,3622.433,125726.768,20171220_073442,479173,255,19014,217
1,KFTG20171221_135029_V06,-25.512,0.127,46.123,209.110,50.341,-106.036,40.186,25170.418,134828.195,20171221_065029,479169,79,195138,67
1,KFTG20171229_132227_V06,-56.476,0.182,122.435,343.228,8.973,-105.579,39.587,4486.595,91375.615,20171229_062227,479174,81,12051,68
2,KFTG20171229_145013_V06,31.291,0.382,379.495,61.357,7.766,-104.074,40.860,3882.778,125767.736,20171229_075013,479164,344,12629,316
5,KFTG20171229_150943_V06,50.791,0.051,124.768,343.020,10.593,-105.565,39.588,5296.530,90217.531,20171229_080943,479163,176,21275,150
5,KFTG20171229_151359_V06,55.057,-1.000,124.768,343.020,17.377,-105.565,39.588,8688.530,90217.531,20171229_081359,479185,159,21179,122
5,KFTG20171229_151823_V06,59.457,0.101,123.094,343.940,12.731,-105.575,39.584,6365.325,91140.653,20171229_081823,479167,193,20650,151
