track_id,filename,from_sunrise,det_score,x,y,r,lon,lat,radius,geo_dist,local_time,n_radar_pixels,n_refAbove40_pixels,n_xcorrAbove0.95_pixels,n_xcorrBelow0.95_refAbove40_pixels
4,KMSX20170601_110805_V06,-36.380,0.105,238.889,138.011,39.894,-114.394,47.769,19947.220,86566.372,20170601_050805,479162,1102,125306,86
4,KMSX20170601_111417_V06,-30.180,0.288,243.136,132.831,45.180,-114.366,47.792,22590.115,88288.110,20170601_051417,479179,903,117812,48
4,KMSX20170601_112016_V06,-24.197,0.438,261.212,108.099,35.369,-114.246,47.904,17684.267,97890.755,20170601_052016,479171,736,110983,40
4,KMSX20170601_112601_V06,-18.447,0.304,263.796,103.604,41.568,-114.228,47.924,20784.217,99852.726,20170601_052601,479177,713,104527,19
23,KMSX20170601_122940_V06,45.203,0.204,352.809,339.190,36.438,-113.640,46.864,18218.807,32881.153,20170601_062940,479173,466,78647,22
23,KMSX20170601_123500_V06,50.537,0.199,350.633,336.929,45.648,-113.654,46.875,22824.095,31334.632,20170601_063500,479169,383,74861,23
23,KMSX20170601_124044_V06,56.270,-1.000,348.701,334.922,55.413,-113.667,46.884,27706.377,29963.696,20170601_064044,479156,452,71660,37
23,KMSX20170601_130452_V06,80.403,0.198,321.531,323.191,11.192,-113.845,46.937,5596.035,15822.352,20170601_070452,479165,631,67150,14
26,KMSX20170601_123500_V06,50.537,0.174,376.576,397.434,27.683,-113.486,46.602,13841.499,61962.178,20170601_063500,479169,383,74861,23
26,KMSX20170601_124044_V06,56.270,0.064,377.158,394.864,35.493,-113.482,46.613,17746.352,61140.162,20170601_064044,479156,452,71660,37
30,KMSX20170601_130452_V06,80.403,0.084,418.256,314.256,16.164,-113.209,46.974,8082.222,59556.158,20170601_070452,479165,631,67150,14
30,KMSX20170601_131041_V06,86.220,0.106,418.182,313.845,25.738,-113.209,46.976,12869.148,59495.281,20170601_071041,479162,587,63754,47
2,KMSX20170601_110154_V06,-42.563,0.056,322.361,147.114,36.087,-113.837,47.729,18043.411,77256.376,20170601_050154,479162,839,134147,84
6,KMSX20170601_112016_V06,-24.197,0.239,346.573,150.650,16.213,-113.676,47.712,8106.304,78221.797,20170601_052016,479171,736,110983,40
11,KMSX20170601_113717_V06,-7.180,0.126,194.978,113.019,21.452,-114.688,47.880,10725.779,107228.347,20170601_053717,479160,778,99168,19
12,KMSX20170601_113717_V06,-7.180,0.089,63.599,178.223,40.896,-115.557,47.578,20447.960,132961.679,20170601_053717,479160,778,99168,19
22,KMSX20170601_122342_V06,39.237,0.082,326.537,352.765,49.210,-113.812,46.804,24605.211,29531.129,20170601_062342,479162,563,80810,38
24,KMSX20170601_122940_V06,45.203,0.130,328.088,181.142,31.600,-113.799,47.576,15800.053,61066.002,20170601_062940,479173,466,78647,22
24,KMSX20170601_123500_V06,50.537,0.125,306.445,185.147,25.956,-113.943,47.558,12978.245,57517.018,20170601_063500,479169,383,74861,23
25,KMSX20170601_122940_V06,45.203,0.093,208.652,362.435,35.238,-114.584,46.759,17619.238,55323.233,20170601_062940,479173,466,78647,22
2,KMSX20170602_110738_V06,-36.252,0.660,218.329,231.549,29.857,-114.527,47.348,14928.366,53281.537,20170602_050738,479170,5,30559,2
2,KMSX20170602_111722_V06,-26.519,0.758,223.956,229.952,38.155,-114.489,47.355,19077.695,51694.837,20170602_051722,479164,5,30409,4
2,KMSX20170602_112706_V06,-16.786,0.696,238.507,229.492,37.246,-114.393,47.357,18622.751,46778.182,20170602_052706,479172,6,31570,6
2,KMSX20170602_113649_V06,-7.069,0.554,249.714,230.095,37.059,-114.319,47.355,18529.266,43056.404,20170602_053649,479163,4,34539,2
9,KMSX20170602_113649_V06,-7.069,0.059,163.179,85.898,40.560,-114.903,48.000,20279.819,127042.922,20170602_053649,479163,4,34539,2
9,KMSX20170602_114634_V06,2.681,0.107,169.969,94.365,46.298,-114.857,47.963,23149.218,121648.964,20170602_054634,479170,7,35807,7
8,KMSX20170602_113649_V06,-7.069,0.070,538.042,452.732,26.954,-112.440,46.344,13477.144,141413.225,20170602_053649,479163,4,34539,2
10,KMSX20170602_114634_V06,2.681,0.117,65.473,128.854,25.047,-115.552,47.800,12523.369,145167.106,20170602_054634,479170,7,35807,7
12,KMSX20170602_123516_V06,51.381,0.186,197.733,274.373,18.176,-114.660,47.154,9087.944,52714.447,20170602_063516,479168,5,37125,4
13,KMSX20170602_124500_V06,61.114,0.109,221.106,265.819,9.046,-114.507,47.194,4522.840,42989.955,20170602_064500,479157,2,37726,1
14,KMSX20170602_124500_V06,61.114,0.062,223.557,328.505,18.187,-114.488,46.912,9093.601,40792.397,20170602_064500,479157,2,37726,1
2,KMSX20170604_110738_V06,-35.218,0.098,539.660,190.220,25.145,-112.395,47.524,12572.330,131803.333,20170604_050738,479179,8,59202,1
8,KMSX20170604_125311_V06,70.332,0.071,539.811,454.924,30.033,-112.429,46.334,15016.603,142750.422,20170604_065311,479154,0,34844,0
6,KMSX20170605_120944_V06,27.338,0.119,540.451,456.249,31.052,-112.425,46.328,15525.869,143379.311,20170605_060944,479179,3,33044,1
6,KMSX20170605_121501_V06,32.622,0.094,539.716,456.397,36.381,-112.430,46.327,18190.271,143111.753,20170605_061501,479190,3,32445,0
5,KMSX20170605_114843_V06,6.322,0.157,539.462,453.678,30.037,-112.431,46.339,15018.676,142266.269,20170605_054843,479174,3,39632,2
7,KMSX20170605_121501_V06,32.622,0.120,301.543,185.763,8.887,-113.976,47.555,4443.653,57123.620,20170605_061501,479190,3,32445,0
8,KMSX20170605_121501_V06,32.622,0.064,264.518,379.901,5.487,-114.218,46.682,2743.298,43712.511,20170605_061501,479190,3,32445,0
9,KMSX20170605_123048_V06,48.405,0.129,264.602,382.263,6.920,-114.217,46.671,3460.135,44777.996,20170605_063048,479170,3,31740,2
6,KMSX20170608_120028_V06,19.192,0.103,541.668,454.842,32.298,-112.417,46.334,16149.220,143509.031,20170608_060028,479154,3,37216,0
6,KMSX20170608_120515_V06,23.975,0.086,540.101,455.811,39.172,-112.427,46.330,19586.080,143113.268,20170608_060515,479164,2,36621,0
6,KMSX20170608_121002_V06,28.758,0.257,535.827,459.542,40.886,-112.455,46.313,20443.071,142362.191,20170608_061002,479165,3,36641,1
6,KMSX20170608_121451_V06,33.575,0.134,536.935,460.926,31.489,-112.448,46.307,15744.369,143209.113,20170608_061451,479171,2,36155,0
6,KMSX20170608_121938_V06,38.358,0.206,538.224,459.532,37.110,-112.440,46.313,18554.940,143353.601,20170608_061938,479163,5,35998,1
6,KMSX20170608_122425_V06,43.142,-1.000,539.245,458.427,43.143,-112.433,46.318,21571.641,143472.429,20170608_062425,479168,2,35158,2
6,KMSX20170608_122914_V06,47.958,0.089,539.771,452.457,29.668,-112.429,46.345,14833.930,142068.157,20170608_062914,479160,2,36254,0
2,KMSX20170608_111126_V06,-29.842,0.061,539.835,452.783,30.088,-112.428,46.343,15043.893,142182.679,20170608_051126,479168,55,46759,1
2,KMSX20170608_111613_V06,-25.058,0.064,539.757,452.726,36.075,-112.429,46.343,18037.632,142134.227,20170608_051613,479171,39,44317,1
1,KMSX20170608_110134_V06,-39.708,0.096,535.912,453.179,31.747,-112.454,46.342,15873.254,140639.858,20170608_050134,479166,79,51475,2
5,KMSX20170608_115101_V06,9.742,0.069,535.985,457.760,36.294,-112.454,46.321,18147.217,141930.466,20170608_055101,479161,3,36815,2
9,KMSX20170609_123138_V06,50.648,0.084,20.036,309.155,28.403,-115.826,46.985,14201.252,140056.633,20170609_063138,479170,3,31103,0
9,KMSX20170609_123714_V06,56.248,0.521,22.348,307.171,32.416,-115.811,46.994,16208.029,138872.285,20170609_063714,479164,2,29713,0
9,KMSX20170609_124250_V06,61.848,0.220,27.122,305.063,25.667,-115.780,47.004,12833.540,136462.559,20170609_064250,479159,2,30356,2
9,KMSX20170609_124825_V06,67.432,0.087,28.712,303.811,32.509,-115.770,47.010,16254.644,135657.289,20170609_064825,479165,2,30796,2
5,KMSX20170609_115236_V06,11.615,0.051,20.105,404.269,31.799,-115.811,46.557,15899.319,149342.669,20170609_055236,479165,1,36116,0
6,KMSX20170609_120339_V06,22.665,0.077,179.315,111.013,19.797,-114.793,47.888,9898.310,112117.032,20170609_060339,479167,1,34587,0
7,KMSX20170609_121451_V06,33.865,0.428,206.291,258.209,12.666,-114.605,47.227,6332.987,51302.622,20170609_061451,479155,2,33011,1
7,KMSX20170609_122027_V06,39.465,-1.000,206.291,258.209,21.570,-114.605,47.227,10784.987,51302.622,20170609_062027,479168,2,32058,0
7,KMSX20170609_122602_V06,45.048,0.147,211.662,253.550,15.606,-114.570,47.249,7802.872,49903.010,20170609_062602,479167,1,31144,0
4,KMSX20170610_130347_V06,83.046,0.072,538.929,455.736,29.857,-112.435,46.330,14928.745,142601.449,20170610_070347,479169,2,44651,0
2,KMSX20170611_104803_V06,-52.481,0.077,538.507,451.572,27.963,-112.437,46.349,13981.307,141297.155,20170611_044803,479175,8,17033,1
2,KMSX20170611_110730_V06,-33.031,0.120,537.978,451.787,35.443,-112.440,46.348,17721.363,141131.774,20170611_050730,479160,3,13560,0
1,KMSX20170611_104216_V06,-58.265,0.064,261.532,378.944,2.497,-114.238,46.686,1248.667,43908.728,20170611_044216,479169,3,24320,0
7,KMSX20170612_110339_V06,-36.718,0.069,90.827,441.718,14.086,-115.346,46.396,7043.001,126330.494,20170612_050339,479167,5,32761,0
8,KMSX20170612_110926_V06,-30.934,0.083,536.281,448.771,32.828,-112.451,46.362,16414.089,139607.747,20170612_050926,479175,2,32340,1
3,KMSX20170613_111847_V06,-21.463,0.071,287.925,228.637,18.239,-114.066,47.362,9119.392,36188.648,20170613_051847,479176,3751,229603,420
1,KMSX20170614_104829_V06,-51.683,0.094,264.199,383.587,6.220,-114.220,46.665,3109.905,45465.571,20170614_044829,479157,2,52733,2
3,KMSX20170614_113200_V06,-8.167,0.052,265.966,384.210,8.556,-114.208,46.662,4278.160,45413.670,20170614_053200,479178,4,45064,1
2,KMSX20170615_120730_V06,27.371,0.207,29.256,456.844,44.409,-115.744,46.322,22204.342,156446.847,20170615_060730,479168,1,6777,1
2,KMSX20170615_121714_V06,37.104,0.211,30.603,451.440,54.139,-115.736,46.346,27069.462,154522.398,20170615_061714,479165,0,10388,0
2,KMSX20170615_122656_V06,46.804,0.181,32.464,431.623,55.058,-115.727,46.436,27528.842,149080.798,20170615_062656,479165,0,13110,0
2,KMSX20170615_123639_V06,56.521,0.136,33.309,420.960,55.604,-115.723,46.484,27802.233,146420.132,20170615_063639,479161,1,15854,1
2,KMSX20170615_124622_V06,66.237,0.118,32.451,414.987,56.923,-115.729,46.511,28461.362,145605.902,20170615_064622,479168,3,18639,3
15,KMSX20170616_124342_V06,63.566,0.088,235.621,276.718,18.332,-114.410,47.145,9166.052,34229.702,20170616_064342,479178,267,109865,36
15,KMSX20170616_124857_V06,68.816,0.282,237.021,277.673,24.005,-114.401,47.141,12002.450,33409.496,20170616_064857,479161,251,108830,48
4,KMSX20170616_110344_V06,-36.401,0.128,221.369,569.091,8.739,-114.492,45.830,4369.723,140172.054,20170616_050344,479179,471,131049,161
6,KMSX20170616_113002_V06,-10.101,0.057,541.191,454.566,29.300,-112.420,46.335,14649.820,143233.998,20170616_053002,479171,107,124917,31
8,KMSX20170616_115106_V06,10.966,0.064,539.405,454.866,27.629,-112.431,46.334,13814.723,142564.084,20170616_055106,479159,59,114721,15
8,KMSX20170616_120138_V06,21.499,-1.000,539.405,454.866,44.377,-112.431,46.334,22188.723,142564.084,20170616_060138,479160,74,109097,21
8,KMSX20170616_120653_V06,26.749,0.133,537.671,458.889,30.754,-112.443,46.316,15376.812,142944.952,20170616_060653,479164,18,107859,3
8,KMSX20170616_121209_V06,32.016,0.133,535.720,459.555,26.993,-112.456,46.313,13496.559,142321.352,20170616_061209,479152,10,106058,6
9,KMSX20170616_115106_V06,10.966,0.057,179.324,106.447,21.061,-114.793,47.909,10530.458,114045.706,20170616_055106,479159,59,114721,15
13,KMSX20170616_123310_V06,53.033,0.566,172.783,346.490,20.048,-114.820,46.829,10024.206,67722.472,20170616_063310,479156,216,107748,37
16,KMSX20170616_124857_V06,68.816,0.089,535.545,449.573,29.126,-112.456,46.358,14563.049,139511.217,20170616_064857,479161,251,108830,48
2,KMSX20170617_110632_V06,-33.647,0.268,282.073,25.680,29.140,-114.107,48.275,14569.809,137452.647,20170617_050632,479172,1,76396,0
2,KMSX20170617_111219_V06,-27.864,0.077,282.444,25.665,36.690,-114.104,48.275,18344.782,137447.841,20170617_051219,479157,23,73774,1
2,KMSX20170617_111807_V06,-22.064,0.299,290.523,27.947,30.945,-114.050,48.265,15472.672,136108.877,20170617_051807,479174,46,70657,3
2,KMSX20170617_112353_V06,-16.297,0.145,292.396,28.580,36.912,-114.037,48.262,18456.115,135763.491,20170617_052353,479172,71,68966,2
3,KMSX20170617_110632_V06,-33.647,0.191,84.720,423.722,39.530,-115.388,46.476,19764.938,124149.608,20170617_050632,479172,1,76396,0
3,KMSX20170617_111219_V06,-27.864,0.358,85.794,423.235,46.471,-115.381,46.478,23235.689,123562.829,20170617_051219,479157,23,73774,1
3,KMSX20170617_111807_V06,-22.064,0.322,97.673,427.427,40.363,-115.303,46.460,20181.446,119554.996,20170617_051807,479174,46,70657,3
13,KMSX20170617_122143_V06,41.536,0.111,218.527,342.681,22.879,-114.520,46.848,11439.409,45987.938,20170617_062143,479186,0,45979,0
13,KMSX20170617_122729_V06,47.303,0.058,220.036,341.775,29.298,-114.510,46.852,14649.180,45109.342,20170617_062729,479170,1,44834,1
13,KMSX20170617_123315_V06,53.070,0.641,230.318,340.511,25.339,-114.443,46.858,12669.748,40301.126,20170617_063315,479175,3,45485,0
13,KMSX20170617_123902_V06,58.853,0.267,233.271,340.865,30.943,-114.424,46.856,15471.678,39123.790,20170617_063902,479169,2,43598,1
13,KMSX20170617_124448_V06,64.620,0.105,251.356,349.215,18.075,-114.305,46.819,9037.628,34598.897,20170617_064448,479158,5,43227,1
4,KMSX20170617_110632_V06,-33.647,0.116,363.957,300.948,74.149,-113.565,47.036,37074.364,31981.968,20170617_050632,479172,1,76396,0
18,KMSX20170617_130205_V06,81.903,0.092,330.307,455.326,46.483,-113.789,46.342,23241.642,79127.615,20170617_070205,479172,9,41254,6
7,KMSX20170618_121227_V06,32.181,0.051,250.127,201.783,25.957,-114.317,47.482,12978.592,55077.204,20170618_061227,479167,501,102751,74
7,KMSX20170618_121743_V06,37.448,0.077,253.730,201.983,32.289,-114.293,47.482,16144.692,54194.401,20170618_061743,479169,408,104932,52
4,KMSX20170618_111420_V06,-25.935,0.060,41.565,220.746,74.440,-115.698,47.385,37220.066,135157.165,20170618_051420,479179,182,124604,8
6,KMSX20170618_120659_V06,26.715,0.059,326.484,348.846,23.567,-113.813,46.821,11783.665,27782.148,20170618_060659,479168,224,104162,38
8,KMSX20170618_122300_V06,42.731,0.257,380.349,362.410,21.842,-113.460,46.759,10920.916,50869.809,20170618_062300,479174,318,101606,39
9,KMSX20170618_122300_V06,42.731,0.075,515.227,288.489,25.946,-112.569,47.084,12973.186,107767.133,20170618_062300,479174,318,101606,39
11,KMSX20170620_120128_V06,20.898,0.071,255.588,564.033,34.524,-114.272,45.853,17262.169,133870.877,20170620_060128,479176,610,49404,16
11,KMSX20170620_120729_V06,26.914,0.100,260.697,562.144,40.371,-114.239,45.862,20185.609,132537.234,20170620_060729,479168,663,48853,19
2,KMSX20170620_104514_V06,-55.336,0.067,77.595,465.377,6.484,-115.429,46.288,3241.751,138576.126,20170620_044514,479168,1251,59903,54
9,KMSX20170620_113823_V06,-2.186,0.218,219.048,562.414,23.019,-114.507,45.860,11509.263,137308.489,20170620_053823,479163,928,49884,34
13,KMSX20170620_121901_V06,38.448,0.140,266.791,387.289,12.748,-114.203,46.648,6374.054,46696.169,20170620_061901,479159,776,45992,49
1,KMSX20170623_110646_V06,-34.556,0.068,263.104,418.233,2.412,-114.226,46.509,1205.803,61928.256,20170623_050646,479170,0,8663,0
1,KMSX20170623_111629_V06,-24.839,-1.000,263.104,418.233,17.861,-114.226,46.509,8930.553,61928.256,20170623_051629,479170,2,7807,2
1,KMSX20170623_112611_V06,-15.139,0.063,263.062,418.531,2.542,-114.227,46.508,1271.002,62076.738,20170623_052611,479157,1,5791,1
3,KMSX20170623_113554_V06,-5.423,0.061,304.592,303.483,2.925,-113.956,47.025,1462.662,2881.636,20170623_053554,479167,0,4332,0
4,KMSX20170627_111101_V06,-31.854,0.103,535.407,460.352,30.808,-112.458,46.310,15404.086,142416.023,20170627_051101,479165,2032,136871,219
4,KMSX20170627_111735_V06,-25.287,0.072,536.924,458.165,37.816,-112.448,46.319,18908.009,142433.604,20170627_051735,479166,2537,138705,221
4,KMSX20170627_112409_V06,-18.721,0.094,535.599,458.884,38.951,-112.457,46.316,19475.414,142083.773,20170627_052409,479181,3385,137149,311
4,KMSX20170627_113044_V06,-12.137,0.142,538.874,454.880,30.012,-112.435,46.334,15006.190,142345.105,20170627_053044,479169,3703,135099,425
4,KMSX20170627_113717_V06,-5.587,0.091,538.579,453.070,36.531,-112.437,46.342,18265.479,141730.886,20170627_053717,479165,3528,133903,430
8,KMSX20170627_114401_V06,1.146,0.164,18.830,438.355,27.389,-115.814,46.404,13694.389,156683.274,20170627_054401,479162,2990,131640,388
8,KMSX20170627_115044_V06,7.863,0.228,19.683,440.542,34.156,-115.809,46.394,17078.165,156787.807,20170627_055044,479161,2860,130166,321
2,KMSX20170627_105049_V06,-52.054,0.057,72.185,224.665,30.006,-115.494,47.370,15003.222,119973.938,20170627_045049,479170,2065,124326,139
13,KMSX20170627_121026_V06,27.563,0.066,423.010,186.567,19.783,-113.169,47.548,9891.602,83663.643,20170627_061026,479174,2031,125792,347
14,KMSX20170627_121026_V06,27.563,0.064,537.434,453.498,28.378,-112.444,46.340,14188.924,141365.164,20170627_061026,479174,2031,125792,347
16,KMSX20170627_121652_V06,33.996,0.056,256.842,195.783,11.560,-114.273,47.509,5780.029,56399.852,20170627_061652,479162,2140,123582,350
3,KMSX20170628_110737_V06,-35.734,0.081,299.623,301.740,14.674,-113.989,47.033,7337.017,890.201,20170628_050737,479168,1,21802,1
5,KMSX20170628_120554_V06,22.549,0.078,364.007,480.673,42.282,-113.571,46.228,21140.896,95838.033,20170628_060554,479165,3,21293,1
8,KMSX20170629_113533_V06,-8.316,0.190,480.673,239.429,21.492,-112.791,47.307,10746.025,95277.962,20170629_053533,479166,464,107001,51
8,KMSX20170629_114148_V06,-2.066,0.054,481.970,239.338,28.167,-112.783,47.308,14083.404,95907.555,20170629_054148,479172,542,105010,69
8,KMSX20170629_114801_V06,4.150,-1.000,483.089,239.260,35.238,-112.775,47.308,17619.039,96450.627,20170629_054801,479162,614,103775,64
8,KMSX20170629_120029_V06,16.617,0.057,487.574,243.084,27.695,-112.746,47.290,13847.492,98009.481,20170629_060029,479176,837,101169,63
5,KMSX20170629_112252_V06,-21.000,0.062,541.505,455.588,28.491,-112.418,46.330,14245.390,143642.178,20170629_052252,479172,514,107006,26
13,KMSX20170629_124151_V06,57.984,0.056,302.003,354.063,14.080,-113.973,46.798,7040.237,27049.882,20170629_064151,479173,707,87623,23
1,KMSX20170701_104749_V06,-57.185,0.312,357.583,426.294,9.400,-113.611,46.472,4700.089,69401.076,20170701_044749,479168,0,80931,0
3,KMSX20170701_110719_V06,-37.685,0.050,245.574,428.676,19.538,-114.340,46.462,9768.970,69856.318,20170701_050719,479169,0,79908,0
2,KMSX20170702_111909_V06,-26.471,0.099,182.001,114.497,18.879,-114.775,47.873,9439.623,109925.946,20170702_051909,479167,100,50342,1
5,KMSX20170702_124158_V06,56.346,0.059,262.468,417.365,2.445,-114.231,46.513,1222.282,61610.128,20170702_064158,479173,178,40587,0
7,KMSX20170702_125301_V06,67.396,0.104,362.578,78.557,16.385,-113.567,48.036,8192.509,115057.492,20170702_065301,479172,166,41033,0
3,KMSX20170707_113858_V06,-10.224,0.126,356.898,424.921,29.486,-113.616,46.479,14743.040,68634.116,20170707_053858,479165,12,51030,0
4,KMSX20170710_110133_V06,-50.135,0.340,370.545,334.726,8.271,-113.523,46.884,4135.506,39314.230,20170710_050133,479181,123,58860,1
4,KMSX20170710_110527_V06,-46.235,0.652,370.484,334.464,14.368,-113.524,46.885,7184.227,39229.350,20170710_050527,479161,160,58366,4
2,KMSX20170710_105346_V06,-57.919,0.055,396.532,278.271,9.669,-113.350,47.137,4834.480,49473.728,20170710_045346,479168,120,57826,1
3,KMSX20170714_115351_V06,-1.526,0.082,538.579,452.011,29.573,-112.436,46.347,14786.663,141445.728,20170714_055351,479158,1,41392,0
3,KMSX20170714_120111_V06,5.808,0.052,538.138,454.358,37.467,-112.440,46.336,18733.371,141894.173,20170714_060111,479160,3,41174,1
1,KMSX20170714_111324_V06,-41.976,0.095,538.983,456.751,31.730,-112.434,46.325,15864.892,142901.650,20170714_051324,479173,4,50621,2
2,KMSX20170714_115011_V06,-5.192,0.111,533.951,458.003,35.797,-112.467,46.320,17898.561,141154.323,20170714_055011,479171,1,43454,1
4,KMSX20170714_130912_V06,73.824,0.113,535.707,457.832,35.275,-112.456,46.321,17637.516,141834.864,20170714_070912,479168,1,36489,1
2,KMSX20170715_111133_V06,-44.808,0.079,9.292,305.366,15.710,-115.897,47.001,7855.069,145378.853,20170715_051133,479173,16,58230,0
2,KMSX20170715_111459_V06,-41.374,0.112,9.360,304.881,20.501,-115.897,47.003,10250.651,145340.600,20170715_051459,479166,24,58880,0
2,KMSX20170715_111824_V06,-37.958,0.257,10.689,300.137,21.615,-115.889,47.025,10807.659,144655.477,20170715_051824,479169,31,59218,0
2,KMSX20170715_112150_V06,-34.524,0.136,11.758,298.785,21.261,-115.882,47.031,10630.524,144122.234,20170715_052150,479175,41,60284,0
2,KMSX20170715_112516_V06,-31.091,0.132,13.372,294.900,22.138,-115.872,47.049,11068.956,143336.850,20170715_052516,479175,42,60925,1
2,KMSX20170715_112841_V06,-27.674,0.092,16.243,292.953,25.214,-115.854,47.058,12606.782,141922.246,20170715_052841,479161,49,60712,0
2,KMSX20170715_113221_V06,-24.008,0.318,18.769,290.890,27.063,-115.837,47.067,13531.681,140689.029,20170715_053221,479162,73,61086,2
2,KMSX20170715_113601_V06,-20.341,0.245,21.785,284.544,27.314,-115.819,47.096,13656.919,139322.101,20170715_053601,479170,40,59383,0
2,KMSX20170715_113941_V06,-16.674,0.391,24.537,279.451,29.038,-115.801,47.119,14518.794,138114.011,20170715_053941,479157,16,58107,1
2,KMSX20170715_114322_V06,-12.991,0.356,26.806,275.183,31.342,-115.787,47.139,15670.899,137159.430,20170715_054322,479175,15,56991,0
2,KMSX20170715_114702_V06,-9.324,0.327,30.472,268.347,34.173,-115.764,47.170,17086.584,135690.038,20170715_054702,479167,11,55645,0
2,KMSX20170715_115043_V06,-5.641,0.260,30.064,266.389,30.609,-115.767,47.178,15304.556,136010.027,20170715_055043,479168,14,54712,0
2,KMSX20170715_115424_V06,-1.958,0.111,31.490,265.417,35.606,-115.758,47.183,17803.096,135363.964,20170715_055424,479162,8,53421,0
1,KMSX20170715_110435_V06,-51.774,0.082,533.381,453.865,30.755,-112.470,46.339,15377.363,139768.478,20170715_050435,479168,22,57418,2
1,KMSX20170715_110806_V06,-48.258,0.103,534.505,453.981,35.572,-112.463,46.338,17786.036,140270.210,20170715_050806,479182,18,57947,0
1,KMSX20170715_111133_V06,-44.808,0.066,537.606,454.433,28.057,-112.443,46.336,14028.359,141691.693,20170715_051133,479173,16,58230,0
1,KMSX20170715_111459_V06,-41.374,-1.000,537.606,454.433,33.516,-112.443,46.336,16757.859,141691.693,20170715_051459,479166,24,58880,0
1,KMSX20170715_111824_V06,-37.958,0.067,535.052,457.108,36.850,-112.460,46.324,18424.988,141361.304,20170715_051824,479169,31,59218,0
1,KMSX20170715_112150_V06,-34.524,-1.000,533.247,458.997,40.826,-112.472,46.316,20413.177,141141.990,20170715_052150,479175,41,60284,0
1,KMSX20170715_112516_V06,-31.091,0.093,533.956,458.409,35.024,-112.467,46.318,17511.986,141270.080,20170715_052516,479175,42,60925,1
21,KMSX20170716_124809_V06,50.788,0.095,398.293,311.536,15.473,-113.340,46.987,7736.401,49483.924,20170716_064809,479164,17,34374,0
21,KMSX20170716_125356_V06,56.571,0.098,399.798,311.390,23.819,-113.330,46.988,11909.291,50223.101,20170716_065356,479154,7,34166,0
6,KMSX20170716_110423_V06,-52.979,0.128,262.126,417.973,2.508,-114.233,46.510,1253.937,61951.611,20170716_050423,479175,448,49181,20
9,KMSX20170716_111038_V06,-46.729,0.055,422.444,212.240,13.266,-113.175,47.433,6633.080,75323.006,20170716_051038,479166,344,48376,12
19,KMSX20170716_121725_V06,20.055,0.052,401.055,261.723,11.247,-113.319,47.211,5623.516,54030.408,20170716_061725,479162,60,35292,0
20,KMSX20170716_124809_V06,50.788,0.109,440.275,223.771,25.343,-113.057,47.380,12671.589,79824.764,20170716_064809,479164,17,34374,0
4,KMSX20170718_111019_V06,-49.116,0.142,540.338,453.557,26.630,-112.425,46.340,13314.960,142602.512,20170718_051019,479173,1,42606,0
4,KMSX20170718_111358_V06,-45.466,0.072,540.515,453.443,31.677,-112.424,46.340,15838.388,142646.332,20170718_051358,479163,0,43189,0
4,KMSX20170718_111738_V06,-41.800,-1.000,540.637,453.364,36.983,-112.423,46.341,18491.351,142676.721,20170718_051738,479165,1,43580,0
4,KMSX20170718_112119_V06,-38.116,0.092,537.517,457.725,29.175,-112.444,46.321,14587.564,142558.573,20170718_052119,479176,0,45395,0
6,KMSX20170718_113218_V06,-27.133,0.133,540.534,454.068,27.694,-112.424,46.337,13846.941,142823.041,20170718_053218,479156,1,46190,1
6,KMSX20170718_113559_V06,-23.450,0.073,540.128,453.640,32.572,-112.427,46.339,16285.961,142536.424,20170718_053559,479170,1,44263,1
8,KMSX20170718_123647_V06,37.350,0.219,264.477,383.767,8.038,-114.218,46.664,4018.847,45494.126,20170718_063647,479167,0,26936,0
8,KMSX20170718_124027_V06,41.017,0.296,264.832,383.523,12.703,-114.216,46.665,6351.270,45312.611,20170718_064027,479170,1,26999,0
1,KMSX20170718_110258_V06,-56.466,0.296,260.861,417.945,2.617,-114.241,46.510,1308.493,62134.928,20170718_050258,479161,1,41059,1
7,KMSX20170718_122009_V06,20.717,0.062,266.068,384.815,8.279,-114.208,46.659,4139.706,45675.168,20170718_062009,479175,0,27884,0
10,KMSX20170718_130608_V06,66.700,0.063,265.796,383.458,6.315,-114.210,46.666,3157.354,45097.281,20170718_070608,479168,0,27183,0
1,KMSX20170723_132331_V06,78.584,0.231,534.024,443.932,23.686,-112.465,46.384,11842.844,137371.305,20170723_072331,479160,0,37541,0
1,KMSX20170724_124736_V06,41.520,0.096,265.930,382.002,6.228,-114.209,46.672,3114.088,44399.140,20170724_064736,479166,2,30909,0
2,KMSX20170725_115046_V06,-16.475,0.090,542.270,456.280,30.864,-112.413,46.327,15431.877,144151.191,20170725_055046,479174,3,60435,1
2,KMSX20170725_120220_V06,-4.908,0.144,540.642,456.795,38.913,-112.424,46.325,19456.471,143607.972,20170725_060220,479158,0,49252,0
2,KMSX20170725_120806_V06,0.858,0.060,541.115,456.246,30.952,-112.420,46.328,15475.983,143656.971,20170725_060806,479170,4,44903,0
1,KMSX20170725_113911_V06,-28.058,0.097,539.696,456.707,30.283,-112.430,46.326,15141.444,143188.160,20170725_053911,479162,0,60972,0
4,KMSX20170725_124249_V06,35.575,0.072,542.769,455.103,32.120,-112.410,46.333,16060.181,144043.352,20170725_064249,479151,2,34507,0
5,KMSX20170725_124836_V06,41.358,0.069,262.434,417.380,2.134,-114.231,46.513,1067.123,61622.261,20170725_064836,479167,2,34102,0
1,KMSX20170726_110924_V06,-59.016,0.143,265.171,384.914,8.428,-114.214,46.659,4214.211,45889.914,20170726_050924,479170,2,50302,0
1,KMSX20170726_111305_V06,-55.333,0.060,265.276,384.420,13.321,-114.213,46.661,6660.644,45641.166,20170726_051305,479160,3,50728,0
1,KMSX20170727_122024_V06,10.798,0.078,540.794,452.609,27.323,-112.422,46.344,13661.454,142540.356,20170727_062024,479159,1,43286,0
1,KMSX20170727_122552_V06,16.265,0.179,540.303,453.996,34.110,-112.425,46.338,17054.824,142706.482,20170727_062552,479168,6,41865,0
3,KMSX20170727_124747_V06,38.181,0.050,246.919,371.213,33.092,-114.333,46.720,16546.022,44409.683,20170727_064747,479166,2,38541,0
3,KMSX20170727_125315_V06,43.648,0.064,248.562,371.792,39.686,-114.323,46.718,19843.056,44158.663,20170727_065315,479177,1,38145,1
3,KMSX20170727_130425_V06,54.815,0.461,254.709,367.594,35.294,-114.282,46.737,17647.171,40682.473,20170727_070425,479174,3,37539,0
3,KMSX20170727_130953_V06,60.281,0.096,265.035,365.450,29.890,-114.215,46.747,14944.817,37102.288,20170727_070953,479173,3,36424,0
7,KMSX20170727_131536_V06,65.998,0.164,541.828,455.033,31.231,-112.416,46.333,15615.291,143627.731,20170727_071536,479170,14,37180,0
7,KMSX20170727_132104_V06,71.465,0.145,541.296,455.242,37.144,-112.419,46.332,18572.096,143460.853,20170727_072104,479155,22,37724,0
7,KMSX20170727_132620_V06,76.731,-1.000,540.870,455.410,43.289,-112.422,46.331,21644.506,143327.232,20170727_072620,479160,14,37902,1
7,KMSX20170727_133135_V06,81.981,0.061,538.515,453.955,27.913,-112.437,46.338,13956.602,141943.334,20170727_073135,479156,8,37584,0
7,KMSX20170727_133650_V06,87.231,0.106,538.326,453.072,34.235,-112.438,46.342,17117.648,141624.773,20170727_073650,479171,5,37543,0
8,KMSX20170727_132104_V06,71.465,0.106,267.519,362.015,29.957,-114.199,46.762,14978.693,35003.259,20170727_072104,479155,22,37724,0
8,KMSX20170727_132620_V06,76.731,0.075,269.387,361.005,36.007,-114.186,46.767,18003.345,34127.506,20170727_072620,479160,14,37902,1
2,KMSX20170727_124218_V06,32.698,0.063,538.431,455.977,27.737,-112.438,46.329,13868.589,142458.676,20170727_064218,479167,0,39794,0
2,KMSX20170727_124747_V06,38.181,-1.000,538.431,455.977,36.456,-112.438,46.329,18227.839,142458.676,20170727_064747,479166,2,38541,0
2,KMSX20170727_125315_V06,43.648,0.219,538.377,456.061,27.710,-112.438,46.329,13855.035,142459.130,20170727_065315,479177,1,38145,1
9,KMSX20170727_132620_V06,76.731,0.153,541.932,454.698,32.397,-112.415,46.334,16198.692,143581.419,20170727_072620,479160,14,37902,1
3,KMSX20170728_114449_V06,-25.983,0.061,540.418,455.836,26.782,-112.425,46.329,13390.960,143253.111,20170728_054449,479165,1,48731,0
3,KMSX20170728_115004_V06,-20.733,0.056,540.199,455.042,32.934,-112.426,46.333,16467.161,142945.472,20170728_055004,479174,0,48282,0
6,KMSX20170728_130348_V06,53.001,0.080,539.734,454.333,29.350,-112.429,46.336,14674.799,142557.936,20170728_070348,479173,0,29798,0
6,KMSX20170728_130904_V06,58.267,0.110,540.255,455.356,36.210,-112.426,46.332,18105.123,143054.377,20170728_070904,479177,0,29910,0
6,KMSX20170728_131420_V06,63.534,-1.000,540.684,456.198,43.340,-112.423,46.328,21670.017,143462.964,20170728_071420,479168,6,29077,0
6,KMSX20170728_131937_V06,68.817,0.087,542.489,456.900,31.286,-112.412,46.324,15642.776,144411.010,20170728_071937,479164,9,30132,0
6,KMSX20170728_132452_V06,74.067,0.157,542.245,456.754,37.229,-112.413,46.325,18614.440,144269.370,20170728_072452,479162,20,30581,0
1,KMSX20170728_112344_V06,-47.066,0.092,534.681,459.919,36.713,-112.463,46.312,18356.697,141993.894,20170728_052344,479163,1,43266,0
2,KMSX20170728_113932_V06,-31.266,0.107,539.999,454.609,30.613,-112.428,46.335,15306.378,142743.864,20170728_053932,479170,0,48308,0
4,KMSX20170728_121107_V06,0.317,0.063,537.050,451.879,27.571,-112.446,46.348,13785.696,140765.753,20170728_061107,479165,0,36024,0
5,KMSX20170728_123211_V06,21.384,0.084,539.552,454.163,30.747,-112.430,46.337,15373.456,142435.420,20170728_063211,479170,0,30608,0
1,KMSX20170803_121156_V06,-6.245,0.222,538.960,469.844,28.145,-112.436,46.267,14072.258,146585.320,20170803_061156,479167,0,62186,0
1,KMSX20170804_113329_V06,-45.951,0.103,374.087,405.508,6.476,-113.503,46.566,3238.134,64460.802,20170804_053329,479168,0,53317,0
1,KMSX20170808_114507_V06,-39.398,0.421,167.857,23.933,25.088,-114.876,48.279,12544.243,153031.500,20170808_054507,479175,1,55759,0
1,KMSX20170808_115110_V06,-33.348,0.436,169.791,24.616,31.420,-114.863,48.276,15709.818,152307.890,20170808_055110,479159,0,55262,0
1,KMSX20170809_113056_V06,-54.863,0.070,261.625,418.720,2.545,-114.236,46.507,1272.377,62384.136,20170809_053056,479167,0,64383,0
1,KMSX20170810_132602_V06,58.951,0.065,535.769,454.940,30.643,-112.455,46.334,15321.500,141061.477,20170810_072602,479183,0,35898,0
1,KMSX20170810_133050_V06,63.751,0.103,536.123,455.081,36.436,-112.453,46.333,18217.880,141247.910,20170810_073050,479175,0,36033,0
1,KMSX20170810_133537_V06,68.535,0.052,538.194,456.847,31.690,-112.440,46.325,15845.121,142598.362,20170810_073537,479165,0,36547,0
3,KMSX20170810_134954_V06,82.818,0.092,540.365,454.549,30.303,-112.425,46.335,15151.552,142881.817,20170810_074954,479177,1,35974,0
3,KMSX20170810_135442_V06,87.618,0.066,538.973,455.499,37.456,-112.434,46.331,18728.194,142555.288,20170810_075442,479163,1,36069,0
3,KMSX20170811_134849_V06,80.446,0.059,539.625,453.731,31.293,-112.430,46.339,15646.459,142349.453,20170811_074849,479163,0,44246,0
1,KMSX20170812_130457_V06,35.286,0.113,173.332,223.845,8.609,-114.825,47.381,4304.647,73898.962,20170812_070457,479171,9,46067,0
2,KMSX20170812_130945_V06,40.086,0.346,372.139,307.275,16.680,-113.512,47.007,8340.111,36252.658,20170812_070945,479166,3,46177,0
4,KMSX20170812_132407_V06,54.453,0.072,383.275,326.383,8.544,-113.439,46.921,4272.072,43677.034,20170812_072407,479164,2,43027,0
5,KMSX20170812_134747_V06,78.120,0.087,540.948,456.746,30.433,-112.422,46.325,15216.726,143723.008,20170812_074747,479167,2,40127,0
2,KMSX20170813_124238_V06,11.674,0.053,540.376,455.607,31.717,-112.425,46.330,15858.673,143173.135,20170813_064238,479177,6,55213,0
2,KMSX20170813_124724_V06,16.441,0.103,540.397,455.670,37.504,-112.425,46.330,18752.098,143198.988,20170813_064724,479167,3,53568,0
4,KMSX20170813_134452_V06,73.908,0.054,540.189,455.063,29.408,-112.426,46.333,14704.226,142946.839,20170813_074452,479176,1,46353,0
2,KMSX20170814_115238_V06,-39.624,0.122,541.934,453.618,29.360,-112.415,46.339,14679.889,143291.980,20170814_055238,479177,2,45188,0
2,KMSX20170814_120717_V06,-24.974,0.171,539.813,452.147,36.206,-112.428,46.346,18103.000,142002.941,20170814_060717,479177,3,56707,0
1,KMSX20170814_114114_V06,-51.024,0.077,537.696,452.143,24.933,-112.442,46.346,12466.702,141108.767,20170814_054114,479159,1,44713,1
1,KMSX20170817_120559_V06,-30.181,0.574,328.053,340.244,57.127,-113.802,46.860,28563.692,24528.208,20170817_060559,479173,0,102085,0
1,KMSX20170817_121542_V06,-20.465,0.444,326.002,341.032,64.683,-113.816,46.856,32341.562,24288.408,20170817_061542,479158,0,103744,0
1,KMSX20170818_131840_V06,41.196,0.057,44.753,391.579,75.951,-115.652,46.617,37975.647,135589.019,20170818_071840,479166,0,75215,0
5,KMSX20170824_141013_V06,84.897,0.086,41.000,87.673,47.664,-115.721,47.983,23832.111,167454.348,20170824_081013,479183,96,90547,1
5,KMSX20170824_141518_V06,89.980,0.249,42.349,86.182,54.159,-115.712,47.990,27079.558,167408.502,20170824_081518,479164,132,91023,0
5,KMSX20170829_132359_V06,32.128,0.076,430.165,343.297,18.660,-113.133,46.843,9329.842,68588.728,20170829_072359,479167,13,54839,0
1,KMSX20170831_134325_V06,48.951,0.097,308.230,331.843,13.570,-113.932,46.898,6784.832,16444.786,20170831_074325,479160,0,88165,0
2,KMSX20170831_140254_V06,68.435,0.155,439.533,522.842,18.856,-113.085,46.035,9428.146,131460.898,20170831_080254,479164,0,86536,0
1,KMSX20170907_133854_V06,35.318,0.122,357.521,399.351,34.905,-113.611,46.594,17452.730,57400.641,20170907_073854,479164,0,40183,0
3,KMSX20170909_140119_V06,55.130,0.066,541.046,454.137,30.686,-112.421,46.337,15343.070,143057.058,20170909_080119,479171,6,33865,3
3,KMSX20170909_140626_V06,60.247,0.083,538.892,455.046,37.946,-112.435,46.333,18973.152,142398.081,20170909_080626,479167,3,32634,2
3,KMSX20170909_141134_V06,65.380,-1.000,537.135,455.788,45.394,-112.446,46.330,22696.928,141865.090,20170909_081134,479170,4,32988,0
3,KMSX20170909_141639_V06,70.463,0.077,537.525,451.553,30.798,-112.443,46.349,15398.894,140877.818,20170909_081639,479158,4,32397,2
1,KMSX20170909_121923_V06,-46.803,0.114,539.223,456.957,33.788,-112.433,46.325,16894.011,143058.743,20170909_061923,479168,11,56662,1
4,KMSX20170909_140626_V06,60.247,0.061,158.487,59.420,61.986,-114.936,48.119,30992.847,139557.216,20170909_080626,479167,3,32634,2
1,KMSX20170913_121151_V06,-59.555,0.088,189.604,95.296,4.804,-114.725,47.959,2402.073,116287.114,20170913_061151,479141,7,53561,1
2,KMSX20170913_125002_V06,-21.371,0.064,509.129,409.452,35.562,-112.623,46.541,17780.884,118019.537,20170913_065002,479173,2,48636,0
3,KMSX20170914_123342_V06,-39.012,0.113,59.259,297.387,66.503,-115.570,47.042,33251.522,120377.444,20170914_063342,479175,528,170551,30
3,KMSX20170914_123914_V06,-33.479,0.077,61.206,293.983,74.534,-115.558,47.057,37267.194,119434.901,20170914_063914,479174,611,168972,36
6,KMSX20170914_133205_V06,19.371,0.084,29.594,241.189,52.978,-115.774,47.292,26489.059,138363.946,20170914_073205,479169,534,158097,42
6,KMSX20170914_133750_V06,25.121,0.052,30.093,239.974,59.905,-115.771,47.297,29952.614,138250.401,20170914_073750,479163,478,157373,14
6,KMSX20170914_134336_V06,30.888,-1.000,30.518,238.943,67.194,-115.768,47.302,33596.843,138156.395,20170914_074336,479176,354,159045,18
6,KMSX20170914_134934_V06,36.855,0.221,30.553,229.228,54.447,-115.769,47.346,27223.701,139293.291,20170914_074934,479164,176,160985,28
1,KMSX20170914_121641_V06,-56.029,0.117,174.257,409.424,18.685,-114.806,46.546,9342.422,83343.909,20170914_061641,479157,322,167925,20
5,KMSX20170914_123914_V06,-33.479,0.076,263.125,384.080,7.600,-114.227,46.663,3800.049,45905.579,20170914_063914,479174,611,168972,36
1,KMSX20170915_122152_V06,-52.154,0.136,38.745,185.974,64.260,-115.721,47.541,32129.829,142527.315,20170915_062152,479170,0,269693,0
1,KMSX20170915_122722_V06,-46.654,0.168,38.476,186.314,71.626,-115.723,47.539,35812.980,142582.762,20170915_062722,479171,4,267700,1
1,KMSX20170915_123238_V06,-41.387,0.189,37.427,188.904,70.485,-115.730,47.528,35242.633,142554.381,20170915_063238,479181,0,265813,0
1,KMSX20170915_123754_V06,-36.121,0.085,27.376,218.901,49.165,-115.792,47.392,24582.708,142215.441,20170915_063754,479170,1,260611,0
1,KMSX20170915_124310_V06,-30.854,0.147,24.275,241.051,36.016,-115.809,47.292,18008.173,140978.099,20170915_064310,479166,0,257061,0
1,KMSX20170915_124826_V06,-25.587,0.247,23.600,252.370,27.344,-115.812,47.241,13672.226,140237.014,20170915_064826,479154,0,252339,0
6,KMSX20170916_141810_V06,62.835,0.104,540.598,458.337,28.730,-112.424,46.318,14364.905,144012.411,20170916_081810,479164,0,32264,0
6,KMSX20170916_142326_V06,68.102,0.063,540.850,457.512,34.946,-112.422,46.322,17473.111,143891.309,20170916_082326,479174,1,31591,0
6,KMSX20170916_142842_V06,73.369,0.087,541.223,455.733,30.010,-112.420,46.330,15004.854,143562.756,20170916_082842,479163,2,31756,0
6,KMSX20170916_143400_V06,78.669,0.090,541.564,455.541,35.947,-112.417,46.331,17973.555,143654.384,20170916_083400,479165,1,30671,0
1,KMSX20170918_122903_V06,-48.907,0.157,539.182,453.261,28.395,-112.433,46.341,14197.337,142036.332,20170918_062903,479158,0,83518,0
1,KMSX20170918_123352_V06,-44.091,0.061,538.108,454.565,35.925,-112.440,46.335,17962.720,141938.020,20170918_063352,479154,1,83697,1
2,KMSX20170918_125107_V06,-26.841,0.065,540.350,454.885,30.862,-112.425,46.334,15431.129,142966.379,20170918_065107,479168,2,85296,0
2,KMSX20170918_130116_V06,-16.691,0.098,540.267,454.798,38.301,-112.426,46.334,19150.295,142908.145,20170918_070116,479165,3,84736,2
2,KMSX20170918_130620_V06,-11.624,0.056,540.872,456.624,29.488,-112.422,46.326,14743.932,143657.792,20170918_070620,479156,1,84689,1
8,KMSX20170918_133126_V06,13.476,0.238,27.082,429.638,45.212,-115.762,46.444,22605.862,151071.427,20170918_073126,479158,1,85744,1
2,KMSX20170919_123232_V06,-46.740,0.062,241.782,342.145,44.409,-114.368,46.851,22204.483,35935.885,20170919_063232,479180,3,75445,2
6,KMSX20170919_130723_V06,-11.890,0.292,21.446,244.368,23.245,-115.827,47.277,11622.391,142027.636,20170919_070723,479171,1,80504,1
11,KMSX20170919_133310_V06,13.894,0.137,184.045,357.400,25.132,-114.745,46.780,12566.118,64692.321,20170919_073310,479169,2,73116,1
13,KMSX20170919_142547_V06,66.510,0.239,33.167,141.575,30.547,-115.765,47.740,15273.716,155159.847,20170919_082547,479171,1,75049,1
5,KMSX20170920_131837_V06,-1.974,0.088,21.981,432.834,28.231,-115.795,46.429,14115.417,154061.166,20170920_071837,479179,0,160634,0
7,KMSX20170921_123949_V06,-42.094,0.231,210.723,402.731,17.595,-114.568,46.578,8797.279,68051.462,20170921_063949,479156,0,77686,0
7,KMSX20170921_124330_V06,-38.410,0.383,210.855,402.111,21.913,-114.568,46.580,10956.314,67774.421,20170921_064330,479164,0,75774,0
7,KMSX20170921_124711_V06,-34.727,0.348,214.576,400.816,17.386,-114.543,46.586,8692.883,66070.413,20170921_064711,479171,0,74507,0
7,KMSX20170921_125051_V06,-31.060,0.348,214.884,400.514,21.892,-114.541,46.588,10946.061,65855.447,20170921_065051,479168,1,73605,1
7,KMSX20170921_125430_V06,-27.410,-1.000,215.096,400.306,26.785,-114.540,46.589,13392.288,65707.492,20170921_065430,479169,0,72576,0
7,KMSX20170921_130151_V06,-20.060,0.350,220.527,397.218,15.848,-114.505,46.603,7923.800,62784.113,20170921_070151,479176,0,67985,0
7,KMSX20170921_130531_V06,-16.394,0.518,221.374,396.758,20.282,-114.499,46.605,10141.163,62338.064,20170921_070531,479167,0,66449,0
7,KMSX20170921_130911_V06,-12.727,0.124,226.726,395.753,17.817,-114.464,46.609,8908.278,60285.979,20170921_070911,479163,1,65339,1
7,KMSX20170921_131253_V06,-9.027,0.338,227.309,396.075,22.326,-114.461,46.608,11162.971,60238.033,20170921_071253,479170,0,64324,0
7,KMSX20170921_131633_V06,-5.360,0.439,230.196,396.861,18.584,-114.442,46.605,9291.771,59696.449,20170921_071633,479158,0,64382,0
7,KMSX20170921_132013_V06,-1.694,0.280,230.750,396.691,23.489,-114.438,46.605,11744.425,59465.872,20170921_072013,479167,0,62928,0
7,KMSX20170921_132353_V06,1.973,-1.000,231.133,396.574,28.679,-114.436,46.606,14339.746,59306.748,20170921_072353,479156,2,62707,2
7,KMSX20170921_132734_V06,5.656,0.607,234.095,390.581,16.602,-114.416,46.633,8300.871,56009.906,20170921_072734,479168,1,60432,1
7,KMSX20170921_133114_V06,9.323,0.309,234.372,390.947,21.476,-114.415,46.631,10737.968,56076.761,20170921_073114,479162,1,58921,1
7,KMSX20170921_133454_V06,12.990,0.234,235.742,392.937,18.784,-114.406,46.622,9391.964,56494.250,20170921_073454,479162,0,57582,0
7,KMSX20170921_133834_V06,16.656,0.102,236.276,392.134,23.318,-114.402,46.626,11658.789,56012.140,20170921_073834,479181,2,57725,0
7,KMSX20170921_134215_V06,20.340,-1.000,236.647,391.577,28.274,-114.400,46.628,14136.835,55677.280,20170921_074215,479173,2,57872,1
7,KMSX20170921_134555_V06,24.006,0.143,244.521,383.547,13.986,-114.349,46.665,6993.078,50144.969,20170921_074555,479170,1,57561,0
29,KMSX20170921_135318_V06,31.390,0.097,540.782,455.326,30.996,-112.423,46.332,15497.990,143267.409,20170921_075318,479172,3,55906,2
29,KMSX20170921_140039_V06,38.740,0.055,540.559,454.953,37.599,-112.424,46.333,18799.535,143072.581,20170921_080039,479157,2,54225,0
12,KMSX20170921_125430_V06,-27.410,0.073,532.824,458.540,35.430,-112.475,46.318,17714.851,140838.275,20170921_065430,479169,0,72576,0
25,KMSX20170921_133114_V06,9.323,0.051,531.243,460.775,36.727,-112.485,46.308,18363.281,140820.926,20170921_073114,479162,1,58921,1
28,KMSX20170921_134936_V06,27.690,0.090,534.161,459.295,35.209,-112.466,46.314,17604.492,141603.505,20170921_074936,479187,1,55959,1
39,KMSX20170921_144036_V06,78.690,0.075,532.386,459.966,32.672,-112.478,46.312,16335.857,141060.723,20170921_084036,479171,2,45491,1
1,KMSX20170924_123258_V06,-52.916,0.351,265.172,389.398,12.023,-114.214,46.639,6011.271,47971.410,20170924_063258,479170,0,57835,0
1,KMSX20170924_124241_V06,-43.199,0.297,265.304,387.966,18.302,-114.213,46.645,9150.964,47280.675,20170924_064241,479169,0,61891,0
1,KMSX20170924_130206_V06,-23.783,0.076,266.272,383.221,9.577,-114.206,46.667,4788.357,44897.941,20170924_070206,479170,0,72285,0
8,KMSX20170924_131149_V06,-14.066,0.092,173.027,179.643,20.535,-114.830,47.579,10267.733,87475.658,20170924_071149,479172,0,68582,0
8,KMSX20170925_133433_V06,7.338,0.072,400.208,330.613,8.374,-113.329,46.902,4186.867,52389.962,20170925_073433,479169,0,83036,0
8,KMSX20170925_134417_V06,17.072,0.055,401.690,335.119,16.245,-113.319,46.881,8122.446,53791.542,20170925_074417,479169,0,86883,0
4,KMSX20170925_131507_V06,-12.095,0.053,141.635,311.912,21.614,-115.027,46.983,10807.090,79406.103,20170925_071507,479170,0,78708,0
1,KMSX20170926_123959_V06,-48.560,0.089,371.641,283.601,9.793,-113.514,47.114,4896.542,36746.756,20170926_063959,479168,0,60845,0
1,KMSX20170926_124941_V06,-38.860,0.189,372.412,287.505,17.828,-113.509,47.096,8914.096,36741.126,20170926_064941,479161,0,62778,0
1,KMSX20170926_130906_V06,-19.443,0.362,372.434,291.234,23.374,-113.509,47.080,11686.906,36481.076,20170926_070906,479166,0,76227,0
1,KMSX20170926_131848_V06,-9.743,0.068,361.299,288.222,38.158,-113.582,47.093,19078.769,31210.293,20170926_071848,479165,0,79713,0
1,KMSX20170926_132830_V06,-0.043,-1.000,351.921,285.992,51.109,-113.644,47.104,25554.347,26888.653,20170926_072830,479162,0,79678,0
1,KMSX20170926_133813_V06,9.674,-1.000,342.526,283.758,64.082,-113.706,47.114,32041.051,22761.153,20170926_073813,479173,18,80047,0
1,KMSX20170926_134756_V06,19.390,0.084,342.985,299.262,67.199,-113.703,47.044,33599.747,21495.763,20170926_074756,479160,30,81658,0
1,KMSX20170926_140721_V06,38.807,-1.000,332.059,308.925,85.275,-113.775,47.001,42637.418,16639.176,20170926_080721,479178,46,78579,1
1,KMSX20170926_141704_V06,48.524,0.452,302.133,338.797,26.859,-113.972,46.867,13429.270,19427.800,20170926_081704,479171,54,75307,7
2,KMSX20170926_123959_V06,-48.560,0.075,408.952,339.288,15.659,-113.272,46.862,7829.727,57909.516,20170926_063959,479168,0,60845,0
6,KMSX20170926_133813_V06,9.674,0.078,226.212,313.927,10.296,-114.471,46.977,5147.802,37545.187,20170926_073813,479173,18,80047,0
1,KMSX20170930_125126_V06,-42.465,0.074,533.343,459.458,32.766,-112.471,46.314,16383.232,141311.543,20170930_065126,479166,130,173058,16
2,KMSX20170930_132525_V06,-8.482,0.145,540.294,455.761,29.945,-112.426,46.330,14972.422,143180.608,20170930_072525,479166,1295,186527,65
4,KMSX20170930_141646_V06,42.868,0.068,35.959,406.530,63.205,-115.708,46.549,31602.423,142360.864,20170930_081646,479173,8684,181717,634
9,KMSX20171001_130032_V06,-34.712,0.089,387.615,229.014,22.876,-113.406,47.359,11438.095,56381.310,20171001_070032,479158,2,101092,0
9,KMSX20171001_130549_V06,-29.429,-1.000,387.615,229.014,31.277,-113.406,47.359,15638.345,56381.310,20171001_070549,479175,3,102978,2
9,KMSX20171001_131117_V06,-23.962,-1.000,387.615,229.014,39.969,-113.406,47.359,19984.345,56381.310,20171001_071117,479165,3,101621,2
9,KMSX20171001_131633_V06,-18.695,-1.000,387.615,229.014,48.343,-113.406,47.359,24171.345,56381.310,20171001_071633,479167,3,101596,0
9,KMSX20171001_132216_V06,-12.979,0.260,375.098,219.035,48.799,-113.489,47.404,24399.581,55215.602,20171001_072216,479184,1,99598,0
7,KMSX20171001_124958_V06,-45.279,0.071,309.367,381.438,15.317,-113.925,46.675,7658.705,40987.357,20171001_064958,479163,1,102132,0
19,KMSX20171001_140540_V06,30.421,0.131,212.967,311.860,13.478,-114.558,46.986,6739.084,43918.638,20171001_080540,479172,2,89461,1
4,KMSX20171002_124209_V06,-54.446,0.062,32.557,430.282,30.562,-115.726,46.442,15280.859,148743.990,20171002_064209,479174,1,91740,0
8,KMSX20171002_130752_V06,-28.729,0.054,206.986,69.752,8.496,-114.610,48.075,4247.946,124163.119,20171002_070752,479169,1,105758,0
10,KMSX20171002_132233_V06,-14.046,0.073,176.076,109.808,18.117,-114.815,47.893,9058.294,113501.468,20171002_072233,479180,0,107811,0
12,KMSX20171002_134059_V06,4.388,0.073,410.170,223.068,78.313,-113.257,47.385,39156.746,67186.429,20171002_074059,479160,1,112890,1
12,KMSX20171002_134440_V06,8.071,-1.000,410.170,223.068,84.170,-113.257,47.385,42084.996,67186.429,20171002_074440,479169,1,112698,0
12,KMSX20171002_134820_V06,11.738,0.051,409.887,232.239,74.687,-113.259,47.344,37343.563,64550.003,20171002_074820,479167,0,114463,0
1,KMSX20171003_130206_V06,-35.850,0.056,44.787,420.974,56.725,-115.648,46.485,28362.686,141216.394,20171003_070206,479153,1,59794,1
3,KMSX20171005_145224_V06,71.729,0.088,54.483,222.673,60.271,-115.612,47.377,30135.574,128703.366,20171005_085224,479157,0,22716,0
11,KMSX20171007_141640_V06,33.257,0.056,537.065,454.986,28.024,-112.447,46.334,14012.131,141616.136,20171007_081640,479173,4,202480,1
11,KMSX20171007_142020_V06,36.924,0.054,537.031,454.735,33.045,-112.447,46.335,16522.268,141533.331,20171007_082020,479169,9,204901,4
11,KMSX20171007_142400_V06,40.591,-1.000,537.008,454.561,38.315,-112.447,46.335,19157.334,141476.116,20171007_082400,479168,3,205681,0
11,KMSX20171007_142740_V06,44.257,0.125,538.435,455.505,27.305,-112.438,46.331,13652.598,142331.627,20171007_082740,479233,0,206498,0
11,KMSX20171007_143121_V06,47.941,0.273,538.506,456.257,33.134,-112.437,46.328,16566.899,142567.136,20171007_083121,479159,0,205546,0
5,KMSX20171007_134723_V06,3.974,0.090,537.997,456.522,29.166,-112.441,46.327,14582.988,142426.865,20171007_074723,479181,4,187566,2
9,KMSX20171007_140540_V06,22.257,0.078,539.396,457.426,29.829,-112.432,46.322,14914.438,143259.514,20171007_080540,479162,0,196128,0
17,KMSX20171007_144220_V06,58.924,0.138,42.959,254.973,45.435,-115.683,47.231,22717.598,130477.388,20171007_084220,479160,0,204203,0
18,KMSX20171007_144220_V06,58.924,0.051,161.265,72.085,57.238,-114.917,48.062,28618.973,133409.673,20171007_084220,479160,0,204203,0
6,KMSX20171008_131610_V06,-28.619,0.201,28.022,504.544,31.740,-115.745,46.107,15870.046,170154.593,20171008_071610,479160,3,161010,0
6,KMSX20171008_131950_V06,-24.952,0.216,28.344,505.740,37.129,-115.743,46.102,18564.336,170386.113,20171008_071950,479167,1,160083,0
6,KMSX20171008_132330_V06,-21.286,0.182,29.094,507.105,37.631,-115.738,46.096,18815.678,170501.295,20171008_072330,479175,2,157315,0
6,KMSX20171008_132711_V06,-17.602,0.067,29.450,509.628,36.065,-115.735,46.085,18032.294,171129.440,20171008_072711,479174,1,152668,0
6,KMSX20171008_133050_V06,-13.952,0.111,31.363,515.479,36.262,-115.722,46.059,18131.087,172189.806,20171008_073050,479159,1,150064,1
6,KMSX20171008_133430_V06,-10.286,0.157,32.627,521.470,35.687,-115.713,46.032,17843.296,173592.522,20171008_073430,479184,1,146887,0
6,KMSX20171008_133810_V06,-6.619,0.073,34.135,524.508,36.291,-115.703,46.018,18145.469,173988.474,20171008_073810,479174,0,144560,0
4,KMSX20171008_130129_V06,-43.302,0.066,22.390,497.451,26.024,-115.783,46.139,13012.181,170333.610,20171008_070129,479175,0,165336,0
7,KMSX20171013_145320_V06,61.587,0.117,249.488,82.814,56.059,-114.325,48.017,28029.402,111491.229,20171013_085320,479161,0,198837,0
7,KMSX20171013_150337_V06,71.870,0.071,260.516,60.556,46.993,-114.251,48.118,23496.717,121338.756,20171013_090337,479163,1,202822,0
1,KMSX20171016_134115_V06,-14.739,0.076,537.323,452.286,27.167,-112.445,46.346,13583.282,140990.474,20171016_074115,479169,1,29227,1
2,KMSX20171018_132508_V06,-33.710,0.129,539.668,454.778,27.399,-112.430,46.334,13699.617,142650.804,20171018_072508,479171,1,45569,1
2,KMSX20171018_133024_V06,-28.443,0.166,538.253,455.232,34.579,-112.439,46.332,17289.615,142180.842,20171018_073024,479169,1,44664,0
4,KMSX20171018_142702_V06,28.190,0.231,22.730,197.562,31.308,-115.826,47.487,15654.157,147793.991,20171018_082702,479164,0,54799,0
5,KMSX20171018_144627_V06,47.607,0.096,19.860,316.951,26.019,-115.826,46.950,13009.336,140326.282,20171018_084627,479171,0,55647,0
4,KMSX20171019_144349_V06,43.538,0.091,537.753,457.076,27.276,-112.442,46.324,13637.904,142477.330,20171019_084349,479157,0,24732,0
4,KMSX20171019_144904_V06,48.788,0.160,536.815,459.199,36.069,-112.449,46.315,18034.321,142676.065,20171019_084904,479174,0,25484,0
4,KMSX20171019_145420_V06,54.055,0.081,538.131,460.362,36.221,-112.440,46.309,18110.604,143546.294,20171019_085420,479179,2,25651,0
4,KMSX20171019_150451_V06,64.572,0.318,537.559,461.947,35.536,-112.444,46.302,17768.110,143754.505,20171019_090451,479177,1,25775,1
4,KMSX20171019_151007_V06,69.838,-1.000,537.462,462.822,35.575,-112.445,46.298,17787.297,143961.294,20171019_091007,479165,1,25662,1
4,KMSX20171019_151522_V06,75.088,-1.000,537.365,463.694,35.613,-112.446,46.294,17806.424,144168.472,20171019_091522,479167,0,25537,0
4,KMSX20171019_152038_V06,80.355,0.214,538.216,461.094,33.029,-112.440,46.306,16514.251,143786.369,20171019_092038,479161,0,24918,0
6,KMSX20171019_151007_V06,69.838,0.063,539.536,455.704,27.066,-112.431,46.330,13533.212,142847.205,20171019_091007,479165,1,25662,1
6,KMSX20171019_151522_V06,75.088,0.384,539.674,456.466,32.818,-112.430,46.327,16408.979,143112.679,20171019_091522,479167,0,25537,0
1,KMSX20171019_130151_V06,-58.428,0.099,539.840,456.347,26.543,-112.429,46.327,13271.658,143150.200,20171019_070151,479178,0,25008,0
5,KMSX20171019_144349_V06,43.538,0.066,79.223,115.969,16.320,-115.461,47.859,8160.166,143709.742,20171019_084349,479157,0,24732,0
1,KMSX20171020_130326_V06,-58.285,0.069,535.385,454.925,22.721,-112.457,46.334,11360.497,140897.200,20171020_070326,479171,2,149051,2
1,KMSX20171020_130843_V06,-53.002,0.178,536.111,455.280,29.184,-112.453,46.332,14591.920,141297.483,20171020_070843,479177,0,147765,0
1,KMSX20171020_131358_V06,-47.752,0.128,538.475,459.576,31.568,-112.438,46.313,15783.946,143470.458,20171020_071358,479163,1,148940,0
1,KMSX20171020_131914_V06,-42.485,0.054,538.220,461.156,31.207,-112.440,46.306,15603.678,143805.625,20171020_071914,479168,0,151240,0
1,KMSX20171020_132429_V06,-37.235,0.211,538.938,458.606,29.848,-112.435,46.317,14923.843,143393.869,20171020_072429,479153,0,154030,0
1,KMSX20171020_132944_V06,-31.985,0.208,538.555,459.262,27.995,-112.437,46.314,13997.732,143416.216,20171020_072944,479174,0,158212,0
1,KMSX20171020_133459_V06,-26.735,0.170,538.356,456.646,28.139,-112.438,46.326,14069.666,142611.037,20171020_073459,479184,2,162100,1
1,KMSX20171020_134218_V06,-19.418,0.096,539.569,455.978,27.874,-112.430,46.329,13936.882,142935.779,20171020_074218,479167,0,166888,0
1,KMSX20171020_134733_V06,-14.168,0.074,538.861,455.485,28.133,-112.435,46.331,14066.638,142504.423,20171020_074733,479161,1,167846,0
1,KMSX20171020_135249_V06,-8.902,0.166,538.771,457.294,29.597,-112.436,46.323,14798.653,142962.184,20171020_075249,479172,0,171057,0
1,KMSX20171020_140320_V06,1.615,0.069,540.803,456.333,30.508,-112.423,46.327,15253.750,143549.830,20171020_080320,479163,0,175464,0
1,KMSX20171020_140835_V06,6.865,-1.000,541.641,456.082,31.046,-112.417,46.328,15523.065,143833.363,20171020_080835,479171,0,179284,0
1,KMSX20171020_141350_V06,12.115,-1.000,542.479,455.831,31.585,-112.412,46.329,15792.379,144117.666,20171020_081350,479160,0,181848,0
1,KMSX20171020_141906_V06,17.382,0.055,539.276,457.545,32.259,-112.433,46.322,16129.419,143241.999,20171020_081906,479173,1,183202,0
1,KMSX20171020_142422_V06,22.648,0.111,537.834,455.180,30.560,-112.442,46.333,15279.904,141990.945,20171020_082422,479177,0,185677,0
1,KMSX20171020_142938_V06,27.915,-1.000,536.637,453.754,29.613,-112.449,46.339,14806.308,141100.565,20171020_082938,479167,4,186334,2
1,KMSX20171020_143453_V06,33.165,0.105,538.727,454.949,28.888,-112.436,46.334,14444.164,142302.349,20171020_083453,479177,0,186457,0
1,KMSX20171020_144008_V06,38.415,0.612,539.984,458.282,29.678,-112.428,46.318,14838.906,143740.943,20171020_084008,479167,1,191704,1
1,KMSX20171020_144524_V06,43.682,0.082,538.779,457.088,28.934,-112.436,46.324,14466.797,142908.951,20171020_084524,479168,3,197844,1
1,KMSX20171020_145038_V06,48.915,-1.000,538.066,456.649,28.413,-112.440,46.326,14206.664,142490.597,20171020_085038,479182,5,201735,2
1,KMSX20171020_150122_V06,59.648,0.068,539.967,453.783,29.327,-112.428,46.339,14663.511,142507.105,20171020_090122,479164,0,212628,0
1,KMSX20171020_150651_V06,65.132,0.163,538.652,456.058,28.663,-112.436,46.329,14331.732,142573.819,20171020_090651,479162,1,222039,0
1,KMSX20171020_151207_V06,70.398,0.078,537.760,459.163,27.982,-112.443,46.315,13990.894,143057.991,20171020_091207,479166,0,228356,0
7,KMSX20171020_142938_V06,27.915,0.211,539.651,453.780,27.250,-112.430,46.339,13624.818,142373.642,20171020_082938,479167,4,186334,2
1,KMSX20171022_131736_V06,-47.012,0.080,32.175,508.593,41.478,-115.718,46.090,20738.773,169735.848,20171022_071736,479185,1,352215,0
2,KMSX20171023_150032_V06,54.467,0.075,533.739,447.642,23.406,-112.467,46.367,11702.801,138231.731,20171023_090032,479168,1,27350,0
5,KMSX20171026_150649_V06,56.367,0.085,540.112,454.704,28.726,-112.427,46.335,14362.856,142817.077,20171026_090649,479172,1,28309,0
5,KMSX20171026_151205_V06,61.633,0.109,538.619,455.261,35.463,-112.437,46.332,17731.568,142342.044,20171026_091205,479147,1,28977,1
5,KMSX20171026_151720_V06,66.883,0.062,539.912,457.954,29.923,-112.428,46.320,14961.548,143620.258,20171026_091720,479176,0,28834,0
1,KMSX20171026_140142_V06,-8.750,0.099,537.584,457.482,31.795,-112.444,46.322,15897.351,142518.907,20171026_080142,479161,2,29826,0
1,KMSX20171026_140657_V06,-3.500,-1.000,537.584,457.482,40.142,-112.444,46.322,20071.101,142518.907,20171026_080657,479184,1,28385,0
1,KMSX20171026_141212_V06,1.750,0.183,537.911,455.109,28.976,-112.441,46.333,14487.864,142003.768,20171026_081212,479170,2,28056,0
1,KMSX20171026_141728_V06,7.017,-1.000,537.911,455.109,37.350,-112.441,46.333,18674.864,142003.768,20171026_081728,479173,1,27535,0
1,KMSX20171026_142243_V06,12.267,0.080,536.752,453.897,25.818,-112.448,46.338,12908.796,141187.798,20171026_082243,479171,0,27772,0
4,KMSX20171026_144900_V06,38.550,0.054,538.930,455.576,29.973,-112.435,46.331,14986.416,142558.058,20171026_084900,479156,1,27876,0
1,KMSX20171031_132121_V06,-56.469,0.079,271.692,465.999,3.326,-114.170,46.294,1663.151,84197.525,20171031_072121,479171,3,43701,0
8,KMSX20171031_152737_V06,69.798,0.065,527.200,163.379,16.154,-112.474,47.646,8077.030,132556.855,20171031_092737,479174,2,103781,0
12,KMSX20171102_151211_V06,51.403,0.088,274.881,409.995,20.716,-114.150,46.546,10358.173,56413.205,20171102_091211,479164,3,166310,0
19,KMSX20171102_153758_V06,77.186,0.079,167.493,337.226,9.337,-114.855,46.870,4668.362,68818.535,20171102_093758,479162,2,172095,1
26,KMSX20171103_153120_V06,69.070,0.098,93.013,238.555,110.537,-115.355,47.309,55268.524,107957.013,20171103_093120,479174,0,188536,0
26,KMSX20171103_153501_V06,72.754,0.078,92.566,240.025,115.177,-115.358,47.303,57588.520,107965.009,20171103_093501,479156,10,188356,0
26,KMSX20171103_153842_V06,76.437,-1.000,92.256,241.044,120.190,-115.360,47.298,60095.030,107973.760,20171103_093842,479170,1,188992,0
26,KMSX20171103_154222_V06,80.104,0.072,99.279,246.357,120.924,-115.313,47.275,60461.969,103882.821,20171103_094222,479164,1,187098,0
26,KMSX20171103_154604_V06,83.804,0.260,104.746,247.465,119.435,-115.276,47.270,59717.333,101098.845,20171103_094604,479170,0,187429,0
26,KMSX20171103_154945_V06,87.487,0.120,108.228,241.362,119.892,-115.254,47.298,59946.075,100268.013,20171103_094945,479164,2,188958,2
8,KMSX20171103_140539_V06,-16.613,0.394,38.923,193.186,54.722,-115.719,47.508,27360.819,141041.061,20171103_080539,479175,4,188803,0
8,KMSX20171103_140948_V06,-12.463,0.183,39.037,191.980,59.760,-115.719,47.514,29879.973,141217.760,20171103_080948,479164,4,188506,1
8,KMSX20171103_141341_V06,-8.580,0.064,41.881,192.969,59.543,-115.699,47.510,29771.437,139715.120,20171103_081341,479163,2,188094,0
2,KMSX20171103_132825_V06,-53.846,0.066,15.386,397.189,24.972,-115.843,46.589,12485.939,150375.114,20171103_072825,479169,4,173985,1
2,KMSX20171103_133206_V06,-50.163,0.127,15.749,396.940,30.002,-115.841,46.590,15001.079,150163.087,20171103_073206,479167,2,173328,0
21,KMSX20171103_150919_V06,47.054,0.120,28.075,522.800,34.783,-115.742,46.025,17391.571,175771.941,20171103_090919,479181,0,197224,0
21,KMSX20171103_151259_V06,50.720,0.150,28.174,521.488,39.607,-115.742,46.031,19803.485,175318.276,20171103_091259,479181,8,193213,0
22,KMSX20171103_150919_V06,47.054,0.063,78.379,205.024,91.537,-115.456,47.459,45768.730,120557.169,20171103_090919,479181,0,197224,0
22,KMSX20171103_151259_V06,50.720,0.060,79.466,203.924,96.606,-115.449,47.464,48303.140,120276.556,20171103_091259,479181,8,193213,0
6,KMSX20171103_140146_V06,-20.496,0.182,37.746,149.642,74.378,-115.733,47.704,37188.770,151149.313,20171103_080146,479164,4,188739,2
11,KMSX20171103_142736_V06,5.337,0.057,312.802,393.342,17.144,-113.903,46.621,8572.227,47107.715,20171103_082736,479151,11,196136,0
13,KMSX20171103_144309_V06,20.887,0.072,24.570,155.371,35.762,-115.820,47.677,17881.077,155546.737,20171103_084309,479174,8,198988,0
13,KMSX20171103_144649_V06,24.554,0.177,23.447,149.092,31.683,-115.829,47.705,15841.331,157523.439,20171103_084649,479163,6,199946,0
13,KMSX20171103_145042_V06,28.437,0.115,33.538,139.834,52.707,-115.763,47.748,26353.687,155446.946,20171103_085042,479179,8,198791,4
13,KMSX20171103_145436_V06,32.337,0.132,37.212,134.810,65.391,-115.739,47.771,32695.683,155197.537,20171103_085436,479171,5,200042,0
13,KMSX20171103_150156_V06,39.670,-1.000,37.212,134.810,77.051,-115.739,47.771,38525.683,155197.537,20171103_090156,479167,4,199626,0
13,KMSX20171103_150538_V06,43.370,0.080,51.067,130.253,67.083,-115.647,47.793,33541.740,150649.872,20171103_090538,479169,4,198376,0
18,KMSX20171103_145436_V06,32.337,0.065,36.071,319.366,63.088,-115.719,46.941,31544.054,132319.233,20171103_085436,479171,5,200042,0
23,KMSX20171103_150919_V06,47.054,0.053,400.336,348.861,29.078,-113.329,46.819,14538.858,55800.453,20171103_090919,479181,0,197224,0
25,KMSX20171103_152740_V06,65.404,0.193,79.403,249.902,90.958,-115.443,47.257,45478.962,113107.097,20171103_092740,479173,4,189502,0
27,KMSX20171103_153842_V06,76.437,0.077,96.415,257.992,117.357,-115.330,47.222,58678.295,103936.914,20171103_093842,479170,1,188992,0
8,KMSX20171104_144216_V06,18.521,0.192,234.219,213.888,14.714,-114.422,47.428,7357.243,54181.310,20171104_084216,479170,5,65579,0
8,KMSX20171104_144557_V06,22.204,0.079,234.835,213.326,19.349,-114.418,47.430,9674.463,54218.892,20171104_084557,479173,2,65051,0
9,KMSX20171104_144938_V06,25.887,0.156,18.614,412.819,15.886,-115.820,46.519,7943.200,151580.075,20171104_084938,479165,1,65126,0
9,KMSX20171104_145320_V06,29.587,0.070,19.298,412.987,20.482,-115.815,46.518,10241.000,151293.961,20171104_085320,479172,6,64530,0
9,KMSX20171104_150042_V06,36.954,-1.000,20.246,413.221,30.413,-115.809,46.517,15206.433,150898.359,20171104_090042,479173,0,64291,0
9,KMSX20171104_150422_V06,40.621,0.077,24.443,417.895,24.112,-115.781,46.497,12056.213,149859.137,20171104_090422,479166,0,64547,0
9,KMSX20171104_150803_V06,44.304,-1.000,24.443,417.895,29.969,-115.781,46.497,14984.463,149859.137,20171104_090803,479161,3,64844,2
9,KMSX20171104_151143_V06,47.971,0.116,31.541,413.912,22.089,-115.735,46.515,11044.291,145813.498,20171104_091143,479165,0,64461,0
16,KMSX20171104_152246_V06,59.021,0.064,313.080,399.803,28.188,-113.901,46.592,14094.210,50328.271,20171104_092246,479173,1,61987,0
16,KMSX20171104_152626_V06,62.687,0.118,312.504,400.044,32.666,-113.905,46.591,16333.002,50411.194,20171104_092626,479160,0,62164,0
16,KMSX20171104_153006_V06,66.354,0.068,309.980,400.281,25.766,-113.921,46.590,12882.771,50388.014,20171104_093006,479172,0,62387,0
2,KMSX20171104_134515_V06,-38.496,0.088,530.692,460.829,30.808,-112.489,46.308,15404.068,140610.009,20171104_074515,479169,1,78814,0
4,KMSX20171104_140337_V06,-20.129,0.052,536.616,458.658,29.581,-112.450,46.317,14790.522,142442.280,20171104_080337,479162,0,74164,0
4,KMSX20171104_140717_V06,-16.463,-1.000,536.616,458.658,35.411,-112.450,46.317,17705.522,142442.280,20171104_080717,479159,0,72337,0
4,KMSX20171104_141100_V06,-12.746,0.078,538.114,460.356,28.791,-112.440,46.309,14395.655,143538.024,20171104_081100,479161,1,72277,0
10,KMSX20171104_150042_V06,36.954,0.055,252.852,212.073,16.643,-114.299,47.436,8321.585,49885.134,20171104_090042,479173,0,64291,0
14,KMSX20171104_151523_V06,51.637,0.054,301.774,400.336,28.134,-113.975,46.590,14067.013,50176.041,20171104_091523,479165,3,63386,0
15,KMSX20171104_151523_V06,51.637,0.051,88.118,333.885,22.286,-115.376,46.880,11143.069,107287.244,20171104_091523,479165,3,63386,0
3,KMSX20171105_140916_V06,-15.963,0.063,538.450,455.883,26.028,-112.438,46.329,13014.191,142441.238,20171105_070916,479170,2,139403,0
3,KMSX20171105_141434_V06,-10.663,0.466,538.792,456.857,32.323,-112.436,46.325,16161.413,142851.210,20171105_071434,479178,0,141894,0
3,KMSX20171105_141950_V06,-5.396,0.151,535.448,458.294,33.033,-112.458,46.319,16516.646,141856.235,20171105_071950,479171,0,141704,0
3,KMSX20171105_142505_V06,-0.146,0.193,541.279,456.002,28.330,-112.419,46.329,14164.885,143659.695,20171105_072505,479154,0,141661,0
3,KMSX20171105_143021_V06,5.120,0.055,540.643,455.942,34.106,-112.423,46.329,17053.166,143376.368,20171105_073021,479166,0,143880,0
3,KMSX20171105_143536_V06,10.370,-1.000,540.122,455.892,40.325,-112.427,46.329,20162.543,143144.279,20171105_073536,479184,1,147081,1
3,KMSX20171105_144250_V06,17.604,0.108,538.070,456.498,27.122,-112.440,46.327,13561.225,142451.010,20171105_074250,479163,0,152182,0
3,KMSX20171105_144806_V06,22.870,0.150,537.923,456.525,33.240,-112.441,46.327,16620.102,142396.884,20171105_074806,479177,1,154533,0
1,KMSX20171105_134257_V06,-42.280,0.137,538.977,457.490,26.740,-112.435,46.322,13370.145,143102.211,20171105_064257,479166,1,127573,0
1,KMSX20171105_134814_V06,-36.996,0.172,538.897,456.929,32.744,-112.435,46.325,16371.985,142914.517,20171105_064814,479174,0,126983,0
1,KMSX20171105_135329_V06,-31.746,0.104,539.041,452.504,27.903,-112.433,46.345,13951.363,141772.865,20171105_065329,479168,0,130582,0
1,KMSX20171105_140400_V06,-21.230,0.090,538.274,453.556,34.316,-112.439,46.340,17157.802,141733.941,20171105_070400,479158,1,135928,0
9,KMSX20171105_151942_V06,54.470,0.128,538.141,461.736,28.451,-112.440,46.303,14225.716,143935.297,20171105_081942,479175,1,162992,1
9,KMSX20171105_152458_V06,59.737,-1.000,538.141,461.736,36.825,-112.440,46.303,18412.716,143935.297,20171105_082458,479175,0,164562,0
9,KMSX20171105_153013_V06,64.987,0.086,533.071,462.900,37.627,-112.474,46.298,18813.453,142178.118,20171105_083013,479159,6,164512,0
9,KMSX20171105_153530_V06,70.270,0.063,542.155,458.045,31.052,-112.414,46.319,15525.840,144583.191,20171105_083530,479169,4,164154,0
10,KMSX20171105_153013_V06,64.987,0.052,29.696,406.620,57.462,-115.748,46.548,28730.934,145286.164,20171105_083013,479159,6,164512,0
10,KMSX20171105_153530_V06,70.270,0.217,31.598,403.913,62.396,-115.736,46.560,31198.213,143907.672,20171105_083530,479169,4,164154,0
5,KMSX20171105_143536_V06,10.370,0.219,538.834,458.234,30.504,-112.436,46.319,15251.959,143247.668,20171105_073536,479184,1,147081,1
7,KMSX20171105_150911_V06,43.954,0.211,537.156,461.053,27.610,-112.447,46.306,13804.762,143336.179,20171105_080911,479168,1,158431,0
8,KMSX20171105_150911_V06,43.954,0.066,30.452,228.685,40.067,-115.770,47.348,20033.339,139411.437,20171105_080911,479168,1,158431,0
8,KMSX20171106_150147_V06,35.071,0.365,123.591,523.340,23.674,-115.125,46.031,11837.008,142303.325,20171106_080147,479165,0,195024,0
8,KMSX20171106_151132_V06,44.821,0.298,128.950,522.398,30.174,-115.091,46.035,15087.118,140284.749,20171106_081132,479172,0,193309,0
8,KMSX20171106_152116_V06,54.554,0.171,146.839,521.510,17.869,-114.975,46.040,8934.624,134652.376,20171106_082116,479168,0,192708,0
8,KMSX20171106_153101_V06,64.304,0.492,147.263,520.585,26.832,-114.973,46.045,13416.225,134151.168,20171106_083101,479174,0,190471,0
17,KMSX20171106_153101_V06,64.304,0.065,104.403,427.179,14.407,-115.259,46.462,7203.608,116654.014,20171106_083101,479174,0,190471,0
17,KMSX20171106_154046_V06,74.054,0.465,109.583,426.205,18.977,-115.226,46.467,9488.468,114221.679,20171106_084046,479164,0,187800,0
6,KMSX20171106_143010_V06,3.454,0.057,46.561,430.628,18.373,-115.635,46.442,9186.676,142561.164,20171106_073010,479168,0,188656,0
1,KMSX20171107_134048_V06,-47.395,0.078,288.633,339.086,10.698,-114.061,46.865,5349.110,20352.550,20171107_064048,479160,0,64476,0
6,KMSX20171110_142542_V06,-6.934,0.297,539.962,456.176,29.774,-112.428,46.328,14886.889,143154.289,20171110_072542,479190,0,38506,0
6,KMSX20171110_143058_V06,-1.667,0.083,539.436,457.131,36.130,-112.431,46.324,18064.759,143195.267,20171110_073058,479165,3,36403,1
6,KMSX20171110_143614_V06,3.600,0.113,534.240,460.486,31.525,-112.466,46.309,15762.338,141972.236,20171110_073614,479158,1,33239,1
8,KMSX20171110_144645_V06,14.116,0.072,541.749,454.928,30.069,-112.416,46.333,15034.689,143566.343,20171110_074645,479172,1,28040,0
8,KMSX20171110_145200_V06,19.366,0.068,540.010,456.492,37.424,-112.428,46.327,18711.997,143260.644,20171110_075200,479157,0,27527,0
8,KMSX20171110_150231_V06,29.883,0.107,535.832,456.266,29.587,-112.455,46.328,14793.335,141453.179,20171110_080231,479170,1,28837,1
8,KMSX20171110_150746_V06,35.133,0.087,536.047,455.889,34.951,-112.453,46.330,17475.694,141438.634,20171110_080746,479181,1,29138,0
10,KMSX20171110_152850_V06,56.200,0.312,540.193,456.485,29.666,-112.426,46.327,14833.242,143335.511,20171110_082850,479165,1,30334,1
10,KMSX20171110_153406_V06,61.466,0.137,539.871,456.510,35.735,-112.429,46.326,17867.510,143207.183,20171110_083406,479162,1,31167,0
3,KMSX20171110_134820_V06,-44.300,0.102,536.083,457.182,31.019,-112.453,46.324,15509.301,141811.142,20171110_064820,479167,0,39792,0
4,KMSX20171110_140439_V06,-27.984,0.057,281.956,323.281,19.249,-114.105,46.936,9624.500,14727.636,20171110_070439,479169,0,41599,0
5,KMSX20171110_140955_V06,-22.717,0.066,537.785,455.739,26.920,-112.442,46.330,13460.095,142123.573,20171110_070955,479168,1,41394,1
11,KMSX20171110_154916_V06,76.633,0.077,28.278,396.292,31.017,-115.759,46.594,15508.265,144139.577,20171110_084916,479176,1,32275,0
2,KMSX20171112_133805_V06,-57.495,0.067,80.025,385.870,8.467,-115.423,46.646,4233.408,118070.625,20171112_063805,479175,0,14168,0
16,KMSX20171114_150712_V06,28.695,0.052,540.057,455.061,30.010,-112.427,46.333,15004.974,142890.893,20171114_080712,479165,3,87572,1
16,KMSX20171114_151052_V06,32.362,0.051,538.772,456.077,35.794,-112.436,46.329,17897.036,142629.136,20171114_081052,479176,6,88423,2
16,KMSX20171114_151432_V06,36.029,-1.000,537.885,456.779,41.592,-112.442,46.325,20796.175,142450.619,20171114_081432,479176,1,88757,0
16,KMSX20171114_151812_V06,39.695,0.115,533.487,461.123,35.280,-112.471,46.306,17640.091,141841.961,20171114_081812,479158,1,89090,1
16,KMSX20171114_152153_V06,43.379,0.110,534.185,460.691,39.763,-112.466,46.308,19881.370,142007.229,20171114_082153,479166,0,89122,0
16,KMSX20171114_152533_V06,47.045,0.102,540.469,456.656,31.069,-112.425,46.326,15534.463,143497.766,20171114_082533,479164,0,89480,0
16,KMSX20171114_152913_V06,50.712,0.083,540.446,456.520,35.842,-112.425,46.326,17921.164,143451.105,20171114_082913,479169,0,89236,0
22,KMSX20171114_154005_V06,61.579,0.087,328.812,337.885,13.406,-113.797,46.871,6702.869,23798.161,20171114_084005,479164,4,91231,2
22,KMSX20171114_154339_V06,65.145,0.596,329.885,337.666,17.332,-113.790,46.872,8665.882,24041.056,20171114_084339,479165,0,90568,0
25,KMSX20171114_155435_V06,76.079,0.206,537.516,458.730,30.310,-112.444,46.317,15155.116,142836.440,20171114_085435,479164,0,93156,0
25,KMSX20171114_160156_V06,83.429,0.053,538.620,457.802,37.618,-112.437,46.321,18809.240,143039.273,20171114_090156,479160,0,91972,0
7,KMSX20171114_141502_V06,-23.471,0.080,251.155,395.181,15.898,-114.305,46.613,7948.837,53491.482,20171114_071502,479170,1,76435,0
9,KMSX20171114_144050_V06,2.329,0.098,227.771,348.269,21.617,-114.459,46.823,10808.514,43436.330,20171114_074050,479176,0,80557,0
10,KMSX20171114_144050_V06,2.329,0.063,537.737,461.978,29.889,-112.443,46.302,14944.673,143836.346,20171114_074050,479176,0,80557,0
11,KMSX20171114_144430_V06,5.995,0.119,401.585,201.848,38.212,-113.312,47.481,19105.927,70628.124,20171114_074430,479170,0,82217,0
17,KMSX20171114_151052_V06,32.362,0.079,23.934,187.027,15.783,-115.820,47.535,7891.603,149143.665,20171114_081052,479176,6,88423,2
21,KMSX20171114_152533_V06,47.045,0.051,306.739,341.909,18.646,-113.942,46.853,9322.802,21223.855,20171114_082533,479164,0,89480,0
26,KMSX20171114_155435_V06,76.079,0.071,287.818,350.990,31.508,-114.066,46.812,15754.192,26212.442,20171114_085435,479164,0,93156,0
27,KMSX20171114_160156_V06,83.429,0.086,237.937,93.384,21.128,-114.402,47.970,10563.839,107867.954,20171114_090156,479160,0,91972,0
28,KMSX20171114_160156_V06,83.429,0.051,110.825,144.078,26.683,-115.247,47.735,13341.454,122575.511,20171114_090156,479160,0,91972,0
4,KMSX20171116_154034_V06,59.161,0.056,53.152,472.941,64.968,-115.587,46.252,32483.795,150700.286,20171116_084034,479174,4,261150,0
4,KMSX20171116_155017_V06,68.878,0.157,59.927,468.183,71.497,-115.543,46.274,35748.351,146561.261,20171116_085017,479162,1,258328,0
5,KMSX20171116_155017_V06,68.878,0.302,42.075,148.960,65.291,-115.705,47.708,32645.645,149447.721,20171116_085017,479162,1,258328,0
5,KMSX20171116_160944_V06,88.328,0.226,46.879,152.896,75.841,-115.672,47.690,37920.413,146381.224,20171116_090944,479177,0,248157,0
3,KMSX20171116_153052_V06,49.461,0.053,36.951,518.831,41.643,-115.685,46.044,20821.659,171086.103,20171116_083052,479168,1,269984,0
27,KMSX20171117_154031_V06,57.672,0.057,18.069,198.911,21.708,-115.857,47.481,10854.208,149753.414,20171117_084031,479180,0,136031,0
27,KMSX20171117_154547_V06,62.939,0.223,20.595,198.485,29.278,-115.840,47.483,14639.091,148637.582,20171117_084547,479180,3,138557,0
27,KMSX20171117_155102_V06,68.189,0.333,30.059,197.694,31.387,-115.777,47.487,15693.442,144338.527,20171117_085102,479150,3,139844,0
22,KMSX20171117_153000_V06,47.156,0.079,21.886,355.506,32.703,-115.807,46.777,16351.307,141799.367,20171117_083000,479152,1,133673,0
22,KMSX20171117_153516_V06,52.422,0.062,22.503,357.647,38.679,-115.803,46.767,19339.731,141710.640,20171117_083516,479172,0,138115,0
25,KMSX20171117_153516_V06,52.422,0.055,280.042,193.514,21.723,-114.119,47.520,10861.252,54170.159,20171117_083516,479172,0,138115,0
25,KMSX20171117_154031_V06,57.672,0.347,282.703,194.478,27.564,-114.101,47.516,13781.765,53465.071,20171117_084031,479180,0,136031,0
2,KMSX20171117_134451_V06,-57.994,0.191,490.046,121.296,14.015,-112.717,47.838,7007.515,130434.708,20171117_064451,479181,3,97947,0
12,KMSX20171117_143726_V06,-5.411,0.063,22.990,268.235,24.026,-115.813,47.169,12012.864,139412.411,20171117_073726,479153,4,107885,0
13,KMSX20171117_143726_V06,-5.411,0.063,166.219,85.997,49.601,-114.882,48.000,24800.406,126189.221,20171117_073726,479153,4,107885,0
14,KMSX20171117_144241_V06,-0.161,0.057,43.399,320.961,32.685,-115.671,46.934,16342.487,128728.060,20171117_074241,479151,3,108286,0
16,KMSX20171117_144756_V06,5.089,0.095,322.304,393.288,31.650,-113.841,46.621,15824.852,47958.703,20171117_074756,479149,2,111409,0
17,KMSX20171117_144756_V06,5.089,0.071,289.742,116.028,19.850,-114.055,47.868,9925.194,92129.110,20171117_074756,479149,2,111409,0
32,KMSX20171117_160648_V06,83.956,0.115,368.342,67.786,25.235,-113.527,48.085,12617.599,121030.986,20171117_090648,479163,2,138223,0
4,KMSX20171120_144638_V06,-0.467,0.232,32.008,188.517,43.117,-115.766,47.529,21558.685,145127.559,20171120_074638,479169,0,236245,0
4,KMSX20171120_145134_V06,4.466,0.169,33.080,188.647,49.761,-115.759,47.528,24880.665,144607.865,20171120_075134,479164,0,233933,0
5,KMSX20171120_144638_V06,-0.467,0.124,304.077,51.540,9.148,-113.959,48.158,4574.028,124246.826,20171120_074638,479169,0,236245,0
10,KMSX20171120_155131_V06,64.416,0.086,23.273,176.470,33.618,-115.826,47.582,16808.777,151523.620,20171120_085131,479166,0,262383,0
10,KMSX20171122_142803_V06,-21.828,0.079,341.962,326.742,10.529,-113.711,46.921,5264.614,24879.443,20171122_072803,479163,40,159358,1
10,KMSX20171122_143717_V06,-12.595,0.247,341.592,327.318,19.085,-113.713,46.918,9542.393,24880.717,20171122_073717,479162,267,152265,62
12,KMSX20171122_144056_V06,-8.945,0.271,331.184,349.813,21.610,-113.782,46.817,10804.880,29384.386,20171122_074056,479184,89,151805,8
12,KMSX20171122_144436_V06,-5.278,0.739,333.966,350.658,24.645,-113.764,46.813,12322.429,30495.732,20171122_074436,479180,40,149815,5
12,KMSX20171122_144817_V06,-1.595,0.725,348.313,353.798,21.199,-113.670,46.799,10599.730,36153.662,20171122_074817,479178,14,150121,1
12,KMSX20171122_145157_V06,2.072,0.130,349.991,353.843,26.626,-113.659,46.798,13312.790,36736.026,20171122_075157,479160,50,149911,6
29,KMSX20171122_152952_V06,39.988,0.225,33.651,382.367,21.640,-115.726,46.657,10820.139,139397.117,20171122_082952,479189,33,134027,3
29,KMSX20171122_153332_V06,43.655,0.057,33.933,382.205,27.917,-115.724,46.658,13958.589,139238.245,20171122_083332,479162,13,135105,1
34,KMSX20171122_154807_V06,58.238,0.071,215.497,252.099,10.877,-114.544,47.255,5438.530,48567.619,20171122_084807,479197,0,130359,0
34,KMSX20171122_155147_V06,61.905,0.099,216.591,252.020,16.876,-114.537,47.256,8437.869,48112.318,20171122_085147,479181,1,126665,0
4,KMSX20171122_140221_V06,-47.528,0.131,237.349,416.511,18.268,-114.394,46.516,9133.949,66143.618,20171122_070221,479171,151,173774,39
5,KMSX20171122_140221_V06,-47.528,0.055,191.581,208.926,22.504,-114.705,47.448,11251.875,70797.534,20171122_070221,479171,151,173774,39
6,KMSX20171122_140942_V06,-40.178,0.092,40.139,209.178,66.279,-115.709,47.437,33139.648,137637.438,20171122_070942,479174,159,167743,26
11,KMSX20171122_144056_V06,-8.945,0.358,364.960,328.033,21.362,-113.560,46.914,10680.984,35375.254,20171122_074056,479184,89,151805,8
19,KMSX20171122_150851_V06,18.972,0.344,301.868,367.810,14.222,-113.974,46.736,7110.857,33917.873,20171122_080851,479177,13,143537,5
20,KMSX20171122_150851_V06,18.972,0.070,28.100,534.798,33.311,-115.740,45.971,16655.357,179624.428,20171122_080851,479177,13,143537,5
22,KMSX20171122_151324_V06,23.522,0.060,436.257,430.934,36.778,-113.099,46.449,18388.876,94485.235,20171122_081324,479179,41,141340,7
26,KMSX20171122_152559_V06,36.105,0.104,376.011,430.385,15.226,-113.491,46.454,7613.022,75461.650,20171122_082559,479176,44,135791,6
31,KMSX20171122_152952_V06,39.988,0.072,245.377,424.468,46.883,-114.342,46.481,23441.517,67963.032,20171122_082952,479189,33,134027,3
36,KMSX20171122_160242_V06,72.822,0.327,232.365,169.973,40.884,-114.436,47.625,20441.824,73282.725,20171122_090242,479165,0,116788,0
42,KMSX20171122_161343_V06,83.838,0.093,267.315,162.786,43.720,-114.204,47.658,21859.999,70526.517,20171122_091343,479172,1,106509,0
27,KMSX20171123_154152_V06,50.621,0.084,22.450,304.499,24.421,-115.811,47.006,12210.670,138793.427,20171123_084152,479172,7,131745,0
27,KMSX20171123_154708_V06,55.887,0.463,25.337,302.710,32.703,-115.792,47.015,16351.503,137338.301,20171123_084708,479166,13,133097,3
27,KMSX20171123_155223_V06,61.137,0.307,36.274,294.021,38.720,-115.722,47.055,19359.766,131897.101,20171123_085223,479180,8,132718,1
14,KMSX20171123_145433_V06,3.304,0.070,539.638,457.097,27.277,-112.430,46.324,13638.588,143270.536,20171123_075433,479177,142,129916,11
14,KMSX20171123_150504_V06,13.821,0.067,540.068,456.454,35.640,-112.427,46.327,17820.248,143274.620,20171123_080504,479165,61,131726,7
31,KMSX20171123_160810_V06,76.921,0.072,96.896,281.955,29.922,-115.324,47.114,14960.895,101952.019,20171123_090810,479172,0,127096,0
31,KMSX20171123_161326_V06,82.187,0.121,101.023,280.446,35.968,-115.297,47.122,17984.070,99967.913,20171123_091326,479171,5,129725,2
3,KMSX20171123_142105_V06,-30.163,0.237,538.918,461.347,33.043,-112.435,46.305,16521.702,144148.047,20171123_072105,479159,8,127062,2
3,KMSX20171123_142620_V06,-24.913,0.119,538.409,456.868,27.680,-112.438,46.325,13840.127,142694.040,20171123_072620,479163,15,127984,3
5,KMSX20171123_143135_V06,-19.663,0.551,302.828,135.434,60.176,-113.967,47.781,30088.154,82295.262,20171123_073135,479152,18,132883,2
8,KMSX20171123_143135_V06,-19.663,0.051,452.544,133.931,48.339,-112.968,47.783,24169.449,112748.278,20171123_073135,479152,18,132883,2
19,KMSX20171123_151535_V06,24.337,0.079,268.364,383.941,25.053,-114.193,46.663,12526.371,44852.554,20171123_081535,479166,153,136851,18
20,KMSX20171123_151535_V06,24.337,0.051,304.468,360.244,25.072,-113.957,46.770,12536.045,30204.698,20171123_081535,479166,153,136851,18
6,KMSX20171124_153205_V06,39.486,0.075,538.666,457.004,26.342,-112.436,46.324,13171.231,142838.651,20171124_083205,479173,3,31086,1
6,KMSX20171124_153720_V06,44.736,0.057,538.635,456.470,31.961,-112.437,46.327,15980.493,142679.278,20171124_083720,479175,1,30067,0
3,KMSX20171124_144444_V06,-7.864,0.110,539.307,460.016,31.946,-112.433,46.311,15972.803,143938.228,20171124_074444,479148,5,37311,0
3,KMSX20171124_145000_V06,-2.598,0.093,538.951,455.838,26.537,-112.434,46.330,13268.706,142638.547,20171124_075000,479168,4,37426,0
2,KMSX20171126_142349_V06,-31.433,0.054,235.369,166.852,30.413,-114.416,47.639,15206.470,74002.835,20171126_072349,479157,0,63839,0
3,KMSX20171126_143331_V06,-21.733,0.098,537.787,453.970,26.196,-112.442,46.338,13098.181,141641.703,20171126_073331,479157,0,69065,0
4,KMSX20171126_143331_V06,-21.733,0.070,288.888,331.253,31.262,-114.059,46.901,15631.023,16585.018,20171126_073331,479157,0,69065,0
7,KMSX20171126_150239_V06,7.400,0.086,341.852,477.938,16.343,-113.715,46.240,8171.447,91396.920,20171126_080239,479160,0,61254,0
9,KMSX20171126_151221_V06,17.100,0.385,534.612,450.906,26.340,-112.462,46.352,13169.996,139476.974,20171126_081221,479171,4,63979,4
4,KMSX20171127_141807_V06,-38.431,0.114,446.698,184.879,16.358,-113.012,47.555,8178.841,93237.669,20171127_071807,479174,0,84305,0
7,KMSX20171127_151624_V06,19.852,0.062,181.649,130.818,50.936,-114.776,47.799,25468.115,103234.640,20171127_081624,479157,0,67971,0
3,KMSX20171130_143141_V06,-28.632,0.319,28.019,120.349,30.093,-115.803,47.835,15046.313,162978.630,20171130_073141,479172,0,16698,0
7,KMSX20171202_154743_V06,45.005,0.054,21.618,228.436,23.287,-115.828,47.348,11643.516,143716.539,20171202_084743,479173,0,46247,0
7,KMSX20171202_160709_V06,64.438,0.110,25.930,227.062,39.316,-115.800,47.355,19657.761,141804.670,20171202_090709,479167,0,53885,0
3,KMSX20171202_143945_V06,-22.962,0.051,309.144,306.107,21.964,-113.926,47.014,10981.815,5497.879,20171202_073945,479166,0,46405,0
6,KMSX20171202_152818_V06,25.588,0.309,29.073,225.661,32.196,-115.779,47.361,16097.815,140470.400,20171202_082818,479168,0,41254,0
14,KMSX20171203_152218_V06,18.429,0.278,22.369,396.800,27.738,-115.798,46.591,13869.229,147011.299,20171203_082218,479167,0,195714,0
14,KMSX20171203_153200_V06,28.129,0.315,25.877,393.072,39.510,-115.775,46.608,19755.199,144746.273,20171203_083200,479166,1,176770,1
14,KMSX20171203_154144_V06,37.862,0.422,35.599,388.467,41.017,-115.713,46.630,20508.685,139404.413,20171203_084144,479163,0,162617,0
13,KMSX20171203_150252_V06,-1.005,0.051,26.113,441.440,36.088,-115.767,46.391,18044.178,154125.750,20171203_080252,479169,0,236784,0
13,KMSX20171203_151235_V06,8.712,0.072,28.442,451.090,52.944,-115.750,46.348,26472.227,155380.200,20171203_081235,479163,0,215750,0
13,KMSX20171203_152218_V06,18.429,0.061,28.695,442.810,42.408,-115.750,46.385,21204.205,153298.012,20171203_082218,479167,0,195714,0
10,KMSX20171203_144327_V06,-20.421,0.140,25.936,471.473,44.074,-115.763,46.256,22037.157,161642.937,20171203_074327,479180,0,266704,0
11,KMSX20171203_144327_V06,-20.421,0.114,113.842,44.034,34.384,-115.238,48.185,17191.776,158251.196,20171203_074327,479180,0,266704,0
3,KMSX20171210_162329_V06,72.300,0.507,510.265,48.826,41.625,-112.573,48.162,20812.572,163782.960,20171210_092329,479180,0,7308,0
2,KMSX20171213_162732_V06,73.706,0.089,28.345,254.573,35.677,-115.780,47.231,17838.640,137713.577,20171213_092732,479172,0,364386,0
2,KMSX20171213_163715_V06,83.423,0.056,30.807,259.305,46.657,-115.763,47.210,23328.540,136125.819,20171213_093715,479164,0,359642,0
10,KMSX20171216_160439_V06,48.514,0.103,27.270,442.240,51.196,-115.759,46.388,25598.078,153796.691,20171216_090439,479165,0,194026,0
10,KMSX20171216_161424_V06,58.264,0.257,27.736,444.442,60.203,-115.756,46.378,30101.353,154103.217,20171216_091424,479171,0,190417,0
10,KMSX20171216_162409_V06,68.014,0.155,33.512,448.175,59.158,-115.718,46.361,29578.872,152456.348,20171216_092409,479160,0,188325,0
1,KMSX20171216_142710_V06,-48.969,0.205,451.248,282.473,6.419,-112.990,47.116,3209.690,76130.168,20171216_072710,479168,0,227935,0
7,KMSX20171216_151557_V06,-0.186,0.084,376.750,280.875,33.841,-113.480,47.126,16920.559,39548.728,20171216_081557,479165,0,202910,0
2,KMSX20171217_142919_V06,-47.510,0.217,225.547,401.888,21.682,-114.472,46.582,10841.171,63095.811,20171217_072919,479172,0,153373,0
5,KMSX20171217_150822_V06,-8.460,0.057,142.520,275.255,15.351,-115.024,47.148,7675.528,79705.962,20171217_080822,479171,0,143674,0
10,KMSX20171217_163609_V06,79.323,0.080,27.025,179.716,31.365,-115.800,47.568,15682.525,149150.615,20171217_093609,479167,0,149494,0
3,KMSX20171218_154420_V06,26.856,0.143,446.888,75.663,9.129,-113.001,48.046,4564.289,134073.798,20171218_084420,479176,0,331557,0
7,KMSX20171218_162313_V06,65.740,0.150,396.548,515.696,56.338,-113.362,46.069,28169.189,118159.293,20171218_092313,479169,0,336301,0
2,KMSX20171222_153833_V06,18.898,0.470,29.938,412.448,48.993,-115.746,46.522,24496.727,146268.755,20171222_083833,479170,0,271112,0
2,KMSX20171222_154816_V06,28.615,0.109,30.400,413.687,56.471,-115.743,46.516,28235.404,146294.810,20171222_084816,479167,0,275073,0
2,KMSX20171222_160742_V06,48.048,0.104,32.073,414.195,54.734,-115.732,46.514,27367.080,145623.932,20171222_090742,479175,0,278764,0
4,KMSX20171225_162738_V06,66.815,0.100,21.881,370.109,22.919,-115.805,46.711,11459.515,143409.952,20171225_092738,479174,0,313305,0
4,KMSX20171225_163721_V06,76.531,0.122,26.148,373.798,35.026,-115.776,46.695,17513.183,141810.733,20171225_093721,479169,0,310619,0
4,KMSX20171225_164704_V06,86.248,0.080,44.020,364.165,52.952,-115.661,46.740,26476.057,131949.656,20171225_094704,479167,0,306592,0
3,KMSX20171225_161755_V06,57.098,0.082,27.184,218.237,41.066,-115.793,47.395,20532.984,142402.384,20171225_091755,479172,0,315958,0
3,KMSX20171225_162738_V06,66.815,-1.000,27.184,218.237,56.515,-115.793,47.395,28257.734,142402.384,20171225_092738,479174,0,313305,0
3,KMSX20171225_163721_V06,76.531,0.080,35.159,246.873,41.676,-115.736,47.267,20838.242,135058.620,20171225_093721,479169,0,310619,0
2,KMSX20171228_150046_V06,-20.805,0.061,32.699,123.438,35.361,-115.771,47.821,17680.452,160175.031,20171228_080046,479164,0,339023,0
6,KMSX20171230_160239_V06,40.810,0.231,28.037,189.704,33.236,-115.792,47.523,16617.884,146738.847,20171230_090239,479141,1,170826,0
6,KMSX20171230_160619_V06,44.477,0.293,29.320,188.919,37.482,-115.783,47.527,18740.840,146292.975,20171230_090619,479180,1,168951,0
4,KMSX20171230_153744_V06,15.894,0.280,322.140,113.330,58.284,-113.838,47.881,29141.830,93989.022,20171230_083744,479169,0,238746,0
4,KMSX20171230_154727_V06,25.610,0.084,368.244,90.403,24.465,-113.529,47.983,12232.525,110213.528,20171230_084727,479170,0,242016,0
7,KMSX20171230_160239_V06,40.810,0.142,314.232,408.920,18.089,-113.893,46.551,9044.388,54922.856,20171230_090239,479141,1,170826,0
