track_id,filename,from_sunrise,det_score,x,y,r,lon,lat,radius,geo_dist,local_time,n_radar_pixels,n_refAbove40_pixels,n_xcorrAbove0.95_pixels,n_xcorrBelow0.95_refAbove40_pixels
1,KVBX20170602_132539_V06,36.761,0.092,298.197,299.242,17.810,-120.406,34.841,8905.014,978.014,20170602_062539,479177,0,11043,0
1,KVBX20170603_134537_V06,56.986,0.175,284.912,310.715,12.023,-120.478,34.790,6011.570,9252.971,20170603_064537,479170,0,16376,0
2,KVBX20170603_140521_V06,76.719,0.170,284.777,311.204,13.360,-120.479,34.788,6679.813,9450.845,20170603_070521,479171,2,16633,2
1,KVBX20170605_115245_V06,-55.445,0.112,21.099,177.671,27.003,-121.931,35.380,13501.358,152274.464,20170605_045245,479168,345,31208,345
2,KVBX20170605_130147_V06,13.588,0.141,97.833,391.342,21.670,-121.495,34.421,10835.128,110921.970,20170605_060147,479173,9,18865,6
3,KVBX20170605_135106_V06,62.905,0.058,81.783,398.434,8.843,-121.582,34.389,4421.716,119695.550,20170605_065106,479178,5,17551,4
1,KVBX20170606_130340_V06,15.649,0.102,49.989,373.049,66.230,-121.757,34.501,33115.238,130232.058,20170606_060340,479174,0,14337,0
1,KVBX20170607_121156_V06,-35.935,0.098,29.043,192.351,36.294,-121.886,35.314,18146.927,145779.120,20170607_051156,479174,0,34035,0
2,KVBX20170607_122139_V06,-26.218,0.088,66.684,134.056,52.326,-121.683,35.579,26163.105,143155.322,20170607_052139,479167,0,30376,0
1,KVBX20170608_140240_V06,74.921,0.050,126.387,415.379,28.481,-121.339,34.314,14240.564,104227.812,20170608_070240,479167,22,15456,14
1,KVBX20170614_122220_V06,-25.240,0.050,228.160,251.825,11.550,-120.790,35.055,5774.818,43248.642,20170614_052220,479175,0,15989,0
2,KVBX20170614_132129_V06,33.910,0.050,282.064,327.632,13.946,-120.494,34.713,6973.171,16471.616,20170614_062129,479181,3,14643,1
1,KVBX20170616_124049_V06,-6.911,0.093,162.238,312.189,18.480,-121.148,34.781,9239.840,69149.878,20170616_054049,479172,0,16852,0
1,KVBX20170620_124440_V06,-3.676,0.092,294.471,335.556,8.830,-120.426,34.678,4414.896,17991.611,20170620_054440,479182,2,17337,1
1,KVBX20170622_123136_V06,-17.198,0.278,245.386,176.914,7.072,-120.696,35.392,3535.866,67329.108,20170622_053136,479180,1,22655,1
1,KVBX20170622_124117_V06,-7.514,0.122,245.083,175.580,15.181,-120.698,35.398,7590.737,68000.474,20170622_054117,479171,0,21891,0
2,KVBX20170622_131023_V06,21.586,0.096,21.733,244.896,25.576,-121.921,35.077,12787.825,141835.134,20170622_061023,479180,3,24190,1
1,KVBX20170623_123339_V06,-15.410,0.059,246.372,175.153,5.765,-120.691,35.400,2882.278,67939.039,20170623_053339,479178,0,15117,0
1,KVBX20170623_124320_V06,-5.727,0.112,244.942,173.931,14.751,-120.699,35.406,7375.699,68783.836,20170623_054320,479168,0,16609,0
1,KVBX20170624_123141_V06,-17.662,0.126,245.818,175.402,5.443,-120.694,35.399,2721.436,67934.594,20170624_053141,479176,0,26221,0
1,KVBX20170624_123520_V06,-14.012,0.120,245.753,175.573,10.495,-120.694,35.398,5247.479,67868.858,20170624_053520,479172,0,27473,0
3,KVBX20170624_132915_V06,39.904,0.101,139.340,477.148,23.958,-121.266,34.036,11979.083,119575.351,20170624_062915,479187,0,25320,0
4,KVBX20170624_132915_V06,39.904,0.050,278.383,389.153,28.286,-120.513,34.436,14143.188,45867.945,20170624_062915,479187,0,25320,0
4,KVBX20170624_133321_V06,44.004,0.089,261.746,380.238,17.029,-120.604,34.476,8514.452,44445.224,20170624_063321,479181,0,25101,0
4,KVBX20170624_133726_V06,48.088,0.085,254.676,368.895,30.176,-120.643,34.527,15087.759,41233.462,20170624_063726,479172,0,24548,0
1,KVBX20170627_140539_V06,75.317,0.114,20.785,415.837,21.670,-121.912,34.306,10834.814,151145.201,20170627_070539,479179,1,20629,1
1,KVBX20170627_141522_V06,85.033,0.093,22.316,424.878,35.322,-121.903,34.266,17660.794,152235.838,20170627_071522,479172,2,20087,2
1,KVBX20170628_122519_V06,-25.388,0.092,246.059,171.580,5.237,-120.693,35.416,2618.710,69644.309,20170628_052519,479175,0,18146,0
1,KVBX20170628_123502_V06,-15.671,0.636,245.279,172.187,11.349,-120.697,35.414,5674.517,69517.102,20170628_053502,479181,2,17954,2
3,KVBX20170628_133313_V06,42.512,0.258,36.017,418.565,60.645,-121.830,34.295,30322.445,144693.525,20170628_063313,479180,0,25211,0
3,KVBX20170628_134254_V06,52.196,0.058,34.791,422.251,65.338,-121.836,34.279,32669.041,146014.757,20170628_064254,479176,1,24567,0
2,KVBX20170628_123502_V06,-15.671,0.296,287.204,179.417,31.110,-120.466,35.381,15555.016,60630.257,20170628_053502,479181,2,17954,2
1,KVBX20170629_123834_V06,-12.529,0.091,53.441,478.452,57.208,-121.731,34.026,28604.122,152181.083,20170629_053834,479177,7,26609,5
2,KVBX20170707_132939_V06,34.771,0.133,200.210,235.388,14.851,-120.943,35.128,7425.310,59440.590,20170707_062939,479172,2,21602,1
2,KVBX20170707_133434_V06,39.688,0.080,200.191,235.372,20.937,-120.943,35.128,10468.624,59452.979,20170707_063434,479178,1,21669,1
2,KVBX20170707_133931_V06,44.638,0.162,202.499,234.957,14.738,-120.931,35.130,7368.849,58602.336,20170707_063931,479169,0,21523,0
2,KVBX20170707_134426_V06,49.555,-1.000,202.499,234.957,22.555,-120.931,35.130,11277.599,58602.336,20170707_064426,479183,1,21873,0
2,KVBX20170707_134922_V06,54.488,0.528,198.676,238.715,14.695,-120.952,35.113,7347.738,59207.915,20170707_064922,479172,0,21247,0
1,KVBX20170707_120554_V06,-48.979,0.099,141.949,152.673,10.247,-121.267,35.499,5123.459,108034.228,20170707_050554,479181,1,23815,1
3,KVBX20170707_132939_V06,34.771,0.112,20.200,299.975,15.565,-121.925,34.829,7782.321,139899.761,20170707_062939,479172,2,21602,1
6,KVBX20170707_135418_V06,59.421,0.087,76.878,475.413,23.749,-121.604,34.041,11874.429,141909.156,20170707_065418,479174,0,21195,0
1,KVBX20170708_140201_V06,66.591,0.473,308.888,278.343,20.534,-120.347,34.936,10267.040,11705.078,20170708_070201,479173,21,17606,21
1,KVBX20170708_140658_V06,71.541,0.442,308.735,277.079,26.911,-120.348,34.941,13455.348,12264.552,20170708_070658,479178,30,17636,29
1,KVBX20170708_141153_V06,76.458,0.080,304.760,277.983,19.725,-120.370,34.937,9862.270,11262.949,20170708_071153,479167,14,17333,14
3,KVBX20170708_140658_V06,71.541,0.109,340.868,245.293,43.486,-120.172,35.084,21742.844,34143.464,20170708_070658,479178,30,17636,29
2,KVBX20170712_131800_V06,20.248,0.076,30.627,370.630,49.809,-121.863,34.511,24904.554,139239.496,20170712_061800,479169,8,24364,8
1,KVBX20170713_124112_V06,-17.166,0.092,301.106,343.687,13.591,-120.390,34.641,6795.441,21850.279,20170713_054112,479171,4,16473,2
1,KVBX20170713_130037_V06,2.250,0.108,299.585,345.477,23.278,-120.398,34.633,11638.785,22739.650,20170713_060037,479169,5,18368,3
2,KVBX20170713_131019_V06,11.950,0.097,201.332,316.063,5.232,-120.935,34.764,2616.068,49983.428,20170713_061019,479171,11,19181,11
3,KVBX20170713_132000_V06,21.634,0.057,23.265,310.045,34.213,-121.908,34.783,17106.312,138458.445,20170713_062000,479174,5,19365,5
4,KVBX20170713_141811_V06,79.817,0.089,282.284,336.657,28.473,-120.492,34.673,14236.425,20356.580,20170713_071811,479171,11,23910,11
1,KVBX20170715_140645_V06,67.120,0.105,177.552,215.332,24.825,-121.068,35.218,12412.674,74434.781,20170715_070645,479170,22,28968,22
2,KVBX20170715_140645_V06,67.120,0.083,380.985,576.091,28.705,-119.960,33.593,14352.499,143861.805,20170715_070645,479170,22,28968,22
4,KVBX20170715_142132_V06,81.904,0.069,167.836,213.341,27.322,-121.122,35.226,13661.022,79020.530,20170715_072132,479187,3,27993,3
1,KVBX20170716_120152_V06,-58.411,0.092,178.533,209.646,19.339,-121.063,35.243,9669.676,75693.537,20170716_050152,479173,0,33977,0
1,KVBX20170716_120740_V06,-52.611,0.122,179.279,209.320,28.493,-121.059,35.245,14246.412,75492.548,20170716_050740,479174,2,34408,2
1,KVBX20170716_121328_V06,-46.811,0.069,184.020,220.815,32.756,-121.033,35.193,16378.088,70217.033,20170716_051328,479175,0,34602,0
1,KVBX20170716_121917_V06,-40.994,-1.000,187.931,229.927,38.038,-121.011,35.152,19018.820,66086.593,20170716_051917,479174,0,33549,0
1,KVBX20170716_122504_V06,-35.211,0.360,184.185,217.456,29.459,-121.032,35.208,14729.397,71110.050,20170716_052504,479175,2,34931,2
1,KVBX20170716_123053_V06,-29.394,0.236,184.653,217.358,37.924,-121.029,35.209,18962.055,70948.367,20170716_053053,479176,6,34961,0
1,KVBX20170716_123641_V06,-23.594,-1.000,185.049,217.275,46.483,-121.027,35.209,23241.400,70811.773,20170716_053641,479168,4,34982,0
1,KVBX20170716_124230_V06,-17.778,0.064,201.598,221.295,31.983,-120.936,35.192,15991.451,63003.014,20170716_054230,479176,0,34667,0
8,KVBX20170716_125406_V06,-6.178,0.189,192.222,216.646,21.188,-120.988,35.212,10594.238,68124.692,20170716_055406,479174,0,28704,0
8,KVBX20170716_130542_V06,5.422,0.371,191.553,214.902,26.964,-120.991,35.220,13481.962,68924.594,20170716_060542,479169,2,29162,0
8,KVBX20170716_131131_V06,11.239,-1.000,191.232,214.065,30.131,-120.993,35.224,15065.555,69309.765,20170716_061131,479169,1,29582,0
8,KVBX20170716_131719_V06,17.039,0.052,205.382,206.355,45.711,-120.916,35.259,22855.334,66561.996,20170716_061719,479176,3,28823,3
12,KVBX20170716_132307_V06,22.839,0.377,339.702,397.524,15.212,-120.180,34.398,7606.194,52647.623,20170716_062307,479175,0,27683,0
12,KVBX20170716_132856_V06,28.656,0.241,338.990,395.730,20.922,-120.184,34.406,10461.068,51683.071,20170716_062856,479177,0,27926,0
2,KVBX20170716_121328_V06,-46.811,0.445,49.029,306.280,53.481,-121.767,34.802,26740.440,125524.531,20170716_051328,479175,0,34602,0
3,KVBX20170716_121917_V06,-40.994,0.097,206.570,234.431,17.079,-120.908,35.132,8539.356,57071.218,20170716_051917,479174,0,33549,0
5,KVBX20170716_122504_V06,-35.211,0.124,374.909,367.598,26.364,-119.988,34.533,13182.068,50450.074,20170716_052504,479175,2,34931,2
7,KVBX20170716_124819_V06,-11.961,0.167,217.575,250.055,16.601,-120.848,35.062,8300.652,48187.949,20170716_054819,479172,0,31395,0
9,KVBX20170716_131131_V06,11.239,0.163,185.915,213.447,17.824,-121.022,35.227,8912.081,71601.113,20170716_061131,479169,1,29582,0
11,KVBX20170716_131719_V06,17.039,0.156,335.562,406.077,19.994,-120.203,34.360,9996.983,55939.909,20170716_061719,479176,3,28823,3
13,KVBX20170716_133443_V06,34.439,0.081,212.603,230.096,25.502,-120.875,35.152,12751.125,55957.218,20170716_063443,479169,2,27507,2
13,KVBX20170716_134031_V06,40.239,-1.000,212.603,230.096,34.724,-120.875,35.152,17362.125,55957.218,20170716_064031,479177,13,27773,13
13,KVBX20170716_134619_V06,46.039,0.704,211.750,233.119,26.181,-120.880,35.139,13090.534,55364.795,20170716_064619,479172,35,27463,30
13,KVBX20170716_135206_V06,51.822,0.176,208.861,241.223,21.205,-120.896,35.102,10602.636,54223.977,20170716_065206,479175,113,26247,102
2,KVBX20170718_134514_V06,43.629,0.073,227.322,321.557,8.997,-120.793,34.740,4498.344,37903.726,20170718_064514,479180,455,25509,455
1,KVBX20170719_123634_V06,-25.715,0.078,63.937,421.805,60.684,-121.678,34.282,30342.182,132818.012,20170719_053634,479175,450,22737,450
3,KVBX20170719_132513_V06,22.935,0.566,258.030,519.567,10.458,-120.623,33.848,5229.005,111771.338,20170719_062513,479164,15,25786,9
1,KVBX20170720_135159_V06,49.015,0.057,78.576,137.275,44.206,-121.617,35.565,22102.856,137393.607,20170720_065159,479180,0,22197,0
2,KVBX20170721_140114_V06,57.571,0.090,47.729,435.282,53.370,-121.765,34.221,26684.990,143127.384,20170721_070114,479161,9,23282,9
2,KVBX20170721_140611_V06,62.521,0.574,48.685,436.147,58.337,-121.759,34.217,29168.373,142911.824,20170721_070611,479168,5,24646,1
2,KVBX20170721_141107_V06,67.455,0.054,53.903,431.924,56.683,-121.731,34.236,28341.442,139613.401,20170721_071107,479184,2,24515,0
1,KVBX20170723_122559_V06,-39.088,0.051,56.586,273.458,23.149,-121.728,34.950,11574.381,122428.197,20170723_052559,479169,3,30093,1
2,KVBX20170723_124527_V06,-19.621,0.059,33.157,159.258,5.441,-121.866,35.463,2720.301,150842.078,20170723_054527,479167,2,28822,1
1,KVBX20170730_132352_V06,13.700,0.090,278.590,570.674,28.054,-120.511,33.618,14027.079,135759.498,20170730_062352,479167,1,22455,0
1,KVBX20170731_141016_V06,59.358,0.121,58.391,494.871,59.037,-121.703,33.953,29518.417,155201.290,20170731_071016,479164,16,27390,8
1,KVBX20170801_131434_V06,2.913,0.059,150.479,206.700,52.692,-121.217,35.256,26346.106,88121.070,20170801_061434,479164,75,47204,57
4,KVBX20170802_132858_V06,16.567,0.094,219.673,264.570,21.940,-120.836,34.997,10970.139,43896.747,20170802_062858,479169,13,41190,0
4,KVBX20170802_133352_V06,21.467,0.116,217.712,263.907,28.291,-120.847,35.000,14145.452,44927.708,20170802_063352,479188,7,40582,0
4,KVBX20170802_133846_V06,26.367,0.085,203.080,262.563,24.292,-120.927,35.006,12145.805,51949.477,20170802_063846,479170,21,39820,0
1,KVBX20170810_123632_V06,-41.873,0.069,34.812,447.404,37.840,-121.834,34.165,18919.758,151700.756,20170810_053632,479177,0,21409,0
1,KVBX20170811_140621_V06,47.191,0.429,44.410,150.451,28.798,-121.804,35.504,14399.137,148063.645,20170811_070621,479163,10,23091,9
1,KVBX20170813_134119_V06,20.654,0.055,62.148,95.851,55.408,-121.711,35.751,27704.052,156724.603,20170813_064119,479172,0,27561,0
1,KVBX20170813_140000_V06,39.338,0.159,66.048,97.572,67.668,-121.689,35.743,33833.796,154685.638,20170813_070000,479172,0,29658,0
1,KVBX20170813_140048_V06,40.138,0.317,66.660,99.280,66.025,-121.686,35.736,33012.605,153896.075,20170813_070048,479172,0,29658,0
2,KVBX20170813_143945_V06,79.088,0.058,65.457,128.821,65.886,-121.690,35.603,32943.058,145182.913,20170813_073945,479168,3,34339,0
1,KVBX20170819_122608_V06,-59.025,0.201,297.544,373.585,5.330,-120.409,34.506,2664.810,36812.810,20170819_052608,479170,0,28239,0
1,KVBX20170822_132551_V06,-1.540,0.054,320.943,122.765,7.794,-120.280,35.637,3897.045,89234.021,20170822_062551,479162,2,20142,0
1,KVBX20170825_141523_V06,45.777,0.061,27.964,422.086,43.730,-121.873,34.279,21864.941,149087.693,20170825_071523,479168,1,23456,1
1,KVBX20170828_123329_V06,-58.323,0.069,418.832,352.749,4.624,-119.748,34.599,2312.239,65006.888,20170828_053329,479176,4,23876,4
1,KVBX20170829_134632_V06,13.997,0.279,279.475,542.254,23.603,-120.507,33.746,11801.455,121561.146,20170829_064632,479176,35,24898,35
3,KVBX20170830_140137_V06,28.353,0.077,19.973,164.640,13.998,-121.938,35.438,6998.953,155513.267,20170830_070137,479173,472,25130,472
4,KVBX20170830_141119_V06,38.053,0.078,15.971,258.518,16.832,-121.952,35.015,8415.792,143521.162,20170830_071119,479171,667,24189,665
1,KVBX20170831_131604_V06,-17.923,0.151,190.962,224.199,23.673,-120.994,35.178,11836.473,66398.528,20170831_061604,479183,6,30572,2
1,KVBX20170831_131949_V06,-14.173,0.275,190.445,223.348,28.641,-120.997,35.182,14320.411,66854.055,20170831_061949,479184,3,32451,1
2,KVBX20170831_134953_V06,15.894,0.159,189.076,222.897,20.534,-121.005,35.184,10267.096,67544.388,20170831_064953,479185,0,34503,0
3,KVBX20170831_140456_V06,30.944,0.403,190.641,212.740,29.469,-120.996,35.230,14734.465,69953.140,20170831_070456,479178,2,35917,1
4,KVBX20170831_141613_V06,42.227,0.177,197.406,215.149,27.952,-120.959,35.219,13976.166,66568.282,20170831_071613,479172,3,35551,3
10,KVBX20170904_133329_V06,-3.396,0.055,355.599,176.824,31.544,-120.090,35.393,15771.950,67571.434,20170904_063329,479185,31,82093,3
10,KVBX20170904_133823_V06,1.504,0.122,354.241,175.506,37.086,-120.097,35.399,18543.131,67898.612,20170904_063823,479175,31,76641,2
10,KVBX20170904_134317_V06,6.404,0.436,338.379,164.865,28.359,-120.184,35.447,14179.657,70239.534,20170904_064317,479168,40,74637,0
10,KVBX20170904_134810_V06,11.288,0.132,337.648,164.016,34.704,-120.188,35.451,17352.163,70549.909,20170904_064810,479165,39,75487,0
12,KVBX20170904_134810_V06,11.288,0.511,403.722,367.352,28.704,-119.831,34.533,14352.192,61835.565,20170904_064810,479165,39,75487,0
12,KVBX20170904_135305_V06,16.204,0.166,401.872,366.077,34.284,-119.841,34.539,17142.155,60712.651,20170904_065305,479180,27,73418,3
12,KVBX20170904_140252_V06,25.988,0.335,388.588,353.145,28.698,-119.913,34.598,14348.757,51652.971,20170904_070252,479172,28,72371,1
12,KVBX20170904_140744_V06,30.854,0.085,386.732,350.662,35.242,-119.923,34.609,17621.165,50222.265,20170904_070744,479181,27,72971,2
12,KVBX20170904_141238_V06,35.754,0.126,368.107,342.284,23.550,-120.024,34.647,11775.129,40082.722,20170904_071238,479170,4,73892,3
34,KVBX20170904_150136_V06,84.721,0.053,351.403,209.053,31.893,-120.113,35.248,15946.537,52234.154,20170904_080136,479181,0,74796,0
34,KVBX20170904_150617_V06,89.404,0.067,351.542,208.900,38.907,-120.113,35.248,19453.476,52334.922,20170904_080617,479168,2,73011,1
5,KVBX20170904_131355_V06,-22.962,0.084,508.679,312.695,38.197,-119.256,34.776,19098.358,104532.628,20170904_061355,479170,5,84502,0
8,KVBX20170904_132837_V06,-8.262,0.135,431.065,384.284,29.261,-119.683,34.456,14630.442,77913.371,20170904_062837,479173,4,83584,1
13,KVBX20170904_134810_V06,11.288,0.100,395.227,248.157,28.532,-119.874,35.071,14266.167,54212.297,20170904_064810,479165,39,75487,0
16,KVBX20170904_140252_V06,25.988,0.063,411.909,304.777,24.008,-119.784,34.815,12003.761,56005.690,20170904_070252,479172,28,72371,1
18,KVBX20170904_140252_V06,25.988,0.050,281.623,199.217,29.362,-120.497,35.292,14681.231,51222.353,20170904_070252,479172,28,72371,1
28,KVBX20170904_142226_V06,45.554,0.055,415.294,236.283,34.258,-119.763,35.124,17128.956,65864.807,20170904_072226,479180,9,78720,1
1,KVBX20170906_125020_V06,-47.984,0.143,28.785,485.569,35.493,-121.864,33.993,17746.569,164312.018,20170906_055020,479175,1,26389,1
2,KVBX20170908_144114_V06,61.481,0.257,308.864,166.406,53.175,-120.347,35.440,26587.347,66943.808,20170908_074114,479179,0,25181,0
2,KVBX20170908_150043_V06,80.964,0.186,304.735,163.127,60.470,-120.370,35.455,30234.867,68477.201,20170908_080043,479173,1,22614,1
1,KVBX20170909_131055_V06,-29.553,0.059,303.876,160.781,60.959,-120.374,35.465,30479.553,69636.379,20170909_061055,479182,1,25078,0
5,KVBX20170910_142522_V06,44.179,0.092,305.387,390.873,26.424,-120.367,34.428,13212.114,45516.149,20170910_072522,479167,138,31266,2
5,KVBX20170910_143506_V06,53.913,0.058,306.135,386.490,40.126,-120.362,34.448,20063.110,43353.598,20170910_073506,479170,208,30196,0
4,KVBX20170910_142522_V06,44.179,0.160,354.525,391.549,31.673,-120.099,34.425,15836.386,53277.949,20170910_072522,479167,138,31266,2
26,KVBX20170911_140724_V06,25.495,0.912,418.736,354.221,32.495,-119.749,34.592,16247.404,65265.028,20170911_070724,479171,802,41589,44
26,KVBX20170911_141123_V06,29.478,0.389,422.179,352.605,40.291,-119.730,34.599,20145.597,66511.396,20170911_071123,479170,616,40181,16
26,KVBX20170911_141523_V06,33.478,0.187,427.809,345.281,46.124,-119.699,34.632,23062.056,67796.403,20170911_071523,479189,454,39033,14
26,KVBX20170911_141922_V06,37.461,0.064,421.408,334.586,45.642,-119.733,34.680,22820.966,63118.962,20170911_071922,479175,407,38812,14
26,KVBX20170911_142322_V06,41.461,-1.000,419.191,325.666,47.652,-119.745,34.721,23825.758,60961.379,20170911_072322,479176,334,37570,21
26,KVBX20170911_142708_V06,45.228,0.234,393.710,358.713,23.647,-119.885,34.572,11823.700,55291.898,20170911_072708,479167,345,36548,22
28,KVBX20170911_140724_V06,25.495,0.055,181.789,158.356,15.417,-121.047,35.475,7708.529,92245.521,20170911_070724,479171,802,41589,44
28,KVBX20170911_141123_V06,29.478,-1.000,181.789,158.356,21.751,-121.047,35.475,10875.279,92245.521,20170911_071123,479170,616,40181,16
28,KVBX20170911_141523_V06,33.478,0.218,185.553,153.940,29.716,-121.026,35.495,14858.138,92779.045,20170911_071523,479189,454,39033,14
28,KVBX20170911_141922_V06,37.461,0.073,184.088,149.053,31.479,-121.035,35.517,15739.298,95158.461,20170911_071922,479175,407,38812,14
28,KVBX20170911_142322_V06,41.461,0.062,182.020,147.005,30.142,-121.046,35.526,15070.964,96600.624,20170911_072322,479176,334,37570,21
30,KVBX20170911_143054_V06,48.995,0.158,389.177,358.129,20.195,-119.910,34.575,10097.319,53224.541,20170911_073054,479170,245,35734,9
30,KVBX20170911_143439_V06,52.745,0.174,389.667,356.942,26.020,-119.907,34.580,13010.189,53109.863,20170911_073439,479186,267,34988,23
3,KVBX20170911_124658_V06,-54.939,0.124,407.633,364.649,15.429,-119.810,34.545,7714.619,62778.397,20170911_054658,479178,1368,59411,170
12,KVBX20170911_130606_V06,-35.805,0.091,300.932,173.049,40.219,-120.391,35.410,20109.631,63477.403,20170911_060606,479172,1126,60395,76
15,KVBX20170911_132433_V06,-17.355,0.153,236.980,297.073,24.648,-120.740,34.851,12324.158,31543.840,20170911_062433,479185,957,51540,21
17,KVBX20170911_133312_V06,-8.705,0.096,454.894,372.586,33.944,-119.552,34.508,16971.809,85528.791,20170911_063312,479172,842,48046,54
18,KVBX20170911_133312_V06,-8.705,0.059,174.840,214.871,21.853,-121.083,35.220,10926.556,75683.414,20170911_063312,479172,842,48046,54
25,KVBX20170911_140324_V06,21.495,0.076,206.578,92.420,28.531,-120.912,35.772,14265.287,113816.758,20170911_070324,479184,859,42888,34
1,KVBX20170915_144234_V06,57.782,0.179,33.499,417.863,57.300,-121.843,34.298,28649.948,145700.281,20170915_074234,479186,4,43340,4
1,KVBX20170915_150201_V06,77.232,0.073,32.801,411.835,64.198,-121.848,34.325,32098.968,144829.488,20170915_080201,479174,3,40268,3
1,KVBX20170918_131607_V06,-30.839,0.094,157.306,228.429,9.111,-121.179,35.158,4555.468,79818.498,20170918_061607,479182,317,40145,316
2,KVBX20170918_133535_V06,-11.373,0.131,375.927,226.345,8.715,-119.979,35.169,4357.330,52891.530,20170918_063535,479175,10,40654,9
3,KVBX20170918_144342_V06,56.744,0.252,233.463,275.332,22.021,-120.760,34.949,11010.448,35481.143,20170918_074342,479164,163,30415,163
2,KVBX20170920_131944_V06,-28.678,0.074,160.707,357.414,66.719,-121.155,34.577,33359.680,75330.877,20170920_061944,479177,0,24674,0
2,KVBX20170920_132928_V06,-18.945,0.108,159.651,359.145,75.631,-121.161,34.569,37815.440,76151.256,20170920_062928,479176,3,20955,2
1,KVBX20170920_130016_V06,-48.145,0.083,163.823,359.255,59.438,-121.138,34.569,29718.758,74255.490,20170920_060016,479170,0,22298,0
3,KVBX20170920_142753_V06,39.472,0.074,151.881,368.330,78.459,-121.202,34.527,39229.633,81560.047,20170920_072753,479172,1,19053,1
1,KVBX20170921_132435_V06,-24.559,0.052,254.694,111.821,62.204,-120.646,35.686,31102.139,96777.930,20170921_062435,479165,2,29203,0
1,KVBX20170921_132822_V06,-20.776,0.100,255.144,112.845,66.577,-120.644,35.681,33288.613,96227.858,20170921_062822,479167,0,28581,0
2,KVBX20170921_150614_V06,77.091,0.174,22.581,291.653,30.481,-121.913,34.866,15240.713,138772.387,20170921_080614,479177,1,25469,0
2,KVBX20170922_140614_V06,16.359,0.178,27.344,196.222,36.350,-121.895,35.297,18175.211,145869.162,20170922_070614,479173,2,15102,2
3,KVBX20170922_140614_V06,16.359,0.105,26.671,153.268,29.614,-121.902,35.490,14807.221,155112.027,20170922_070614,479173,2,15102,2
1,KVBX20170923_130317_V06,-47.326,0.070,164.572,297.739,2.832,-121.136,34.846,1416.195,67723.327,20170923_060317,479178,0,18260,0
2,KVBX20170923_131301_V06,-37.593,0.101,120.866,364.716,19.386,-121.372,34.542,9692.894,95232.852,20170923_061301,479175,0,19370,0
3,KVBX20170923_150204_V06,71.457,0.054,304.095,302.190,20.406,-120.373,34.828,10203.049,2321.936,20170923_080204,479171,5,18126,4
1,KVBX20170924_130031_V06,-50.830,0.092,98.681,172.635,8.448,-121.504,35.407,4224.152,119112.426,20170924_060031,479183,0,23366,0
2,KVBX20170924_131016_V06,-41.080,0.107,170.004,418.161,27.662,-121.102,34.303,13831.200,87836.364,20170924_061016,479173,0,23437,0
1,KVBX20170926_140529_V06,12.656,0.219,294.423,288.414,33.240,-120.426,34.890,16619.827,6429.312,20170926_070529,479171,0,21857,0
2,KVBX20170926_143444_V06,41.906,0.058,235.136,237.808,41.854,-120.752,35.118,20926.832,44931.107,20170926_073444,479175,6,24096,6
1,KVBX20170927_140605_V06,12.511,0.344,424.214,305.841,17.218,-119.717,34.810,8609.230,62175.693,20170927_070605,479177,0,18543,0
2,KVBX20170927_141551_V06,22.278,0.078,312.055,349.910,57.178,-120.330,34.613,28588.871,25672.357,20170927_071551,479181,0,18774,0
1,KVBX20170928_131324_V06,-40.920,0.051,20.530,292.664,8.948,-121.924,34.862,4474.199,139783.315,20170928_061324,479169,1,17306,1
2,KVBX20170928_140200_V06,7.680,0.084,316.148,305.997,76.753,-120.308,34.811,38376.377,8612.566,20170928_070200,479181,1,15674,1
3,KVBX20170928_142127_V06,27.130,0.085,71.096,324.997,8.879,-121.645,34.719,4439.676,115132.395,20170928_072127,479170,0,18786,0
4,KVBX20170928_150018_V06,65.980,0.333,81.669,342.386,31.133,-121.587,34.641,15566.475,111203.697,20170928_080018,479169,0,17398,0
1,KVBX20170929_133708_V06,-17.937,0.089,195.536,226.232,29.307,-120.969,35.169,14653.479,63942.351,20170929_063708,479173,9,20988,9
1,KVBX20170929_134652_V06,-8.204,0.316,199.184,226.780,35.834,-120.949,35.167,17916.808,62299.832,20170929_064652,479168,35,16024,35
2,KVBX20170929_143530_V06,40.430,0.088,32.887,271.821,15.919,-121.858,34.956,7959.523,134297.704,20170929_073530,479173,35,18588,33
3,KVBX20170929_151424_V06,79.330,0.221,191.449,226.863,18.469,-120.992,35.166,9234.325,65445.478,20170929_081424,479173,51,17342,50
1,KVBX20171002_132633_V06,-30.793,0.202,132.470,171.897,41.229,-121.318,35.412,20614.410,105447.483,20171002_062633,479176,0,24102,0
1,KVBX20171002_133617_V06,-21.060,0.158,114.407,168.852,33.883,-121.418,35.425,16941.406,113627.182,20171002_063617,479174,1,23794,1
1,KVBX20171002_134602_V06,-11.310,0.106,101.650,174.501,28.237,-121.488,35.399,14118.315,117359.253,20171002_064602,479171,0,23027,0
4,KVBX20171002_143440_V06,37.323,0.057,49.444,343.741,61.658,-121.762,34.633,30829.014,127172.882,20171002_073440,479172,4,24079,1
1,KVBX20171003_140138_V06,3.525,0.185,299.223,300.651,10.380,-120.400,34.835,5189.857,506.683,20171003_070138,479177,4,22426,1
1,KVBX20171003_141122_V06,13.258,-1.000,299.223,300.651,25.856,-120.400,34.835,12927.857,506.683,20171003_071122,479172,0,18386,0
1,KVBX20171003_142106_V06,22.991,0.075,297.189,297.831,14.801,-120.411,34.848,7400.372,1775.032,20171003_072106,479175,1,15863,1
1,KVBX20171006_140111_V06,0.752,0.385,163.162,426.238,26.010,-121.139,34.267,13005.220,93087.001,20171006_070111,479173,7,20305,7
2,KVBX20171006_140111_V06,0.752,0.143,48.391,312.596,8.644,-121.770,34.774,4322.043,125962.084,20171006_070111,479173,7,20305,7
3,KVBX20171006_140111_V06,0.752,0.067,195.167,405.434,16.786,-120.966,34.362,8392.958,74340.719,20171006_070111,479173,7,20305,7
3,KVBX20171006_141055_V06,10.486,0.227,188.743,410.571,12.104,-121.000,34.338,6052.217,78428.391,20171006_071055,479179,7,21013,5
1,KVBX20171007_140405_V06,2.869,0.098,265.234,68.585,12.406,-120.588,35.881,6203.066,117005.726,20171007_070405,479176,1,18043,0
2,KVBX20171007_141538_V06,14.419,0.051,290.037,353.027,22.611,-120.450,34.599,11305.370,26977.216,20171007_071538,479171,7,19532,1
1,KVBX20171008_134900_V06,-13.004,0.053,22.627,418.336,33.480,-121.902,34.295,16739.969,150780.580,20171008_064900,479169,3,24622,3
2,KVBX20171008_143943_V06,37.713,0.122,208.018,169.712,63.697,-120.902,35.424,31848.251,79742.938,20171008_073943,479171,10,29476,4
1,KVBX20171009_151545_V06,72.952,0.072,283.406,158.122,48.313,-120.487,35.477,24156.441,71422.631,20171009_081545,479164,2,29084,2
1,KVBX20171010_131346_V06,-49.831,0.062,228.605,332.636,6.538,-120.785,34.690,3268.867,39250.464,20171010_061346,479172,0,26802,0
3,KVBX20171010_140227_V06,-1.148,0.420,377.435,112.332,8.788,-119.968,35.683,4394.100,101507.881,20171010_070227,479170,4,22790,0
4,KVBX20171010_144123_V06,37.785,0.421,321.804,382.353,29.161,-120.277,34.467,14580.622,42595.410,20171010_074123,479168,2,27908,1
1,KVBX20171011_143945_V06,35.346,0.057,246.784,263.041,6.818,-120.687,35.004,3409.220,32395.811,20171011_073945,479176,1,18848,1
1,KVBX20171012_133850_V06,-26.382,0.062,28.849,315.173,32.159,-121.877,34.761,16079.342,135787.777,20171012_063850,479183,0,19162,0
1,KVBX20171013_151050_V06,64.800,0.073,32.792,432.746,65.125,-121.846,34.231,32562.275,149182.372,20171013_081050,479178,5,22943,5
1,KVBX20171014_150759_V06,61.126,0.093,71.129,484.987,63.007,-121.634,33.998,31503.452,147141.176,20171014_080759,479176,0,25150,0
6,KVBX20171018_134540_V06,-24.550,0.190,25.169,417.958,37.917,-121.889,34.297,18958.555,149537.470,20171018_064540,479181,3,33190,0
6,KVBX20171018_134928_V06,-20.750,0.093,25.211,417.994,42.893,-121.888,34.297,21446.638,149525.555,20171018_064928,479176,5,31891,2
1,KVBX20171019_132506_V06,-45.972,0.118,28.112,220.610,34.227,-121.888,35.187,17113.409,141620.717,20171019_062506,479175,17,24137,9
1,KVBX20171019_133449_V06,-36.255,0.229,31.534,212.423,51.361,-121.870,35.224,25680.534,141194.695,20171019_063449,479178,7,24993,6
2,KVBX20171019_133449_V06,-36.255,0.112,116.107,344.524,44.661,-121.399,34.633,22330.311,94603.253,20171019_063449,479178,7,24993,6
3,KVBX20171020_133020_V06,-41.600,0.069,379.730,115.995,23.899,-119.956,35.667,11949.398,100268.140,20171020_063020,479174,2,76090,0
3,KVBX20171020_133407_V06,-37.817,0.081,381.435,115.292,30.193,-119.946,35.670,15096.732,100931.545,20171020_063407,479178,2,72684,0
2,KVBX20171022_142522_V06,11.692,0.735,26.912,313.580,35.960,-121.887,34.768,17980.225,136712.674,20171022_072522,479172,0,22559,0
2,KVBX20171022_143505_V06,21.409,0.260,27.343,313.956,47.609,-121.885,34.766,23804.688,136507.010,20171022_073505,479168,0,23061,0
1,KVBX20171022_132656_V06,-46.741,0.076,31.088,314.033,30.964,-121.865,34.766,15481.988,134639.101,20171022_062656,479185,1,24162,1
1,KVBX20171024_132122_V06,-54.073,0.056,147.822,210.351,8.130,-121.232,35.239,4065.117,88310.462,20171024_062122,479181,1,13451,1
1,KVBX20171027_132143_V06,-56.413,0.168,23.295,331.904,27.164,-121.906,34.685,13582.069,139269.179,20171027_062143,479168,3,17610,0
2,KVBX20171027_150849_V06,50.687,0.095,82.624,289.598,26.582,-121.585,34.879,13290.905,108812.488,20171027_080849,479169,7,21310,3
1,KVBX20171028_153530_V06,76.463,0.088,210.815,396.003,10.452,-120.881,34.404,5225.830,65518.349,20171028_083530,479176,9,20604,3
1,KVBX20171028_154514_V06,86.196,0.056,212.319,395.250,20.803,-120.873,34.408,10401.598,64731.169,20171028_084514,479169,6,20053,5
1,KVBX20171029_150342_V06,43.750,0.058,296.891,498.144,19.481,-120.413,33.945,9740.623,99084.371,20171029_080342,479170,1,19174,0
6,KVBX20171103_152105_V06,56.495,0.054,26.247,292.314,33.150,-121.893,34.863,16575.176,136930.278,20171103_082105,479183,8,36907,1
10,KVBX20171103_153607_V06,71.529,0.053,219.013,156.243,15.824,-120.842,35.485,7912.157,82499.856,20171103_083607,479169,3,39730,0
4,KVBX20171106_140952_V06,-17.557,0.050,23.922,503.888,40.918,-121.888,33.910,20459.209,171602.415,20171106_060952,479179,1,68639,1
4,KVBX20171106_141338_V06,-13.791,0.156,24.632,504.445,46.022,-121.885,33.907,23011.138,171482.579,20171106_061338,479172,0,67683,0
4,KVBX20171106_141725_V06,-10.007,0.216,29.812,505.403,47.330,-121.856,33.903,23664.887,169699.970,20171106_061725,479183,1,66696,1
5,KVBX20171106_144520_V06,17.909,0.074,41.770,485.031,56.300,-121.793,33.996,28150.173,158838.919,20171106_064520,479165,63,50938,1
5,KVBX20171106_144920_V06,21.909,0.113,43.757,482.657,61.697,-121.783,34.007,30848.434,157340.560,20171106_064920,479179,12,46374,0
2,KVBX20171106_133216_V06,-55.157,0.056,25.506,493.542,41.344,-121.881,33.957,20672.138,167932.628,20171106_053216,479170,14,75614,0
2,KVBX20171106_133603_V06,-51.374,0.053,61.567,514.710,64.825,-121.684,33.863,32412.556,160429.699,20171106_053603,479184,11,76372,0
1,KVBX20171109_134808_V06,-42.160,0.104,23.253,276.055,26.015,-121.911,34.937,13007.572,138890.649,20171109_054808,479173,0,44565,0
1,KVBX20171114_151826_V06,43.306,0.189,185.241,108.899,20.506,-121.030,35.698,10253.025,111455.488,20171114_071826,479167,2,13919,2
1,KVBX20171114_152811_V06,53.056,0.201,188.715,108.368,33.762,-121.011,35.700,16881.221,110800.521,20171114_072811,479188,4,13388,4
1,KVBX20171115_143640_V06,0.570,0.134,138.465,309.324,31.391,-121.278,34.793,15695.552,80902.123,20171115_063640,479177,7,18218,5
2,KVBX20171115_143640_V06,0.570,0.105,20.709,459.988,24.357,-121.909,34.108,12178.264,160934.759,20171115_063640,479177,7,18218,5
3,KVBX20171117_160237_V06,84.581,0.233,298.850,327.353,11.662,-120.402,34.715,5831.017,13688.695,20171117_080237,479174,0,26618,0
1,KVBX20171120_140258_V06,-37.966,0.292,131.023,293.953,11.411,-121.320,34.862,5705.271,84542.746,20171120_060258,479167,4,22901,4
2,KVBX20171120_141432_V06,-26.399,0.117,186.781,399.760,26.152,-121.011,34.387,13075.935,75449.647,20171120_061432,479169,6,20679,4
2,KVBX20171120_142416_V06,-16.666,0.085,190.828,404.061,21.209,-120.989,34.368,10604.511,75411.088,20171120_062416,479172,2,20110,2
3,KVBX20171120_141432_V06,-26.399,0.052,208.774,330.981,33.130,-120.894,34.697,16565.155,48171.331,20171120_061432,479169,6,20679,4
1,KVBX20171122_141706_V06,-25.747,0.109,298.936,302.678,11.952,-120.402,34.826,5975.819,1440.775,20171122_061706,479180,5,14037,2
1,KVBX20171123_141334_V06,-30.231,0.168,14.912,344.723,17.075,-121.950,34.627,8537.441,144287.449,20171123_061334,479165,2,8673,1
2,KVBX20171123_144245_V06,-1.048,0.325,55.335,129.673,40.928,-121.746,35.598,20464.182,149057.358,20171123_064245,479170,0,23197,0
3,KVBX20171123_151159_V06,28.186,0.098,60.957,337.547,32.278,-121.700,34.662,16139.019,120986.917,20171123_071159,479171,4,24493,2
3,KVBX20171123_152142_V06,37.902,0.338,65.313,364.454,28.940,-121.674,34.541,14469.779,121688.462,20171123_072142,479161,1,24059,1
2,KVBX20171125_143502_V06,-10.648,0.354,256.733,276.682,10.563,-120.633,34.943,5281.345,24575.187,20171125_063502,479167,0,21174,0
1,KVBX20171127_144544_V06,-1.802,0.057,228.779,253.385,8.176,-120.786,35.048,4087.996,42559.838,20171127_064544,479174,0,19295,0
1,KVBX20171127_144929_V06,1.948,-1.000,228.779,253.385,14.138,-120.786,35.048,7069.246,42559.838,20171127_064929,479180,0,19961,0
1,KVBX20171127_145316_V06,5.731,0.355,226.533,257.220,12.182,-120.798,35.030,6091.042,42507.597,20171127_065316,479181,4,20038,1
6,KVBX20171127_160451_V06,77.314,0.063,195.778,223.705,21.268,-120.968,35.181,10634.182,64581.927,20171127_080451,479167,4,22319,3
2,KVBX20171130_143527_V06,-14.801,0.629,65.328,133.179,16.007,-121.690,35.583,8003.520,143962.064,20171130_063527,479166,0,10645,0
2,KVBX20171130_144512_V06,-5.051,0.200,63.197,129.112,30.348,-121.702,35.601,15173.767,146012.525,20171130_064512,479160,0,11067,0
2,KVBX20171130_150440_V06,14.415,0.336,55.455,129.001,37.375,-121.745,35.601,18687.316,149200.218,20171130_070440,479169,0,11954,0
5,KVBX20171130_153352_V06,43.615,0.105,185.667,200.060,20.589,-121.024,35.287,10294.682,75927.521,20171130_073352,479175,1,10843,1
5,KVBX20171130_154337_V06,53.365,0.248,185.153,204.444,26.129,-121.027,35.267,13064.709,74700.598,20171130_074337,479164,0,11381,0
5,KVBX20171130_160304_V06,72.815,0.089,186.173,210.410,17.932,-121.021,35.240,8966.148,72427.614,20171130_080304,479170,1,13433,1
6,KVBX20171130_160304_V06,72.815,0.097,296.535,302.301,16.182,-120.415,34.828,8090.801,2079.613,20171130_080304,479170,1,13433,1
6,KVBX20171130_161248_V06,82.549,0.225,297.437,302.477,24.451,-120.410,34.827,12225.441,1782.293,20171130_081248,479175,0,13783,0
1,KVBX20171130_140615_V06,-44.001,0.071,71.207,112.291,10.180,-121.659,35.677,5089.900,147970.272,20171130_060615,479172,1,10779,1
2,KVBX20171202_153727_V06,45.441,0.588,65.337,291.348,25.953,-121.679,34.870,12976.519,117411.053,20171202_073727,479167,2,15013,0
2,KVBX20171202_154711_V06,55.175,0.099,60.948,290.339,33.810,-121.703,34.875,16905.063,119623.603,20171202_074711,479167,0,15023,0
1,KVBX20171202_150815_V06,16.241,0.282,28.671,298.732,34.812,-121.879,34.835,17405.781,135666.030,20171202_070815,479169,0,13899,0
4,KVBX20171202_153727_V06,45.441,0.092,20.555,409.589,18.980,-121.914,34.335,9489.822,150082.760,20171202_073727,479167,2,15013,0
5,KVBX20171202_153727_V06,45.441,0.055,47.110,327.280,16.959,-121.776,34.707,8479.502,127178.385,20171202_073727,479167,2,15013,0
2,KVBX20171203_143624_V06,-16.469,0.111,100.894,108.186,17.067,-121.496,35.698,8533.715,138235.096,20171203_063624,479167,1,37526,1
1,KVBX20171204_150256_V06,9.216,0.133,235.873,289.793,4.777,-120.747,34.884,2388.350,32466.906,20171204_070256,479176,1,16619,1
2,KVBX20171204_150256_V06,9.216,0.092,414.194,345.340,8.049,-119.773,34.632,4024.521,61432.862,20171204_070256,479176,1,16619,1
1,KVBX20171205_141904_V06,-35.485,0.051,190.128,406.233,13.420,-120.993,34.358,6709.755,76415.231,20171205_061904,479180,2,21885,0
2,KVBX20171205_143834_V06,-15.985,0.529,498.899,404.036,27.250,-119.315,34.364,13624.920,112232.257,20171205_063834,479165,1,23221,0
1,KVBX20171206_140624_V06,-48.971,0.053,514.346,411.732,28.478,-119.231,34.329,14239.061,120859.523,20171206_060624,479172,1,15832,0
1,KVBX20171207_162140_V06,85.490,0.087,439.914,384.666,39.830,-119.635,34.454,19914.816,81768.345,20171207_082140,479178,0,15796,0
3,KVBX20171208_143447_V06,-22.182,0.203,524.957,396.948,33.797,-119.173,34.395,16898.739,122478.897,20171208_063447,479169,0,15167,0
3,KVBX20171208_143818_V06,-18.665,0.391,523.928,396.902,38.497,-119.178,34.395,19248.610,121997.919,20171208_063818,479167,0,15048,0
3,KVBX20171208_144154_V06,-15.065,0.386,519.730,395.665,39.269,-119.201,34.401,19634.634,119825.884,20171208_064154,479169,0,15626,0
3,KVBX20171208_144528_V06,-11.499,0.374,516.087,394.968,39.571,-119.221,34.404,19785.539,118017.406,20171208_064528,479179,0,16006,0
3,KVBX20171208_144903_V06,-7.915,0.200,514.016,401.077,38.636,-119.232,34.377,19318.003,118342.279,20171208_064903,479189,1,16229,1
3,KVBX20171208_145245_V06,-4.215,0.414,512.672,397.948,41.527,-119.239,34.391,20763.455,117071.537,20171208_065245,479186,1,16380,1
3,KVBX20171208_145610_V06,-0.799,0.303,509.365,399.371,40.497,-119.258,34.385,20248.378,115875.538,20171208_065610,479179,1,16536,0
3,KVBX20171208_150324_V06,6.435,0.434,507.837,399.221,44.463,-119.266,34.386,22231.270,115153.172,20171208_070324,479184,0,16969,0
3,KVBX20171208_150700_V06,10.035,0.449,504.048,400.585,43.345,-119.287,34.380,21672.714,113746.479,20171208_070700,479167,1,16655,0
1,KVBX20171208_140213_V06,-54.749,0.078,519.676,404.810,15.974,-119.202,34.360,7986.979,121699.287,20171208_060213,479183,0,15656,0
1,KVBX20171208_140547_V06,-51.182,0.077,520.743,405.818,21.082,-119.196,34.355,10540.876,122397.720,20171208_060547,479164,0,15675,0
2,KVBX20171208_142738_V06,-29.332,0.253,532.828,394.482,35.107,-119.130,34.406,17553.667,125633.998,20171208_062738,479167,0,15462,0
2,KVBX20171208_143117_V06,-25.682,0.146,531.542,395.488,39.497,-119.137,34.401,19748.270,125229.623,20171208_063117,479172,0,15007,0
5,KVBX20171208_150324_V06,6.435,0.063,415.025,342.848,9.712,-119.769,34.643,4855.835,61373.027,20171208_070324,479184,0,16969,0
6,KVBX20171209_144056_V06,-16.805,0.140,471.312,380.754,16.090,-119.463,34.471,8044.750,94695.415,20171209_064056,479182,0,15083,0
6,KVBX20171209_144431_V06,-13.221,0.236,471.330,379.898,21.137,-119.463,34.474,10568.439,94522.148,20171209_064431,479171,1,15561,0
6,KVBX20171209_144812_V06,-9.538,0.073,470.501,377.026,23.775,-119.468,34.487,11887.602,93546.176,20171209_064812,479171,1,15995,0
1,KVBX20171209_140126_V06,-56.305,0.208,470.193,381.206,16.216,-119.470,34.469,8107.916,94287.080,20171209_060126,479173,0,15714,0
1,KVBX20171209_140507_V06,-52.621,0.052,469.898,381.151,21.500,-119.471,34.469,10750.199,94142.192,20171209_060507,479161,0,15529,0
1,KVBX20171209_140842_V06,-49.038,0.376,471.210,376.510,18.050,-119.464,34.490,9024.971,93764.042,20171209_060842,479176,3,16168,1
1,KVBX20171209_141221_V06,-45.388,0.407,471.013,376.014,23.116,-119.465,34.492,11558.096,93573.228,20171209_061221,479172,0,15887,0
1,KVBX20171209_141557_V06,-41.788,0.182,470.271,374.400,20.498,-119.469,34.499,10248.817,92908.162,20171209_061557,479182,0,15841,0
1,KVBX20171209_141927_V06,-38.288,0.286,469.824,374.448,24.916,-119.471,34.499,12457.779,92713.175,20171209_061927,479170,0,15997,0
1,KVBX20171209_142307_V06,-34.621,-1.000,469.510,374.483,29.939,-119.473,34.499,14969.468,92576.142,20171209_062307,479168,3,16057,0
1,KVBX20171209_142642_V06,-31.038,0.056,470.491,381.723,16.662,-119.468,34.466,8330.967,94532.895,20171209_062642,479184,2,15921,0
1,KVBX20171209_143021_V06,-27.388,-1.000,470.491,381.723,22.465,-119.468,34.466,11232.717,94532.895,20171209_063021,479188,0,15986,0
1,KVBX20171209_143357_V06,-23.788,0.103,474.563,383.368,15.679,-119.446,34.459,7839.478,96724.440,20171209_063357,479173,0,15684,0
7,KVBX20171209_150232_V06,4.795,0.066,468.830,401.817,25.212,-119.478,34.376,12606.188,98577.811,20171209_070232,479182,0,17053,0
7,KVBX20171209_150558_V06,8.229,0.083,468.625,401.744,29.960,-119.479,34.376,14980.041,98471.315,20171209_070558,479169,0,17538,0
1,KVBX20171213_140620_V06,-54.314,0.056,521.840,421.154,23.940,-119.191,34.286,11969.845,126383.664,20171213_060620,479167,0,16885,0
1,KVBX20171213_140959_V06,-50.664,0.052,521.930,421.482,28.978,-119.191,34.285,14489.148,126501.771,20171213_060959,479161,0,16649,0
2,KVBX20171213_143853_V06,-21.764,0.058,521.975,409.903,18.068,-119.190,34.337,9034.029,123846.205,20171213_063853,479177,1,16046,0
3,KVBX20171213_154431_V06,43.870,0.059,493.432,433.522,12.901,-119.346,34.232,6450.426,117520.223,20171213_074431,479171,7,19364,6
4,KVBX20171213_162409_V06,83.503,0.069,33.692,418.305,30.509,-121.842,34.296,15254.570,145701.512,20171213_082409,479183,0,19559,0
1,KVBX20171214_154655_V06,45.592,0.130,83.729,332.526,38.411,-121.576,34.686,19205.713,109351.468,20171214_074655,479182,3,19386,1
1,KVBX20171214_155030_V06,49.175,0.089,83.338,333.504,42.518,-121.578,34.681,21259.174,109618.800,20171214_075030,479179,1,19828,0
2,KVBX20171214_160850_V06,67.508,0.093,30.597,404.948,48.080,-121.860,34.356,24039.974,144561.641,20171214_080850,479187,1,19921,0
2,KVBX20171214_161229_V06,71.158,0.067,38.528,371.599,41.437,-121.820,34.507,20718.613,135549.156,20171214_081229,479176,1,20208,0
1,KVBX20171215_140737_V06,-54.365,0.065,402.499,369.457,1.907,-119.838,34.524,953.581,61907.742,20171215_060737,479178,4,4917,2
1,KVBX20171216_140452_V06,-57.750,0.251,474.771,384.510,28.831,-119.445,34.453,14415.369,97065.699,20171216_060452,479169,1,33122,1
1,KVBX20171216_141437_V06,-48.000,0.442,484.251,379.776,43.218,-119.393,34.474,21608.983,100389.983,20171216_061437,479167,0,33238,0
1,KVBX20171216_142422_V06,-38.250,0.118,509.642,368.841,62.021,-119.254,34.522,31010.275,110327.658,20171216_062422,479171,2,32826,2
6,KVBX20171216_160144_V06,59.117,0.560,470.252,366.990,46.243,-119.469,34.533,23121.372,91478.863,20171216_080144,479168,12,13904,11
6,KVBX20171216_161127_V06,68.834,0.383,465.498,370.076,50.164,-119.495,34.519,25081.845,89861.064,20171216_081127,479171,1,12975,1
6,KVBX20171216_162112_V06,78.584,0.345,467.619,375.184,46.462,-119.483,34.496,23230.930,91854.327,20171216_082112,479164,7,12166,5
5,KVBX20171216_151301_V06,10.400,0.086,443.725,395.210,13.709,-119.614,34.406,6854.618,86200.261,20171216_071301,479170,1,17690,1
5,KVBX20171216_152245_V06,20.134,-1.000,443.725,395.210,29.185,-119.614,34.406,14592.618,86200.261,20171216_072245,479169,2,15996,2
5,KVBX20171216_153230_V06,29.884,-1.000,443.725,395.210,44.688,-119.614,34.406,22343.868,86200.261,20171216_073230,479168,4,13884,4
5,KVBX20171216_154214_V06,39.617,-1.000,443.725,395.210,60.164,-119.614,34.406,30081.868,86200.261,20171216_074214,479160,12,14574,12
5,KVBX20171216_160144_V06,59.117,0.062,518.926,433.352,67.995,-119.208,34.231,33997.446,128171.093,20171216_080144,479168,12,13904,11
4,KVBX20171216_150318_V06,0.684,0.250,454.025,385.159,23.672,-119.558,34.451,11835.938,87999.755,20171216_070318,479174,2,18777,2
1,KVBX20171217_160831_V06,65.289,0.117,295.940,333.180,6.782,-120.418,34.689,3391.075,16713.953,20171217_080831,479171,1,8191,1
1,KVBX20171223_152119_V06,14.938,0.059,412.220,343.961,7.227,-119.784,34.638,3613.739,60261.682,20171223_072119,479173,0,7489,0
4,KVBX20171224_141949_V06,-46.994,0.082,79.421,273.033,27.202,-121.603,34.954,13600.960,111110.664,20171224_061949,479171,0,5102,0
5,KVBX20171224_142934_V06,-37.244,0.096,190.885,327.236,10.693,-120.991,34.714,5346.384,56231.290,20171224_062934,479165,2,5427,1
4,KVBX20171225_152524_V06,18.185,0.053,157.125,277.587,38.800,-121.178,34.937,19399.912,72311.099,20171225_072524,479168,0,12250,0
4,KVBX20171225_153507_V06,27.902,0.088,165.440,294.836,25.895,-121.132,34.859,12947.571,67329.732,20171225_073507,479171,0,12193,0
6,KVBX20171225_160419_V06,57.102,0.084,321.637,291.785,20.565,-120.277,34.875,10282.436,11572.222,20171225_080419,479174,0,12423,0
1,KVBX20171226_141405_V06,-53.507,0.191,424.302,56.928,17.683,-119.707,35.932,8841.286,136505.605,20171226_061405,479170,0,8739,0
1,KVBX20171227_141108_V06,-56.803,0.054,72.049,426.192,14.581,-121.633,34.263,7290.733,130274.854,20171227_061108,479168,2,4076,1
2,KVBX20171227_144021_V06,-27.587,0.126,130.849,405.095,32.767,-121.315,34.361,16383.286,99570.530,20171227_064021,479174,2,3955,2
1,KVBX20171228_143023_V06,-37.870,0.085,173.584,225.616,16.757,-121.090,35.171,8378.716,73338.233,20171228_063023,479176,2,8119,0
2,KVBX20171228_144951_V06,-18.403,0.328,289.317,332.911,10.055,-120.454,34.690,5027.695,17300.921,20171228_064951,479172,0,11588,0
3,KVBX20171228_151905_V06,10.830,0.167,416.189,345.085,7.900,-119.762,34.633,3950.142,62315.004,20171228_071905,479173,0,11143,0
1,KVBX20171230_152230_V06,13.703,0.492,415.867,342.034,10.007,-119.764,34.647,5003.304,61627.750,20171230_072230,479165,1,10521,1
