track_id,filename,from_sunrise,det_score,x,y,r,lon,lat,radius,geo_dist,local_time,n_radar_pixels,n_refAbove40_pixels,n_xcorrAbove0.95_pixels,n_xcorrBelow0.95_refAbove40_pixels
2,KVBX20230601_131501_V06,25.687,0.050,34.062,385.918,55.361,-121.843,34.442,27680.271,139736.378,20230601_061501,479176,0,41540,0
2,KVBX20230604_124338_V06,-4.882,0.053,407.348,198.983,9.072,-119.806,35.292,4536.018,73702.360,20230604_054338,479181,0,44317,0
1,KVBX20230610_121521_V06,-32.277,0.130,373.581,367.940,5.952,-119.995,34.531,2976.053,50074.929,20230610_051521,479178,14,49522,0
1,KVBX20230614_121424_V06,-33.180,0.079,262.869,287.049,8.536,-120.599,34.896,4267.859,19662.328,20230614_051424,479174,0,45577,0
2,KVBX20230621_122948_V06,-18.697,0.583,178.379,203.150,16.689,-121.064,35.273,8344.727,77735.909,20230621_052948,479173,0,24670,0
2,KVBX20230621_123931_V06,-8.980,0.119,178.626,205.046,24.292,-121.063,35.264,12146.203,77051.727,20230621_053931,479177,0,22421,0
2,KVBX20230621_124914_V06,0.737,-1.000,178.858,206.829,32.364,-121.061,35.256,16182.105,76413.749,20230621_054914,479176,0,23067,0
2,KVBX20230621_130839_V06,20.153,0.537,173.112,151.901,64.535,-121.095,35.504,32267.254,97511.539,20230621_060839,479173,0,23022,0
1,KVBX20230621_122005_V06,-28.413,0.075,187.040,209.970,23.391,-121.016,35.242,11695.436,72224.077,20230621_052005,479175,0,27232,0
3,KVBX20230621_124914_V06,0.737,0.097,172.982,146.245,62.706,-121.096,35.529,31353.207,99717.359,20230621_054914,479176,0,23067,0
3,KVBX20230627_132128_V06,31.259,0.112,281.632,369.096,5.061,-120.496,34.527,2530.369,35747.704,20230627_062128,479177,0,32546,0
3,KVBX20230627_133111_V06,40.976,-1.000,281.632,369.096,20.510,-120.496,34.527,10255.119,35747.704,20230627_063111,479179,0,32033,0
3,KVBX20230627_134054_V06,50.692,0.177,277.875,366.782,6.664,-120.516,34.537,3332.098,35176.026,20230627_064054,479178,0,31763,0
1,KVBX20230628_124252_V06,-7.702,0.096,407.408,197.599,8.137,-119.805,35.298,4068.638,74199.629,20230628_054252,479175,0,35797,0
2,KVBX20230628_130217_V06,11.715,0.058,368.381,119.049,12.033,-120.018,35.653,6016.380,96720.314,20230628_060217,479176,0,34296,0
1,KVBX20230629_124300_V06,-7.949,0.065,373.062,229.244,8.342,-119.995,35.156,4170.879,50854.072,20230629_054300,479173,0,36211,0
1,KVBX20230701_121238_V06,-39.136,0.653,27.650,419.844,41.332,-121.875,34.289,20666.088,148775.712,20230701_051238,479175,0,38301,0
1,KVBX20230701_122220_V06,-29.436,0.779,32.277,415.342,42.570,-121.850,34.309,21285.062,145756.224,20230701_052220,479175,0,39806,0
2,KVBX20230701_131049_V06,19.047,0.148,25.368,314.278,31.924,-121.896,34.764,15961.964,137501.507,20230701_061049,479176,0,37816,0
2,KVBX20230701_132031_V06,28.747,-1.000,25.368,314.278,47.347,-121.896,34.764,23673.464,137501.507,20230701_062031,479176,0,36885,0
2,KVBX20230701_133013_V06,38.447,0.143,25.609,308.785,30.679,-121.895,34.789,15339.651,137265.963,20230701_063013,479176,0,37167,0
1,KVBX20230702_140922_V06,77.159,0.141,331.394,426.483,20.448,-120.225,34.268,10223.778,65160.396,20230702_070922,479174,0,34992,0
1,KVBX20230703_133137_V06,38.952,0.084,18.211,239.025,13.920,-121.941,35.103,6959.829,144155.448,20230703_063137,479178,0,35000,0
1,KVBX20230703_134120_V06,48.669,0.052,19.022,242.998,26.221,-121.936,35.085,13110.731,143350.834,20230703_064120,479177,12,34712,12
3,KVBX20230703_141029_V06,77.819,0.077,143.436,338.089,18.169,-121.250,34.663,9084.687,80565.059,20230703_071029,479175,0,31940,0
3,KVBX20230703_142011_V06,87.519,0.192,151.217,336.718,26.472,-121.207,34.670,13236.027,76623.275,20230703_072011,479177,0,31595,0
2,KVBX20230703_134120_V06,48.669,0.079,183.519,415.378,29.273,-121.029,34.316,14636.471,81975.607,20230703_064120,479177,12,34712,12
1,KVBX20230704_134323_V06,50.244,0.062,295.541,482.078,20.357,-120.420,34.017,10178.541,91066.341,20230704_064323,479179,0,34602,0
1,KVBX20230704_140246_V06,69.628,0.297,299.737,490.155,34.513,-120.397,33.981,17256.714,95077.667,20230704_070246,479176,0,30952,0
1,KVBX20230706_124504_V06,-9.072,0.238,412.404,199.502,7.846,-119.778,35.289,3923.237,75389.911,20230706_054504,479176,0,50630,0
3,KVBX20230706_134317_V06,49.144,0.096,34.123,282.600,59.914,-121.851,34.908,29956.810,133222.715,20230706_064317,479177,0,51868,0
4,KVBX20230706_141225_V06,78.278,0.063,370.043,393.042,28.106,-120.015,34.418,14052.908,58229.788,20230706_071225,479177,0,49950,0
1,KVBX20230708_120444_V06,-50.471,0.265,26.022,428.594,39.863,-121.883,34.249,19931.435,151327.600,20230708_050444,479176,0,47488,0
2,KVBX20230708_120444_V06,-50.471,0.065,307.454,416.625,4.407,-120.355,34.312,2203.451,58431.457,20230708_050444,479176,0,47488,0
4,KVBX20230708_121745_V06,-37.454,0.136,35.692,425.852,47.718,-121.831,34.262,23859.217,146370.332,20230708_051745,479176,0,45798,0
9,KVBX20230708_131911_V06,23.979,0.141,47.429,475.537,63.881,-121.763,34.039,31940.544,153789.655,20230708_061911,479175,0,40082,0
2,KVBX20230709_120222_V06,-53.393,0.058,262.236,398.959,2.088,-120.601,34.392,1043.970,52959.944,20230709_050222,479172,0,39270,0
3,KVBX20230709_130035_V06,4.823,0.280,376.291,156.414,9.868,-119.975,35.484,4933.914,81297.837,20230709_060035,479176,0,39115,0
4,KVBX20230709_130035_V06,4.823,0.061,25.961,436.621,31.235,-121.883,34.213,15617.443,153103.352,20230709_060035,479176,0,39115,0
5,KVBX20230709_130035_V06,4.823,0.050,33.389,365.969,63.162,-121.848,34.532,31581.017,137325.601,20230709_060035,479176,0,39115,0
6,KVBX20230709_131019_V06,14.557,0.114,29.423,210.753,48.689,-121.882,35.231,24344.372,142457.592,20230709_061019,479177,0,39246,0
1,KVBX20230711_123737_V06,-19.298,0.153,354.749,255.002,8.187,-120.096,35.040,4093.475,35434.222,20230711_053737,479174,0,21974,0
1,KVBX20230712_120706_V06,-50.413,0.074,371.018,369.377,8.384,-120.009,34.525,4191.984,49640.505,20230712_050706,479176,0,26447,0
2,KVBX20230712_130516_V06,7.754,0.115,47.943,107.170,53.402,-121.788,35.699,26700.878,158678.983,20230712_060516,479174,0,30815,0
3,KVBX20230712_132440_V06,27.154,0.111,60.986,199.159,69.662,-121.710,35.285,34830.826,129707.941,20230712_062440,479180,0,30932,0
4,KVBX20230712_133421_V06,36.837,0.065,123.608,274.069,24.074,-121.361,34.951,12037.077,89143.752,20230712_063421,479176,0,29985,0
4,KVBX20230713_133429_V06,36.359,0.218,65.150,238.438,66.550,-121.684,35.109,33275.249,121392.448,20230713_063429,479177,0,24019,0
4,KVBX20230713_134410_V06,46.043,0.159,67.796,248.420,71.988,-121.669,35.064,35993.929,118931.987,20230713_064410,479176,0,24687,0
1,KVBX20230713_123618_V06,-21.824,0.110,184.025,422.214,16.811,-121.026,34.286,8405.453,84241.413,20230713_053618,479174,0,29332,0
2,KVBX20230713_124600_V06,-12.124,0.104,402.834,204.718,3.374,-119.831,35.266,1686.790,70095.390,20230713_054600,479178,0,25060,0
1,KVBX20230714_131806_V06,19.353,0.076,296.040,379.080,29.198,-120.417,34.482,14599.100,39589.712,20230714_061806,479179,0,25256,0
2,KVBX20230714_134711_V06,48.436,0.284,180.844,202.349,29.584,-121.051,35.276,14791.920,77029.120,20230714_064711,479176,0,25254,0
1,KVBX20230715_130346_V06,4.385,0.052,139.485,166.997,59.137,-121.280,35.434,29568.600,104229.444,20230715_060346,479175,0,41965,0
1,KVBX20230719_121248_V06,-49.222,0.066,23.500,139.607,24.586,-121.921,35.551,12293.056,159826.412,20230719_051248,479171,0,27005,0
2,KVBX20230719_131058_V06,8.945,0.076,35.405,397.668,54.355,-121.834,34.389,27177.349,141022.684,20230719_061058,479179,0,23915,0
3,KVBX20230719_140910_V06,67.145,0.086,26.893,213.026,45.943,-121.896,35.221,22971.416,143310.671,20230719_070910,479177,0,22593,0
1,KVBX20230720_123044_V06,-31.971,0.050,273.434,561.643,22.827,-120.539,33.659,11413.267,131494.277,20230720_053044,479178,35,32728,35
1,KVBX20230721_122821_V06,-35.045,0.466,183.935,203.058,10.226,-121.034,35.273,5112.778,75612.071,20230721_052821,479172,0,27801,0
2,KVBX20230721_130822_V06,4.972,0.108,167.292,207.198,25.528,-121.125,35.254,12763.889,80968.632,20230721_060822,479172,0,31215,0
1,KVBX20230722_133735_V06,33.491,0.215,104.859,297.148,46.238,-121.463,34.846,23119.038,97580.859,20230722_063735,479185,0,37379,0
3,KVBX20230722_140959_V06,65.891,0.050,130.766,172.472,15.736,-121.327,35.409,7867.811,105952.367,20230722_070959,479177,0,33628,0
1,KVBX20230723_122936_V06,-35.196,0.057,239.659,518.987,33.050,-120.722,33.851,16525.061,113574.238,20230723_052936,479180,1,43896,1
1,KVBX20230724_122946_V06,-35.739,0.055,108.028,204.214,10.353,-121.451,35.265,5176.500,107270.690,20230724_052946,479174,0,25126,0
2,KVBX20230724_141730_V06,71.994,0.055,175.101,400.956,24.540,-121.075,34.381,12270.052,80299.287,20230724_071730,479174,0,24914,0
6,KVBX20230725_123551_V06,-30.371,0.592,38.528,381.122,55.531,-121.819,34.464,27765.659,136883.397,20230725_053551,479175,0,26986,0
6,KVBX20230725_124533_V06,-20.671,0.500,39.191,378.835,62.702,-121.815,34.474,31351.143,136231.774,20230725_054533,479175,0,29856,0
6,KVBX20230725_130456_V06,-1.288,0.126,55.361,351.134,70.223,-121.729,34.600,35111.478,124962.867,20230725_060456,479177,0,23971,0
6,KVBX20230725_131548_V06,9.579,0.680,48.643,347.175,67.927,-121.766,34.618,33963.309,127872.881,20230725_061548,479179,0,24950,0
6,KVBX20230725_132529_V06,19.262,0.105,53.020,338.499,65.043,-121.743,34.657,32521.319,124981.473,20230725_062529,479175,0,24304,0
6,KVBX20230725_133511_V06,28.962,-1.000,56.623,330.148,62.332,-121.724,34.695,31166.091,122618.403,20230725_063511,479178,0,23987,0
6,KVBX20230725_134452_V06,38.645,0.105,67.157,303.078,74.055,-121.668,34.818,37027.503,116431.691,20230725_064452,479178,0,23123,0
6,KVBX20230725_140414_V06,58.012,0.076,69.280,309.848,75.141,-121.656,34.787,37570.388,115465.109,20230725_070414,479177,0,21373,0
6,KVBX20230725_141356_V06,67.712,0.136,73.487,307.615,72.441,-121.633,34.797,36220.346,113320.512,20230725_071356,479177,0,22101,0
8,KVBX20230725_131548_V06,9.579,0.337,162.862,226.076,24.836,-121.149,35.169,12417.969,77896.445,20230725_061548,479179,0,24950,0
8,KVBX20230725_132529_V06,19.262,0.292,164.966,221.942,35.129,-121.137,35.188,17564.346,77985.703,20230725_062529,479175,0,24304,0
8,KVBX20230725_133511_V06,28.962,0.355,161.866,216.185,34.516,-121.154,35.213,17258.143,80786.642,20230725_063511,479178,0,23987,0
8,KVBX20230725_134452_V06,38.645,0.069,156.103,210.509,36.694,-121.186,35.239,18347.057,84727.655,20230725_064452,479178,0,23123,0
4,KVBX20230725_122608_V06,-40.088,0.164,142.875,169.490,54.039,-121.261,35.423,27019.341,102128.732,20230725_052608,479174,0,25244,0
4,KVBX20230725_123551_V06,-30.371,0.124,142.907,170.168,61.889,-121.261,35.420,30944.413,101899.850,20230725_053551,479175,0,26986,0
1,KVBX20230725_120715_V06,-58.971,0.225,32.495,413.577,44.000,-121.849,34.317,21999.878,145308.995,20230725_050715,479175,4,35068,4
1,KVBX20230725_121148_V06,-54.421,-1.000,32.495,413.577,51.234,-121.849,34.317,25617.128,145308.995,20230725_051148,479174,0,34973,0
1,KVBX20230725_121627_V06,-49.771,0.083,39.267,369.331,49.718,-121.816,34.517,24859.133,134896.640,20230725_051627,479177,9,24749,0
3,KVBX20230725_122608_V06,-40.088,0.182,57.575,128.878,40.212,-121.734,35.602,20105.869,148368.342,20230725_052608,479174,0,25244,0
9,KVBX20230725_131548_V06,9.579,0.063,140.576,297.137,37.686,-121.267,34.848,18842.773,79725.070,20230725_061548,479179,0,24950,0
10,KVBX20230725_133511_V06,28.962,0.057,59.994,134.005,38.120,-121.720,35.579,19060.081,145908.668,20230725_063511,479178,0,23987,0
1,KVBX20230726_122045_V06,-46.192,0.076,149.363,215.171,23.928,-121.223,35.218,11964.222,86439.659,20230726_052045,479178,0,32884,0
2,KVBX20230726_123431_V06,-32.425,0.084,173.732,212.754,27.608,-121.089,35.229,13804.056,76738.810,20230726_053431,479180,0,34131,0
2,KVBX20230726_123904_V06,-27.875,0.060,153.113,166.231,55.404,-121.205,35.438,27701.876,99334.941,20230726_053904,479177,0,27580,0
3,KVBX20230726_123904_V06,-27.875,0.136,205.917,395.029,18.340,-120.907,34.409,9170.118,66862.067,20230726_053904,479177,0,27580,0
5,KVBX20230726_131750_V06,10.891,0.097,301.604,363.215,30.413,-120.387,34.553,15206.697,31617.425,20230726_061750,479178,1,24477,0
6,KVBX20230726_132846_V06,21.825,0.052,130.657,169.172,20.756,-121.328,35.424,10377.996,106996.477,20230726_062846,479175,0,25033,0
2,KVBX20230727_141734_V06,69.900,0.090,45.045,408.939,20.848,-121.781,34.339,10424.036,138627.076,20230727_071734,479176,176,26398,174
3,KVBX20230728_122801_V06,-40.379,0.052,193.238,228.027,22.578,-120.982,35.161,11289.148,64378.156,20230728_052801,479175,7,24971,7
3,KVBX20230728_123743_V06,-30.679,0.052,198.229,232.927,31.955,-120.954,35.139,15977.507,60942.982,20230728_053743,479176,0,26051,0
6,KVBX20230728_134534_V06,37.171,0.060,184.126,225.765,25.242,-121.032,35.171,12620.905,68807.049,20230728_064534,479176,0,24204,0
6,KVBX20230728_140608_V06,57.737,0.768,192.336,226.340,26.961,-120.987,35.169,13480.268,65225.216,20230728_070608,479176,0,23364,0
1,KVBX20230728_120838_V06,-59.763,0.436,189.436,223.320,17.435,-121.003,35.182,8717.720,67275.755,20230728_050838,479176,0,25796,0
4,KVBX20230728_130648_V06,-1.596,0.091,66.203,155.346,37.225,-121.684,35.483,18612.526,137464.312,20230728_060648,479175,25,23934,25
5,KVBX20230728_131629_V06,8.087,0.297,187.678,221.714,25.934,-121.012,35.189,12966.919,68455.982,20230728_061629,479179,6,25256,6
3,KVBX20230729_122611_V06,-42.945,0.064,163.104,213.474,32.214,-121.148,35.226,16107.038,80974.042,20230729_052611,479171,148,36471,146
3,KVBX20230729_123038_V06,-38.495,0.063,162.796,213.754,37.593,-121.149,35.224,18796.643,81029.456,20230729_053038,479183,74,36486,74
3,KVBX20230729_123505_V06,-34.045,0.139,145.103,197.195,48.740,-121.247,35.298,24370.085,92954.114,20230729_053505,479183,131,37282,131
10,KVBX20230729_133252_V06,23.738,0.129,19.839,390.545,17.246,-121.920,34.420,8622.908,147214.814,20230729_063252,479179,69,35098,69
10,KVBX20230729_133718_V06,28.171,0.300,19.652,392.322,23.251,-121.921,34.412,11625.282,147578.942,20230729_063718,479178,85,34956,84
11,KVBX20230729_135036_V06,41.471,0.135,167.862,223.765,27.957,-121.121,35.179,13978.636,76276.152,20230729_065036,479181,24,34258,24
11,KVBX20230729_135503_V06,45.921,0.123,165.516,221.408,33.274,-121.134,35.190,16636.773,77882.575,20230729_065503,479176,66,33667,65
11,KVBX20230729_140349_V06,54.688,0.059,159.147,211.137,24.725,-121.170,35.236,12362.291,83270.931,20230729_070349,479181,198,33172,188
12,KVBX20230729_135503_V06,45.921,0.101,42.464,339.998,16.612,-121.800,34.650,8305.822,130311.534,20230729_065503,479176,66,33667,65
12,KVBX20230729_140349_V06,54.688,0.103,43.545,340.077,25.368,-121.795,34.649,12684.124,129783.579,20230729_070349,479181,198,33172,188
1,KVBX20230729_121715_V06,-51.879,0.178,190.060,218.816,21.561,-120.999,35.202,10780.725,68333.140,20230729_051715,479175,9,36270,9
2,KVBX20230729_121715_V06,-51.879,0.080,17.739,503.195,23.600,-121.922,33.913,11800.241,173896.058,20230729_051715,479175,9,36270,9
5,KVBX20230729_125255_V06,-16.212,0.077,142.235,336.205,26.052,-121.257,34.672,13025.898,80932.988,20230729_055255,479173,62,38826,61
6,KVBX20230729_130151_V06,-7.279,0.059,158.175,174.664,57.742,-121.176,35.400,28871.185,94635.150,20230729_060151,479182,2,34320,2
7,KVBX20230729_131931_V06,10.388,0.198,45.840,277.384,20.520,-121.787,34.932,10259.950,127582.111,20230729_061931,479186,0,35647,0
8,KVBX20230729_132358_V06,14.838,0.117,175.195,219.303,29.396,-121.081,35.200,14698.065,74310.795,20230729_062358,479178,0,35464,0
2,KVBX20230730_130405_V06,-5.781,0.518,199.466,221.719,28.232,-120.948,35.190,14116.009,63708.500,20230730_060405,479181,0,34439,0
2,KVBX20230730_130844_V06,-1.131,0.220,199.552,221.295,34.183,-120.947,35.192,17091.293,63804.843,20230730_060844,479179,0,34435,0
2,KVBX20230730_131323_V06,3.519,-1.000,199.620,220.963,40.447,-120.947,35.193,20223.289,63880.668,20230730_061323,479172,0,34506,0
2,KVBX20230730_131801_V06,8.152,0.150,199.068,217.322,33.264,-120.950,35.209,16632.086,65236.195,20230730_061801,479175,0,34472,0
1,KVBX20230730_124537_V06,-24.248,0.063,187.970,179.724,61.424,-121.012,35.379,30711.861,82184.364,20230730_054537,479174,0,40687,0
4,KVBX20230730_133158_V06,22.102,0.050,200.552,222.248,29.963,-120.942,35.187,14981.421,63117.329,20230730_063158,479179,0,32213,0
1,KVBX20230731_122814_V06,-42.370,0.091,194.177,215.810,31.364,-120.977,35.216,15682.203,67613.876,20230731_052814,479176,0,22574,0
1,KVBX20230731_123756_V06,-32.670,0.056,193.379,202.381,51.926,-120.982,35.277,25963.026,72279.973,20230731_053756,479176,0,23448,0
3,KVBX20230731_132621_V06,15.746,0.208,197.916,218.020,27.650,-120.956,35.206,13825.083,65463.631,20230731_062621,479175,2,22225,2
3,KVBX20230731_133603_V06,25.446,0.063,195.693,220.127,35.170,-120.969,35.197,17584.914,65688.143,20230731_063603,479175,0,22394,0
2,KVBX20230731_130659_V06,-3.620,0.064,386.243,314.527,22.405,-119.925,34.772,11202.614,43728.769,20230731_060659,479177,0,19425,0
4,KVBX20230731_142544_V06,75.130,0.057,206.094,238.800,23.614,-120.911,35.113,11806.993,56044.150,20230731_072544,479171,1,23843,1
1,KVBX20230801_141815_V06,66.905,0.066,308.331,565.102,23.531,-120.351,33.643,11765.406,132616.253,20230801_071815,479178,95,25626,94
1,KVBX20230805_124124_V06,-32.932,0.143,183.108,213.291,27.644,-121.038,35.227,13822.182,72770.450,20230805_054124,479177,0,28639,0
1,KVBX20230805_130048_V06,-13.532,0.570,162.958,195.124,31.387,-121.149,35.308,15693.639,86283.722,20230805_060048,479178,0,28521,0
1,KVBX20230805_131031_V06,-3.815,0.057,168.025,187.966,35.224,-121.122,35.341,17612.079,86557.717,20230805_061031,479175,0,23342,0
3,KVBX20230805_132956_V06,15.601,0.092,28.096,119.517,17.053,-121.897,35.642,8526.395,163176.423,20230805_062956,479177,0,22748,0
4,KVBX20230805_133938_V06,25.301,0.583,112.026,420.584,41.345,-121.417,34.290,20672.506,111663.092,20230805_063938,479178,0,22774,0
4,KVBX20230805_134920_V06,35.001,0.050,76.875,396.615,85.314,-121.609,34.397,42656.914,121572.250,20230805_064920,479176,0,23421,0
6,KVBX20230805_133938_V06,25.301,0.052,403.898,205.104,17.242,-119.825,35.264,8620.789,70356.278,20230805_063938,479178,0,22774,0
8,KVBX20230805_140844_V06,54.401,0.146,24.685,181.057,22.966,-121.911,35.365,11482.882,149954.777,20230805_070844,479176,0,25025,0
9,KVBX20230805_141827_V06,64.118,0.236,179.304,219.049,20.852,-121.059,35.201,10426.161,72664.645,20230805_071827,479178,0,25788,0
1,KVBX20230806_121550_V06,-59.249,0.118,172.838,323.282,7.145,-121.090,34.731,3572.599,64637.911,20230806_051550,479177,0,33195,0
3,KVBX20230806_140229_V06,47.401,0.253,164.958,434.858,16.932,-121.129,34.228,8465.862,95424.091,20230806_070229,479176,0,28612,0
2,KVBX20230810_122242_V06,-55.395,0.057,18.557,232.149,14.963,-121.940,35.134,7481.472,144753.104,20230810_052242,479181,57,71473,0
1,KVBX20230813_131337_V06,-6.740,0.076,355.485,414.733,30.446,-120.094,34.321,15223.196,63722.249,20230813_061337,479182,0,35997,0
1,KVBX20230815_143956_V06,78.072,0.139,26.839,426.224,43.272,-121.879,34.260,21636.192,150457.151,20230815_073956,479180,0,39537,0
1,KVBX20230819_132443_V06,-0.141,0.073,408.300,275.904,37.206,-119.803,34.945,18603.073,55474.045,20230819_062443,479175,0,30494,0
2,KVBX20230819_134407_V06,19.259,0.584,393.417,233.672,18.304,-119.883,35.136,9152.157,57284.669,20230819_064407,479174,0,32422,0
3,KVBX20230819_134407_V06,19.259,0.062,298.463,423.969,35.069,-120.404,34.279,17534.678,61989.047,20230819_064407,479174,0,32422,0
2,KVBX20230820_144804_V06,82.463,0.077,264.223,371.030,6.517,-120.591,34.518,3258.324,39765.628,20230820_074804,479179,0,30938,0
1,KVBX20230823_133521_V06,7.522,0.065,308.916,362.773,30.469,-120.347,34.555,15234.699,31701.579,20230823_063521,479173,0,25223,0
2,KVBX20230823_141408_V06,46.305,0.080,319.847,570.117,30.219,-120.289,33.620,15109.668,135422.523,20230823_071408,479174,0,27308,0
1,KVBX20230824_140229_V06,33.918,0.119,287.753,169.721,5.203,-120.463,35.425,2601.307,65426.638,20230824_070229,479179,0,35945,0
1,KVBX20230825_141956_V06,50.632,0.162,41.624,312.868,89.287,-121.807,34.772,44643.673,129347.891,20230825_071956,479172,0,46532,0
1,KVBX20230825_142938_V06,60.332,0.051,40.299,364.902,66.021,-121.810,34.537,33010.551,133844.108,20230825_072938,479178,0,44398,0
6,KVBX20230827_141243_V06,41.951,0.053,183.435,212.471,16.761,-121.036,35.231,8380.438,72884.964,20230827_071243,479178,0,33728,0
6,KVBX20230827_141715_V06,46.484,0.070,182.555,212.642,22.697,-121.041,35.230,11348.445,73185.955,20230827_071715,479179,0,33689,0
6,KVBX20230827_142148_V06,51.034,0.065,182.383,209.442,17.256,-121.042,35.244,8627.888,74220.151,20230827_072148,479177,0,33611,0
6,KVBX20230827_142620_V06,55.567,0.519,184.822,210.851,24.683,-121.029,35.238,12341.258,72824.045,20230827_072620,479169,0,33684,0
6,KVBX20230827_143101_V06,60.251,-1.000,186.773,211.978,32.304,-121.018,35.233,16151.964,71708.028,20230827_073101,479177,0,23827,0
6,KVBX20230827_144042_V06,69.934,0.122,193.210,217.665,13.486,-120.982,35.208,6742.990,67422.518,20230827_074042,479174,0,22686,0
1,KVBX20230827_131304_V06,-17.699,0.223,158.646,203.645,18.600,-121.173,35.270,9300.106,85535.469,20230827_061304,479177,0,40284,0
2,KVBX20230827_134507_V06,14.351,0.097,145.758,169.356,62.539,-121.245,35.424,31269.253,101067.570,20230827_064507,479183,0,36367,0
2,KVBX20230827_134947_V06,19.017,0.068,155.900,177.277,51.689,-121.189,35.389,25844.395,94638.365,20230827_064947,479183,0,34692,0
4,KVBX20230827_140810_V06,37.401,0.216,160.933,176.122,53.542,-121.161,35.394,26771.215,93120.065,20230827_070810,479183,0,34571,0
1,KVBX20230828_132120_V06,-10.162,0.082,355.956,268.198,40.995,-120.089,34.981,20497.440,32180.980,20230828_062120,479177,0,21382,0
2,KVBX20230829_140439_V06,32.427,0.064,134.466,179.711,29.643,-121.307,35.377,14821.501,102311.728,20230829_070439,479175,0,21559,0
2,KVBX20230829_141419_V06,42.093,0.340,136.714,183.111,35.469,-121.294,35.362,17734.596,100405.612,20230829_071419,479172,0,21639,0
2,KVBX20230829_142400_V06,51.777,0.192,138.030,186.566,33.554,-121.287,35.346,16776.870,98870.383,20230829_072400,479177,3,21776,3
4,KVBX20230829_143341_V06,61.460,0.356,46.951,141.185,44.559,-121.791,35.546,22279.459,149378.766,20230829_073341,479177,5,22716,5
4,KVBX20230829_144322_V06,71.143,0.106,48.635,143.098,51.021,-121.782,35.537,25510.572,148157.611,20230829_074322,479180,0,22651,0
1,KVBX20230829_130632_V06,-25.690,0.055,214.148,241.451,17.301,-120.867,35.101,8650.688,51958.025,20230829_060632,479174,18,25187,18
5,KVBX20230829_143341_V06,61.460,0.103,200.993,304.250,12.644,-120.937,34.818,6322.132,49549.184,20230829_073341,479177,5,22716,5
1,KVBX20230901_140626_V06,32.036,0.062,367.739,378.694,6.367,-120.027,34.483,3183.613,51916.697,20230901_070626,479171,0,45230,0
1,KVBX20230909_124312_V06,-56.958,0.100,24.818,428.059,37.013,-121.890,34.252,18506.662,151760.059,20230909_054312,479175,6,37100,0
2,KVBX20230909_125216_V06,-47.891,0.166,35.731,356.715,39.843,-121.836,34.574,19921.623,135142.991,20230909_055216,479175,7,36775,0
3,KVBX20230909_132336_V06,-16.558,0.172,42.906,303.068,44.040,-121.801,34.816,22019.808,128556.323,20230909_062336,479177,5,40429,0
4,KVBX20230909_142058_V06,40.809,0.088,181.549,420.232,23.426,-121.039,34.294,11713.215,84389.500,20230909_072058,479174,0,32721,0
5,KVBX20230909_142058_V06,40.809,0.073,32.566,392.552,53.196,-121.850,34.412,26597.935,141498.231,20230909_072058,479174,0,32721,0
6,KVBX20230909_143422_V06,54.209,0.226,25.613,356.255,33.778,-121.891,34.575,16889.191,140047.200,20230909_073422,479180,0,32790,0
7,KVBX20230909_143850_V06,58.676,0.169,182.167,227.301,25.105,-121.043,35.164,12552.366,69227.600,20230909_073850,479179,0,32039,0
1,KVBX20230910_124550_V06,-55.043,0.229,282.364,561.856,10.880,-120.491,33.658,5440.090,131224.682,20230910_054550,479177,157,60489,28
1,KVBX20230910_125023_V06,-50.493,0.139,281.747,561.210,17.280,-120.494,33.661,8640.185,130923.511,20230910_055023,479179,111,59083,38
3,KVBX20230910_130401_V06,-36.860,0.401,176.120,364.559,23.875,-121.071,34.545,11937.498,69846.404,20230910_060401,479183,68,59674,20
3,KVBX20230910_130833_V06,-32.327,0.430,176.610,363.458,28.312,-121.068,34.550,14156.145,69375.743,20230910_060833,479175,51,60542,24
5,KVBX20230910_130833_V06,-32.327,0.069,332.412,450.948,27.312,-120.220,34.158,13656.005,77194.397,20230910_060833,479175,51,60542,24
5,KVBX20230910_131305_V06,-27.793,-1.000,332.412,450.948,34.520,-120.220,34.158,17260.005,77194.397,20230910_061305,479180,229,61131,117
5,KVBX20230910_131737_V06,-23.260,0.173,338.432,441.601,26.533,-120.187,34.200,13266.285,73361.965,20230910_061737,479178,548,61403,298
5,KVBX20230910_132216_V06,-18.610,0.288,342.719,435.868,23.153,-120.164,34.225,11576.271,71212.933,20230910_062216,479179,549,62789,306
9,KVBX20230910_132655_V06,-13.960,0.304,166.804,364.201,21.482,-121.121,34.547,10740.765,73930.831,20230910_062655,479185,583,64965,401
5,KVBX20230911_132209_V06,-19.446,0.153,168.942,220.330,18.917,-121.115,35.195,9458.485,76687.051,20230911_062209,479176,31,39474,31
5,KVBX20230911_132655_V06,-14.679,-1.000,168.942,220.330,26.496,-121.115,35.195,13247.985,76687.051,20230911_062655,479183,21,40999,21
5,KVBX20230911_133144_V06,-9.863,0.186,163.380,212.108,28.764,-121.146,35.232,14382.040,81225.240,20230911_063144,479179,23,37172,23
5,KVBX20230911_133631_V06,-5.079,0.307,167.277,206.645,28.180,-121.125,35.257,14090.106,81133.518,20230911_063631,479176,44,34588,44
5,KVBX20230911_134119_V06,-0.279,-1.000,168.447,200.961,29.043,-121.119,35.282,14521.443,82332.991,20230911_064119,479171,49,35877,49
5,KVBX20230911_134606_V06,4.504,0.575,172.740,211.779,28.139,-121.095,35.234,14069.542,77424.273,20230911_064606,479178,18,37809,18
5,KVBX20230911_135108_V06,9.537,-1.000,175.562,214.229,28.144,-121.079,35.223,14071.973,75567.120,20230911_065108,479179,2,37090,2
5,KVBX20230911_140042_V06,19.104,0.316,168.080,207.672,30.537,-121.121,35.252,15268.471,80510.108,20230911_070042,479182,7,38471,7
5,KVBX20230911_140530_V06,23.904,0.297,166.028,205.797,31.207,-121.132,35.260,15603.490,81888.201,20230911_070530,479180,2,38569,2
5,KVBX20230911_141018_V06,28.704,0.076,160.305,209.256,29.917,-121.163,35.245,14958.416,83290.299,20230911_071018,479179,1,38848,1
1,KVBX20230911_124938_V06,-51.963,0.090,144.475,212.075,17.171,-121.250,35.231,8585.333,89329.139,20230911_054938,479184,0,37567,0
1,KVBX20230911_125410_V06,-47.429,0.251,142.571,208.827,25.385,-121.261,35.246,12692.629,90962.240,20230911_055410,479176,0,36790,0
3,KVBX20230911_130315_V06,-38.346,0.173,119.175,166.120,46.289,-121.392,35.437,23144.554,112496.136,20230911_060315,479173,1,36733,1
3,KVBX20230911_130748_V06,-33.796,0.357,120.562,169.696,54.023,-121.384,35.421,27011.362,110879.515,20230911_060748,479180,1,36385,1
3,KVBX20230911_131235_V06,-29.013,0.061,142.313,192.458,42.821,-121.263,35.320,21410.343,95433.980,20230911_061235,479178,0,37593,0
12,KVBX20230911_145209_V06,70.554,0.178,158.271,310.039,20.685,-121.170,34.790,10342.585,71042.084,20230911_075209,479172,3,36036,2
12,KVBX20230911_150115_V06,79.654,0.051,158.218,310.302,29.099,-121.170,34.789,14549.547,71077.971,20230911_080115,479177,13,35285,3
2,KVBX20230911_125410_V06,-47.429,0.073,21.258,275.253,22.324,-121.921,34.940,11162.146,139919.297,20230911_055410,479176,0,36790,0
8,KVBX20230911_135108_V06,9.537,0.081,162.638,315.661,17.324,-121.146,34.765,8661.764,69125.830,20230911_065108,479179,2,37090,2
10,KVBX20230911_141505_V06,33.487,0.058,116.057,399.114,75.623,-121.396,34.387,37811.558,104473.162,20230911_071505,479183,3,37788,1
10,KVBX20230911_141952_V06,38.271,0.058,142.743,421.087,52.787,-121.250,34.289,26393.715,99237.059,20230911_071952,479181,0,38254,0
1,KVBX20230912_144910_V06,66.851,0.102,39.420,378.545,70.824,-121.814,34.476,35411.983,136080.407,20230912_074910,479176,0,32358,0
1,KVBX20230913_133147_V06,-11.252,0.077,439.528,293.564,17.051,-119.633,34.865,8525.352,69838.042,20230913_063147,479176,0,39305,0
2,KVBX20230913_143944_V06,56.698,0.070,31.090,419.388,52.796,-121.856,34.291,26398.125,147110.626,20230913_073944,479176,0,38720,0
1,KVBX20230915_134228_V06,-2.011,0.079,274.090,385.373,15.950,-120.537,34.453,7974.831,44609.353,20230915_064228,479180,0,31139,0
2,KVBX20230915_140152_V06,17.389,0.057,326.164,506.737,27.407,-120.254,33.906,13703.637,104193.168,20230915_070152,479178,0,33200,0
3,KVBX20230916_134132_V06,-3.666,0.060,325.032,132.958,4.905,-120.258,35.591,2452.606,84453.429,20230916_064132,479177,0,37763,0
3,KVBX20230916_140207_V06,16.917,0.090,373.286,90.137,17.649,-119.991,35.783,8824.460,111145.367,20230916_070207,479178,0,41868,0
1,KVBX20230916_134132_V06,-3.666,0.113,410.955,195.817,8.252,-119.786,35.306,4126.225,76100.413,20230916_064132,479177,0,37763,0
2,KVBX20230916_134132_V06,-3.666,0.076,366.707,408.538,31.628,-120.033,34.348,15814.060,63699.386,20230916_064132,479177,0,37763,0
1,KVBX20230917_134155_V06,-4.006,0.243,385.766,227.888,17.013,-119.925,35.162,8506.557,56026.739,20230917_064155,479176,0,25565,0
2,KVBX20230917_141103_V06,25.128,0.064,279.634,412.426,4.687,-120.506,34.331,2343.271,57127.724,20230917_071103,479174,0,28289,0
1,KVBX20230919_132400_V06,-23.371,0.105,18.513,113.898,24.906,-121.950,35.667,12452.823,168722.501,20230919_062400,479174,0,28642,0
1,KVBX20230923_141848_V06,28.514,0.068,425.378,302.465,77.514,-119.711,34.825,38757.080,62701.297,20230923_071848,479179,0,28428,0
1,KVBX20230924_133831_V06,-12.503,0.200,380.006,159.935,5.640,-119.955,35.469,2820.190,80652.156,20230924_063831,479172,0,32379,0
2,KVBX20230924_134813_V06,-2.803,0.082,297.036,414.310,22.628,-120.412,34.323,11313.810,57174.030,20230924_064813,479176,0,33756,0
2,KVBX20230925_140613_V06,14.462,0.197,429.063,293.451,76.383,-119.690,34.866,38191.406,64614.737,20230925_070613,479176,0,36177,0
3,KVBX20230925_144500_V06,53.245,0.212,362.556,388.662,24.806,-120.056,34.438,12402.988,54254.668,20230925_074500,479180,0,37393,0
1,KVBX20230926_140444_V06,12.240,0.063,389.235,114.999,25.197,-119.903,35.671,12598.270,102698.923,20230926_070444,479179,0,25657,0
2,KVBX20230928_141147_V06,17.806,0.158,400.058,373.696,15.671,-119.851,34.505,7835.712,62134.183,20230928_071147,479178,0,32100,0
2,KVBX20230928_142129_V06,27.506,0.090,402.501,372.913,23.772,-119.838,34.508,11885.981,62894.343,20230928_072129,479177,0,32287,0
1,KVBX20230928_140205_V06,8.106,0.198,389.370,110.456,26.930,-119.902,35.691,13464.935,104778.380,20230928_070205,479176,0,32382,0
3,KVBX20230930_142911_V06,33.709,0.336,23.071,265.754,33.089,-121.912,34.983,16544.460,139519.347,20230930_072911,479179,0,61155,0
3,KVBX20230930_143853_V06,43.409,0.612,25.536,274.734,39.535,-121.898,34.943,19767.497,137812.085,20230930_073853,479179,0,63211,0
3,KVBX20230930_144836_V06,53.126,0.698,29.342,267.527,47.075,-121.878,34.975,23537.564,136299.374,20230930_074836,479175,0,62400,0
3,KVBX20230930_145306_V06,57.626,0.796,29.830,277.491,46.154,-121.874,34.931,23077.218,135552.997,20230930_075306,479174,0,62061,0
3,KVBX20230930_150226_V06,66.959,0.500,35.648,277.458,52.921,-121.843,34.931,26460.442,132655.486,20230930_080226,479177,0,62421,0
3,KVBX20230930_150706_V06,71.626,0.493,38.925,273.200,56.768,-121.825,34.950,28384.002,131223.398,20230930_080706,479173,1,61667,0
3,KVBX20230930_151146_V06,76.292,0.294,41.195,281.714,56.526,-121.812,34.912,28262.848,129724.885,20230930_081146,479182,0,61783,0
4,KVBX20230930_142911_V06,33.709,0.089,200.456,356.399,22.636,-120.938,34.583,11318.130,57205.339,20230930_072911,479179,0,61155,0
2,KVBX20231001_134651_V06,-9.379,0.108,234.953,424.755,29.928,-120.749,34.275,14963.860,70347.205,20231001_064651,479175,0,44777,0
1,KVBX20231003_141332_V06,15.783,0.071,369.900,116.311,35.179,-120.010,35.665,17589.558,98269.442,20231003_071332,479177,0,22783,0
1,KVBX20231005_141011_V06,10.893,0.065,306.100,163.913,63.324,-120.362,35.451,31662.025,68111.819,20231005_071011,479177,0,19928,0
1,KVBX20231005_141952_V06,20.576,0.135,304.525,164.095,70.249,-120.371,35.451,35124.444,67990.090,20231005_071952,479178,0,21601,0
1,KVBX20231005_142934_V06,30.276,0.137,294.203,164.428,54.792,-120.428,35.449,27396.172,67848.024,20231005_072934,479173,0,23919,0
1,KVBX20231006_140810_V06,8.099,0.241,314.852,162.479,58.906,-120.314,35.458,29453.148,69160.520,20231006_070810,479176,0,23094,0
2,KVBX20231006_142733_V06,27.482,0.270,203.134,230.455,18.057,-120.927,35.150,9028.486,59622.909,20231006_072733,479175,0,25848,0
1,KVBX20231007_142506_V06,24.249,0.052,282.520,370.130,27.186,-120.491,34.522,13592.800,36137.895,20231007_072506,479173,0,27244,0
1,KVBX20231009_134201_V06,-20.416,0.114,24.693,183.195,42.814,-121.910,35.355,21407.085,149530.708,20231009_064201,479176,0,35882,0
2,KVBX20231009_140124_V06,-1.033,0.086,221.387,97.702,33.132,-120.830,35.749,16565.762,108517.816,20231009_070124,479171,0,48103,0
1,KVBX20231010_140035_V06,-2.648,0.067,413.003,192.124,8.561,-119.774,35.323,4280.380,78113.689,20231010_070035,479175,6,33057,6
2,KVBX20231010_141017_V06,7.052,0.170,391.339,107.272,27.922,-119.891,35.706,13960.892,106638.218,20231010_071017,479176,7,38266,7
1,KVBX20231011_133046_V06,-33.270,0.121,361.328,410.612,28.578,-120.063,34.339,14288.992,63237.937,20231011_063046,479179,0,31012,0
1,KVBX20231012_133310_V06,-31.680,0.118,98.788,402.319,41.630,-121.490,34.372,20815.178,112866.554,20231012_063310,479174,0,28652,0
1,KVBX20231013_133950_V06,-25.830,0.152,213.065,315.443,25.929,-120.871,34.768,12964.306,44147.706,20231013_063950,479171,0,24976,0
3,KVBX20231015_134611_V06,-21.130,0.502,190.519,302.115,6.947,-120.994,34.827,3473.392,54750.645,20231015_064611,479178,0,23666,0
3,KVBX20231015_140534_V06,-1.747,0.150,134.126,284.431,17.628,-121.303,34.905,8813.760,83301.540,20231015_070534,479172,0,21173,0
3,KVBX20231015_141516_V06,7.953,0.068,110.013,273.687,33.791,-121.436,34.952,16895.651,95900.401,20231015_071516,479174,0,21119,0
1,KVBX20231015_133629_V06,-30.830,0.103,152.559,209.945,16.633,-121.206,35.241,8316.517,86384.033,20231015_063629,479180,0,25671,0
5,KVBX20231015_150345_V06,56.436,0.050,171.094,189.182,12.688,-121.105,35.335,6343.933,84996.218,20231015_080345,479176,0,24132,0
1,KVBX20231016_132509_V06,-42.997,0.055,28.405,378.072,41.890,-121.874,34.477,20945.015,141296.531,20231016_062509,479175,9,22770,9
1,KVBX20231016_133451_V06,-33.297,0.051,30.862,386.932,56.987,-121.860,34.437,28493.535,141414.634,20231016_063451,479176,8,24403,8
1,KVBX20231016_134433_V06,-23.597,0.116,40.604,356.979,62.885,-121.809,34.573,31442.667,132790.292,20231016_064433,479173,0,25944,0
1,KVBX20231022_140531_V06,-7.757,0.113,414.783,192.851,6.150,-119.765,35.319,3074.768,78511.130,20231022_070531,479178,0,36586,0
3,KVBX20231022_140531_V06,-7.757,0.060,145.942,442.822,26.662,-121.231,34.191,13330.759,105037.906,20231022_070531,479178,0,36586,0
7,KVBX20231022_144418_V06,31.027,0.102,138.356,243.484,22.830,-121.282,35.090,11415.035,85619.347,20231022_074418,479173,0,41685,0
1,KVBX20231024_140804_V06,-6.961,0.072,322.280,404.905,22.068,-120.275,34.365,11034.237,53622.174,20231024_070804,479176,0,31429,0
1,KVBX20231027_153323_V06,75.681,0.455,314.549,350.068,32.833,-120.317,34.612,16416.349,26069.302,20231027_083323,479178,0,21903,0
1,KVBX20231103_132457_V06,-59.188,0.112,227.423,253.168,7.676,-120.794,35.048,3838.144,43187.743,20231103_062457,479174,0,17896,0
1,KVBX20231104_150139_V06,36.572,0.059,296.215,363.006,30.082,-120.416,34.554,15040.777,31559.561,20231104_080139,479175,0,24181,0
1,KVBX20231105_140158_V06,-24.056,0.070,320.265,284.661,35.724,-120.285,34.907,17861.755,12707.868,20231105_060158,479177,8,21826,8
2,KVBX20231106_140403_V06,-22.923,0.123,85.702,270.906,94.405,-121.569,34.964,47202.255,108132.099,20231106_060403,479180,1,59108,1
2,KVBX20231111_150949_V06,38.044,0.614,45.124,315.843,25.618,-121.788,34.759,12808.928,127684.091,20231111_070949,479175,28,21054,28
2,KVBX20231111_151933_V06,47.777,-1.000,45.124,315.843,41.094,-121.788,34.759,20546.928,127684.091,20231111_071933,479178,5,21398,5
2,KVBX20231111_152916_V06,57.494,0.091,33.491,332.602,51.482,-121.850,34.682,25740.965,134247.832,20231111_072916,479177,20,21572,20
2,KVBX20231111_153900_V06,67.227,-1.000,24.548,345.485,63.067,-121.898,34.624,31533.444,139591.039,20231111_073900,479176,21,22153,21
2,KVBX20231111_154844_V06,76.961,0.248,37.104,349.346,58.594,-121.829,34.607,29296.808,133743.555,20231111_074844,479174,13,21598,10
1,KVBX20231111_145022_V06,18.594,0.063,177.686,193.689,7.388,-121.068,35.315,3694.048,81028.794,20231111_065022,479175,13,18354,12
4,KVBX20231111_153900_V06,67.227,0.134,17.428,467.512,19.431,-121.926,34.073,9715.498,164246.047,20231111_073900,479176,21,22153,21
1,KVBX20231112_151212_V06,39.460,0.111,245.625,333.076,18.081,-120.693,34.689,9040.686,31822.244,20231112_071212,479172,0,23837,0
1,KVBX20231113_134717_V06,-46.426,0.367,245.256,329.450,12.050,-120.695,34.705,6025.221,31081.156,20231113_054717,479174,0,17327,0
7,KVBX20231115_144713_V06,11.567,0.139,380.497,208.658,17.440,-119.954,35.249,8719.959,60875.038,20231115_064713,479184,3,34302,3
4,KVBX20231118_140507_V06,-33.440,0.138,392.053,358.330,17.225,-119.894,34.574,8612.455,54489.141,20231118_060507,479188,1134,103805,90
1,KVBX20231121_151140_V06,30.223,0.116,236.301,326.397,6.127,-120.744,34.719,3063.673,34475.639,20231121_071140,479174,5,19629,5
1,KVBX20231121_152122_V06,39.923,0.106,240.407,327.766,16.680,-120.721,34.712,8340.134,32872.077,20231121_072122,479177,9,19861,9
1,KVBX20231123_141613_V06,-27.132,0.169,80.743,305.969,62.165,-121.594,34.805,31082.569,109669.125,20231123_061613,479176,36,24415,30
1,KVBX20231123_142053_V06,-22.465,-1.000,80.743,305.969,69.585,-121.594,34.805,34792.569,109669.125,20231123_062053,479174,31,14309,31
1,KVBX20231123_143035_V06,-12.765,0.116,78.482,242.751,76.008,-121.610,35.090,38004.124,114398.095,20231123_063035,479176,40,15894,38
4,KVBX20231123_144959_V06,6.635,0.097,285.435,305.233,19.681,-120.475,34.814,9840.405,7738.286,20231123_064959,479174,34,17279,34
5,KVBX20231123_152017_V06,36.935,0.064,65.238,307.042,75.877,-121.679,34.800,37938.576,117433.976,20231123_072017,479175,15,19049,15
6,KVBX20231123_154922_V06,66.018,0.064,103.175,299.000,76.239,-121.472,34.838,38119.598,98413.810,20231123_074922,479176,19,18830,19
1,KVBX20231124_151738_V06,33.340,0.108,27.403,472.578,35.021,-121.872,34.051,17510.506,161316.851,20231124_071738,479182,33,23220,30
2,KVBX20231124_153142_V06,47.407,0.086,306.977,322.387,16.706,-120.358,34.737,8352.810,11724.413,20231124_073142,479175,22,18713,22
1,KVBX20231127_140357_V06,-43.140,0.467,275.335,364.746,5.985,-120.530,34.546,2992.294,34642.498,20231127_060357,479178,7,8807,7
1,KVBX20231128_140457_V06,-43.057,0.054,274.932,363.440,5.435,-120.532,34.552,2717.415,34106.364,20231128_060457,479174,16,9487,16
3,KVBX20231130_152123_V06,31.568,0.310,11.190,330.567,19.892,-121.972,34.690,9946.082,145211.758,20231130_072123,479179,19,12472,19
3,KVBX20231130_153105_V06,41.268,0.712,13.076,341.267,24.171,-121.961,34.642,12085.555,144938.222,20231130_073105,479176,11,12332,10
3,KVBX20231130_154049_V06,51.001,0.625,17.126,354.207,25.290,-121.937,34.584,12645.221,144010.387,20231130_074049,479173,13,12553,13
3,KVBX20231130_155033_V06,60.734,0.511,19.512,360.864,26.704,-121.924,34.554,13351.997,143507.543,20231130_075033,479177,17,12303,17
3,KVBX20231130_160959_V06,80.168,0.825,28.091,380.143,37.228,-121.876,34.468,18614.005,141736.763,20231130_080959,479173,25,14168,24
3,KVBX20231130_161942_V06,89.884,0.472,30.472,377.362,47.601,-121.863,34.481,23800.718,140205.573,20231130_081942,479177,5,14687,5
2,KVBX20231130_151139_V06,21.834,0.117,24.275,430.005,29.953,-121.892,34.243,14976.366,152418.688,20231130_071139,479178,35,12704,35
2,KVBX20231130_152123_V06,31.568,0.478,26.148,435.620,34.661,-121.882,34.218,17330.340,152796.939,20231130_072123,479179,19,12472,19
2,KVBX20231130_153105_V06,41.268,0.226,27.706,446.232,33.520,-121.872,34.170,16760.080,154537.678,20231130_073105,479176,11,12332,10
2,KVBX20231130_154049_V06,51.001,0.083,31.904,449.927,38.282,-121.849,34.154,19140.758,153585.001,20231130_074049,479173,13,12553,13
4,KVBX20231130_152123_V06,31.568,0.058,93.629,371.013,19.132,-121.520,34.513,9565.946,109123.857,20231130_072123,479179,19,12472,19
4,KVBX20231130_153105_V06,41.268,0.595,89.319,374.100,31.569,-121.543,34.499,15784.712,111666.143,20231130_073105,479176,11,12332,10
4,KVBX20231130_154049_V06,51.001,0.111,92.702,378.364,37.971,-121.524,34.480,18985.621,110807.815,20231130_074049,479173,13,12553,13
1,KVBX20231130_150156_V06,12.118,0.088,319.134,336.041,30.496,-120.291,34.676,15248.173,20402.459,20231130_070156,479174,20,15435,20
1,KVBX20231204_141744_V06,-35.574,0.464,192.644,351.366,6.333,-120.981,34.605,3166.725,59506.106,20231204_061744,479174,17,17565,17
1,KVBX20231204_142727_V06,-25.858,0.191,186.993,347.340,13.987,-121.012,34.623,6993.322,61260.884,20231204_062727,479174,15,17331,15
2,KVBX20231204_141744_V06,-35.574,0.139,166.843,323.182,5.558,-121.123,34.731,2778.868,67579.788,20231204_061744,479174,17,17565,17
5,KVBX20231204_152544_V06,32.426,0.201,172.374,381.753,31.262,-121.090,34.468,15630.842,75782.567,20231204_072544,479175,18,18399,17
6,KVBX20231204_154509_V06,51.842,0.145,207.340,377.124,16.360,-120.900,34.489,8180.061,60278.236,20231204_074509,479177,2,18416,2
1,KVBX20231206_153650_V06,41.854,0.576,149.953,436.460,35.518,-121.210,34.220,17759.041,101409.424,20231206_073650,479179,3,15301,3
1,KVBX20231209_155034_V06,53.193,0.082,285.562,336.557,15.487,-120.475,34.673,7743.366,19652.249,20231209_075034,479178,30,21548,27
1,KVBX20231212_145212_V06,-7.415,0.148,212.699,393.181,22.271,-120.871,34.417,11135.265,63843.905,20231212_065212,479175,28,16055,28
2,KVBX20231212_151048_V06,11.185,0.244,237.950,257.461,12.388,-120.736,35.029,6194.014,37615.738,20231212_071048,479176,42,18853,42
4,KVBX20231218_143855_V06,-24.628,0.126,317.614,578.483,29.461,-120.301,33.583,14730.630,139519.668,20231218_063855,479176,180,120560,10
7,KVBX20231218_150115_V06,-2.294,0.080,343.545,155.143,36.364,-120.156,35.491,18182.209,75630.353,20231218_070115,479179,179,132877,5
9,KVBX20231218_151218_V06,8.756,0.096,528.206,473.716,45.741,-119.160,34.049,22870.441,143400.824,20231218_071218,479183,127,143674,7
13,KVBX20231218_153044_V06,27.189,0.072,160.930,357.618,18.320,-121.154,34.576,9159.834,75266.875,20231218_073044,479181,202,158485,2
6,KVBX20231220_153750_V06,33.167,0.068,485.815,528.003,18.334,-119.392,33.806,9166.895,147065.187,20231220_073750,479182,1222,174017,281
6,KVBX20231220_154248_V06,38.134,0.138,485.693,527.004,24.270,-119.393,33.811,12134.866,146639.533,20231220_074248,479178,1183,176772,195
8,KVBX20231220_154815_V06,43.584,0.067,496.836,435.851,19.822,-119.328,34.221,9910.751,119582.614,20231220_074815,479180,1183,179986,172
8,KVBX20231220_155328_V06,48.800,0.153,496.065,434.545,25.725,-119.332,34.227,12862.562,118894.483,20231220_075328,479175,1258,185282,187
8,KVBX20231221_144934_V06,-15.623,0.077,287.432,279.657,19.987,-120.465,34.930,9993.446,11956.010,20231221_064934,479198,458,98379,30
8,KVBX20231221_145427_V06,-10.739,0.075,286.619,277.878,25.655,-120.469,34.938,12827.256,12927.184,20231221_065427,479187,547,103490,43
15,KVBX20231221_152553_V06,20.694,0.343,305.156,130.405,19.744,-120.367,35.602,9871.864,84836.610,20231221_072553,479192,752,120919,101
15,KVBX20231221_153114_V06,26.044,0.452,304.322,128.320,24.561,-120.372,35.612,12280.631,85867.310,20231221_073114,479191,928,125641,137
5,KVBX20231221_142934_V06,-35.623,0.053,291.602,236.167,30.088,-120.442,35.126,15043.861,32191.641,20231221_062934,479187,192,90824,9
7,KVBX20231221_144404_V06,-21.123,0.083,262.201,249.281,25.188,-120.603,35.066,12594.248,31627.416,20231221_064404,479185,355,93985,23
10,KVBX20231221_144934_V06,-15.623,0.055,36.610,537.998,44.497,-121.817,33.757,22248.363,177494.431,20231221_064934,479198,458,98379,30
13,KVBX20231221_152033_V06,15.361,0.091,459.959,179.867,24.021,-119.516,35.376,12010.746,100023.499,20231221_072033,479178,1026,119675,157
18,KVBX20231221_153114_V06,26.044,0.055,231.322,179.099,24.410,-120.774,35.382,12204.992,69522.809,20231221_073114,479191,928,125641,137
25,KVBX20231221_155221_V06,47.161,0.063,294.840,161.457,31.917,-120.424,35.462,15958.469,69319.690,20231221_075221,479177,1441,140523,193
28,KVBX20231221_160822_V06,63.177,0.114,227.329,381.675,18.168,-120.791,34.469,9084.003,54662.332,20231221_080822,479174,1621,156928,172
30,KVBX20231221_161343_V06,68.527,0.058,192.259,404.613,29.305,-120.981,34.365,14652.508,75086.597,20231221_081343,479194,1556,158264,186
9,KVBX20231222_153152_V06,26.181,0.152,517.372,453.285,44.291,-119.217,34.141,22145.569,132991.274,20231222_073152,479193,75,139380,23
1,KVBX20231223_150947_V06,3.628,0.324,316.115,335.017,29.148,-120.308,34.680,14574.093,19273.533,20231223_070947,479173,7,22085,7
1,KVBX20231226_150654_V06,-0.500,0.137,243.910,351.125,22.115,-120.702,34.607,11057.476,37946.590,20231226_070654,479174,5,20238,5
2,KVBX20231226_152619_V06,18.917,0.087,26.886,427.704,41.462,-121.878,34.253,20731.022,150747.767,20231226_072619,479177,3,22449,3
2,KVBX20231226_153600_V06,28.600,-1.000,26.886,427.704,56.859,-121.878,34.253,28429.272,150747.767,20231226_073600,479176,3,22504,3
2,KVBX20231226_154542_V06,38.300,0.064,39.262,411.039,49.436,-121.812,34.329,24718.107,141698.297,20231226_074542,479176,4,21549,4
1,KVBX20231228_141231_V06,-55.571,0.504,238.614,330.147,7.371,-120.731,34.702,3685.431,34194.682,20231228_061231,479177,0,21018,0
2,KVBX20231228_150627_V06,-1.638,0.376,243.488,333.388,7.089,-120.704,34.687,3544.533,32818.916,20231228_070627,479181,0,21013,0
3,KVBX20231228_152406_V06,16.012,0.239,22.689,341.910,31.443,-121.908,34.640,15721.621,140230.186,20231228_072406,479173,11,21515,11
20,KVBX20231230_155329_V06,44.824,0.165,20.565,140.403,20.643,-121.937,35.548,10321.253,160899.863,20231230_075329,479187,85,94068,0
20,KVBX20231230_160109_V06,52.491,0.074,21.085,142.561,29.074,-121.934,35.538,14536.855,160141.134,20231230_080109,479190,45,85641,0
4,KVBX20231230_143350_V06,-34.826,0.055,434.629,396.236,44.998,-119.664,34.402,22498.959,82744.110,20231230_063350,479190,349,127129,11
19,KVBX20231230_154944_V06,41.074,0.069,171.809,290.951,13.943,-121.097,34.877,6971.657,64254.921,20231230_074944,479195,87,96484,1
1,KVBX20231231_144800_V06,-20.900,0.096,32.484,450.814,60.650,-121.846,34.150,30324.812,153549.401,20231231_064800,479174,0,31820,0
1,KVBX20231231_150724_V06,-1.500,0.193,36.867,435.728,64.423,-121.824,34.218,32211.623,148038.161,20231231_070724,479176,0,33239,0
3,KVBX20231231_152648_V06,17.900,0.088,34.881,511.775,39.879,-121.829,33.875,19939.461,169659.092,20231231_072648,479175,5,34620,5
3,KVBX20231231_153630_V06,27.600,0.112,32.100,505.035,45.565,-121.844,33.905,22782.401,168678.578,20231231_073630,479175,0,34159,0
2,KVBX20231231_150724_V06,-1.500,0.221,54.136,131.125,68.437,-121.752,35.592,34218.288,149137.516,20231231_070724,479176,0,33239,0
5,KVBX20231231_162502_V06,76.134,0.059,283.945,331.256,22.612,-120.483,34.697,11305.838,17569.075,20231231_082502,479179,13,37574,12
