track_id,filename,from_sunrise,det_score,x,y,r,lon,lat,radius,geo_dist,local_time,n_radar_pixels,n_refAbove40_pixels,n_xcorrAbove0.95_pixels,n_xcorrBelow0.95_refAbove40_pixels
2,KABX20230601_114258_V06,-11.277,0.138,214.088,308.996,23.734,-107.295,35.108,11867.002,43190.660,20230601_054258,479172,14,58042,11
1,KABX20230602_110423_V06,-49.555,0.136,196.942,276.628,5.791,-107.390,35.254,2895.727,52837.400,20230602_050423,479173,8,59804,8
3,KABX20230602_110423_V06,-49.555,0.055,364.561,416.527,7.576,-106.471,34.624,3788.097,66608.379,20230602_050423,479173,8,59804,8
5,KABX20230602_114157_V06,-11.989,0.052,301.697,524.752,34.494,-106.814,34.137,17247.089,112379.272,20230602_054157,479178,41,52635,28
6,KABX20230602_121411_V06,20.245,0.060,193.561,278.249,8.735,-107.408,35.246,4367.558,54319.149,20230602_061411,479171,33,45702,22
1,KABX20230606_120025_V06,7.424,0.063,201.338,374.745,41.253,-107.362,34.812,20626.629,61888.864,20230606_060025,479171,14,37986,13
2,KABX20230606_122841_V06,35.690,0.214,195.969,278.490,9.663,-107.395,35.245,4831.738,53115.616,20230606_062841,479169,13,36099,10
6,KABX20230607_130431_V06,71.691,0.070,27.371,193.015,32.789,-108.328,35.623,16394.638,146434.445,20230607_070431,479168,30,32024,26
6,KABX20230607_131136_V06,78.774,0.085,27.951,189.582,39.836,-108.325,35.638,19918.155,146801.562,20230607_071136,479171,54,31800,49
1,KABX20230607_110420_V06,-48.493,0.235,341.507,139.095,2.377,-106.594,35.875,1188.648,83086.195,20230607_050420,479167,1,75266,1
2,KABX20230607_110420_V06,-48.493,0.115,365.183,126.832,20.769,-106.462,35.930,10384.708,92514.940,20230607_050420,479167,1,75266,1
1,KABX20230611_112237_V06,-29.817,0.055,361.617,188.370,70.806,-106.483,35.652,35403.118,63753.255,20230611_052237,479170,24,46916,19
1,KABX20230612_110130_V06,-50.905,0.151,192.405,278.325,6.724,-107.414,35.246,3362.078,54878.466,20230612_050130,479173,19,57432,15
1,KABX20230612_110604_V06,-46.338,0.148,192.459,278.457,12.747,-107.414,35.245,6373.616,54838.927,20230612_050604,479178,29,57405,22
1,KABX20230614_113641_V06,-15.745,0.124,313.715,159.493,7.594,-106.747,35.783,3796.799,70587.399,20230614_053641,479171,7,32882,5
3,KABX20230614_122615_V06,33.822,0.051,194.790,276.785,6.112,-107.401,35.253,3056.101,53870.504,20230614_062615,479172,19,27988,16
1,KABX20230616_111226_V06,-40.124,0.070,192.753,277.936,9.046,-107.413,35.248,4522.966,54746.590,20230616_051226,479171,19,53927,19
1,KABX20230618_114251_V06,-9.941,0.076,196.210,273.506,5.908,-107.394,35.268,2954.054,53559.114,20230618_054251,479167,9,39359,5
1,KABX20230620_111854_V06,-34.226,0.158,19.923,393.780,29.438,-108.352,34.717,14719.086,147680.303,20230620_051854,479176,12,57861,8
1,KABX20230620_112601_V06,-27.109,0.491,23.494,389.612,39.711,-108.333,34.736,19855.343,145332.353,20230620_052601,479169,57,55593,47
2,KABX20230620_113302_V06,-20.092,0.094,395.997,282.582,46.326,-106.296,35.227,23162.819,48782.261,20230620_053302,479163,22,53967,20
2,KABX20230620_114002_V06,-13.092,0.052,394.058,282.365,52.531,-106.307,35.228,26265.465,47848.393,20230620_054002,479175,21,53547,15
1,KABX20230622_113848_V06,-14.758,0.070,369.889,297.936,39.019,-106.440,35.158,19509.613,34959.635,20230622_053848,479172,9,53605,6
2,KABX20230622_114555_V06,-7.641,0.088,479.628,140.549,61.394,-105.829,35.864,30696.880,120094.584,20230622_054555,479172,5,55722,1
2,KABX20230622_115300_V06,-0.558,-1.000,479.628,140.549,72.656,-105.829,35.864,36328.130,120094.584,20230622_055300,479174,19,54724,13
2,KABX20230622_120714_V06,13.676,0.260,474.170,145.085,62.800,-105.859,35.844,31400.051,116548.205,20230622_060714,479172,16,51709,12
2,KABX20230622_121421_V06,20.792,0.231,464.484,156.272,56.122,-105.914,35.794,28061.230,109216.437,20230622_061421,479173,27,51146,21
2,KABX20230623_131342_V06,79.891,0.287,375.632,275.026,36.399,-106.408,35.262,18199.265,39824.146,20230623_071342,479168,134,45231,110
2,KABX20230623_132049_V06,87.007,0.170,378.203,276.632,44.181,-106.394,35.254,22090.599,40809.853,20230623_072049,479175,145,45535,128
1,KABX20230623_130635_V06,72.774,0.060,195.078,280.689,4.044,-107.400,35.235,2021.828,53342.379,20230623_070635,479176,106,44136,92
1,KABX20230624_110400_V06,-50.084,0.141,323.301,101.100,22.759,-106.694,36.046,11379.253,100129.965,20230624_050400,479175,11,66082,8
1,KABX20230625_123650_V06,42.452,0.115,365.126,417.804,14.463,-106.468,34.618,7231.735,67303.645,20230625_063650,479173,13,51629,8
2,KABX20230626_124431_V06,49.816,0.104,367.320,268.626,38.230,-106.453,35.291,19114.952,37135.944,20230626_064431,479169,52,64767,37
3,KABX20230626_125138_V06,56.933,0.074,369.999,414.550,17.342,-106.442,34.633,8671.223,67121.940,20230626_065138,479173,58,64270,49
5,KABX20230627_113050_V06,-24.208,0.143,375.715,285.673,35.988,-106.408,35.214,17993.965,38529.092,20230627_053050,479172,14,70713,11
5,KABX20230627_113619_V06,-18.724,0.074,376.361,285.563,42.576,-106.404,35.214,21287.889,38856.843,20230627_053619,479177,6,71628,4
5,KABX20230627_114218_V06,-12.741,-1.000,376.949,285.464,50.151,-106.401,35.214,25075.556,39154.986,20230627_054218,479174,22,72220,18
5,KABX20230627_114817_V06,-6.758,0.196,381.091,284.978,42.166,-106.378,35.217,21083.176,41235.131,20230627_054817,479175,20,71392,14
5,KABX20230627_120017_V06,5.242,0.144,381.418,285.378,50.345,-106.376,35.215,25172.414,41360.047,20230627_060017,479176,25,69676,18
5,KABX20230627_120616_V06,11.226,0.061,384.496,286.641,44.322,-106.359,35.209,22160.885,42772.585,20230627_060616,479174,33,68835,23
15,KABX20230627_130617_V06,71.242,0.166,352.982,192.684,64.238,-106.531,35.633,32118.816,59840.886,20230627_070617,479172,14,60038,10
15,KABX20230627_131221_V06,77.309,0.083,354.693,191.396,72.552,-106.521,35.639,36276.155,60799.037,20230627_071221,479179,50,59394,35
2,KABX20230627_111508_V06,-39.908,0.054,25.361,412.470,26.216,-108.321,34.634,13107.876,148387.945,20230627_051508,479175,5,71256,5
3,KABX20230627_112006_V06,-34.941,0.060,323.020,100.905,17.990,-106.696,36.047,8995.152,100210.799,20230627_052006,479174,14,70847,9
4,KABX20230627_112521_V06,-29.691,0.102,387.092,284.254,42.450,-106.345,35.220,21224.808,44252.020,20230627_052521,479176,10,70736,7
13,KABX20230627_125412_V06,59.159,0.080,319.911,90.930,13.040,-106.713,36.092,6519.772,105008.162,20230627_065412,479175,28,64712,25
16,KABX20230627_131221_V06,77.309,0.122,227.539,309.124,23.419,-107.221,35.108,11709.305,36516.461,20230627_071221,,,,
2,KABX20230629_112406_V06,-31.685,0.074,228.143,423.287,15.043,-107.215,34.593,7521.395,71349.603,20230629_052406,479176,16,64624,13
2,KABX20230629_113113_V06,-24.569,0.155,231.519,422.799,24.370,-107.197,34.596,12184.779,70301.633,20230629_053113,479174,29,64702,17
4,KABX20230629_113820_V06,-17.452,0.324,379.637,297.832,47.596,-106.386,35.159,23798.019,39833.212,20230629_053820,479170,47,63276,33
4,KABX20230629_114527_V06,-10.335,0.190,383.013,295.210,58.328,-106.368,35.170,29163.758,41575.448,20230629_054527,479172,59,65552,37
3,KABX20230629_113113_V06,-24.569,0.202,388.309,293.314,59.650,-106.339,35.179,29825.058,44280.891,20230629_053113,479174,29,64702,17
6,KABX20230629_123514_V06,39.448,0.086,345.693,130.922,18.540,-106.570,35.911,9270.058,87571.705,20230629_063514,479173,43,64654,32
1,KABX20230630_110624_V06,-49.788,0.055,313.584,414.539,10.696,-106.749,34.633,5347.912,57671.083,20230630_050624,479173,121,51838,69
1,KABX20230630_111330_V06,-42.688,0.134,317.075,411.124,17.745,-106.730,34.649,8872.534,56214.247,20230630_051330,479173,90,52782,54
1,KABX20230630_112037_V06,-35.571,-1.000,320.201,408.065,25.263,-106.713,34.663,12631.439,54968.639,20230630_052037,479173,80,54297,56
1,KABX20230630_112742_V06,-28.488,0.052,323.404,399.179,26.956,-106.696,34.703,13478.086,50951.250,20230630_052742,479173,96,57219,70
1,KABX20230630_113449_V06,-21.371,0.219,331.190,384.699,28.374,-106.653,34.768,14186.999,45129.824,20230630_053449,479172,90,57764,60
4,KABX20230630_112037_V06,-35.571,0.059,387.900,353.109,29.860,-106.342,34.909,14929.979,51349.298,20230630_052037,479173,80,54297,56
10,KABX20230630_121704_V06,20.879,0.051,380.446,183.331,31.915,-106.379,35.675,15957.741,70857.397,20230630_061704,479172,75,53504,56
11,KABX20230630_123100_V06,34.812,0.070,377.645,225.641,20.941,-106.396,35.484,10470.600,53754.199,20230630_063100,479170,110,54398,86
12,KABX20230630_123756_V06,41.746,0.172,332.788,182.641,41.249,-106.642,35.678,20624.424,60926.380,20230630_063756,479174,133,54986,92
13,KABX20230630_123756_V06,41.746,0.127,272.406,404.767,20.482,-106.974,34.677,10241.003,54169.809,20230630_063756,479174,133,54986,92
1,KABX20230703_111035_V06,-46.927,0.053,315.653,96.092,18.669,-106.736,36.069,9334.507,102254.191,20230703_051035,479172,3,72365,1
2,KABX20230703_123549_V06,38.307,0.061,455.299,185.601,9.231,-105.966,35.662,4615.356,96442.865,20230703_063549,479174,19,44314,14
4,KABX20230704_112319_V06,-34.671,0.211,172.372,439.333,31.532,-107.518,34.520,15765.879,94475.617,20230704_052319,479171,8,62698,8
4,KABX20230704_113206_V06,-25.888,0.187,174.125,436.293,44.195,-107.509,34.533,22097.645,92763.439,20230704_053206,479173,16,59555,9
4,KABX20230704_114051_V06,-17.138,0.205,184.216,437.722,37.507,-107.454,34.527,18753.311,89962.849,20230704_054051,479172,14,59354,9
1,KABX20230704_110547_V06,-52.204,0.096,196.352,278.926,9.510,-107.393,35.243,4755.234,52884.411,20230704_050547,479171,9,66222,8
3,KABX20230704_110547_V06,-52.204,0.052,191.827,351.387,22.997,-107.415,34.917,11498.531,59879.018,20230704_050547,479171,9,66222,8
2,KABX20230707_120335_V06,4.060,0.101,328.392,41.140,7.566,-106.665,36.316,3783.031,130205.983,20230707_060335,479173,53,46060,39
4,KABX20230708_120824_V06,8.332,0.100,29.650,407.636,32.560,-108.298,34.656,16279.779,145494.618,20230708_060824,479174,91,57677,42
8,KABX20230708_130048_V06,60.732,0.055,449.877,182.859,10.071,-105.996,35.675,5035.633,95111.951,20230708_070048,479175,43,64523,22
1,KABX20230709_112450_V06,-35.795,0.419,299.514,91.533,2.934,-106.826,36.089,1467.182,104233.727,20230709_052450,479173,100,62301,63
1,KABX20230709_113337_V06,-27.012,0.164,299.034,93.038,13.519,-106.829,36.082,6759.511,103481.987,20230709_053337,479172,86,61012,51
4,KABX20230709_124351_V06,43.221,0.050,512.619,366.779,81.775,-105.661,34.843,40887.676,111429.554,20230709_064351,479170,54,55175,36
2,KABX20230710_112104_V06,-40.137,0.061,329.079,299.644,19.208,-106.664,35.151,9603.806,14540.610,20230710_052104,479181,50,97719,24
6,KABX20230710_120700_V06,5.796,0.079,388.072,547.148,20.405,-106.347,34.035,10202.269,131185.830,20230710_060700,479170,39,108256,24
8,KABX20230710_121310_V06,11.963,0.237,365.331,238.797,11.805,-106.464,35.425,5902.405,44760.396,20230710_061310,479178,52,112051,26
10,KABX20230710_122528_V06,24.263,0.056,295.651,377.832,18.012,-106.847,34.799,9006.128,38976.657,20230710_062528,479177,37,114348,17
13,KABX20230710_124421_V06,43.146,0.157,332.288,430.409,20.251,-106.647,34.562,10125.544,67173.082,20230710_064421,479172,54,113652,39
15,KABX20230710_130444_V06,63.529,0.060,462.477,519.918,23.198,-105.942,34.155,11598.934,136713.831,20230710_070444,479168,53,111939,37
17,KABX20230710_131819_V06,77.113,0.056,363.101,85.130,28.743,-106.473,36.118,14371.483,111972.077,20230710_071819,479177,111,112346,35
4,KABX20230711_113025_V06,-31.377,0.669,296.679,89.461,6.389,-106.842,36.099,3194.263,105282.656,20230711_053025,479176,38,63456,34
4,KABX20230711_113911_V06,-22.610,0.742,296.342,92.250,13.657,-106.844,36.086,6828.727,103891.295,20230711_053911,479173,28,66626,23
5,KABX20230711_113025_V06,-31.377,0.164,5.870,225.902,8.143,-108.444,35.473,4071.532,151659.918,20230711_053025,479176,38,63456,34
5,KABX20230711_113911_V06,-22.610,0.122,7.636,224.324,18.382,-108.434,35.480,9190.892,150999.579,20230711_053911,479173,28,66626,23
9,KABX20230711_121417_V06,12.490,0.200,9.347,341.801,16.133,-108.414,34.951,8066.293,146821.648,20230711_061417,479173,59,66727,49
9,KABX20230711_122304_V06,21.273,0.059,9.765,340.886,24.825,-108.412,34.955,12412.260,146550.453,20230711_062304,479173,56,68455,41
1,KABX20230711_112137_V06,-40.177,0.255,171.303,378.105,6.417,-107.526,34.796,3208.349,75271.545,20230711_052137,479175,26,58601,23
8,KABX20230711_113025_V06,-31.377,0.053,322.903,99.573,26.732,-106.696,36.053,13365.776,100865.505,20230711_053025,479176,38,63456,34
10,KABX20230711_124924_V06,47.606,0.062,175.244,362.207,16.880,-107.506,34.867,8440.178,69702.630,20230711_064924,479171,72,68008,66
1,KABX20230712_113259_V06,-29.414,0.053,27.552,320.618,30.142,-108.316,35.048,15071.228,136613.442,20230712_053259,479171,36,74478,20
1,KABX20230713_113049_V06,-32.197,0.867,299.558,89.130,6.079,-106.826,36.100,3039.371,105435.047,20230713_053049,479172,64,57421,40
1,KABX20230713_113756_V06,-25.080,0.057,299.467,89.395,13.829,-106.826,36.099,6914.297,105302.896,20230713_053756,479172,69,59411,47
1,KABX20230713_114502_V06,-17.980,0.204,303.921,88.473,25.835,-106.802,36.103,12917.302,105781.751,20230713_054502,479174,70,62667,43
1,KABX20230714_110534_V06,-58.076,0.327,283.006,517.682,16.593,-106.915,34.169,8296.315,109171.971,20230714_050534,479173,31,52281,25
1,KABX20230714_111241_V06,-50.959,0.258,283.316,518.385,23.858,-106.914,34.165,11928.910,109510.806,20230714_051241,479168,34,52373,23
1,KABX20230714_111942_V06,-43.943,0.126,283.458,518.895,19.457,-106.913,34.163,9728.379,109759.708,20230714_051942,479173,31,53550,24
3,KABX20230714_113344_V06,-29.909,0.213,302.493,89.086,2.999,-106.809,36.100,1499.569,105464.231,20230714_053344,479173,50,61215,44
3,KABX20230714_114044_V06,-22.909,0.201,303.173,89.439,11.814,-106.806,36.099,5906.983,105292.409,20230714_054044,479171,28,65226,18
2,KABX20230715_112828_V06,-35.817,0.613,296.848,87.126,5.454,-106.841,36.109,2727.184,106448.557,20230715_052828,479172,3,55822,3
2,KABX20230715_113536_V06,-28.683,0.062,297.382,86.859,15.122,-106.838,36.110,7561.072,106578.663,20230715_053536,479172,6,59778,5
1,KABX20230715_110707_V06,-57.167,0.063,200.251,274.302,2.270,-107.371,35.264,1134.800,51503.209,20230715_050707,479173,13,47216,7
1,KABX20230716_120340_V06,-1.269,0.131,173.280,364.519,4.767,-107.516,34.857,2383.547,71099.793,20230716_060340,479173,8,46453,2
1,KABX20230716_121047_V06,5.848,0.093,176.062,363.782,14.298,-107.501,34.860,7149.155,69693.679,20230716_061047,479172,0,49165,0
1,KABX20230716_121754_V06,12.965,0.107,179.081,370.672,18.788,-107.484,34.829,9393.818,70028.538,20230716_061754,479176,7,52021,6
1,KABX20230717_110627_V06,-59.148,0.180,175.290,359.133,3.855,-107.505,34.881,1927.353,69009.697,20230717_050627,479173,12,46660,12
1,KABX20230719_114825_V06,-18.534,0.168,312.981,105.089,6.282,-106.751,36.028,3141.010,97671.414,20230719_054825,479173,34,57687,28
1,KABX20230720_111413_V06,-53.424,0.112,430.965,132.590,14.844,-106.098,35.902,7421.806,106275.759,20230720_051413,479176,24,50774,17
2,KABX20230720_111413_V06,-53.424,0.099,195.280,278.796,6.257,-107.399,35.244,3128.630,53422.776,20230720_051413,479176,24,50774,17
3,KABX20230720_111413_V06,-53.424,0.068,471.558,358.150,13.141,-105.885,34.884,6570.501,90572.439,20230720_051413,479176,24,50774,17
3,KABX20230720_111855_V06,-48.724,-1.000,471.558,358.150,20.614,-105.885,34.884,10307.001,90572.439,20230720_051855,479171,51,40459,39
3,KABX20230720_112556_V06,-41.708,0.134,475.103,359.470,12.589,-105.866,34.878,6294.266,92463.003,20230720_052556,479172,59,41547,38
1,KABX20230721_111044_V06,-57.606,0.098,196.031,276.893,7.749,-107.395,35.253,3874.744,53252.803,20230721_051044,479174,26,50892,22
1,KABX20230721_111744_V06,-50.606,0.053,196.148,276.899,14.814,-107.394,35.252,7406.913,53195.002,20230721_051744,479175,25,51238,16
3,KABX20230721_114609_V06,-22.189,0.176,438.397,322.545,38.709,-106.065,35.046,19354.387,70110.465,20230721_054609,479175,50,59820,40
4,KABX20230721_114609_V06,-22.189,0.087,377.011,282.907,36.118,-106.400,35.226,18059.193,39442.396,20230721_054609,479175,50,59820,40
1,KABX20230722_111639_V06,-52.394,0.087,194.991,278.205,6.994,-107.400,35.247,3496.799,53623.437,20230722_051639,479170,28,59311,23
2,KABX20230722_114835_V06,-20.461,0.070,194.975,277.971,6.444,-107.400,35.248,3222.162,53655.243,20230722_054835,479171,23,53117,18
3,KABX20230722_122505_V06,16.039,0.075,199.553,278.030,8.489,-107.375,35.247,4244.493,51410.943,20230722_062505,479178,22,50449,17
5,KABX20230723_112419_V06,-45.440,0.051,171.381,322.736,17.805,-107.528,35.045,8902.372,65306.398,20230723_052419,479176,1,65614,1
5,KABX20230723_112859_V06,-40.773,0.086,171.958,322.319,25.122,-107.525,35.047,12561.020,64986.059,20230723_052859,479179,21,65468,5
9,KABX20230723_121022_V06,0.610,0.058,283.709,402.701,13.513,-106.912,34.687,6756.697,51992.435,20230723_061022,479180,14,57018,7
9,KABX20230723_121455_V06,5.160,0.089,283.570,403.689,19.870,-106.913,34.682,9934.828,52491.575,20230723_061455,479178,14,56978,7
10,KABX20230723_132806_V06,78.344,0.067,245.430,390.910,11.204,-107.121,34.740,5602.098,53015.537,20230723_072806,479176,9,62990,5
10,KABX20230723_133240_V06,82.910,0.118,245.714,390.693,17.011,-107.120,34.741,8505.402,52849.017,20230723_073240,479176,24,62746,14
7,KABX20230723_120541_V06,-4.073,0.147,278.880,406.832,16.679,-106.939,34.668,8339.308,54449.982,20230723_060541,479173,9,57651,4
8,KABX20230723_120541_V06,-4.073,0.058,311.248,98.237,6.487,-106.761,36.059,3243.366,101038.277,20230723_060541,479173,9,57651,4
1,KABX20230724_123445_V06,24.275,0.123,389.507,283.755,39.072,-106.332,35.222,19535.873,45484.573,20230724_063445,479173,47,58622,34
5,KABX20230725_132541_V06,74.484,0.303,392.021,280.576,44.031,-106.318,35.236,22015.560,47024.335,20230725_072541,479174,50,66373,42
5,KABX20230725_133248_V06,81.601,0.060,392.012,281.839,50.471,-106.318,35.231,25235.506,46893.553,20230725_073248,479172,56,67465,51
1,KABX20230725_111737_V06,-53.582,0.063,384.625,234.960,2.109,-106.357,35.442,1054.436,53365.702,20230725_051737,479170,26,36732,20
2,KABX20230725_120017_V06,-10.916,0.070,389.058,283.544,40.907,-106.334,35.223,20453.445,45282.733,20230725_060017,479175,33,46731,19
3,KABX20230725_123552_V06,24.668,0.207,388.485,149.710,13.145,-106.334,35.826,6572.464,87201.941,20230725_063552,479171,53,58591,41
4,KABX20230725_131127_V06,60.251,0.075,174.996,374.072,8.595,-107.506,34.814,4297.709,72651.010,20230725_071127,479170,48,65497,39
1,KABX20230726_114036_V06,-31.328,0.436,287.831,80.046,11.855,-106.891,36.141,5927.647,110145.230,20230726_054036,479173,18,57139,14
1,KABX20230726_114510_V06,-26.761,0.581,288.139,80.026,17.706,-106.889,36.141,8852.858,110146.916,20230726_054510,479178,30,59090,23
2,KABX20230726_121230_V06,0.572,0.086,174.395,367.664,3.195,-107.510,34.843,1597.435,71335.541,20230726_061230,479176,28,64685,16
4,KABX20230726_122132_V06,9.605,0.079,374.864,423.109,20.688,-106.415,34.594,10344.063,72042.453,20230726_062132,479179,20,64991,17
2,KABX20230727_120716_V06,-5.395,0.065,312.697,103.259,6.486,-106.753,36.036,3243.000,98575.330,20230727_060716,479172,8,67661,5
1,KABX20230728_120157_V06,-11.450,0.079,311.890,99.627,6.395,-106.757,36.053,3197.552,100362.553,20230728_060157,479176,8,56021,2
7,KABX20230730_133501_V06,80.129,0.080,199.817,339.521,15.080,-107.372,34.970,7540.199,53848.482,20230730_073501,479171,36,57273,17
7,KABX20230730_134349_V06,88.929,0.109,199.598,337.652,23.466,-107.373,34.979,11733.083,53614.814,20230730_074349,479172,42,56859,13
2,KABX20230730_124312_V06,28.312,0.052,353.524,237.944,10.653,-106.529,35.429,5326.508,40974.813,20230730_064312,479174,15,53767,7
1,KABX20230731_112431_V06,-51.119,0.198,317.192,91.235,11.362,-106.728,36.090,5680.878,104735.664,20230731_052431,479177,13,37490,11
2,KABX20230731_121712_V06,1.564,0.072,314.416,102.460,7.886,-106.743,36.040,3943.237,99032.819,20230731_061712,479173,24,42718,19
4,KABX20230804_121135_V06,-7.072,0.568,314.517,98.406,8.192,-106.743,36.058,4095.894,101057.859,20230804_061135,479172,13,49093,8
4,KABX20230804_122022_V06,1.712,0.197,314.553,98.615,15.272,-106.743,36.057,7635.896,100954.899,20230804_062022,479172,12,53079,12
5,KABX20230804_122022_V06,1.712,0.129,166.005,277.989,9.018,-107.559,35.247,4508.976,67895.228,20230804_062022,479172,12,53079,12
1,KABX20230805_121026_V06,-8.981,0.399,276.388,82.707,9.361,-106.954,36.129,4680.408,109285.939,20230805_061026,479171,64,47228,46
2,KABX20230807_131815_V06,57.312,0.060,25.242,273.768,37.443,-108.333,35.259,18721.315,138003.902,20230807_071815,479172,99,68026,90
2,KABX20230807_132700_V06,66.062,0.099,25.555,273.831,45.079,-108.331,35.258,22539.576,137844.826,20230807_072700,479171,105,68090,81
2,KABX20230807_133547_V06,74.845,0.276,29.037,275.330,47.468,-108.312,35.252,23734.182,136042.046,20230807_073547,479170,118,66984,97
2,KABX20230807_134432_V06,83.595,0.604,29.575,267.939,50.943,-108.310,35.285,25471.514,136159.495,20230807_074432,479172,104,68889,93
1,KABX20230807_120805_V06,-12.855,0.197,310.746,103.460,8.373,-106.764,36.035,4186.333,98416.571,20230807_060805,479173,55,46020,48
1,KABX20230807_121651_V06,-4.088,0.050,312.035,103.624,15.904,-106.757,36.035,7951.943,98372.281,20230807_061651,479170,37,47589,30
4,KABX20230808_120228_V06,-19.235,0.203,248.379,400.914,60.790,-107.105,34.695,30395.163,56675.175,20230808_060228,479170,33,63226,32
3,KABX20230810_122354_V06,0.669,0.441,339.063,180.791,71.498,-106.608,35.687,35748.837,62722.962,20230810_062354,479173,56,49649,40
3,KABX20230810_123233_V06,9.319,0.350,340.918,186.206,77.832,-106.597,35.662,38916.240,60463.453,20230810_063233,479173,78,51452,45
3,KABX20230810_124111_V06,17.952,0.090,353.351,192.436,73.430,-106.529,35.634,36715.019,60033.981,20230810_064111,479170,70,53273,55
2,KABX20230810_121516_V06,-7.964,0.453,312.688,96.920,6.639,-106.753,36.065,3319.252,101737.991,20230810_061516,479172,75,49048,51
2,KABX20230810_122354_V06,0.669,0.206,313.756,98.136,14.543,-106.747,36.059,7271.351,101166.263,20230810_062354,479173,56,49649,40
1,KABX20230810_120637_V06,-16.614,0.159,390.956,282.617,43.089,-106.324,35.227,21544.548,46301.287,20230810_060637,479170,78,52118,55
4,KABX20230810_123233_V06,9.319,0.145,166.593,280.085,8.448,-107.556,35.237,4224.222,67442.565,20230810_063233,479173,78,51452,45
1,KABX20230811_121552_V06,-8.130,0.551,313.184,103.878,6.984,-106.750,36.034,3492.027,98282.079,20230811_061552,479173,39,56541,32
1,KABX20230811_122438_V06,0.637,0.493,313.099,103.794,13.021,-106.751,36.034,6510.670,98321.417,20230811_062438,479174,59,57267,49
1,KABX20230811_123325_V06,9.420,-1.000,313.020,103.715,19.643,-106.751,36.034,9821.702,98357.995,20230811_063325,479170,62,58719,46
1,KABX20230811_124211_V06,18.187,0.074,323.224,103.521,38.776,-106.694,36.035,19388.210,98923.346,20230811_064211,479173,28,57939,25
2,KABX20230811_121552_V06,-8.130,0.223,25.893,450.629,36.425,-108.315,34.462,18212.280,156383.705,20230811_061552,479173,39,56541,32
1,KABX20230812_120540_V06,-19.095,0.667,298.103,526.891,14.443,-106.834,34.127,7221.369,113449.522,20230812_060540,479173,23,81367,18
1,KABX20230812_121427_V06,-10.311,0.553,302.381,530.616,24.235,-106.810,34.110,12117.256,115314.240,20230812_061427,479171,21,83809,21
1,KABX20230812_122312_V06,-1.561,0.462,308.035,532.989,26.927,-106.780,34.100,13463.375,116563.725,20230812_062312,479173,31,83694,23
1,KABX20230812_123158_V06,7.205,0.628,313.458,527.155,28.783,-106.750,34.126,14391.532,113776.483,20230812_063158,479171,47,82514,43
1,KABX20230812_124045_V06,15.989,0.480,315.355,519.684,28.053,-106.740,34.160,14026.583,110110.054,20230812_064045,479174,40,79288,27
1,KABX20230812_124931_V06,24.755,0.064,317.177,513.743,28.966,-106.730,34.186,14482.869,107216.132,20230812_064931,479173,39,77281,34
1,KABX20230812_130705_V06,42.322,0.053,318.596,505.755,31.718,-106.722,34.222,15859.105,103297.004,20230812_070705,479174,34,71202,23
2,KABX20230812_122312_V06,-1.561,0.074,155.663,427.226,24.400,-107.610,34.574,12200.167,96202.297,20230812_062312,479173,31,83694,23
3,KABX20230812_122312_V06,-1.561,0.073,181.212,335.376,28.418,-107.474,34.989,14208.992,61971.944,20230812_062312,479173,31,83694,23
5,KABX20230812_124045_V06,15.989,0.096,187.650,366.504,29.575,-107.438,34.848,14787.649,65278.881,20230812_064045,479174,40,79288,27
1,KABX20230813_123350_V06,8.307,0.137,166.330,274.048,13.783,-107.558,35.264,6891.735,68082.999,20230813_063350,479172,11,50234,11
2,KABX20230813_123350_V06,8.307,0.104,311.696,113.419,30.560,-106.758,35.991,15279.938,93473.483,20230813_063350,479172,11,50234,11
8,KABX20230814_121853_V06,-7.407,0.056,368.190,407.356,13.997,-106.451,34.665,6998.619,63590.689,20230814_061853,479175,198,87482,59
10,KABX20230814_130054_V06,34.610,0.064,207.548,336.278,31.726,-107.330,34.985,15862.894,49657.433,20230814_070054,479178,109,90843,50
1,KABX20230815_122649_V06,-0.237,0.203,161.900,279.659,9.678,-107.582,35.239,4839.218,69795.150,20230815_062649,479171,28,43629,20
1,KABX20230815_123535_V06,8.529,0.102,161.901,278.949,17.974,-107.582,35.242,8987.073,69847.103,20230815_063535,479173,28,44880,24
2,KABX20230817_122450_V06,-3.744,0.061,163.392,279.632,8.169,-107.574,35.239,4084.396,69059.268,20230817_062450,479175,42,45682,27
2,KABX20230817_123338_V06,5.056,0.195,162.890,278.871,17.365,-107.577,35.243,8682.350,69364.035,20230817_063338,479172,41,48679,36
1,KABX20230817_122450_V06,-3.744,0.115,369.703,417.904,14.511,-106.443,34.618,7255.491,68483.223,20230817_062450,479175,42,45682,27
3,KABX20230817_122450_V06,-3.744,0.059,279.466,79.607,16.735,-106.937,36.143,8367.332,110673.909,20230817_062450,479175,42,45682,27
2,KABX20230818_123217_V06,2.945,0.222,163.011,277.942,11.397,-107.576,35.247,5698.378,69376.753,20230818_063217,479172,35,52238,28
2,KABX20230818_124103_V06,11.712,0.388,160.287,277.423,20.642,-107.591,35.249,10321.177,70762.949,20230818_064103,479174,34,55255,27
1,KABX20230818_122339_V06,-5.688,0.073,313.996,96.827,8.260,-106.746,36.065,4129.997,101827.043,20230818_062339,479174,13,47883,8
1,KABX20230819_123827_V06,8.353,0.226,161.092,280.125,13.621,-107.586,35.237,6810.663,70161.239,20230819_063827,479171,16,44375,7
1,KABX20230820_132206_V06,51.246,0.055,390.120,281.050,42.581,-106.328,35.234,21290.379,46045.657,20230820_072206,479170,34,45106,25
1,KABX20230821_113838_V06,-52.975,0.196,386.094,288.869,34.599,-106.351,35.199,17299.370,43405.198,20230821_053838,479174,26,43058,23
2,KABX20230821_113838_V06,-52.975,0.093,315.130,95.307,11.317,-106.739,36.072,5658.653,102625.930,20230821_053838,479174,26,43058,23
2,KABX20230821_114724_V06,-44.209,0.558,314.953,93.371,9.898,-106.740,36.081,4948.956,103584.703,20230821_054724,479175,30,42841,27
5,KABX20230821_130621_V06,34.741,0.255,392.231,282.810,44.922,-106.317,35.226,22461.082,46909.813,20230821_070621,479173,68,33575,51
3,KABX20230822_121645_V06,-15.612,0.238,280.015,425.831,14.158,-106.932,34.583,7079.151,63703.902,20230822_061645,479176,15,51525,6
3,KABX20230822_122126_V06,-10.929,0.103,279.100,424.883,20.332,-106.937,34.587,10165.779,63310.090,20230822_062126,479174,11,51098,9
1,KABX20230822_114848_V06,-43.562,0.061,312.913,98.083,10.186,-106.752,36.060,5093.090,101164.937,20230822_054848,479170,17,46058,10
2,KABX20230822_115329_V06,-38.879,0.073,33.523,202.093,41.359,-108.293,35.582,20679.480,141947.115,20230822_055329,479178,40,46764,21
5,KABX20230823_123136_V06,-1.514,0.172,289.987,269.187,21.871,-106.878,35.289,10935.642,16199.496,20230823_063136,479174,351,63345,25
5,KABX20230823_123717_V06,4.170,0.779,285.377,267.746,26.222,-106.904,35.295,13111.014,17707.044,20230823_063717,479179,417,63482,30
5,KABX20230823_124251_V06,9.736,0.350,286.007,264.593,27.152,-106.900,35.309,13576.020,19035.741,20230823_064251,479180,603,62707,55
2,KABX20230823_121353_V06,-19.230,0.130,391.354,567.418,46.046,-106.329,33.943,23023.214,141295.747,20230823_061353,479164,398,63259,34
2,KABX20230823_121952_V06,-13.247,0.148,388.958,565.578,52.544,-106.342,33.952,26272.226,140040.228,20230823_061952,479170,459,67214,68
10,KABX20230823_130429_V06,31.370,0.088,174.615,327.956,22.175,-107.510,35.022,11087.681,64232.112,20230823_070429,479174,756,61496,83
10,KABX20230823_130948_V06,36.686,0.066,172.832,326.872,28.900,-107.520,35.027,14449.803,64988.197,20230823_070948,479175,798,63336,92
19,KABX20230823_133946_V06,66.653,0.403,325.672,105.273,24.752,-106.681,36.027,12375.843,98206.158,20230823_073946,479175,308,68701,84
19,KABX20230823_134430_V06,71.386,0.168,324.335,104.200,30.759,-106.688,36.032,15379.276,98653.142,20230823_074430,479174,255,69733,79
13,KABX20230823_131507_V06,42.003,0.102,295.923,186.362,14.670,-106.846,35.662,7334.820,56855.403,20230823_071507,479175,694,63577,74
3,KABX20230824_123845_V06,4.887,0.109,312.120,101.164,5.903,-106.756,36.046,2951.378,99602.720,20230824_063845,479172,58,96462,37
7,KABX20230826_133516_V06,59.910,0.102,84.125,363.445,13.482,-108.004,34.858,6741.122,112502.589,20230826_073516,479174,43,51733,28
7,KABX20230826_134216_V06,66.910,0.106,83.523,362.454,20.363,-108.007,34.862,10181.405,112653.010,20230826_074216,479170,91,51710,51
7,KABX20230826_134917_V06,73.927,0.090,82.521,361.523,13.518,-108.013,34.867,6759.008,113006.879,20230826_074917,479170,114,51326,56
1,KABX20230826_123917_V06,3.927,0.113,165.711,276.812,8.934,-107.561,35.252,4466.772,68137.885,20230826_063917,479173,18,50988,12
4,KABX20230826_131415_V06,38.893,0.058,464.143,145.434,23.635,-105.915,35.843,11817.303,112731.469,20230826_071415,479171,36,52570,20
4,KABX20230826_132115_V06,45.893,-1.000,464.143,145.434,34.765,-105.915,35.843,17382.303,112731.469,20230826_072115,479175,25,51965,22
4,KABX20230826_132816_V06,52.910,0.061,467.735,136.704,21.098,-105.895,35.882,10549.114,117047.567,20230826_072816,479173,39,52499,31
1,KABX20230827_123553_V06,-0.217,0.379,164.497,277.613,11.459,-107.568,35.248,5729.437,68670.070,20230827_063553,479173,15,56624,14
1,KABX20230827_124439_V06,8.550,0.306,162.581,278.216,19.755,-107.578,35.246,9877.277,69567.638,20230827_064439,479172,12,58524,10
3,KABX20230827_132832_V06,52.433,0.094,113.681,437.320,31.188,-107.838,34.527,15594.073,115727.420,20230827_072832,479174,24,62217,18
3,KABX20230827_133718_V06,61.200,0.118,118.612,432.377,43.636,-107.811,34.549,21818.222,112277.857,20230827_073718,479169,44,62401,29
2,KABX20230827_123553_V06,-0.217,0.166,381.636,144.902,8.300,-106.371,35.848,4150.009,87635.521,20230827_063553,479173,15,56624,14
1,KABX20230828_124655_V06,10.075,0.482,180.938,457.967,25.204,-107.471,34.436,12602.150,98905.857,20230828_064655,479174,33,48492,20
1,KABX20230828_130426_V06,27.591,0.063,183.552,462.186,39.629,-107.457,34.417,19814.257,99830.198,20230828_070426,479168,30,54809,23
2,KABX20230828_124655_V06,10.075,0.172,162.853,280.099,15.978,-107.577,35.237,7988.951,69291.728,20230828_064655,479174,33,48492,20
3,KABX20230829_131637_V06,39.035,0.339,303.890,113.483,25.166,-106.802,35.990,12582.893,93278.672,20230829_071637,479175,71,55704,64
3,KABX20230829_132523_V06,47.802,0.063,305.701,114.862,33.596,-106.792,35.984,16797.889,92612.869,20230829_072523,479174,93,56204,81
3,KABX20230829_133409_V06,56.568,0.096,301.521,120.586,37.895,-106.815,35.958,18947.272,89710.273,20230829_073409,479174,79,57101,73
2,KABX20230829_124132_V06,3.952,0.198,163.042,282.187,10.728,-107.576,35.228,5363.943,69055.618,20230829_064132,479176,73,53320,60
2,KABX20230829_125018_V06,12.718,0.221,163.349,282.756,18.914,-107.574,35.225,9456.911,68867.563,20230829_065018,479171,65,53726,55
2,KABX20230830_134635_V06,68.263,0.074,322.904,88.264,30.272,-106.696,36.104,15135.807,106485.469,20230830_074635,479178,57,60545,45
2,KABX20230830_140407_V06,85.797,0.170,324.223,90.985,35.508,-106.689,36.092,17754.176,105206.968,20230830_080407,479169,48,60457,37
1,KABX20230830_131131_V06,33.197,0.085,328.815,89.418,29.164,-106.663,36.099,14582.096,106272.354,20230830_071131,479174,67,58061,58
1,KABX20230831_122811_V06,-10.873,0.056,311.615,103.109,6.547,-106.759,36.037,3273.582,98616.774,20230831_062811,479173,12,62104,9
1,KABX20230831_123656_V06,-2.123,0.252,312.157,102.381,14.463,-106.756,36.040,7231.643,98996.324,20230831_063656,479172,20,65554,15
1,KABX20230831_124542_V06,6.643,0.139,313.664,104.268,14.546,-106.748,36.032,7273.237,98104.251,20230831_064542,479172,28,71229,23
1,KABX20230831_130314_V06,24.177,0.064,318.796,111.589,29.280,-106.719,35.999,14639.847,94673.225,20230831_070314,479175,55,73614,40
2,KABX20230831_124542_V06,6.643,0.339,162.571,278.084,13.285,-107.578,35.246,6642.532,69582.972,20230831_064542,479172,28,71229,23
2,KABX20230831_130314_V06,24.177,0.469,166.799,279.110,23.680,-107.555,35.242,11839.827,67414.747,20230831_070314,479175,55,73614,40
3,KABX20230831_124542_V06,6.643,0.060,386.919,284.284,37.303,-106.346,35.220,18651.707,44163.988,20230831_064542,479172,28,71229,23
5,KABX20230831_132047_V06,41.727,0.066,389.926,286.590,42.465,-106.330,35.209,21232.735,45459.975,20230831_072047,479169,55,74299,51
1,KABX20230901_123235_V06,-7.209,0.084,312.170,101.438,5.269,-106.756,36.045,2634.720,99467.205,20230901_063235,479172,55,45637,36
1,KABX20230901_124121_V06,1.558,0.445,312.510,102.745,11.807,-106.754,36.039,5903.565,98825.468,20230901_064121,479177,38,50330,23
2,KABX20230901_125007_V06,10.324,0.099,166.224,278.380,9.552,-107.558,35.245,4775.871,67756.088,20230901_065007,479175,53,54281,33
3,KABX20230901_131626_V06,36.641,0.065,375.076,417.538,17.993,-106.414,34.619,8996.384,69734.387,20230901_071626,479170,44,57612,30
4,KABX20230901_133359_V06,54.191,0.076,202.091,338.154,15.325,-107.359,34.977,7662.413,52540.341,20230901_073359,479170,69,58452,50
2,KABX20230902_123745_V06,-2.777,0.577,511.505,143.918,36.551,-105.653,35.847,18275.555,131430.327,20230902_063745,479172,2,42915,1
2,KABX20230902_124632_V06,6.007,0.599,509.375,144.625,43.171,-105.665,35.844,21585.693,130364.110,20230902_064632,479173,9,45924,8
1,KABX20230902_120146_V06,-38.760,0.062,108.639,380.819,11.352,-107.869,34.781,5675.992,103863.609,20230902_060146,479174,14,35881,8
3,KABX20230902_123745_V06,-2.777,0.055,385.225,142.573,4.707,-106.352,35.858,2353.565,89507.706,20230902_063745,479172,2,42915,1
3,KABX20230902_124632_V06,6.007,0.069,353.836,124.547,39.825,-106.525,35.940,19912.281,91763.215,20230902_064632,479173,9,45924,8
4,KABX20230902_124632_V06,6.007,0.164,351.728,168.570,13.288,-106.537,35.742,6643.887,70621.538,20230902_064632,479173,9,45924,8
5,KABX20230902_124632_V06,6.007,0.161,165.329,280.389,10.920,-107.563,35.236,5460.192,68045.603,20230902_064632,479173,9,45924,8
7,KABX20230902_132136_V06,41.073,0.093,388.007,288.809,44.956,-106.340,35.199,22477.951,44357.600,20230902_072136,479174,7,53587,4
8,KABX20230902_134754_V06,67.373,0.051,277.649,310.454,12.948,-106.946,35.103,6473.976,12337.353,20230902_074754,479168,22,51802,12
1,KABX20230903_122202_V06,-19.227,0.067,445.168,367.603,44.536,-106.030,34.842,22267.868,80068.583,20230903_062202,479170,31,49650,29
2,KABX20230903_123048_V06,-10.460,0.052,388.407,285.943,41.195,-106.338,35.212,20597.549,44758.575,20230903_063048,479173,42,52577,33
3,KABX20230903_124929_V06,8.223,0.149,508.273,145.909,34.562,-105.671,35.839,17281.239,129539.508,20230903_064929,479175,44,55730,38
4,KABX20230903_130654_V06,25.640,0.347,180.749,360.398,13.903,-107.476,34.876,6951.681,66836.649,20230903_070654,479171,36,57901,32
1,KABX20230904_125117_V06,9.290,0.278,509.298,154.589,38.373,-105.666,35.800,19186.703,127426.465,20230904_065117,479169,42,46460,30
1,KABX20230904_130849_V06,26.823,0.065,505.675,148.488,47.904,-105.685,35.827,23952.188,127728.175,20230904_070849,479172,57,48678,39
2,KABX20230904_130849_V06,26.823,0.155,361.329,130.561,47.558,-106.484,35.913,23778.969,90098.385,20230904_070849,479172,57,48678,39
2,KABX20230904_131734_V06,35.573,0.098,352.649,147.923,34.338,-106.532,35.835,17169.243,80466.577,20230904_071734,479173,41,49125,29
1,KABX20230906_124542_V06,2.243,0.076,165.755,279.093,8.646,-107.561,35.242,4322.895,67931.711,20230906_064542,479172,41,39565,37
2,KABX20230906_124542_V06,2.243,0.051,312.978,102.293,7.946,-106.751,36.041,3973.053,99066.361,20230906_064542,479172,41,39565,37
3,KABX20230906_134818_V06,64.843,0.139,318.436,95.666,13.008,-106.721,36.070,6503.868,102581.793,20230906_074818,479174,59,44631,54
1,KABX20230910_122857_V06,-17.434,0.422,75.280,390.892,29.232,-108.050,34.734,14616.234,121202.836,20230910_062857,479168,11,73735,4
1,KABX20230910_123744_V06,-8.651,0.158,80.706,393.674,35.754,-108.020,34.722,17877.230,119231.322,20230910_063744,479175,15,77473,11
1,KABX20230910_124629_V06,0.099,0.052,106.708,398.769,20.956,-107.878,34.700,10478.182,108532.381,20230910_064629,479171,17,80022,14
3,KABX20230910_131248_V06,26.416,0.306,241.230,379.966,24.214,-107.144,34.789,12107.126,49619.554,20230910_071248,479176,21,83897,7
3,KABX20230910_132134_V06,35.183,0.563,246.552,379.473,31.254,-107.115,34.791,15627.237,47887.230,20230910_072134,479173,24,84519,18
5,KABX20230910_140642_V06,80.316,0.168,316.326,98.054,13.928,-106.733,36.060,6963.867,101302.388,20230910_080642,479171,19,76625,15
4,KABX20230911_121012_V06,-36.916,0.058,13.888,203.418,21.880,-108.402,35.575,10940.037,150986.816,20230911_061012,479173,78,73271,18
4,KABX20230911_121557_V06,-31.166,0.568,16.593,202.431,30.155,-108.387,35.579,15077.552,149865.760,20230911_061557,479179,79,76294,19
4,KABX20230911_122128_V06,-25.649,0.581,25.222,207.393,35.423,-108.339,35.558,17711.660,144982.025,20230911_062128,479173,47,78217,15
4,KABX20230911_122712_V06,-19.916,0.589,34.996,204.887,38.569,-108.285,35.570,19284.501,140777.863,20230911_062712,479169,21,80054,7
4,KABX20230911_123258_V06,-14.149,0.439,42.786,202.185,43.001,-108.242,35.582,21500.360,137592.386,20230911_063258,479176,31,81598,13
4,KABX20230911_123913_V06,-7.899,0.320,52.082,201.338,42.165,-108.191,35.587,21082.668,133414.121,20230911_063913,479170,27,77272,20
4,KABX20230911_124443_V06,-2.399,0.161,64.282,200.626,41.586,-108.124,35.591,20793.194,127904.534,20230911_064443,479171,27,76315,16
4,KABX20230911_125013_V06,3.101,0.350,82.553,202.049,39.774,-108.023,35.585,19886.767,119245.165,20230911_065013,479172,62,78085,34
4,KABX20230911_130143_V06,14.601,-1.000,115.976,203.552,36.985,-107.838,35.580,18492.607,103883.545,20230911_070143,479178,60,80595,25
4,KABX20230911_130759_V06,20.868,0.424,125.928,210.277,41.575,-107.783,35.550,20787.679,97917.367,20230911_070759,479174,75,81517,38
4,KABX20230911_131358_V06,26.851,0.154,143.623,210.780,41.623,-107.686,35.549,20811.445,90019.289,20230911_071358,479175,63,80598,40
4,KABX20230911_131959_V06,32.868,0.151,158.031,206.312,39.298,-107.606,35.569,19649.014,85048.195,20230911_071959,479167,74,80551,44
4,KABX20230911_132559_V06,38.868,-1.000,173.155,203.427,37.700,-107.523,35.583,18849.913,79712.176,20230911_072559,479170,112,80011,54
4,KABX20230911_133209_V06,45.034,0.151,184.360,211.989,42.847,-107.461,35.545,21423.482,72661.309,20230911_073209,479180,206,82446,48
4,KABX20230911_133833_V06,51.434,-1.000,198.212,214.969,44.711,-107.384,35.532,22355.281,66315.679,20230911_073833,479175,207,81688,43
4,KABX20230911_134512_V06,58.084,-1.000,212.605,218.067,46.647,-107.305,35.518,23323.478,59897.924,20230911_074512,479175,283,83829,42
4,KABX20230911_135207_V06,65.001,0.177,230.322,216.783,42.919,-107.207,35.524,21459.548,54267.893,20230911_075207,479175,239,84379,54
3,KABX20230911_121012_V06,-36.916,0.116,286.341,429.747,22.480,-106.898,34.565,11240.217,65231.737,20230911_061012,479173,78,73271,18
3,KABX20230911_121557_V06,-31.166,0.617,290.245,430.674,29.502,-106.876,34.561,14751.119,65518.918,20230911_061557,479179,79,76294,19
3,KABX20230911_122128_V06,-25.649,0.675,304.271,431.681,29.596,-106.800,34.556,14797.770,65875.302,20230911_062128,479173,47,78217,15
3,KABX20230911_122712_V06,-19.916,0.692,320.986,433.013,29.093,-106.709,34.550,14546.568,67329.375,20230911_062712,479169,21,80054,7
3,KABX20230911_123258_V06,-14.149,-1.000,336.941,434.285,28.978,-106.622,34.544,14488.905,69636.668,20230911_063258,479176,31,81598,13
3,KABX20230911_123913_V06,-7.899,0.119,360.253,429.723,27.610,-106.495,34.565,13805.129,71516.490,20230911_063913,479170,27,77272,20
3,KABX20230911_124443_V06,-2.399,0.311,375.149,432.010,29.007,-106.414,34.554,14503.430,75950.627,20230911_064443,479171,27,76315,16
3,KABX20230911_125013_V06,3.101,0.405,386.421,433.129,35.424,-106.353,34.549,17712.224,79359.810,20230911_065013,479172,62,78085,34
24,KABX20230911_133209_V06,45.034,0.078,288.151,399.314,23.002,-106.888,34.702,11500.919,50009.113,20230911_073209,479180,206,82446,48
24,KABX20230911_133833_V06,51.434,0.345,293.440,400.777,31.234,-106.859,34.696,15616.890,50495.099,20230911_073833,479175,207,81688,43
24,KABX20230911_134512_V06,58.084,0.482,310.447,401.982,31.237,-106.766,34.690,15618.289,51258.002,20230911_074512,479175,283,83829,42
1,KABX20230911_115327_V06,-53.666,0.104,313.956,418.153,24.301,-106.747,34.617,12150.606,59487.288,20230911_055327,479177,17,71465,5
8,KABX20230911_122712_V06,-19.916,0.138,331.905,168.808,15.898,-106.647,35.741,7948.833,67507.897,20230911_062712,479169,21,80054,7
17,KABX20230911_131358_V06,26.851,0.082,67.631,207.656,27.616,-108.105,35.559,13808.116,125022.587,20230911_071358,479175,63,80598,40
18,KABX20230911_131959_V06,32.868,0.106,165.190,308.151,24.219,-107.563,35.111,12109.322,67528.088,20230911_071959,479167,74,80551,44
27,KABX20230911_134512_V06,58.084,0.235,386.245,127.409,39.122,-106.346,35.927,19561.157,96469.767,20230911_074512,479175,283,83829,42
10,KABX20230912_130912_V06,21.352,0.090,323.587,131.555,24.601,-106.693,35.909,12300.468,85044.238,20230912_070912,479175,1069,169155,169
10,KABX20230912_131620_V06,28.486,0.468,325.173,132.820,31.195,-106.684,35.903,15597.272,84532.275,20230912_071620,479175,1213,168026,125
10,KABX20230912_132329_V06,35.636,0.244,326.625,133.789,33.488,-106.676,35.899,16744.068,84165.095,20230912_072329,479177,1111,166248,110
10,KABX20230912_133038_V06,42.786,0.483,320.226,134.353,33.270,-106.711,35.896,16635.047,83438.615,20230912_073038,479176,898,166089,83
10,KABX20230912_133732_V06,49.686,0.122,314.786,120.284,34.082,-106.741,35.960,17041.126,90161.588,20230912_073732,479175,967,167945,79
10,KABX20230912_134426_V06,56.586,0.127,317.110,109.612,29.252,-106.728,36.008,14625.923,95577.536,20230912_074426,479178,847,169352,69
10,KABX20230912_135119_V06,63.469,0.078,318.763,110.538,36.279,-106.719,36.003,18139.493,95194.183,20230912_075119,479170,719,170879,88
10,KABX20230912_140505_V06,77.236,0.111,310.259,100.238,12.591,-106.766,36.050,6295.620,100012.805,20230912_080505,479177,643,171428,41
4,KABX20230912_124829_V06,0.636,0.343,455.764,87.103,22.344,-105.958,36.106,11171.898,131897.384,20230912_064829,479172,539,183482,26
4,KABX20230912_130217_V06,14.436,0.214,466.779,89.780,28.493,-105.897,36.094,14246.570,134171.176,20230912_070217,479174,674,174116,71
4,KABX20230912_130912_V06,21.352,0.258,473.893,100.678,30.987,-105.858,36.044,15493.369,132257.190,20230912_070912,479175,1069,169155,169
4,KABX20230912_131620_V06,28.486,0.136,477.838,107.358,34.299,-105.837,36.014,17149.259,131089.107,20230912_071620,479175,1213,168026,125
16,KABX20230912_140505_V06,77.236,0.363,20.976,412.467,28.087,-108.345,34.633,14043.691,150418.535,20230912_080505,479177,643,171428,41
16,KABX20230912_141159_V06,84.136,0.632,22.935,413.941,34.042,-108.334,34.627,17021.111,149789.544,20230912_081159,479171,400,169771,46
5,KABX20230912_124829_V06,0.636,0.194,362.985,29.604,35.456,-106.472,36.368,17727.882,138817.159,20230912_064829,479172,539,183482,26
9,KABX20230912_130912_V06,21.352,0.129,157.445,246.688,73.032,-107.608,35.387,36516.201,76098.566,20230912_070912,479175,1069,169155,169
9,KABX20230912_131620_V06,28.486,0.070,181.722,260.905,57.272,-107.474,35.324,28636.099,62285.878,20230912_071620,479175,1213,168026,125
13,KABX20230912_133038_V06,42.786,0.050,366.783,331.606,14.453,-106.458,35.007,7226.597,36942.060,20230912_073038,479176,898,166089,83
4,KABX20230913_123651_V06,-11.730,0.205,15.952,489.628,25.649,-108.366,34.285,12824.470,170764.598,20230913_063651,479176,154,90100,20
4,KABX20230913_124330_V06,-5.080,0.456,20.292,489.283,34.999,-108.342,34.287,17499.345,168867.353,20230913_064330,479171,296,88522,44
3,KABX20230913_123043_V06,-17.864,0.073,28.864,477.334,34.276,-108.297,34.341,17137.939,161989.299,20230913_063043,479176,73,90138,16
7,KABX20230913_133329_V06,44.903,0.173,373.830,308.432,23.751,-106.418,35.111,11875.484,37155.137,20230913_073329,479172,183,64482,56
1,KABX20230914_124218_V06,-7.013,0.368,314.243,104.781,6.894,-106.744,36.029,3446.880,97869.082,20230914_064218,479177,121,49964,106
1,KABX20230914_125103_V06,1.737,-1.000,314.243,104.781,20.806,-106.744,36.029,10403.130,97869.082,20230914_065103,479174,80,50640,68
1,KABX20230914_130835_V06,19.270,0.233,357.101,132.836,47.007,-106.507,35.903,23503.589,88323.545,20230914_070835,479173,81,51816,68
1,KABX20230914_131721_V06,28.037,0.220,355.208,140.723,48.433,-106.518,35.867,24216.607,84286.701,20230914_071721,479175,82,51688,77
1,KABX20230915_124602_V06,-4.014,0.072,379.358,363.582,12.956,-106.389,34.862,6478.092,50843.543,20230915_064602,479172,38,50671,35
1,KABX20230915_130333_V06,13.503,0.424,382.166,362.513,23.554,-106.374,34.867,11776.844,51621.550,20230915_070333,479173,48,50277,43
1,KABX20230915_131218_V06,22.253,0.286,390.777,363.927,22.448,-106.327,34.861,11224.206,55513.984,20230915_071218,479172,40,50976,37
3,KABX20230915_132104_V06,31.020,0.110,375.979,422.973,32.554,-106.409,34.595,16276.918,72275.903,20230915_072104,479170,57,50719,52
1,KABX20230916_130037_V06,9.835,0.076,383.784,429.048,29.269,-106.367,34.567,14634.399,76930.483,20230916_070037,479171,46,67299,31
1,KABX20230916_130924_V06,18.618,0.563,381.697,429.595,34.339,-106.378,34.565,17169.481,76598.554,20230916_070924,479174,18,64700,14
1,KABX20230916_131810_V06,27.385,0.251,380.136,429.882,36.889,-106.387,34.564,18444.573,76307.111,20230916_071810,479175,34,62444,25
1,KABX20230917_124159_V06,-9.534,0.136,175.245,379.128,24.712,-107.505,34.791,12356.236,73866.542,20230917_064159,479179,165,76090,9
2,KABX20230917_124737_V06,-3.900,0.053,313.716,99.455,7.779,-106.747,36.053,3889.416,100506.858,20230917_064737,479170,195,71209,1
1,KABX20230919_121044_V06,-42.258,0.112,366.510,413.711,13.448,-106.461,34.637,6724.077,65866.749,20230919_061044,479173,34,43601,26
2,KABX20230920_123742_V06,-16.030,0.091,427.321,112.979,16.997,-106.117,35.990,8498.405,113123.426,20230920_063742,479171,51,50065,38
2,KABX20230920_124628_V06,-7.264,-1.000,427.321,112.979,30.936,-106.117,35.990,15467.905,113123.426,20230920_064628,479172,72,48325,55
2,KABX20230920_130400_V06,10.270,-1.000,427.321,112.979,58.814,-106.117,35.990,29406.905,113123.426,20230920_070400,479172,77,53287,63
2,KABX20230920_131245_V06,19.020,0.069,421.796,95.674,53.300,-106.147,36.069,26650.214,118936.156,20230920_071245,479171,91,54428,82
6,KABX20230920_132130_V06,27.770,0.099,313.896,84.520,22.929,-106.746,36.121,11464.657,107963.707,20230920_072130,479168,108,53381,95
6,KABX20230920_133016_V06,36.536,0.290,319.263,84.925,29.894,-106.716,36.119,14946.913,107968.171,20230920_073016,479170,121,52504,96
1,KABX20230922_130502_V06,9.821,0.065,450.307,188.910,11.013,-105.993,35.648,5506.519,93452.310,20230922_070502,479170,57,42280,39
1,KABX20230922_131348_V06,18.587,0.391,450.483,188.917,18.423,-105.993,35.647,9211.696,93520.564,20230922_071348,479173,110,44270,96
1,KABX20230922_132233_V06,27.337,0.620,451.334,189.711,15.988,-105.988,35.644,7994.232,93629.152,20230922_072233,479175,78,45123,65
1,KABX20230922_133119_V06,36.104,0.365,452.053,189.664,21.558,-105.984,35.644,10778.850,93933.837,20230922_073119,479170,105,44767,94
1,KABX20230922_133958_V06,44.754,0.288,456.114,187.896,15.554,-105.961,35.652,7777.088,96097.437,20230922_073958,479172,173,44958,156
1,KABX20230922_134844_V06,53.521,0.106,457.906,189.150,23.780,-105.952,35.646,11889.843,96464.838,20230922_074844,479173,136,44734,105
1,KABX20230922_140615_V06,71.037,-1.000,461.226,191.474,41.042,-105.933,35.636,20520.891,97174.645,20230922_080615,479170,93,44155,74
1,KABX20230922_141500_V06,79.787,0.085,457.203,190.822,19.674,-105.956,35.639,9836.990,95698.332,20230922_081500,479170,143,43385,123
1,KABX20230924_120136_V06,-55.102,0.058,195.588,277.591,8.376,-107.397,35.249,4187.901,53394.716,20230924_060136,479173,19,29719,15
1,KABX20230924_121022_V06,-46.336,0.082,195.939,277.812,15.465,-107.395,35.248,7732.461,53200.346,20230924_061022,479169,29,30476,26
2,KABX20230925_131425_V06,16.966,0.096,173.404,403.579,20.826,-107.514,34.681,10413.170,81785.056,20230925_071425,479173,58,43996,46
2,KABX20230925_132311_V06,25.733,0.608,177.833,409.972,25.840,-107.490,34.652,12919.867,82186.668,20230925_072311,479170,54,43814,47
1,KABX20230925_131425_V06,16.966,0.152,316.405,205.486,14.767,-106.733,35.576,7383.453,47963.633,20230925_071425,479173,58,43996,46
4,KABX20230925_140707_V06,69.666,0.056,159.543,280.466,12.055,-107.595,35.235,6027.622,70904.396,20230925_080707,479174,60,43267,52
1,KABX20230926_132557_V06,27.749,0.487,45.263,416.053,52.268,-108.212,34.619,26134.201,139963.817,20230926_072557,479171,57,61706,46
2,KABX20230926_132557_V06,27.749,0.066,196.865,391.581,29.483,-107.386,34.736,14741.318,68963.746,20230926_072557,479171,57,61706,46
3,KABX20230926_140102_V06,62.833,0.069,274.854,74.669,2.709,-106.963,36.165,1354.511,113364.681,20230926_080102,479175,59,60093,51
6,KABX20230927_141624_V06,77.446,0.170,282.799,504.971,17.260,-106.917,34.226,8630.167,102845.792,20230927_081624,479169,45,60892,39
6,KABX20230927_142511_V06,86.229,0.214,286.607,506.928,24.648,-106.896,34.217,12324.111,103680.442,20230927_082511,479169,54,62257,43
2,KABX20230927_133233_V06,33.596,0.183,324.619,84.921,22.314,-106.687,36.119,11157.040,108241.870,20230927_073233,479174,52,55676,45
2,KABX20230927_134120_V06,42.379,0.075,315.594,91.944,12.673,-106.737,36.087,6336.571,104319.910,20230927_074120,479174,41,56211,40
7,KABX20230927_141624_V06,77.446,0.057,314.153,98.021,13.077,-106.745,36.060,6538.525,101237.102,20230927_081624,479169,45,60892,39
1,KABX20230928_141837_V06,78.907,0.093,316.708,97.385,26.028,-106.731,36.063,13013.988,101651.172,20230928_081837,479172,131,51724,95
1,KABX20230929_133419_V06,33.847,0.056,324.490,43.857,2.272,-106.687,36.304,1135.860,128655.583,20230929_073419,479174,103,43838,89
3,KABX20230930_130959_V06,8.751,0.058,390.579,279.663,36.779,-106.326,35.240,18389.320,46417.043,20230930_070959,479173,19,40433,15
1,KABX20231001_121748_V06,-44.199,0.054,195.993,276.944,8.332,-107.395,35.252,4166.185,53265.713,20231001_061748,479169,26,53946,19
6,KABX20231002_120928_V06,-53.303,0.299,369.367,174.247,22.227,-106.440,35.716,11113.487,71808.112,20231002_060928,479174,81,59336,61
6,KABX20231002_121457_V06,-47.820,0.354,369.530,173.612,31.716,-106.439,35.719,15857.814,72125.368,20231002_061457,479180,72,59625,56
2,KABX20231002_120359_V06,-58.787,0.199,192.977,278.539,8.533,-107.411,35.245,4266.487,54576.972,20231002_060359,479169,93,59698,60
9,KABX20231002_124900_V06,-13.770,0.125,361.715,263.084,15.942,-106.484,35.316,7971.191,35956.699,20231002_064900,479172,88,56601,78
11,KABX20231002_130618_V06,3.530,0.067,390.430,235.164,22.014,-106.325,35.441,11006.981,55635.694,20231002_070618,479173,109,54610,86
12,KABX20231002_133939_V06,36.880,0.103,197.500,276.817,10.376,-107.386,35.253,5187.790,52544.373,20231002_073939,479175,150,52788,94
13,KABX20231002_140640_V06,63.897,0.055,196.291,277.401,11.493,-107.393,35.250,5746.426,53071.181,20231002_080640,479169,124,50379,79
1,KABX20231005_141237_V06,67.506,0.062,459.381,185.821,13.121,-105.943,35.661,6560.680,98029.755,20231005_081237,479169,47,58505,40
1,KABX20231005_142122_V06,76.256,0.065,459.692,186.421,20.658,-105.942,35.658,10328.789,97981.574,20231005_082122,479174,59,57122,53
2,KABX20231005_141237_V06,67.506,0.059,164.513,278.527,8.930,-107.568,35.244,4464.903,68588.816,20231005_081237,479169,47,58505,40
1,KABX20231007_123156_V06,-34.762,0.163,394.068,283.908,43.709,-106.307,35.221,21854.294,47717.068,20231007_063156,479172,26,52109,21
1,KABX20231011_142400_V06,74.069,0.114,318.462,99.595,16.564,-106.721,36.053,8281.963,100626.802,20231011_082400,479172,75,63103,60
1,KABX20231012_130600_V06,-4.753,0.358,390.914,280.205,49.578,-106.324,35.238,24789.196,46522.206,20231012_070600,479174,43,48515,36
3,KABX20231012_131447_V06,4.030,0.058,193.394,276.876,11.681,-107.409,35.253,5840.689,54542.589,20231012_071447,479172,87,48530,71
4,KABX20231012_133218_V06,21.547,0.057,378.671,285.692,38.150,-106.391,35.213,19075.230,39980.683,20231012_073218,479174,67,46936,53
1,KABX20231016_132806_V06,13.997,0.099,389.218,283.961,36.574,-106.333,35.221,18287.151,45324.048,20231016_072806,479174,54,50401,43
1,KABX20231016_133651_V06,22.747,-1.000,389.218,283.961,50.487,-106.333,35.221,25243.401,45324.048,20231016_073651,479174,46,49595,41
1,KABX20231016_134537_V06,31.514,0.077,390.595,282.801,37.888,-106.326,35.226,18944.035,46106.431,20231016_074537,479174,59,48918,50
2,KABX20231016_132806_V06,13.997,0.069,351.331,133.905,45.155,-106.539,35.898,22577.522,86923.088,20231016_072806,479174,54,50401,43
1,KABX20231017_140416_V06,49.312,0.126,367.020,411.987,8.216,-106.458,34.644,4107.990,65254.735,20231017_080416,479171,77,57331,61
1,KABX20231018_130034_V06,-15.246,0.217,386.999,283.773,40.683,-106.346,35.222,20341.499,44249.694,20231018_070034,479172,54,57838,45
1,KABX20231018_130741_V06,-8.129,0.483,389.940,287.192,49.400,-106.329,35.206,24700.242,45423.543,20231018_070741,479175,58,52394,51
2,KABX20231018_141132_V06,55.721,0.098,355.564,133.356,49.689,-106.516,35.900,24844.414,87831.659,20231018_081132,479175,83,62471,69
1,KABX20231020_143245_V06,75.205,0.313,364.611,412.801,11.643,-106.471,34.641,5821.531,64997.426,20231020_083245,479171,62,51248,41
1,KABX20231020_143951_V06,82.305,0.066,365.369,412.612,20.728,-106.467,34.642,10363.919,65104.662,20231020_083951,479173,47,51384,42
1,KABX20231021_132850_V06,10.413,0.053,387.026,285.901,35.606,-106.345,35.212,17803.211,44080.492,20231021_072850,479171,55,51280,40
1,KABX20231022_122906_V06,-50.201,0.107,312.960,100.093,2.383,-106.751,36.051,1191.574,100163.443,20231022_062906,479174,86,47771,55
2,KABX20231022_132605_V06,6.782,0.064,312.273,100.777,4.700,-106.755,36.047,2350.132,99800.294,20231022_072605,479173,72,39542,45
2,KABX20231023_132102_V06,0.846,0.051,487.670,175.772,20.501,-105.786,35.705,10250.648,112530.437,20231023_072102,479176,34,48519,30
2,KABX20231023_132809_V06,7.963,0.074,490.221,175.913,30.586,-105.772,35.704,15293.134,113558.079,20231023_072809,479173,27,49464,24
1,KABX20231023_123111_V06,-49.004,0.065,307.582,98.489,4.702,-106.781,36.058,2351.112,100826.910,20231023_063111,479173,27,49391,18
4,KABX20231024_130953_V06,-11.196,0.180,34.181,527.009,38.906,-108.264,34.118,19452.984,174780.246,20231024_070953,479178,36,81057,26
4,KABX20231024_131551_V06,-5.229,0.198,34.633,526.128,45.295,-108.262,34.122,22647.400,174322.567,20231024_071551,479175,68,81174,52
5,KABX20231024_130953_V06,-11.196,0.166,166.559,89.251,11.254,-107.564,36.097,5627.081,124721.221,20231024_070953,479178,36,81057,26
5,KABX20231024_131551_V06,-5.229,0.522,164.438,88.931,18.568,-107.576,36.099,9284.228,125426.297,20231024_071551,479175,68,81174,52
7,KABX20231024_131551_V06,-5.229,0.076,76.878,428.536,24.444,-108.039,34.564,12221.938,128748.597,20231024_071551,479175,68,81174,52
11,KABX20231024_140259_V06,41.904,0.073,365.531,340.346,19.325,-106.465,34.967,9662.727,38477.839,20231024_080259,479178,84,76704,60
15,KABX20231024_142456_V06,63.854,0.057,359.732,96.711,15.596,-106.492,36.065,7797.901,105941.620,20231024_082456,479176,55,76589,37
1,KABX20231025_132215_V06,0.273,0.168,368.658,270.793,6.835,-106.446,35.281,3417.526,37305.859,20231025_072215,479171,92,49170,75
2,KABX20231025_132915_V06,7.273,0.202,488.539,177.465,24.903,-105.782,35.697,12451.714,112429.915,20231025_072915,479173,59,45926,55
3,KABX20231025_133620_V06,14.356,0.147,354.789,145.671,36.753,-106.520,35.845,18376.549,81883.117,20231025_073620,479173,80,44754,74
1,KABX20231027_124936_V06,-34.189,0.140,308.814,107.324,8.479,-106.774,36.018,4239.376,96438.597,20231027_064936,479176,45,45363,36
3,KABX20231028_123941_V06,-45.020,0.110,360.980,460.336,10.975,-106.492,34.427,5487.619,85770.307,20231028_063941,479171,47,39640,33
3,KABX20231028_124646_V06,-37.936,0.342,360.810,460.497,20.080,-106.493,34.426,10039.923,85815.369,20231028_064646,479173,39,38418,17
1,KABX20231028_122528_V06,-59.236,0.193,195.734,281.122,8.748,-107.396,35.233,4373.976,52980.401,20231028_062528,479172,27,38920,17
1,KABX20231029_122757_V06,-57.673,0.051,194.718,277.161,5.999,-107.402,35.251,2999.722,53865.257,20231029_062757,479175,40,46103,21
1,KABX20231029_123503_V06,-50.573,0.078,193.199,277.680,14.285,-107.410,35.249,7142.744,54554.371,20231029_063503,479171,15,46112,15
2,KABX20231029_133152_V06,6.244,0.267,368.461,264.228,5.828,-106.447,35.310,2914.177,38621.641,20231029_073152,479168,22,36359,14
1,KABX20231031_132633_V06,-0.930,0.053,494.354,178.399,29.314,-105.750,35.693,14656.933,114630.373,20231031_072633,479172,40,25973,38
1,KABX20231101_132539_V06,-2.766,0.053,491.526,171.190,22.621,-105.765,35.726,11310.562,115405.976,20231101_072539,479174,58,23551,50
2,KABX20231101_133245_V06,4.334,0.065,390.756,423.864,30.572,-106.329,34.590,15286.135,76777.110,20231101_073245,479171,49,22696,44
1,KABX20231102_133145_V06,2.392,0.293,491.494,174.894,25.629,-105.765,35.709,12814.384,114369.396,20231102_073145,479170,48,26886,47
1,KABX20231104_123335_V06,-57.673,0.061,192.260,275.913,8.283,-107.415,35.257,4141.293,55199.641,20231104_063335,479174,39,46923,29
1,KABX20231106_133625_V06,3.244,0.086,495.712,176.175,26.815,-105.742,35.703,13407.310,115796.747,20231106_063625,479175,47,22644,39
3,KABX20231107_131330_V06,-20.637,0.074,164.795,280.840,6.232,-107.566,35.234,3115.768,68277.768,20231107_061330,479169,20,28243,16
3,KABX20231107_132036_V06,-13.537,0.081,165.384,280.630,15.231,-107.563,35.235,7615.436,68001.232,20231107_062036,479174,24,27930,16
1,KABX20231107_123759_V06,-56.153,0.213,197.288,274.150,5.829,-107.388,35.265,2914.478,52957.410,20231107_053759,479171,14,30702,10
1,KABX20231108_132652_V06,-8.238,0.152,193.131,277.829,8.824,-107.410,35.248,4412.235,54572.452,20231108_062652,479172,67,27467,44
1,KABX20231109_123942_V06,-56.376,0.155,192.596,276.848,7.637,-107.413,35.253,3818.495,54935.749,20231109_053942,479169,65,28013,48
2,KABX20231109_133603_V06,-0.026,0.052,192.351,277.228,8.635,-107.415,35.251,4317.423,55015.713,20231109_063603,479172,75,27050,64
1,KABX20231111_134621_V06,8.324,0.062,502.102,184.572,36.164,-105.707,35.665,18081.799,116370.963,20231111_064621,479169,14,20590,11
1,KABX20231113_133532_V06,-4.450,0.101,310.871,103.172,5.164,-106.763,36.037,2582.096,98563.984,20231113_063532,479172,24,30631,21
1,KABX20231114_124953_V06,-51.080,0.418,164.630,307.218,5.711,-107.566,35.115,2855.263,67781.272,20231114_054953,479174,22,24422,9
3,KABX20231114_134642_V06,5.737,0.256,498.573,174.008,26.283,-105.726,35.713,13141.346,117585.363,20231114_064642,479170,20,21493,16
1,KABX20231115_124655_V06,-55.027,0.060,191.847,277.127,8.330,-107.418,35.251,4164.762,55272.817,20231115_054655,479168,51,34359,46
2,KABX20231115_132227_V06,-19.494,0.115,194.119,276.838,8.242,-107.405,35.253,4120.970,54192.479,20231115_062227,479171,67,30182,51
6,KABX20231116_133921_V06,-3.574,0.052,22.962,227.027,21.344,-108.350,35.469,10671.911,143243.941,20231116_063921,479173,91,54111,76
10,KABX20231116_143533_V06,52.626,0.070,171.251,174.430,24.311,-107.535,35.714,12155.424,89922.261,20231116_073533,479168,125,64877,104
2,KABX20231117_130450_V06,-39.069,0.054,192.259,277.500,7.355,-107.415,35.250,3677.631,55032.574,20231117_060450,479170,32,43166,23
1,KABX20231118_124901_V06,-55.863,0.145,30.775,523.617,33.907,-108.283,34.133,16953.619,174990.319,20231118_054901,479171,23,36390,16
2,KABX20231118_130237_V06,-42.263,0.121,399.104,327.616,8.318,-106.280,35.024,4158.794,51439.760,20231118_060237,479170,18,38910,14
3,KABX20231118_134426_V06,-0.446,0.064,367.885,261.655,8.524,-106.450,35.322,4262.119,38983.350,20231118_064426,479175,58,40404,36
4,KABX20231118_134426_V06,-0.446,0.062,347.139,444.542,6.251,-106.567,34.498,3125.490,76017.423,20231118_064426,479175,58,40404,36
5,KABX20231118_141956_V06,35.054,0.081,24.695,251.786,39.356,-108.338,35.358,19678.152,139747.387,20231118_071956,479174,53,48851,29
6,KABX20231118_144100_V06,56.121,0.131,25.005,117.613,32.687,-108.348,35.962,16343.365,164990.159,20231118_074100,479170,66,55717,50
8,KABX20231119_134804_V06,2.213,0.124,488.422,179.610,23.300,-105.783,35.688,11650.196,111799.564,20231119_064804,479172,25,38693,21
8,KABX20231119_140210_V06,16.313,0.211,490.481,181.953,33.001,-105.771,35.677,16500.531,112047.197,20231119_070210,479173,30,39014,16
5,KABX20231119_131246_V06,-33.087,0.073,94.951,400.489,34.373,-107.942,34.692,17186.699,114174.593,20231119_061246,479174,18,33163,8
1,KABX20231120_124848_V06,-58.026,0.213,192.388,277.887,8.943,-107.415,35.248,4471.476,54930.246,20231120_054848,479174,26,31439,24
1,KABX20231120_130301_V06,-43.809,0.270,192.797,278.460,15.981,-107.412,35.245,7990.477,54672.716,20231120_060301,479169,28,31620,22
5,KABX20231120_134458_V06,-1.859,0.123,492.778,174.998,27.736,-105.758,35.708,13868.168,114879.162,20231120_064458,479174,64,30890,57
5,KABX20231120_135158_V06,5.141,0.064,490.510,177.757,35.045,-105.771,35.696,17522.284,113178.453,20231120_065158,479169,63,31895,53
6,KABX20231120_143354_V06,47.074,0.052,191.658,278.168,9.752,-107.419,35.247,4875.875,55260.121,20231120_073354,479174,62,35136,58
6,KABX20231120_144100_V06,54.174,0.140,192.975,277.198,16.581,-107.411,35.251,8290.692,54713.492,20231120_074100,479172,89,34594,78
1,KABX20231121_134129_V06,-6.310,0.188,490.136,173.023,20.449,-105.773,35.717,10224.304,114318.367,20231121_064129,479174,57,20704,42
1,KABX20231121_134835_V06,0.790,0.057,491.552,174.076,30.662,-105.765,35.713,15331.240,114617.716,20231121_064835,479176,39,21763,26
2,KABX20231121_144500_V06,57.206,0.059,457.468,186.510,12.776,-105.954,35.658,6387.779,97051.806,20231121_074500,479172,92,22679,73
2,KABX20231121_145207_V06,64.323,0.098,455.349,187.356,9.644,-105.966,35.654,4821.926,95945.418,20231121_075207,479171,80,24537,68
1,KABX20231122_134435_V06,-4.174,0.077,456.285,186.073,15.227,-105.960,35.660,7613.361,96701.005,20231122_064435,479171,41,25883,21
1,KABX20231122_135142_V06,2.942,0.123,453.209,188.924,13.064,-105.977,35.647,6532.162,94618.873,20231122_065142,479172,24,25842,20
3,KABX20231122_135142_V06,2.942,0.056,496.736,176.305,29.305,-105.736,35.702,14652.458,116195.590,20231122_065142,479172,24,25842,20
4,KABX20231124_132926_V06,-21.236,0.193,193.820,274.972,7.273,-107.407,35.261,3636.488,54545.069,20231124_062926,479172,22,25920,17
4,KABX20231124_133632_V06,-14.136,0.280,194.521,275.910,15.533,-107.403,35.257,7766.336,54097.444,20231124_063632,479173,27,25601,16
6,KABX20231124_141904_V06,28.397,0.066,195.025,275.803,8.030,-107.400,35.257,4014.898,53863.780,20231124_071904,479173,25,25424,22
6,KABX20231124_142611_V06,35.514,0.198,194.940,275.808,15.567,-107.401,35.257,7783.324,53904.795,20231124_072611,479169,33,26193,31
8,KABX20231124_144728_V06,56.797,0.123,197.512,277.740,6.517,-107.386,35.249,3258.266,52438.686,20231124_074728,479174,24,28063,23
11,KABX20231125_142449_V06,33.200,0.052,18.186,330.690,24.767,-108.367,35.002,12383.489,141739.845,20231125_072449,479169,22,236287,20
11,KABX20231125_142944_V06,38.117,-1.000,18.186,330.690,32.584,-108.367,35.002,16292.239,141739.845,20231125_072944,479174,21,236933,20
11,KABX20231125_143439_V06,43.033,0.069,25.545,323.514,33.798,-108.327,35.034,16898.916,137730.087,20231125_073439,479182,27,236883,19
13,KABX20231125_143935_V06,47.967,0.114,111.254,230.566,31.550,-107.863,35.458,15774.908,100556.009,20231125_073935,479173,41,237294,33
1,KABX20231126_131052_V06,-41.691,0.126,192.415,277.219,8.371,-107.414,35.251,4185.358,54985.302,20231126_061052,479173,31,19719,26
1,KABX20231127_133130_V06,-21.990,0.084,24.447,514.497,37.744,-108.318,34.174,18871.925,174598.529,20231127_063130,479170,30,21059,15
1,KABX20231127_133829_V06,-15.007,0.073,25.653,511.895,47.784,-108.311,34.186,23891.979,173324.755,20231127_063829,479172,9,21288,8
1,KABX20231128_130040_V06,-53.749,0.263,192.470,274.810,8.993,-107.414,35.262,4496.496,55220.333,20231128_060040,479173,78,27558,49
1,KABX20231128_130746_V06,-46.649,0.126,192.311,274.918,15.717,-107.415,35.261,7858.453,55285.626,20231128_060746,479171,50,28293,45
1,KABX20231129_130104_V06,-54.265,0.147,196.165,277.102,4.818,-107.394,35.252,2408.752,53165.101,20231129_060104,479172,19,21129,18
1,KABX20231129_130811_V06,-47.148,0.052,196.267,277.201,12.906,-107.393,35.251,6452.835,53104.471,20231129_060811,479172,24,21271,13
3,KABX20231129_140451_V06,9.518,0.057,195.323,277.391,5.901,-107.398,35.250,2950.346,53545.223,20231129_070451,479173,47,20344,38
3,KABX20231130_131915_V06,-36.989,0.065,31.379,358.004,50.047,-108.293,34.879,25023.382,137405.915,20231130_061915,479180,44,204252,19
3,KABX20231130_132440_V06,-31.572,0.055,32.106,355.109,56.721,-108.289,34.892,28360.377,136751.869,20231130_062440,479178,18,205047,13
7,KABX20231130_141906_V06,22.861,0.181,71.521,382.023,74.746,-108.071,34.774,37373.081,121377.710,20231130_071906,479178,133,227126,58
7,KABX20231130_142417_V06,28.045,0.054,72.513,383.636,79.845,-108.066,34.766,39922.715,121187.138,20231130_072417,479172,82,233082,32
2,KABX20231130_130159_V06,-54.255,0.091,192.701,277.718,8.392,-107.413,35.249,4195.778,54794.192,20231130_060159,479174,72,202321,22
5,KABX20231130_134057_V06,-15.289,0.059,34.922,356.036,54.574,-108.273,34.888,27286.804,135468.214,20231130_064057,479169,28,214879,16
10,KABX20231130_144004_V06,43.828,0.084,268.542,330.346,18.974,-106.996,35.013,9486.967,21854.652,20231130_074004,479170,70,223076,55
12,KABX20231130_151024_V06,74.161,0.082,25.842,432.043,34.971,-108.317,34.545,17485.443,152149.463,20231130_081024,479172,134,233112,85
11,KABX20231201_140347_V06,6.648,0.199,24.464,470.667,33.305,-108.321,34.371,16652.649,162054.917,20231201_070347,479176,59,46180,46
11,KABX20231201_141053_V06,13.748,0.050,24.801,472.582,41.990,-108.319,34.363,20995.069,162418.310,20231201_071053,479169,61,43944,50
2,KABX20231201_131402_V06,-43.102,0.130,341.262,28.864,30.222,-106.593,36.371,15110.798,137129.037,20231201_061402,479173,8,55894,5
3,KABX20231201_132108_V06,-36.002,0.211,166.647,163.277,66.498,-107.561,35.764,33249.115,95493.845,20231201_062108,479172,12,51822,9
6,KABX20231201_133520_V06,-21.802,0.137,457.474,186.136,28.766,-105.954,35.660,14383.045,97163.634,20231201_063520,479174,28,51870,21
8,KABX20231201_133520_V06,-21.802,0.056,256.941,179.758,33.035,-107.061,35.691,16517.427,63859.763,20231201_063520,479174,28,51870,21
9,KABX20231201_133520_V06,-21.802,0.054,384.925,81.923,63.423,-106.352,36.132,31711.311,117014.886,20231201_063520,479174,28,51870,21
12,KABX20231201_140347_V06,6.648,0.078,285.996,106.546,33.068,-106.901,36.021,16534.187,96979.914,20231201_070347,479176,59,46180,46
17,KABX20231201_144621_V06,49.215,0.341,308.349,107.615,13.660,-106.777,36.017,6829.952,96283.246,20231201_074621,479173,79,46317,64
2,KABX20231202_140415_V06,6.229,0.350,370.737,413.751,12.232,-106.438,34.636,6116.165,66975.753,20231202_070415,479174,89,30969,44
1,KABX20231204_151251_V06,73.093,0.069,191.529,277.443,11.168,-107.419,35.250,5583.889,55395.931,20231204_081251,479174,78,18518,58
1,KABX20231206_131819_V06,-43.124,0.070,377.318,382.335,23.098,-106.401,34.778,11549.110,56473.626,20231206_061819,479169,21,22406,14
1,KABX20231206_132526_V06,-36.007,0.070,377.266,384.891,30.664,-106.401,34.766,15331.868,57394.415,20231206_062526,479171,28,22681,15
2,KABX20231206_144346_V06,42.326,0.110,454.550,185.518,11.867,-105.970,35.663,5933.735,96166.171,20231206_074346,479173,75,18885,67
2,KABX20231206_145054_V06,49.460,0.076,455.333,186.163,10.517,-105.966,35.660,5258.259,96290.068,20231206_075054,479175,107,19627,95
1,KABX20231207_130857_V06,-53.310,0.142,170.975,277.211,5.385,-107.532,35.250,2692.642,65511.234,20231207_060857,479169,62,21070,39
2,KABX20231207_130857_V06,-53.310,0.067,192.691,277.829,8.825,-107.413,35.248,4412.586,54787.647,20231207_060857,479169,62,21070,39
4,KABX20231207_151808_V06,75.873,0.116,457.602,185.833,12.965,-105.953,35.661,6482.555,97304.358,20231207_081808,479174,94,25276,86
1,KABX20231208_131149_V06,-51.247,0.089,191.499,279.241,9.494,-107.419,35.242,4746.817,55234.745,20231208_061149,479171,14,35740,11
1,KABX20231209_130819_V06,-55.534,0.072,192.079,277.667,8.485,-107.416,35.249,4242.449,55103.778,20231209_060819,479172,30,21888,25
1,KABX20231209_131525_V06,-48.434,0.098,192.156,276.832,16.211,-107.416,35.253,8105.437,55152.491,20231209_061525,479174,17,21718,12
1,KABX20231211_130912_V06,-56.173,0.401,191.995,278.055,9.821,-107.417,35.247,4910.625,55105.970,20231211_060912,479171,32,20474,23
1,KABX20231211_131618_V06,-49.073,0.230,191.868,277.584,16.569,-107.417,35.249,8284.407,55215.609,20231211_061618,479171,23,20094,17
8,KABX20231213_142139_V06,14.832,0.162,362.377,427.281,18.972,-106.483,34.576,9486.158,70871.859,20231213_072139,479171,92,90388,72
8,KABX20231213_142846_V06,21.949,0.114,364.277,425.755,28.022,-106.473,34.582,14011.213,70615.041,20231213_072846,479173,99,91193,81
15,KABX20231213_144421_V06,37.532,0.058,29.803,355.362,61.145,-108.301,34.891,30572.449,137904.953,20231213_074421,479172,84,92318,73
15,KABX20231213_145127_V06,44.632,-1.000,29.803,355.362,72.434,-108.301,34.891,36216.949,137904.953,20231213_075127,479174,85,92721,75
15,KABX20231213_150540_V06,58.849,0.065,40.585,335.104,78.929,-108.244,34.983,39464.627,130889.743,20231213_080540,479173,97,92373,76
3,KABX20231213_132446_V06,-42.051,0.060,299.815,130.446,28.617,-106.824,35.914,14308.437,84776.967,20231213_062446,479174,45,94646,28
7,KABX20231213_141432_V06,7.715,0.056,355.253,445.647,28.889,-106.523,34.493,14444.662,77887.479,20231213_071432,479171,101,91694,89
10,KABX20231213_143714_V06,30.415,0.133,480.171,557.031,31.438,-105.848,33.987,15718.822,156944.670,20231213_073714,479170,104,91040,90
1,KABX20231215_131617_V06,-51.897,0.309,194.724,277.715,11.399,-107.402,35.249,5699.694,53804.280,20231215_061617,479173,35,23217,32
1,KABX20231216_150835_V06,59.755,0.092,194.890,273.158,8.450,-107.401,35.269,4224.949,54241.758,20231216_080835,479176,76,25671,64
1,KABX20231219_133608_V06,-34.495,0.131,194.017,274.521,6.605,-107.406,35.263,3302.429,54501.453,20231219_063608,479171,52,22420,39
6,KABX20231220_151910_V06,67.988,0.101,165.128,320.126,24.155,-107.563,35.057,12077.587,68182.821,20231220_081910,479175,70,50812,58
1,KABX20231221_131215_V06,-59.453,0.118,194.665,276.533,5.346,-107.402,35.254,2673.050,53958.453,20231221_061215,479169,61,20004,30
3,KABX20231221_140857_V06,-2.753,0.072,157.464,277.448,13.776,-107.606,35.249,6888.096,72154.739,20231221_070857,479172,44,19504,38
8,KABX20231223_145418_V06,41.629,0.257,20.004,452.365,34.881,-108.347,34.453,17440.498,159383.919,20231223_075418,479170,30,188591,14
8,KABX20231223_150407_V06,51.446,0.524,24.660,444.182,46.350,-108.322,34.491,23175.014,155403.182,20231223_080407,479173,37,191754,17
8,KABX20231223_150903_V06,56.379,0.442,29.006,434.980,46.475,-108.299,34.532,23237.665,151374.636,20231223_080903,479175,15,191525,8
8,KABX20231223_151358_V06,61.296,0.089,33.240,416.757,47.688,-108.278,34.615,23843.974,145596.297,20231223_081358,479173,16,189277,3
5,KABX20231223_142230_V06,9.829,0.082,29.319,434.374,47.844,-108.298,34.535,23921.946,151099.946,20231223_072230,479176,43,176151,11
5,KABX20231223_142754_V06,15.229,0.147,30.905,431.562,56.505,-108.289,34.548,28252.559,149767.271,20231223_072754,479176,55,174652,20
5,KABX20231223_143320_V06,20.663,0.402,35.289,422.717,59.238,-108.266,34.588,29619.210,145886.411,20231223_073320,479172,47,174861,11
3,KABX20231223_140530_V06,-7.171,0.057,54.032,443.255,63.380,-108.162,34.497,31690.105,142321.911,20231223_070530,479169,345,165429,28
3,KABX20231223_141055_V06,-1.754,0.059,55.307,439.356,73.006,-108.156,34.514,36503.182,140796.295,20231223_071055,479175,210,172213,16
4,KABX20231223_142230_V06,9.829,0.164,389.564,282.977,45.218,-106.331,35.225,22608.978,45583.952,20231223_072230,479176,43,176151,11
9,KABX20231223_145418_V06,41.629,0.059,164.308,346.218,34.688,-107.566,34.939,17343.777,71673.658,20231223_075418,479170,30,188591,14
1,KABX20231225_131436_V06,-58.929,0.307,192.371,273.903,10.252,-107.415,35.266,5125.938,55373.840,20231225_061436,479174,21,25142,20
1,KABX20231225_132136_V06,-51.929,0.088,193.077,273.966,17.575,-107.411,35.266,8787.302,55023.170,20231225_062136,479172,35,24763,21
2,KABX20231227_131457_V06,-59.323,0.186,194.436,275.599,5.255,-107.403,35.258,2627.592,54173.459,20231227_061457,479175,26,26632,19
2,KABX20231227_132204_V06,-52.206,0.098,193.712,276.318,13.465,-107.407,35.255,6732.731,54447.283,20231227_062204,479175,29,25626,27
3,KABX20231227_134317_V06,-30.990,0.051,193.954,276.460,11.759,-107.406,35.254,5879.280,54313.683,20231227_064317,479173,61,25155,48
1,KABX20231228_131828_V06,-56.135,0.089,194.787,276.762,6.004,-107.401,35.253,3001.886,53874.459,20231228_061828,479174,30,22438,22
1,KABX20231230_140855_V06,-6.253,0.089,484.148,163.633,9.046,-105.805,35.760,4523.220,114571.388,20231230_070855,479168,14,16525,7
2,KABX20231230_151240_V06,57.497,0.094,455.909,185.070,10.853,-105.962,35.665,5426.430,96845.803,20231230_081240,479172,34,18877,23
2,KABX20231230_151940_V06,64.497,-1.000,455.909,185.070,21.983,-105.962,35.665,10991.430,96845.803,20231230_081940,479174,45,18771,34
2,KABX20231230_152647_V06,71.614,0.109,457.796,188.420,15.474,-105.952,35.649,7737.038,96630.299,20231230_082647,479171,41,19291,26
4,KABX20231231_134810_V06,-27.242,0.126,195.279,276.891,5.610,-107.399,35.253,2804.825,53620.211,20231231_064810,479173,28,22860,20
4,KABX20231231_140216_V06,-13.142,0.095,194.738,276.927,14.374,-107.402,35.252,7186.955,53880.668,20231231_070216,479173,32,22328,22
6,KABX20231231_140216_V06,-13.142,0.372,346.524,460.673,8.351,-106.570,34.425,4175.367,83636.667,20231231_070216,479173,32,22328,22
7,KABX20231231_152025_V06,65.008,0.084,196.611,274.842,13.072,-107.391,35.262,6535.927,53203.187,20231231_082025,479173,15,22314,9
