track_id,filename,from_sunrise,det_score,x,y,r,lon,lat,radius,geo_dist,local_time,n_radar_pixels,n_refAbove40_pixels,n_xcorrAbove0.95_pixels,n_xcorrBelow0.95_refAbove40_pixels
1,KVNX20210603_122655_V06,72.487,0.066,376.537,331.299,15.909,-97.700,36.599,7954.487,41344.709,20210603_072655,479196,99,36310,90
2,KVNX20210603_123538_V06,81.203,0.102,414.982,413.637,14.151,-97.488,36.227,7075.741,80830.505,20210603_073538,479196,80,36557,71
1,KVNX20210605_101817_V06,-55.649,0.115,297.581,278.282,2.252,-98.141,36.839,1125.809,10926.325,20210605_051817,479195,121,27520,115
2,KVNX20210605_101817_V06,-55.649,0.108,300.294,278.773,2.453,-98.126,36.836,1226.398,10614.266,20210605_051817,479195,121,27520,115
4,KVNX20210605_102755_V06,-46.015,0.064,383.077,259.477,13.620,-97.661,36.922,6810.120,46216.574,20210605_052755,479186,116,28673,97
1,KVNX20210606_110904_V06,-4.660,0.053,368.592,340.297,15.120,-97.744,36.559,7559.980,39776.643,20210606_060904,479189,47,25425,44
18,KVNX20210607_121815_V06,64.699,0.115,182.346,343.778,29.583,-98.784,36.542,14791.700,62767.633,20210607_071815,479236,2864,61566,122
18,KVNX20210607_122151_V06,68.299,0.070,183.587,331.069,23.945,-98.778,36.599,11972.715,60243.990,20210607_072151,479222,3236,62012,132
1,KVNX20210608_120202_V06,48.629,0.083,374.738,326.236,19.198,-97.710,36.622,9599.169,39604.504,20210608_070202,479194,68,42885,59
1,KVNX20210610_102151_V06,-51.349,0.109,290.710,224.918,4.411,-98.180,37.079,2205.261,37827.395,20210610_052151,479190,57,41242,56
2,KVNX20210612_114302_V06,29.926,0.134,378.961,439.100,61.281,-97.689,36.113,30640.461,79974.368,20210612_064302,479191,87,33958,82
1,KVNX20210614_101706_V06,-56.030,0.092,66.759,129.645,6.117,-99.446,37.501,3058.495,144414.746,20210614_051706,479228,418,63644,306
2,KVNX20210614_122010_V06,67.037,0.151,439.090,89.833,13.426,-97.339,37.685,6712.975,126012.180,20210614_072010,479219,253,51261,190
1,KVNX20210615_101624_V06,-56.782,0.075,234.394,300.203,2.930,-98.495,36.739,1464.922,32803.044,20210615_051624,479187,69,51370,57
2,KVNX20210615_102602_V06,-47.149,0.073,209.451,112.009,9.823,-98.640,37.587,4911.253,104331.072,20210615_052602,479194,66,54471,61
5,KVNX20210615_123117_V06,78.101,0.082,437.624,171.880,2.223,-97.351,37.316,1111.732,94014.780,20210615_073117,479193,103,55570,73
4,KVNX20210616_102458_V06,-48.296,0.053,232.984,301.945,2.685,-98.503,36.731,1342.377,33522.166,20210616_052458,479193,125,48316,113
1,KVNX20210619_112507_V06,11.453,0.057,367.043,342.613,9.972,-97.753,36.548,4986.073,39719.531,20210619_062507,479191,60,36195,59
1,KVNX20210622_102109_V06,-53.150,0.616,83.769,338.379,9.416,-99.335,36.562,4708.203,109805.288,20210622_052109,479184,376,54365,357
1,KVNX20210622_103047_V06,-43.517,0.444,84.127,338.230,14.651,-99.333,36.562,7325.708,109616.083,20210622_053047,479181,293,58194,265
3,KVNX20210622_102109_V06,-53.150,0.057,211.720,352.843,8.699,-98.620,36.502,4349.291,51443.464,20210622_052109,479184,376,54365,357
3,KVNX20210622_103047_V06,-43.517,0.066,212.593,354.181,17.095,-98.615,36.496,8547.620,51418.864,20210622_053047,479181,293,58194,265
5,KVNX20210622_121627_V06,62.150,0.053,254.807,131.170,32.685,-98.383,37.501,16342.291,87387.132,20210622_071627,479218,300,57125,246
1,KVNX20210623_102607_V06,-48.446,0.102,368.362,338.057,6.313,-97.746,36.569,3156.284,39120.715,20210623_052607,479179,56,37939,53
2,KVNX20210624_120251_V06,48.000,0.054,295.288,150.088,16.081,-98.154,37.416,8040.607,74992.923,20210624_070251,479222,83,66140,25
9,KVNX20210626_111639_V06,1.154,0.215,138.850,431.655,73.251,-99.023,36.144,36625.591,104046.397,20210626_061639,479228,4545,175523,497
9,KVNX20210626_112156_V06,6.437,0.443,142.505,428.140,80.223,-99.003,36.160,40111.328,101519.347,20210626_062156,479212,4675,171881,563
8,KVNX20210626_111121_V06,-4.146,0.074,323.853,316.496,35.399,-97.994,36.666,17699.282,14500.563,20210626_061121,479201,4668,181447,659
8,KVNX20210626_111639_V06,1.154,-1.000,323.853,316.496,43.826,-97.994,36.666,21912.782,14500.563,20210626_061639,479228,4545,175523,497
8,KVNX20210626_112156_V06,6.437,0.076,345.003,310.798,35.489,-97.876,36.692,17744.598,23140.367,20210626_062156,479212,4675,171881,563
9,KVNX20210628_122439_V06,68.414,0.055,333.697,457.009,29.120,-97.941,36.033,14559.780,80292.409,20210628_072439,479200,1556,102262,77
7,KVNX20210629_104118_V06,-35.340,0.315,432.216,98.504,18.142,-97.378,37.646,9071.156,120500.521,20210629_054118,479197,770,201975,26
7,KVNX20210629_104654_V06,-29.740,0.805,431.572,96.082,22.711,-97.382,37.657,11355.397,121340.373,20210629_054654,479198,1000,196891,20
8,KVNX20210629_104654_V06,-29.740,0.060,192.454,334.444,17.247,-98.728,36.584,8623.596,56463.449,20210629_054654,479198,1000,196891,20
8,KVNX20210629_105218_V06,-24.340,-1.000,192.454,334.444,25.833,-98.728,36.584,12916.596,56463.449,20210629_055218,479201,1044,194947,14
8,KVNX20210629_110248_V06,-13.840,0.117,190.548,335.527,19.239,-98.739,36.579,9619.377,57536.680,20210629_060248,479191,1084,177482,6
16,KVNX20210629_113442_V06,18.060,0.082,372.936,275.222,19.374,-97.719,36.852,9686.974,38514.900,20210629_063442,479195,1498,162031,17
30,KVNX20210629_122041_V06,64.044,0.097,426.731,414.827,19.328,-97.423,36.221,9663.906,85507.042,20210629_072041,479192,1538,159365,35
3,KVNX20210630_105238_V06,-24.432,0.331,367.313,291.340,14.182,-97.750,36.779,7091.064,33933.902,20210630_055238,479195,4615,131207,75
4,KVNX20210630_111055_V06,-6.149,0.167,134.816,444.571,27.794,-99.045,36.086,13896.760,109757.190,20210630_061055,479200,4937,130280,68
3,KVNX20210701_110405_V06,-13.429,0.235,235.696,132.152,3.043,-98.491,37.496,1521.545,89872.020,20210701_060405,479203,1542,93113,63
7,KVNX20210701_110905_V06,-8.429,0.083,303.251,137.771,2.118,-98.109,37.472,1058.971,81130.546,20210701_060905,479194,1764,88635,61
9,KVNX20210701_111411_V06,-3.329,0.058,144.181,235.482,15.236,-99.003,37.028,7617.964,84324.106,20210701_061411,479189,1977,86462,85
11,KVNX20210701_111917_V06,1.771,0.057,216.223,36.201,10.922,-98.604,37.928,5460.821,138391.344,20210701_061917,479192,2129,87273,72
12,KVNX20210701_111917_V06,1.771,0.056,188.052,71.055,5.021,-98.763,37.771,2510.433,127424.752,20210701_061917,479192,2129,87273,72
12,KVNX20210701_112423_V06,6.871,-1.000,188.052,71.055,13.130,-98.763,37.771,6564.933,127424.752,20210701_062423,479204,2460,89789,67
12,KVNX20210701_112929_V06,11.971,0.067,188.487,73.037,8.426,-98.760,37.762,4212.902,126438.986,20210701_062929,479200,2594,92346,95
21,KVNX20210701_121035_V06,53.071,0.197,248.174,373.525,11.952,-98.416,36.409,5975.809,44977.266,20210701_071035,479195,4221,103752,270
5,KVNX20210703_121712_V06,58.730,0.160,456.305,521.802,13.992,-97.264,35.738,6996.113,135672.107,20210703_071712,479188,551,45879,446
5,KVNX20210703_122650_V06,68.364,0.171,455.886,521.430,22.019,-97.266,35.740,11009.295,135399.155,20210703_072650,479184,584,45580,444
1,KVNX20210703_102138_V06,-56.836,0.061,83.256,339.953,11.076,-99.338,36.555,5538.018,110197.799,20210703_052138,479190,492,43137,431
2,KVNX20210703_105031_V06,-27.953,0.066,83.919,338.985,11.224,-99.334,36.559,5611.971,109784.942,20210703_055031,479193,585,46232,496
3,KVNX20210703_112902_V06,10.564,0.271,445.190,542.636,36.289,-97.326,35.645,18144.642,141379.434,20210703_062902,479189,548,37745,452
3,KVNX20210703_113840_V06,20.197,0.325,435.554,541.219,24.369,-97.379,35.652,12184.460,138348.914,20210703_063840,479184,605,40648,515
1,KVNX20210704_102259_V06,-55.994,0.123,85.039,333.924,6.824,-99.328,36.582,3411.796,108810.560,20210704_052259,479196,194,42060,88
2,KVNX20210704_111639_V06,-2.328,0.053,83.648,333.972,8.082,-99.336,36.582,4040.776,109501.551,20210704_061639,479192,213,38043,136
3,KVNX20210704_115201_V06,33.039,0.137,201.738,55.448,23.082,-98.686,37.841,11540.922,131777.171,20210704_065201,479204,209,52737,157
5,KVNX20210705_122842_V06,69.195,0.350,189.746,58.216,8.296,-98.754,37.828,4148.052,132868.082,20210705_072842,479186,129,60385,102
5,KVNX20210705_123320_V06,73.828,0.055,189.630,58.418,14.433,-98.754,37.828,7216.617,132800.006,20210705_073320,479183,111,60619,91
5,KVNX20210705_123757_V06,78.445,0.256,186.512,58.256,17.718,-98.772,37.828,8858.870,133528.619,20210705_073757,479200,94,61928,77
1,KVNX20210705_102403_V06,-55.455,0.142,419.690,267.687,8.631,-97.456,36.885,4315.506,61987.354,20210705_052403,479184,124,54920,97
3,KVNX20210705_110102_V06,-18.472,0.052,100.802,311.218,7.747,-99.242,36.685,3873.687,99756.710,20210705_060102,479181,254,53224,198
4,KVNX20210705_122405_V06,64.578,0.072,393.734,184.192,2.499,-97.599,37.261,1249.722,74494.069,20210705_072405,479196,118,60318,103
5,KVNX20210707_124351_V06,83.236,0.057,98.828,181.127,20.653,-99.262,37.271,10326.592,116834.349,20210707_074351,479192,364,72595,46
5,KVNX20210707_124857_V06,88.336,0.134,96.970,181.802,28.268,-99.272,37.268,14133.913,117464.808,20210707_074857,479191,414,73513,58
3,KVNX20210707_102221_V06,-58.264,0.060,220.213,351.353,5.223,-98.573,36.509,2611.639,47442.459,20210707_052221,479200,1009,76143,59
3,KVNX20210708_112137_V06,0.422,0.558,420.431,571.357,34.558,-97.464,35.516,17278.955,148440.572,20210708_062137,479182,30,54568,28
3,KVNX20210708_113114_V06,10.038,0.207,423.111,569.945,45.228,-97.449,35.522,22613.972,148346.382,20210708_063114,479181,25,54198,19
1,KVNX20210708_102349_V06,-57.378,0.094,365.956,337.200,5.115,-97.759,36.573,2557.327,37861.893,20210708_052349,479186,44,86653,36
4,KVNX20210708_120946_V06,48.572,0.086,299.777,301.882,9.854,-98.129,36.732,4926.842,947.356,20210708_070946,479181,19,71111,17
2,KVNX20210709_110106_V06,-20.692,0.231,424.792,564.395,23.213,-97.439,35.547,11606.300,146182.946,20210709_060106,479185,72,22871,70
2,KVNX20210709_111044_V06,-11.059,0.404,428.356,561.168,36.729,-97.420,35.562,18364.511,145502.737,20210709_061044,479183,119,24346,110
2,KVNX20210709_112022_V06,-1.426,0.074,430.455,542.081,38.468,-97.407,35.648,19234.110,137497.135,20210709_062022,479184,94,28357,88
1,KVNX20210709_103213_V06,-49.576,0.050,233.233,300.439,2.844,-98.501,36.738,1422.052,33384.207,20210709_053213,479181,57,32764,52
3,KVNX20210709_122745_V06,65.958,0.161,275.496,41.870,12.621,-98.267,37.904,6310.665,129645.350,20210709_072745,479180,67,46196,56
16,KVNX20210710_111612_V06,-6.205,0.095,349.733,298.318,15.252,-97.849,36.748,7626.118,24880.514,20210710_061612,479211,445,94978,44
16,KVNX20210710_112049_V06,-1.588,0.066,350.501,298.786,21.469,-97.845,36.746,10734.400,25257.877,20210710_062049,479207,624,96795,40
16,KVNX20210710_112526_V06,3.028,0.075,355.543,302.433,24.108,-97.817,36.729,12054.195,27798.249,20210710_062526,479223,694,101093,51
16,KVNX20210710_112956_V06,7.528,0.106,347.702,311.988,11.342,-97.861,36.687,5670.979,24592.652,20210710_062956,479204,718,107412,44
36,KVNX20210710_123648_V06,74.395,0.122,287.259,399.877,21.956,-98.198,36.291,10978.125,50342.952,20210710_073648,479216,217,79676,40
36,KVNX20210710_124033_V06,78.145,0.106,287.569,401.253,26.579,-98.197,36.285,13289.522,51006.532,20210710_074033,479206,85,77076,37
36,KVNX20210710_124418_V06,81.895,0.109,291.377,404.592,27.402,-98.175,36.270,13701.183,52473.458,20210710_074418,479208,125,77222,36
32,KVNX20210710_121535_V06,53.178,0.126,212.719,409.148,21.269,-98.613,36.248,10634.512,69877.036,20210710_071535,479200,435,91144,54
32,KVNX20210710_122001_V06,57.612,0.134,212.561,409.891,27.853,-98.614,36.245,13926.519,70216.902,20210710_072001,479200,292,89552,43
2,KVNX20210710_102514_V06,-57.172,0.113,367.936,335.850,7.603,-97.748,36.579,3801.456,38407.395,20210710_052514,479226,227,97107,34
17,KVNX20210710_112049_V06,-1.588,0.069,317.869,160.378,10.913,-98.027,37.370,5456.501,70380.387,20210710_062049,479207,624,96795,40
21,KVNX20210710_113417_V06,11.878,0.141,329.724,374.016,11.346,-97.962,36.407,5672.884,39880.795,20210710_063417,479205,790,112922,31
22,KVNX20210710_113417_V06,11.878,0.134,88.249,287.022,32.415,-99.314,36.793,16207.512,106073.943,20210710_063417,479205,790,112922,31
34,KVNX20210710_121535_V06,53.178,0.052,28.995,199.807,39.573,-99.654,37.182,19786.678,144466.744,20210710_071535,479200,435,91144,54
35,KVNX20210710_122430_V06,62.095,0.073,57.229,258.798,60.348,-99.490,36.919,30174.183,123121.278,20210710_072430,479200,217,86160,52
37,KVNX20210710_123648_V06,74.395,0.065,63.404,291.531,17.296,-99.453,36.772,8648.140,118373.718,20210710_073648,479216,217,79676,40
38,KVNX20210710_124418_V06,81.895,0.052,335.512,436.280,21.734,-97.930,36.127,10867.096,70415.619,20210710_074418,479208,125,77222,36
7,KVNX20210711_123736_V06,74.567,0.383,222.985,80.258,14.132,-98.564,37.730,7065.821,116423.392,20210711_073736,479194,116,55089,110
7,KVNX20210711_124713_V06,84.184,0.146,223.750,76.933,28.752,-98.560,37.745,14375.841,117869.311,20210711_074713,479195,130,55854,126
1,KVNX20210711_103227_V06,-50.583,0.054,363.919,340.061,2.699,-97.770,36.560,1349.480,37717.816,20210711_053227,479190,69,40908,63
2,KVNX20210711_111058_V06,-12.066,0.170,193.302,73.590,6.742,-98.733,37.759,3370.922,125145.742,20210711_061058,479190,257,40950,234
4,KVNX20210711_112036_V06,-2.433,0.181,329.702,97.144,20.656,-97.959,37.655,10328.011,102509.355,20210711_062036,479197,221,39784,200
5,KVNX20210711_121820_V06,55.300,0.095,216.023,78.634,3.321,-98.604,37.737,1660.641,118379.729,20210711_071820,479196,163,55240,150
2,KVNX20210712_112044_V06,-2.942,0.165,412.742,584.082,20.600,-97.507,35.459,10300.108,152818.228,20210712_062044,479196,13,56751,10
2,KVNX20210712_113022_V06,6.692,0.431,413.872,582.020,30.312,-97.500,35.468,15156.221,152070.784,20210712_063022,479191,17,59107,14
2,KVNX20210712_114000_V06,16.325,0.337,415.574,578.043,32.637,-97.491,35.486,16318.379,150553.301,20210712_064000,479191,14,58712,14
2,KVNX20210712_114938_V06,25.958,0.067,421.490,574.415,37.585,-97.458,35.502,18792.563,150052.937,20210712_064938,479183,16,57563,14
1,KVNX20210712_112044_V06,-2.942,0.185,316.410,67.450,10.448,-98.034,37.788,5223.751,116564.281,20210712_062044,479196,13,56751,10
2,KVNX20210713_112929_V06,5.152,0.201,428.465,569.728,37.261,-97.419,35.523,18630.577,149379.018,20210713_062929,479181,47,42003,46
2,KVNX20210713_113906_V06,14.769,0.400,429.885,567.519,46.305,-97.411,35.533,23152.365,148691.527,20210713_063906,479179,53,44324,44
2,KVNX20210713_114844_V06,24.402,0.097,429.820,559.484,49.513,-97.412,35.569,24756.533,145073.266,20210713_064844,479180,37,45724,35
1,KVNX20210713_111013_V06,-14.114,0.051,96.599,309.929,5.131,-99.265,36.691,2565.537,101821.396,20210713_061013,479184,39,37446,39
10,KVNX20210715_124916_V06,83.586,0.074,63.940,340.061,27.653,-99.446,36.553,13826.726,119717.628,20210715_074916,479208,869,134473,53
1,KVNX20210716_112024_V06,-5.973,0.062,89.123,312.902,8.224,-99.307,36.677,4111.848,105635.648,20210716_062024,479211,509,51546,107
1,KVNX20210716_112339_V06,-2.723,0.142,88.998,312.094,12.996,-99.308,36.680,6498.216,105674.361,20210716_062339,479212,490,54467,84
11,KVNX20210717_111813_V06,-8.860,0.326,420.976,568.583,19.697,-97.461,35.529,9848.333,147285.398,20210717_061813,479218,1505,49255,182
11,KVNX20210717_112140_V06,-5.410,0.598,421.745,567.944,24.948,-97.456,35.532,12473.948,147152.805,20210717_062140,479215,1590,53700,192
11,KVNX20210717_112524_V06,-1.677,0.811,425.058,565.420,29.281,-97.438,35.543,14640.521,146703.160,20210717_062524,479207,1686,58918,175
11,KVNX20210717_112921_V06,2.273,0.790,426.816,564.734,31.925,-97.428,35.546,15962.472,146770.289,20210717_062921,479232,1646,61258,151
11,KVNX20210717_113310_V06,6.090,0.809,427.685,561.851,35.800,-97.423,35.559,17899.903,145661.680,20210717_063310,479195,1761,65045,208
11,KVNX20210717_113700_V06,9.923,0.835,428.488,558.564,39.357,-97.419,35.574,19678.407,144364.528,20210717_063700,479215,2006,69343,234
11,KVNX20210717_114051_V06,13.773,0.816,428.331,556.006,43.221,-97.420,35.585,21610.393,143185.046,20210717_064051,479227,2192,70619,287
11,KVNX20210717_114441_V06,17.607,0.808,430.187,554.108,47.258,-97.409,35.594,23628.917,142758.234,20210717_064441,479206,2392,74228,348
11,KVNX20210717_114826_V06,21.357,0.424,434.061,551.693,51.324,-97.388,35.604,25662.249,142584.881,20210717_064826,479214,2586,75450,308
13,KVNX20210717_123439_V06,67.573,0.127,23.517,171.523,29.473,-99.687,37.309,14736.618,152438.106,20210717_073439,479203,4476,76663,700
13,KVNX20210717_123842_V06,71.623,-1.000,23.517,171.523,35.913,-99.687,37.309,17956.368,152438.106,20210717_073842,479203,4702,76933,615
13,KVNX20210717_124245_V06,75.673,0.068,27.160,171.197,30.916,-99.666,37.311,15458.038,150857.549,20210717_074245,479197,5060,76995,598
1,KVNX20210718_110423_V06,-23.407,0.274,372.405,334.768,16.791,-97.723,36.583,8395.496,40160.218,20210718_060423,479210,755,83246,21
2,KVNX20210719_112510_V06,-3.348,0.055,401.326,586.068,18.457,-97.569,35.450,9228.397,151741.396,20210719_062510,479214,74,60882,46
2,KVNX20210719_112841_V06,0.169,0.097,401.180,585.798,23.473,-97.570,35.452,11736.523,151590.059,20210719_062841,479223,101,65772,64
2,KVNX20210719_113218_V06,3.786,0.229,401.516,584.083,24.262,-97.568,35.459,12131.222,150837.908,20210719_063218,479221,98,67748,62
2,KVNX20210719_113548_V06,7.286,-1.000,401.730,582.808,26.177,-97.567,35.465,13088.650,150274.101,20210719_063548,479209,111,70295,65
2,KVNX20210719_113925_V06,10.902,0.511,399.425,581.538,25.534,-97.580,35.471,12767.036,149288.906,20210719_063925,479210,90,72524,57
2,KVNX20210719_114302_V06,14.519,0.432,399.114,580.503,27.174,-97.581,35.476,13586.991,148749.442,20210719_064302,479204,103,74768,67
2,KVNX20210719_114637_V06,18.102,0.155,397.485,579.566,29.086,-97.590,35.480,14543.151,148037.246,20210719_064637,479212,92,76313,61
1,KVNX20210719_104209_V06,-46.364,0.185,212.424,357.246,7.073,-98.616,36.482,3536.644,52313.200,20210719_054209,479203,110,56160,65
3,KVNX20210719_113548_V06,7.286,0.274,401.552,583.416,21.793,-97.568,35.462,10896.352,150530.318,20210719_063548,479209,111,70295,65
2,KVNX20210720_112036_V06,-8.647,0.224,398.481,585.892,18.997,-97.585,35.451,9498.421,151189.462,20210720_062036,479193,60,37725,48
2,KVNX20210720_113013_V06,0.970,0.658,396.860,582.983,27.718,-97.594,35.464,13859.179,149550.502,20210720_063013,479195,49,39463,41
2,KVNX20210720_113951_V06,10.603,0.706,389.223,579.043,28.516,-97.636,35.482,14258.117,146480.077,20210720_063951,479192,50,45590,43
2,KVNX20210720_114929_V06,20.236,0.695,390.508,574.354,32.765,-97.629,35.504,16382.370,144448.721,20210720_064929,479188,48,51756,41
2,KVNX20210720_120844_V06,39.486,0.203,382.061,570.453,40.545,-97.675,35.521,20272.584,141314.215,20210720_070844,479191,26,59932,26
1,KVNX20210720_104205_V06,-47.164,0.101,85.765,334.340,7.520,-99.324,36.580,3760.194,108484.734,20210720_054205,479192,63,43252,53
7,KVNX20210721_114312_V06,13.211,0.086,401.838,572.122,28.644,-97.566,35.513,14322.175,145276.867,20210721_064312,479184,83,45311,60
7,KVNX20210721_120228_V06,32.478,0.233,396.527,569.889,45.504,-97.595,35.523,22752.126,143315.536,20210721_070228,479184,79,49477,73
1,KVNX20210721_103545_V06,-54.239,0.457,212.746,109.970,6.467,-98.621,37.596,3233.431,104552.228,20210721_053545,479182,98,39356,88
3,KVNX20210722_113400_V06,3.262,0.559,420.126,566.993,32.643,-97.465,35.536,16321.680,146386.247,20210722_063400,479188,250,36119,239
3,KVNX20210722_114337_V06,12.879,0.773,420.332,562.614,45.061,-97.464,35.556,22530.610,144434.988,20210722_064337,479184,188,39459,182
3,KVNX20210722_120255_V06,32.179,0.318,421.813,558.191,50.087,-97.456,35.576,25043.331,142742.009,20210722_070255,479184,188,45112,173
1,KVNX20210722_103610_V06,-54.571,0.293,437.193,173.327,3.348,-97.354,37.309,1674.126,93364.847,20210722_053610,479182,261,32197,245
1,KVNX20210723_112430_V06,-6.995,0.494,423.575,565.004,24.712,-97.446,35.545,12355.860,146200.313,20210723_062430,479189,48,32409,46
1,KVNX20210723_113409_V06,2.655,0.813,425.594,560.059,37.927,-97.435,35.567,18963.642,144399.181,20210723_063409,479184,58,34975,58
1,KVNX20210723_114348_V06,12.305,0.891,428.526,554.466,47.996,-97.418,35.592,23997.824,142540.851,20210723_064348,479188,53,36139,52
1,KVNX20210723_120305_V06,31.588,0.283,437.403,546.771,58.223,-97.369,35.626,29111.316,141222.679,20210723_070305,479182,59,40544,52
3,KVNX20210724_110506_V06,-27.160,0.074,25.954,323.037,19.178,-99.659,36.627,9588.966,137506.044,20210724_060506,479191,75,65964,56
1,KVNX20210725_104940_V06,-43.364,0.109,243.945,152.128,12.247,-98.444,37.407,6123.253,79069.859,20210725_054940,479216,500,88298,318
10,KVNX20210725_115120_V06,18.303,0.347,66.422,127.246,6.771,-99.448,37.512,3385.323,145260.662,20210725_065120,479204,1009,64236,740
11,KVNX20210725_115457_V06,21.919,0.299,4.224,279.564,5.664,-99.785,36.821,2832.089,148240.460,20210725_065457,479207,1182,65732,883
8,KVNX20210726_113017_V06,-3.525,0.305,416.664,583.789,18.325,-97.485,35.460,9162.328,153416.496,20210726_063017,479194,253,97095,59
8,KVNX20210726_113427_V06,0.642,0.451,415.950,584.092,23.294,-97.489,35.459,11646.964,153421.483,20210726_063427,479202,161,95658,60
8,KVNX20210726_113838_V06,4.825,0.693,412.892,583.126,23.923,-97.506,35.463,11961.583,152401.683,20210726_063838,479196,214,95619,55
8,KVNX20210726_114248_V06,8.992,0.554,412.195,581.835,24.468,-97.509,35.469,12233.827,151672.911,20210726_064248,479223,186,97030,54
8,KVNX20210726_114658_V06,13.158,0.634,412.724,580.325,26.370,-97.507,35.476,13184.898,151070.246,20210726_064658,479211,174,97119,78
8,KVNX20210726_115055_V06,17.108,0.717,415.518,578.158,29.507,-97.491,35.486,14753.304,150595.614,20210726_065055,479212,125,97036,55
8,KVNX20210726_115504_V06,21.258,0.748,416.584,576.282,32.871,-97.485,35.494,16435.542,149936.343,20210726_065504,479214,138,98258,57
8,KVNX20210726_120330_V06,29.692,0.534,415.993,572.219,40.053,-97.488,35.512,20026.541,147950.675,20210726_070330,479203,89,97885,39
8,KVNX20210726_120740_V06,33.858,0.283,415.882,569.466,44.008,-97.489,35.525,22004.200,146663.491,20210726_070740,479213,77,96970,42
8,KVNX20210726_121156_V06,38.125,0.092,419.237,568.588,44.021,-97.470,35.529,22010.482,146932.714,20210726_071156,479204,93,97755,56
5,KVNX20210726_111723_V06,-16.425,0.197,9.160,277.814,13.882,-99.758,36.830,6940.962,145842.250,20210726_061723,479201,304,117672,48
5,KVNX20210726_112153_V06,-11.925,0.229,9.681,277.597,19.620,-99.755,36.831,9810.149,145591.264,20210726_062153,479208,272,109061,47
4,KVNX20210727_112809_V06,-6.442,0.710,411.782,577.532,22.608,-97.512,35.489,11303.926,149599.057,20210727_062809,479217,335,76537,223
4,KVNX20210727_113147_V06,-2.808,0.774,411.264,576.944,27.704,-97.514,35.491,13852.231,149229.216,20210727_063147,479206,373,78131,291
4,KVNX20210727_113502_V06,0.442,0.851,410.984,574.715,29.416,-97.516,35.501,14707.803,148143.453,20210727_063502,479216,397,79864,311
4,KVNX20210727_113817_V06,3.692,0.893,410.114,572.748,31.409,-97.521,35.510,15704.299,147068.512,20210727_063817,479214,337,81325,260
4,KVNX20210727_114155_V06,7.325,0.907,410.705,571.310,33.244,-97.517,35.517,16621.777,146513.399,20210727_064155,479216,411,84508,306
4,KVNX20210727_114533_V06,10.958,0.874,411.296,568.881,37.201,-97.514,35.528,18600.472,145502.281,20210727_064533,479226,360,86090,281
4,KVNX20210727_114910_V06,14.575,0.881,413.279,567.572,41.280,-97.503,35.533,20640.107,145281.810,20210727_064910,479225,254,88517,195
4,KVNX20210727_115247_V06,18.192,0.777,410.412,566.334,44.620,-97.519,35.539,22309.867,144156.817,20210727_065247,479214,216,91373,158
4,KVNX20210727_115623_V06,21.792,0.462,410.091,565.153,47.605,-97.521,35.544,23802.660,143549.697,20210727_065623,479206,165,94936,109
4,KVNX20210727_120339_V06,29.058,0.365,414.617,562.566,51.471,-97.495,35.556,25735.551,143246.068,20210727_070339,479233,99,97916,78
4,KVNX20210727_120716_V06,32.675,0.121,415.576,560.614,54.826,-97.490,35.565,27413.110,142546.261,20210727_070716,479219,129,97156,96
4,KVNX20210727_121053_V06,36.292,0.051,446.374,560.931,40.225,-97.320,35.562,20112.343,149591.154,20210727_071053,479208,142,95897,101
3,KVNX20210727_110323_V06,-31.208,0.113,262.099,120.876,13.596,-98.342,37.548,6797.869,91544.995,20210727_060323,479216,294,92815,236
3,KVNX20210727_110700_V06,-27.592,-1.000,262.099,120.876,19.346,-98.342,37.548,9673.119,91544.995,20210727_060700,479212,275,86947,211
3,KVNX20210727_111037_V06,-23.975,-1.000,262.099,120.876,25.097,-98.342,37.548,12548.369,91544.995,20210727_061037,479210,374,78002,280
3,KVNX20210727_111415_V06,-20.342,-1.000,262.099,120.876,30.874,-98.342,37.548,15436.869,91544.995,20210727_061415,479208,415,69850,330
3,KVNX20210727_111753_V06,-16.708,-1.000,262.099,120.876,36.651,-98.342,37.548,18325.369,91544.995,20210727_061753,479207,362,67849,255
3,KVNX20210727_112108_V06,-13.458,-1.000,262.099,120.876,41.818,-98.342,37.548,20909.119,91544.995,20210727_062108,479215,358,70000,260
3,KVNX20210727_112445_V06,-9.842,0.080,263.190,122.459,46.559,-98.336,37.541,23279.728,90658.255,20210727_062445,479213,357,73447,240
5,KVNX20210727_114533_V06,10.958,0.086,265.145,132.975,35.623,-98.325,37.493,17811.253,85311.693,20210727_064533,479226,360,86090,281
5,KVNX20210727_114910_V06,14.575,0.118,264.708,132.859,40.193,-98.327,37.494,20096.471,85413.168,20210727_064910,479225,254,88517,195
8,KVNX20210727_123235_V06,57.992,0.068,83.476,339.822,10.274,-99.337,36.555,5137.126,110077.902,20210727_073235,479210,83,93481,53
8,KVNX20210727_123613_V06,61.625,0.089,83.744,339.885,14.960,-99.335,36.555,7479.970,109951.444,20210727_073613,479209,126,91229,72
1,KVNX20210727_103804_V06,-56.525,0.064,63.876,130.373,6.630,-99.463,37.498,3315.196,145368.431,20210727_053804,479202,379,96505,312
2,KVNX20210727_105609_V06,-38.442,0.100,254.311,128.762,35.648,-98.386,37.512,17823.872,88614.001,20210727_055609,479208,225,98848,165
7,KVNX20210727_121807_V06,43.525,0.056,298.195,126.795,6.619,-98.138,37.521,3309.731,86607.182,20210727_071807,479215,191,95818,154
9,KVNX20210727_123235_V06,57.992,0.067,255.396,128.470,32.919,-98.380,37.513,16459.745,88617.127,20210727_073235,479210,83,93481,53
1,KVNX20210728_113555_V06,0.536,0.207,411.649,570.722,29.546,-97.512,35.519,14773.121,146420.393,20210728_063555,479191,92,37044,74
1,KVNX20210728_114533_V06,10.169,0.650,410.603,567.920,36.751,-97.518,35.532,18375.468,144925.734,20210728_064533,479190,121,42659,90
1,KVNX20210728_120448_V06,29.419,0.440,411.045,564.730,44.691,-97.515,35.546,22345.391,143538.349,20210728_070448,479208,147,65416,124
2,KVNX20210728_130106_V06,85.719,0.078,447.711,106.081,2.662,-97.291,37.612,1330.967,121884.331,20210728_080106,479211,234,60726,196
3,KVNX20210729_112938_V06,-6.541,0.347,421.386,565.852,30.877,-97.458,35.541,15438.656,146126.318,20210729_062938,479220,287,56650,237
3,KVNX20210729_113315_V06,-2.925,0.373,421.254,565.691,36.049,-97.459,35.542,18024.291,146025.953,20210729_063315,479211,210,56745,188
3,KVNX20210729_113653_V06,0.709,0.717,419.201,562.776,38.821,-97.470,35.555,19410.646,144273.903,20210729_063653,479214,207,58942,181
3,KVNX20210729_114031_V06,4.342,0.797,417.825,560.434,42.684,-97.478,35.566,21341.977,142923.659,20210729_064031,479224,190,61173,172
3,KVNX20210729_114408_V06,7.959,0.711,417.708,558.594,46.556,-97.478,35.574,23278.041,142061.832,20210729_064408,479209,194,64159,165
3,KVNX20210729_114745_V06,11.575,0.455,418.705,555.366,50.473,-97.473,35.588,25236.363,140803.710,20210729_064745,479211,200,66994,182
3,KVNX20210729_115123_V06,15.209,0.193,421.000,553.470,50.769,-97.460,35.597,25384.276,140435.286,20210729_065123,479208,268,69406,230
1,KVNX20210729_104403_V06,-52.125,0.201,85.700,334.591,6.843,-99.325,36.579,3421.535,108536.886,20210729_054403,479188,346,48837,326
1,KVNX20210729_110320_V06,-32.841,0.200,85.959,335.997,14.373,-99.323,36.573,7186.398,108523.512,20210729_060320,479192,434,45809,410
2,KVNX20210729_110320_V06,-32.841,0.079,210.966,111.407,8.418,-98.632,37.589,4208.803,104276.691,20210729_060320,479192,434,45809,410
4,KVNX20210729_115123_V06,15.209,0.064,270.602,76.168,13.468,-98.294,37.749,6733.929,112877.140,20210729_065123,479208,268,69406,230
1,KVNX20210730_114136_V06,4.627,0.810,416.740,567.371,33.230,-97.484,35.534,16615.002,145872.910,20210730_064136,479193,225,36249,196
1,KVNX20210730_120053_V06,23.910,0.540,415.719,564.415,47.417,-97.489,35.548,23708.308,144313.969,20210730_070053,479187,220,47211,179
1,KVNX20210730_121031_V06,33.543,0.099,420.126,560.182,50.865,-97.465,35.567,25432.559,143287.099,20210730_071031,479193,230,50895,185
3,KVNX20210730_120053_V06,23.910,0.218,83.599,338.382,10.606,-99.336,36.562,5303.242,109889.034,20210730_070053,479187,220,47211,179
3,KVNX20210730_121031_V06,33.543,0.297,83.789,339.432,16.532,-99.335,36.557,8266.094,109888.618,20210730_071031,479193,230,50895,185
2,KVNX20210730_114136_V06,4.627,0.419,437.275,91.846,36.465,-97.349,37.676,18232.567,124672.060,20210730_064136,479193,225,36249,196
1,KVNX20210731_112115_V06,-16.526,0.868,462.444,85.816,16.790,-97.207,37.702,8394.806,134408.644,20210731_062115,479186,275,50247,263
1,KVNX20210731_113052_V06,-6.910,0.717,460.164,84.281,32.942,-97.219,37.709,16470.758,134338.216,20210731_063052,479188,318,48679,309
1,KVNX20210731_114030_V06,2.724,0.671,456.379,86.397,44.338,-97.241,37.700,22168.982,132363.844,20210731_064030,479184,297,43856,291
1,KVNX20210731_115007_V06,12.340,0.631,470.253,91.760,43.954,-97.163,37.675,21976.776,134490.040,20210731_065007,479180,286,44713,268
4,KVNX20210731_114030_V06,2.724,0.566,429.164,568.428,32.510,-97.415,35.529,16254.763,148943.827,20210731_064030,479184,297,43856,291
4,KVNX20210731_115007_V06,12.340,0.601,429.409,566.930,42.463,-97.414,35.536,21231.683,148322.385,20210731_065007,479180,286,44713,268
4,KVNX20210731_120922_V06,31.590,0.066,431.448,564.876,41.889,-97.403,35.545,20944.598,147849.649,20210731_070922,479184,365,56080,354
8,KVNX20210801_113224_V06,-6.183,0.237,414.430,106.594,12.325,-97.480,37.610,6162.548,112361.324,20210801_063224,479195,3783,141393,195
8,KVNX20210801_113614_V06,-2.350,0.816,412.803,108.574,18.282,-97.489,37.602,9140.760,111094.887,20210801_063614,479202,4189,141789,163
8,KVNX20210801_114004_V06,1.483,0.888,410.914,110.143,21.021,-97.500,37.595,10510.313,109940.317,20210801_064004,479210,4125,140417,173
8,KVNX20210801_114356_V06,5.350,0.693,409.618,110.043,23.961,-97.507,37.595,11980.646,109658.489,20210801_064356,479196,3951,139275,208
8,KVNX20210801_114759_V06,9.400,0.743,408.787,110.148,29.355,-97.512,37.595,14677.589,109405.776,20210801_064759,479199,3943,138381,184
8,KVNX20210801_115149_V06,13.233,0.582,412.063,109.569,32.052,-97.493,37.597,16026.134,110478.705,20210801_065149,479212,3916,138513,174
8,KVNX20210801_115539_V06,17.067,0.222,410.217,109.201,35.367,-97.503,37.599,17683.383,110172.394,20210801_065539,479201,3811,138461,159
8,KVNX20210801_120320_V06,24.750,0.517,410.099,113.617,44.064,-97.504,37.579,22031.997,108236.556,20210801_070320,479203,3255,138775,189
8,KVNX20210801_120711_V06,28.600,0.357,411.788,115.527,47.552,-97.495,37.570,23775.828,107850.400,20210801_070711,479204,3166,138844,168
10,KVNX20210801_114356_V06,5.350,0.099,369.986,167.096,17.090,-97.733,37.339,8545.143,75102.646,20210801_064356,479196,3951,139275,208
2,KVNX20210802_113644_V06,-2.660,0.361,403.466,587.840,18.043,-97.558,35.442,9021.612,152935.378,20210802_063644,479180,127,29378,115
2,KVNX20210802_114621_V06,6.956,0.361,404.336,586.290,27.220,-97.553,35.449,13609.809,152354.955,20210802_064621,479182,114,30177,102
2,KVNX20210802_120537_V06,26.223,0.356,403.516,580.116,28.629,-97.557,35.477,14314.459,149315.807,20210802_070537,479185,184,40874,175
2,KVNX20210802_121514_V06,35.840,0.331,407.068,573.886,39.890,-97.537,35.505,19944.811,147034.654,20210802_071514,479193,193,44215,181
2,KVNX20210802_122453_V06,45.490,0.115,412.293,570.112,47.882,-97.509,35.522,23941.020,146262.005,20210802_072453,479183,217,45861,199
1,KVNX20210802_112706_V06,-12.294,0.948,419.313,110.638,20.990,-97.452,37.592,10495.079,111907.976,20210802_062706,479185,131,34285,114
1,KVNX20210802_113644_V06,-2.660,0.942,421.122,113.363,29.037,-97.442,37.580,14518.721,111247.080,20210802_063644,479180,127,29378,115
1,KVNX20210802_114621_V06,6.956,0.873,422.741,117.695,32.616,-97.433,37.560,16307.860,109886.918,20210802_064621,479182,114,30177,102
1,KVNX20210802_120537_V06,26.223,0.183,421.480,118.926,40.521,-97.440,37.555,20260.349,109024.111,20210802_070537,479185,184,40874,175
1,KVNX20210803_112222_V06,-17.840,0.801,427.484,99.505,18.939,-97.405,37.642,9469.460,118796.324,20210803_062222,479184,51,26004,33
1,KVNX20210803_113200_V06,-8.207,0.950,424.607,104.476,28.432,-97.422,37.620,14216.048,115927.135,20210803_063200,479180,49,35673,31
1,KVNX20210803_114138_V06,1.426,0.898,423.831,113.766,35.159,-97.427,37.578,17579.685,111822.947,20210803_064138,479182,68,33374,57
1,KVNX20210803_120053_V06,20.676,0.759,424.214,122.480,44.727,-97.425,37.539,22363.387,108331.126,20210803_070053,479179,48,43322,30
1,KVNX20210803_121030_V06,30.293,0.084,427.665,123.971,45.901,-97.405,37.532,22950.335,108725.239,20210803_071030,479180,50,49088,45
3,KVNX20210803_123926_V06,59.226,0.077,19.396,373.654,24.810,-99.692,36.399,12405.013,145054.882,20210803_073926,479179,58,59648,37
5,KVNX20210804_112241_V06,-18.340,0.954,426.857,90.301,14.895,-97.408,37.683,7447.617,122542.411,20210804_062241,479179,250,28055,224
5,KVNX20210804_113220_V06,-8.690,0.975,427.092,92.524,24.574,-97.407,37.673,12286.912,121653.678,20210804_063220,479180,285,42008,242
5,KVNX20210804_114157_V06,0.927,0.962,426.170,96.627,33.890,-97.413,37.655,16944.813,119665.798,20210804_064157,479182,341,47334,296
5,KVNX20210804_120113_V06,20.194,0.842,433.713,98.139,47.755,-97.370,37.648,23877.669,121065.140,20210804_070113,479179,324,61739,256
5,KVNX20210804_121051_V06,29.827,0.117,431.485,110.916,56.822,-97.383,37.590,28411.195,115152.938,20210804_071051,479185,302,67682,252
1,KVNX20210804_104411_V06,-56.840,0.256,206.893,115.093,2.512,-98.654,37.573,1255.848,103512.710,20210804_054411,479181,325,33090,270
4,KVNX20210804_104411_V06,-56.840,0.065,84.887,334.830,6.234,-99.329,36.578,3117.215,108957.398,20210804_054411,479181,325,33090,270
5,KVNX20210805_111156_V06,-29.908,0.885,301.105,309.265,31.789,-98.121,36.699,15894.722,4665.155,20210805_061156,479177,72,62733,51
5,KVNX20210805_112133_V06,-20.291,0.798,299.307,309.138,38.659,-98.131,36.700,19329.727,4581.990,20210805_062133,479183,75,61170,58
5,KVNX20210805_113111_V06,-10.658,0.702,305.802,299.086,47.275,-98.095,36.745,23637.271,2936.648,20210805_063111,479185,116,54512,104
5,KVNX20210805_114049_V06,-1.025,0.676,314.248,309.186,46.047,-98.048,36.699,23023.700,8476.108,20210805_064049,479183,150,49067,124
5,KVNX20210805_115026_V06,8.592,0.073,334.734,304.756,42.725,-97.933,36.719,21362.637,17529.260,20210805_065026,479185,185,49402,157
2,KVNX20210805_110218_V06,-39.541,0.223,282.339,257.075,14.601,-98.227,36.934,7300.510,23208.027,20210805_060218,479186,42,64028,38
2,KVNX20210805_111156_V06,-29.908,0.235,283.767,256.372,28.322,-98.219,36.937,14160.759,23274.926,20210805_061156,479177,72,62733,51
1,KVNX20210805_104302_V06,-58.808,0.069,85.204,338.312,8.626,-99.327,36.562,4312.922,109092.841,20210805_054302,479179,47,59861,41
3,KVNX20210805_110218_V06,-39.541,0.086,287.918,305.974,37.062,-98.195,36.714,18531.160,6738.937,20210805_060218,479186,42,64028,38
4,KVNX20210805_110218_V06,-39.541,0.060,484.353,189.194,17.978,-97.089,37.236,8989.006,107545.310,20210805_060218,479186,42,64028,38
6,KVNX20210805_114049_V06,-1.025,0.198,443.180,105.852,43.686,-97.317,37.613,21843.021,120617.136,20210805_064049,479183,150,49067,124
1,KVNX20210806_112826_V06,-14.228,0.961,446.269,84.195,23.239,-97.298,37.710,11619.579,130351.767,20210806_062826,479184,66,42270,62
1,KVNX20210806_113803_V06,-4.611,0.924,449.479,83.795,34.656,-97.280,37.712,17327.850,131423.620,20210806_063803,479182,42,34993,37
1,KVNX20210806_114741_V06,5.022,0.891,451.292,80.973,43.500,-97.269,37.725,21749.968,133099.842,20210806_064741,479184,45,35753,42
4,KVNX20210806_120657_V06,24.289,0.541,175.508,103.504,9.995,-98.833,37.624,4997.534,116306.812,20210806_070657,479179,47,45775,45
4,KVNX20210806_121634_V06,33.905,0.075,178.170,99.900,21.684,-98.818,37.640,10841.887,117135.037,20210806_071634,479185,49,49020,48
1,KVNX20210807_112657_V06,-16.533,0.518,469.103,57.799,20.044,-97.167,37.828,10022.182,147696.666,20210807_062657,479180,42,39175,40
1,KVNX20210807_113635_V06,-6.900,0.231,470.880,54.577,34.513,-97.157,37.843,17256.521,149526.535,20210807_063635,479179,55,47604,51
1,KVNX20210807_114614_V06,2.750,0.161,471.439,53.148,45.039,-97.154,37.849,22519.526,150272.430,20210807_064614,479187,59,50239,58
2,KVNX20210807_120528_V06,21.983,0.267,127.799,90.686,12.812,-99.104,37.680,6406.137,135522.590,20210807_070528,479183,60,55663,60
4,KVNX20210808_113631_V06,-7.789,0.889,437.921,82.278,20.551,-97.345,37.719,10275.597,128865.402,20210808_063631,479195,2644,98849,281
4,KVNX20210808_114158_V06,-2.339,0.945,440.121,77.294,29.532,-97.333,37.742,14766.131,131559.799,20210808_064158,479188,2511,100477,233
4,KVNX20210808_114725_V06,3.111,0.890,444.579,77.488,37.318,-97.307,37.740,18658.794,132678.568,20210808_064725,479218,2628,99455,222
4,KVNX20210808_115251_V06,8.544,0.417,447.225,80.718,41.261,-97.293,37.726,20630.405,132060.197,20210808_065251,479202,2854,97644,393
2,KVNX20210808_112536_V06,-18.706,0.101,388.052,362.132,75.953,-97.636,36.460,37976.364,53883.072,20210808_062536,479199,3145,104075,350
2,KVNX20210808_113104_V06,-13.239,0.055,392.142,365.173,80.744,-97.614,36.446,40372.197,56430.469,20210808_063104,479214,2949,98174,354
11,KVNX20210808_130837_V06,84.311,0.116,379.242,348.958,20.018,-97.685,36.519,10008.799,46572.978,20210808_080837,479185,2651,86941,283
11,KVNX20210808_131351_V06,89.544,0.703,383.594,350.593,25.326,-97.661,36.512,12662.946,48855.849,20210808_081351,479206,2553,86196,230
1,KVNX20210808_105257_V06,-51.356,0.071,327.291,424.422,34.214,-97.976,36.180,17106.831,63689.939,20210808_055257,479195,5692,122879,605
7,KVNX20210808_120345_V06,19.444,0.150,95.419,166.362,8.123,-99.282,37.337,4061.298,122180.755,20210808_070345,479205,2957,99014,406
8,KVNX20210808_120345_V06,19.444,0.104,156.668,65.495,8.090,-98.941,37.795,4045.198,137419.745,20210808_070345,479205,2957,99014,406
10,KVNX20210808_123057_V06,46.644,0.082,178.270,92.113,15.469,-98.817,37.675,7734.344,120452.628,20210808_073057,479194,2995,99504,428
1,KVNX20210809_114151_V06,-3.280,0.050,428.895,74.754,13.170,-97.396,37.753,6584.770,129759.033,20210809_064151,479187,58,71584,48
1,KVNX20210810_105031_V06,-55.437,0.197,157.062,119.553,8.240,-98.936,37.551,4119.860,115100.230,20210810_055031,479194,58,53157,54
2,KVNX20210810_114133_V06,-4.404,0.055,143.742,83.499,13.830,-99.014,37.713,6914.892,133500.067,20210810_064133,479195,43,48327,42
1,KVNX20210811_121748_V06,31.022,0.070,118.555,53.596,23.453,-99.158,37.846,11726.614,153000.861,20210811_071748,479179,85,56198,76
1,KVNX20210812_113335_V06,-14.018,0.824,444.028,81.950,13.400,-97.311,37.720,6700.191,130661.591,20210812_063335,479179,90,53764,89
1,KVNX20210812_114312_V06,-4.402,0.282,444.559,78.829,21.141,-97.308,37.734,10570.294,132111.341,20210812_064312,479183,73,60317,70
3,KVNX20210812_113335_V06,-14.018,0.133,218.165,357.013,8.173,-98.584,36.483,4086.323,49868.387,20210812_063335,479179,90,53764,89
5,KVNX20210812_122143_V06,34.115,0.103,95.884,74.096,11.471,-99.286,37.753,5735.529,152229.835,20210812_072143,479180,77,74123,74
2,KVNX20210813_114138_V06,-6.792,0.607,309.754,78.806,4.565,-98.072,37.737,2282.318,110704.587,20210813_064138,479200,1100,72084,189
2,KVNX20210813_114508_V06,-3.292,0.824,310.996,78.895,8.633,-98.065,37.737,4316.313,110689.133,20210813_064508,479191,924,72409,190
2,KVNX20210813_114837_V06,0.191,0.460,312.390,79.053,10.650,-98.057,37.736,5325.041,110646.832,20210813_064837,479216,906,73232,186
2,KVNX20210813_115206_V06,3.675,0.164,313.610,80.650,12.652,-98.050,37.729,6326.144,109885.800,20210813_065206,479197,1080,74378,304
2,KVNX20210813_115520_V06,6.908,0.111,314.982,81.955,15.230,-98.043,37.723,7614.950,109279.429,20210813_065520,479214,942,73605,249
2,KVNX20210813_120219_V06,13.891,0.445,315.208,89.719,24.336,-98.041,37.688,12167.753,105415.114,20210813_070219,479213,840,72617,191
2,KVNX20210813_120544_V06,17.308,0.057,315.095,93.939,30.129,-98.042,37.669,15064.299,103306.568,20210813_070544,479230,635,71625,140
3,KVNX20210813_114138_V06,-6.792,0.168,412.459,111.213,13.632,-97.491,37.590,6815.968,109872.103,20210813_064138,479200,1100,72084,189
3,KVNX20210813_114508_V06,-3.292,0.897,411.605,113.272,17.714,-97.496,37.580,8857.106,108769.070,20210813_064508,479191,924,72409,190
3,KVNX20210813_114837_V06,0.191,0.872,412.940,117.786,22.135,-97.488,37.560,11067.586,107188.505,20210813_064837,479216,906,73232,186
3,KVNX20210813_115206_V06,3.675,0.777,413.244,120.364,27.293,-97.487,37.548,13646.379,106175.731,20210813_065206,479197,1080,74378,304
3,KVNX20210813_115520_V06,6.908,0.312,415.173,123.160,31.805,-97.476,37.536,15902.552,105519.064,20210813_065520,479214,942,73605,249
10,KVNX20210813_122608_V06,37.708,0.375,466.139,188.012,8.718,-97.191,37.242,4358.883,100179.064,20210813_072608,479215,1159,66290,388
10,KVNX20210813_122938_V06,41.208,0.746,465.312,188.398,12.496,-97.196,37.240,6248.208,99728.445,20210813_072938,479205,1174,66662,353
10,KVNX20210813_123302_V06,44.608,0.179,463.401,189.887,14.788,-97.207,37.233,7394.199,98520.310,20210813_073302,479195,1083,67276,239
4,KVNX20210813_114138_V06,-6.792,0.100,277.810,410.402,6.478,-98.251,36.243,3238.958,56305.140,20210813_064138,479200,1100,72084,189
6,KVNX20210813_114508_V06,-3.292,0.087,261.627,386.429,16.700,-98.341,36.351,8349.991,47282.411,20210813_064508,479191,924,72409,190
6,KVNX20210813_114837_V06,0.191,0.119,257.467,398.799,10.869,-98.364,36.295,5434.708,53782.434,20210813_064837,479216,906,73232,186
11,KVNX20210813_122938_V06,41.208,0.108,106.610,95.591,25.081,-99.223,37.657,12540.545,140697.214,20210813_072938,479205,1174,66662,353
1,KVNX20210814_113329_V06,-15.765,0.905,422.575,97.010,16.557,-97.433,37.653,8278.515,118564.005,20210814_063329,479198,31,77727,24
1,KVNX20210814_113657_V06,-12.298,0.929,420.884,96.867,19.925,-97.443,37.654,9962.279,118190.336,20210814_063657,479205,43,75305,30
1,KVNX20210814_114027_V06,-8.798,0.922,419.068,96.988,22.179,-97.453,37.654,11089.592,117676.283,20210814_064027,479202,25,78981,25
1,KVNX20210814_114357_V06,-5.298,0.902,418.390,99.635,24.838,-97.457,37.642,12419.107,116363.805,20210814_064357,479202,26,82748,23
1,KVNX20210814_114727_V06,-1.798,0.926,418.693,101.434,29.174,-97.455,37.634,14586.785,115668.063,20210814_064727,479217,45,84264,30
1,KVNX20210814_115104_V06,1.819,0.817,420.539,100.263,30.461,-97.445,37.639,15230.420,116645.395,20210814_065104,479193,59,85424,39
1,KVNX20210814_115440_V06,5.419,0.774,419.088,99.861,34.210,-97.453,37.641,17105.117,116444.842,20210814_065440,479208,32,87164,25
1,KVNX20210814_120153_V06,12.635,0.596,419.993,99.153,39.594,-97.448,37.644,19797.055,116980.526,20210814_070153,479204,89,91204,45
1,KVNX20210814_120529_V06,16.235,0.311,420.174,101.742,44.664,-97.447,37.632,22332.241,115918.220,20210814_070529,479201,120,92477,35
1,KVNX20210814_120905_V06,19.835,-1.000,420.406,103.180,48.833,-97.446,37.626,24416.658,115364.154,20210814_070905,479203,97,95035,34
1,KVNX20210814_121242_V06,23.452,0.084,419.397,99.084,47.468,-97.451,37.644,23734.132,116857.623,20210814_071242,479189,93,95725,39
7,KVNX20210814_115440_V06,5.419,0.233,202.117,553.823,13.016,-98.668,35.596,6507.985,136021.209,20210814_065440,479208,32,87164,25
7,KVNX20210814_120153_V06,12.635,0.551,202.279,554.801,20.486,-98.667,35.591,10243.015,136448.401,20210814_070153,479204,89,91204,45
7,KVNX20210814_120529_V06,16.235,0.363,200.367,556.232,23.601,-98.677,35.585,11800.588,137460.750,20210814_070529,479201,120,92477,35
7,KVNX20210814_120905_V06,19.835,0.234,196.588,557.242,28.260,-98.698,35.580,14129.977,138624.983,20210814_070905,479203,97,95035,34
2,KVNX20210814_114027_V06,-8.798,0.265,382.337,409.917,8.756,-97.669,36.245,4377.935,68668.158,20210814_064027,479202,25,78981,25
2,KVNX20210814_114357_V06,-5.298,0.379,382.292,410.139,13.670,-97.670,36.244,6835.019,68743.103,20210814_064357,479202,26,82748,23
3,KVNX20210814_114357_V06,-5.298,0.183,262.526,81.616,11.169,-98.340,37.725,5584.312,110788.071,20210814_064357,479202,26,82748,23
3,KVNX20210814_114727_V06,-1.798,0.123,260.465,82.289,15.618,-98.352,37.721,7808.900,110635.945,20210814_064727,479217,45,84264,30
11,KVNX20210814_121242_V06,23.452,0.226,381.187,561.861,33.897,-97.680,35.560,16948.626,137078.716,20210814_071242,479189,93,95725,39
11,KVNX20210814_121619_V06,27.069,0.074,380.659,561.693,38.910,-97.683,35.561,19455.150,136920.601,20210814_071619,479185,84,97771,35
4,KVNX20210814_114357_V06,-5.298,0.182,114.810,52.251,23.662,-99.180,37.852,11830.765,154656.956,20210814_064357,479202,26,82748,23
5,KVNX20210814_114357_V06,-5.298,0.079,249.556,84.580,8.798,-98.414,37.711,4398.993,110623.893,20210814_064357,479202,26,82748,23
8,KVNX20210814_120153_V06,12.635,0.115,486.067,499.662,13.570,-97.098,35.837,6784.883,136460.491,20210814_070153,479204,89,91204,45
8,KVNX20210814_120529_V06,16.235,0.070,480.989,494.786,8.589,-97.126,35.859,4294.348,132946.161,20210814_070529,479201,120,92477,35
5,KVNX20210815_113124_V06,-18.670,0.878,430.186,90.901,17.677,-97.390,37.681,8838.619,123157.176,20210815_063124,479192,65,44693,55
5,KVNX20210815_113454_V06,-15.170,0.934,430.436,91.665,22.156,-97.388,37.677,11078.052,122899.333,20210815_063454,479211,49,61514,40
5,KVNX20210815_113818_V06,-11.770,0.959,433.857,92.074,24.173,-97.369,37.675,12086.435,123643.860,20210815_063818,479202,45,78971,36
5,KVNX20210815_114148_V06,-8.270,0.913,433.469,92.075,27.518,-97.371,37.675,13759.061,123538.429,20210815_064148,479212,51,90186,40
5,KVNX20210815_114512_V06,-4.870,0.779,430.395,92.299,32.602,-97.388,37.674,16301.194,122619.940,20210815_064512,479201,52,97607,38
5,KVNX20210815_114849_V06,-1.253,0.545,430.295,92.565,38.805,-97.389,37.673,19402.312,122480.775,20210815_064849,479204,46,101193,33
5,KVNX20210815_115213_V06,2.147,0.117,433.247,89.660,39.500,-97.372,37.686,19749.927,124496.338,20210815_065213,479205,70,106876,56
5,KVNX20210815_115537_V06,5.547,0.471,433.464,92.030,44.195,-97.371,37.675,22097.463,123555.899,20210815_065537,479198,58,111085,46
7,KVNX20210815_113454_V06,-15.170,0.086,160.123,116.002,7.165,-98.919,37.567,3582.664,115564.701,20210815_063454,479211,49,61514,40
7,KVNX20210815_113818_V06,-11.770,0.112,160.086,116.003,11.865,-98.919,37.567,5932.428,115575.484,20210815_063818,479202,45,78971,36
8,KVNX20210815_114512_V06,-4.870,0.130,264.615,368.235,23.213,-98.325,36.433,11606.573,38432.388,20210815_064512,479201,52,97607,38
8,KVNX20210815_114849_V06,-1.253,0.074,264.898,368.580,28.549,-98.323,36.432,14274.653,38520.889,20210815_064849,479204,46,101193,33
1,KVNX20210815_105254_V06,-57.170,0.083,365.992,338.076,5.042,-97.759,36.569,2520.786,38094.321,20210815_055254,479203,97,56088,64
3,KVNX20210815_112422_V06,-25.703,0.092,157.994,118.727,7.750,-98.931,37.555,3875.164,115136.488,20210815_062422,479200,56,44064,44
9,KVNX20210815_130332_V06,73.463,0.082,65.305,126.609,4.465,-99.455,37.515,2232.463,145899.294,20210815_080332,479190,267,103806,163
10,KVNX20210815_130709_V06,77.080,0.078,291.271,161.097,6.533,-98.177,37.367,3266.319,69588.606,20210815_080709,479196,261,102115,189
2,KVNX20210816_114243_V06,-8.174,0.336,435.756,83.912,23.767,-97.358,37.712,11883.480,127596.757,20210816_064243,479195,3317,81555,760
2,KVNX20210816_114632_V06,-4.358,0.662,435.774,84.706,28.724,-97.358,37.708,14361.868,127265.719,20210816_064632,479200,3432,89553,836
2,KVNX20210816_115021_V06,-0.541,0.916,436.691,85.995,28.788,-97.353,37.702,14393.758,126967.196,20210816_065021,479188,3624,96229,825
2,KVNX20210816_115411_V06,3.292,0.776,436.352,85.846,32.334,-97.354,37.703,16166.981,126938.705,20210816_065411,479205,3637,101172,760
2,KVNX20210816_120203_V06,11.159,0.642,432.745,87.050,39.772,-97.375,37.698,19886.229,125467.893,20210816_070203,479189,3200,111502,518
2,KVNX20210816_120605_V06,15.192,0.234,432.196,88.438,46.249,-97.378,37.692,23124.424,124733.996,20210816_070605,479206,3102,112672,396
2,KVNX20210816_121007_V06,19.226,0.073,431.689,92.221,51.859,-97.381,37.675,25929.425,122998.134,20210816_071007,479210,2861,111853,303
3,KVNX20210816_114632_V06,-4.358,0.468,381.650,571.052,33.895,-97.677,35.519,16947.348,141541.387,20210816_064632,479200,3432,89553,836
3,KVNX20210816_115021_V06,-0.541,0.597,381.118,569.969,38.850,-97.680,35.523,19424.847,140946.055,20210816_065021,479188,3624,96229,825
3,KVNX20210816_115411_V06,3.292,0.540,380.637,566.069,40.572,-97.683,35.541,20285.857,139009.807,20210816_065411,479205,3637,101172,760
3,KVNX20210816_120203_V06,11.159,0.556,379.857,561.591,43.973,-97.687,35.561,21986.305,136754.106,20210816_070203,479189,3200,111502,518
3,KVNX20210816_120605_V06,15.192,0.156,382.140,559.636,46.102,-97.674,35.570,23050.821,136159.521,20210816_070605,479206,3102,112672,396
1,KVNX20210816_113114_V06,-19.658,0.122,457.224,90.724,12.043,-97.236,37.680,6021.439,130877.729,20210816_063114,479208,3231,58352,703
1,KVNX20210816_113504_V06,-15.824,-1.000,457.224,90.724,18.138,-97.236,37.680,9068.939,130877.729,20210816_063504,479201,2976,59811,622
1,KVNX20210816_113854_V06,-11.991,0.097,458.504,93.853,20.967,-97.229,37.666,10483.392,130019.193,20210816_063854,479193,3182,68799,825
1,KVNX20210816_114243_V06,-8.174,0.160,461.334,94.876,23.608,-97.213,37.661,11804.223,130484.268,20210816_064243,479195,3317,81555,760
1,KVNX20210816_114632_V06,-4.358,0.080,468.027,92.267,20.233,-97.175,37.673,10116.699,133591.014,20210816_064632,479200,3432,89553,836
17,KVNX20210816_130547_V06,74.892,0.064,56.743,123.739,64.125,-99.503,37.527,32062.706,150201.446,20210816_080547,479198,1440,100527,127
11,KVNX20210817_114206_V06,-9.610,0.947,434.924,85.183,27.784,-97.362,37.706,13891.899,126837.138,20210817_064206,479203,428,52609,26
11,KVNX20210817_114618_V06,-5.410,0.916,436.098,84.337,31.378,-97.356,37.710,15689.103,127508.171,20210817_064618,479199,489,65919,51
11,KVNX20210817_115101_V06,-0.694,0.922,438.238,85.364,39.616,-97.344,37.705,19808.031,127650.360,20210817_065101,479198,555,78481,36
11,KVNX20210817_115537_V06,3.906,0.894,441.377,85.446,44.592,-97.326,37.705,22296.212,128472.825,20210817_065537,479183,786,83544,55
11,KVNX20210817_120448_V06,13.090,0.597,445.206,85.189,54.562,-97.304,37.706,27281.215,129642.195,20210817_070448,479189,1198,84815,62
11,KVNX20210817_120930_V06,17.790,0.082,447.269,84.780,59.435,-97.292,37.708,29717.507,130391.596,20210817_070930,479197,1422,83234,69
15,KVNX20210817_120448_V06,13.090,0.104,363.397,333.574,13.544,-97.773,36.589,6772.043,35869.296,20210817_070448,479189,1198,84815,62
15,KVNX20210817_120930_V06,17.790,0.383,364.578,332.600,18.864,-97.767,36.593,9432.029,36169.874,20210817_070930,479197,1422,83234,69
12,KVNX20210817_114206_V06,-9.610,0.165,257.540,376.727,21.498,-98.364,36.395,10749.226,43845.984,20210817_064206,479203,428,52609,26
1,KVNX20210818_121313_V06,20.688,0.141,384.579,560.132,44.122,-97.661,35.568,22061.123,136768.133,20210818_071313,479183,39,36777,33
1,KVNX20210818_122251_V06,30.321,0.052,386.094,557.842,57.618,-97.653,35.578,28808.765,135917.871,20210818_072251,479183,50,35388,50
1,KVNX20210819_113905_V06,-14.262,0.493,435.524,90.605,16.167,-97.359,37.682,8083.260,124712.885,20210819_063905,479209,50,33661,45
1,KVNX20210819_114235_V06,-10.762,0.544,435.481,89.374,21.613,-97.360,37.687,10806.398,125218.253,20210819_064235,479205,58,33433,42
1,KVNX20210819_114605_V06,-7.262,0.125,436.553,87.793,26.319,-97.353,37.694,13159.657,126173.204,20210819_064605,479200,53,32369,43
1,KVNX20210819_114935_V06,-3.762,0.195,437.170,85.678,30.195,-97.350,37.704,15097.555,127229.671,20210819_064935,479197,73,31511,53
1,KVNX20210819_115305_V06,-0.262,0.293,436.407,82.781,34.204,-97.354,37.717,17101.950,128248.692,20210819_065305,479201,49,30268,45
1,KVNX20210819_115634_V06,3.221,0.144,435.769,82.248,39.528,-97.358,37.719,19764.180,128305.554,20210819_065634,479196,48,30037,33
1,KVNX20210819_120333_V06,10.204,0.215,437.463,74.902,50.819,-97.348,37.752,25409.660,131876.338,20210819_070333,479217,40,29800,35
2,KVNX20210819_121403_V06,20.704,0.062,264.616,354.202,13.078,-98.325,36.496,6539.022,32364.647,20210819_071403,479208,57,29815,48
2,KVNX20210819_121732_V06,24.188,0.078,271.944,373.782,22.298,-98.284,36.408,11149.012,39467.958,20210819_071732,479212,56,30934,40
6,KVNX20210820_120825_V06,14.256,0.789,250.092,117.864,13.964,-98.410,37.561,6982.101,94425.192,20210820_070825,479209,285,77918,45
6,KVNX20210820_121145_V06,17.589,0.701,250.976,116.753,18.099,-98.405,37.566,9049.702,94845.551,20210820_071145,479199,281,79322,49
11,KVNX20210820_123308_V06,38.972,0.195,187.575,130.944,16.302,-98.763,37.501,8150.928,101512.695,20210820_073308,479198,341,82590,53
11,KVNX20210820_123645_V06,42.589,0.082,187.880,130.793,21.307,-98.761,37.501,10653.655,101491.084,20210820_073645,479192,274,83160,44
2,KVNX20210820_120147_V06,7.622,0.161,250.905,141.665,10.656,-98.405,37.454,5327.818,82885.872,20210820_070147,479200,324,74924,58
3,KVNX20210820_120506_V06,10.939,0.097,247.712,114.504,16.802,-98.423,37.576,8401.094,96362.592,20210820_070506,479201,292,76536,37
5,KVNX20210820_120506_V06,10.939,0.068,457.620,67.721,43.891,-97.233,37.784,21945.351,140354.678,20210820_070506,479201,292,76536,37
3,KVNX20210821_113553_V06,-19.092,0.075,424.544,107.047,7.119,-97.422,37.608,3559.711,114828.455,20210821_063553,479213,533,48040,186
3,KVNX20210821_113929_V06,-15.492,0.693,423.139,107.612,11.869,-97.430,37.606,5934.674,114210.892,20210821_063929,479196,460,50636,199
3,KVNX20210821_114305_V06,-11.892,0.737,420.381,111.119,14.234,-97.446,37.590,7116.879,111990.551,20210821_064305,479210,377,53250,154
3,KVNX20210821_114641_V06,-8.292,0.332,418.243,114.670,16.636,-97.458,37.574,8318.237,109918.805,20210821_064641,479212,305,55299,182
3,KVNX20210821_115011_V06,-4.792,0.399,417.648,116.789,18.586,-97.462,37.564,9292.883,108865.920,20210821_065011,479208,352,56599,217
3,KVNX20210821_115340_V06,-1.308,0.511,418.255,119.011,21.089,-97.458,37.554,10544.263,108098.669,20210821_065340,479214,279,57564,177
3,KVNX20210821_115655_V06,1.942,0.780,419.532,121.556,23.919,-97.451,37.543,11959.722,107389.476,20210821_065655,479191,246,57042,170
3,KVNX20210821_120347_V06,8.808,0.170,417.805,126.070,35.195,-97.461,37.523,17597.358,105035.178,20210821_070347,479197,253,57086,187
4,KVNX20210821_113929_V06,-15.492,0.066,309.249,88.341,17.122,-98.075,37.694,8560.753,105930.673,20210821_063929,479196,460,50636,199
4,KVNX20210821_114305_V06,-11.892,0.412,310.171,89.214,22.040,-98.070,37.690,11019.891,105515.681,20210821_064305,479210,377,53250,154
5,KVNX20210821_114305_V06,-11.892,0.531,310.296,48.993,10.192,-98.069,37.872,5096.024,125608.833,20210821_064305,479210,377,53250,154
6,KVNX20210821_114305_V06,-11.892,0.063,287.898,101.352,9.128,-98.196,37.636,4564.045,99508.047,20210821_064305,479210,377,53250,154
7,KVNX20210821_115340_V06,-1.308,0.400,270.515,376.860,17.468,-98.292,36.394,8734.047,41160.869,20210821_065340,479214,279,57564,177
2,KVNX20210822_114058_V06,-14.821,0.136,386.445,567.818,35.015,-97.651,35.533,17507.517,140711.711,20210822_064058,479193,172,56124,99
2,KVNX20210822_114434_V06,-11.221,0.090,385.219,567.038,40.992,-97.658,35.537,20496.044,140153.266,20210822_064434,479199,184,57738,103
2,KVNX20210822_114811_V06,-7.604,0.152,387.939,564.913,42.121,-97.643,35.546,21060.300,139563.539,20210822_064811,479203,179,54725,104
2,KVNX20210822_115147_V06,-4.004,-1.000,389.710,563.215,44.505,-97.633,35.554,22252.696,139041.264,20210822_065147,479190,172,52967,105
2,KVNX20210822_115524_V06,-0.388,0.058,390.847,567.901,27.298,-97.627,35.533,13649.223,141442.611,20210822_065524,479203,192,53042,114
1,KVNX20210822_110118_V06,-54.488,0.097,65.715,128.115,6.184,-99.452,37.508,3092.166,145287.311,20210822_060118,479199,195,62707,117
1,KVNX20210822_110455_V06,-50.871,0.121,65.641,128.520,10.988,-99.453,37.506,5493.887,145197.883,20210822_060455,479201,205,60836,116
3,KVNX20210822_114434_V06,-11.221,0.248,267.599,370.762,12.468,-98.308,36.422,6234.093,38913.457,20210822_064434,479199,184,57738,103
3,KVNX20210822_114811_V06,-7.604,0.370,267.466,370.151,17.826,-98.309,36.425,8913.057,38663.771,20210822_064811,479203,179,54725,104
4,KVNX20210822_115524_V06,-0.388,0.116,283.069,387.841,19.332,-98.222,36.345,9665.773,44728.698,20210822_065524,479203,192,53042,114
1,KVNX20210823_113033_V06,-26.049,0.186,436.080,96.335,2.525,-97.356,37.656,1262.287,122471.708,20210823_063033,479201,134,77081,99
4,KVNX20210824_120702_V06,9.624,0.063,402.625,78.129,33.017,-97.545,37.739,16508.404,122228.012,20210824_070702,479183,140,56349,88
5,KVNX20210824_124534_V06,48.158,0.155,28.464,418.810,51.734,-99.637,36.196,25866.968,148195.596,20210824_074534,479183,127,62002,106
5,KVNX20210824_130449_V06,67.408,-1.000,28.464,418.810,82.341,-99.637,36.196,41170.718,148195.596,20210824_080449,479176,63,60442,61
5,KVNX20210824_131427_V06,77.041,0.050,43.188,408.357,65.680,-99.556,36.244,32840.004,139367.730,20210824_081427,479182,80,60601,78
1,KVNX20210826_112155_V06,-37.109,0.090,449.372,100.648,4.448,-97.281,37.636,2224.056,124552.375,20210826_062155,479179,139,48985,127
6,KVNX20210826_124833_V06,49.525,0.136,358.817,517.209,5.450,-97.802,35.762,2724.906,112515.904,20210826_074833,479181,142,62821,140
1,KVNX20210827_113257_V06,-26.882,0.766,444.636,81.577,15.775,-97.307,37.722,7887.562,130984.820,20210827_063257,479182,118,33120,112
1,KVNX20210827_114235_V06,-17.249,-1.000,444.636,81.577,31.092,-97.307,37.722,15546.062,130984.820,20210827_064235,479178,106,44964,103
1,KVNX20210827_120152_V06,2.035,0.065,457.042,89.182,29.577,-97.237,37.687,14788.269,131440.193,20210827_070152,479186,142,65589,136
3,KVNX20210827_125004_V06,50.235,0.053,249.898,65.891,28.823,-98.412,37.795,14411.280,119705.296,20210827_075004,479180,113,70473,102
3,KVNX20210829_114402_V06,-17.409,0.353,441.341,91.792,12.111,-97.326,37.676,6055.588,125825.146,20210829_064402,479189,274,43089,55
3,KVNX20210829_114717_V06,-14.159,0.896,442.169,91.000,18.017,-97.322,37.680,9008.734,126385.258,20210829_064717,479195,221,49873,25
3,KVNX20210829_115047_V06,-10.659,0.920,443.517,87.196,24.783,-97.314,37.697,12391.297,128338.051,20210829_065047,479219,196,62149,25
3,KVNX20210829_115412_V06,-7.242,0.656,443.155,85.201,29.701,-97.316,37.706,14850.474,129066.066,20210829_065412,479197,183,70431,50
3,KVNX20210829_120100_V06,-0.442,0.540,443.515,81.876,40.238,-97.314,37.721,20119.115,130551.400,20210829_070100,479196,117,72608,37
5,KVNX20210829_115412_V06,-7.242,0.638,345.868,61.491,5.508,-97.867,37.815,2753.891,121439.621,20210829_065412,479197,183,70431,50
5,KVNX20210829_120100_V06,-0.442,0.398,347.402,60.329,15.353,-97.858,37.820,7676.471,122156.678,20210829_070100,479196,117,72608,37
5,KVNX20210829_120415_V06,2.808,0.209,347.553,59.430,19.512,-97.857,37.824,9755.804,122612.210,20210829_070415,479196,82,68722,36
5,KVNX20210829_120730_V06,6.058,0.073,344.346,61.299,26.728,-97.876,37.816,13363.959,121392.484,20210829_070730,479197,95,65463,49
2,KVNX20210829_110719_V06,-54.126,0.124,372.185,339.240,12.937,-97.724,36.563,6468.468,41080.520,20210829_060719,479199,500,69363,32
1,KVNX20210830_114318_V06,-18.946,0.216,272.286,385.105,4.650,-98.282,36.357,2325.102,44751.746,20210830_064318,479184,27,50817,24
1,KVNX20210830_120235_V06,0.337,0.115,274.674,384.555,18.737,-98.269,36.360,9368.329,44133.253,20210830_070235,479183,19,31157,19
1,KVNX20210830_121214_V06,9.987,0.292,280.840,385.857,21.849,-98.234,36.354,10924.686,43984.348,20210830_071214,479186,15,37595,12
1,KVNX20210830_122152_V06,19.621,0.237,269.506,371.792,39.477,-98.298,36.417,19738.661,39000.088,20210830_072152,479180,12,43480,10
1,KVNX20210831_114532_V06,-17.516,0.131,270.739,373.820,13.535,-98.291,36.408,6767.668,39703.966,20210831_064532,479181,100,46411,93
3,KVNX20210831_114532_V06,-17.516,0.056,451.229,103.483,10.300,-97.271,37.623,5149.761,123984.946,20210831_064532,479181,100,46411,93
1,KVNX20210901_121146_V06,7.915,0.121,429.330,81.164,4.334,-97.394,37.724,2166.859,127097.989,20210901_071146,479186,74,52898,73
1,KVNX20210901_122123_V06,17.532,0.095,431.836,79.336,18.404,-97.380,37.733,9201.918,128523.629,20210901_072123,479185,59,54317,58
1,KVNX20210901_123101_V06,27.165,0.451,439.026,83.764,21.573,-97.339,37.712,10786.495,128536.327,20210901_073101,479181,63,57953,63
1,KVNX20210901_124039_V06,36.799,0.292,451.368,86.445,28.730,-97.269,37.700,14365.066,130879.633,20210901_074039,479182,73,57992,67
2,KVNX20210901_121146_V06,7.915,0.065,359.207,88.121,8.964,-97.792,37.695,4481.865,109997.739,20210901_071146,479186,74,52898,73
5,KVNX20210901_130933_V06,65.699,0.166,160.800,120.064,9.288,-98.915,37.549,4644.239,113747.308,20210901_080933,479179,81,61898,60
1,KVNX20210902_122758_V06,23.314,0.074,251.558,139.043,24.833,-98.401,37.466,12416.412,84044.168,20210902_072758,479208,260,56637,200
6,KVNX20210903_125346_V06,48.313,0.179,15.892,184.099,20.247,-99.729,37.252,10123.535,153419.753,20210903_075346,479196,5000,127575,109
6,KVNX20210903_130313_V06,57.763,0.520,21.793,177.632,33.658,-99.696,37.282,16828.790,151964.777,20210903_080313,479203,5345,125861,125
6,KVNX20210903_130755_V06,62.463,0.518,27.390,174.891,35.542,-99.665,37.295,17770.978,149973.932,20210903_080755,479206,5478,126110,110
6,KVNX20210903_131238_V06,67.180,0.277,31.908,180.599,36.233,-99.639,37.269,18116.254,146739.764,20210903_081238,479203,5641,126732,109
6,KVNX20210903_131721_V06,71.896,0.085,34.580,184.631,36.548,-99.623,37.251,18273.861,144704.873,20210903_081721,479203,5607,124216,135
9,KVNX20210904_130042_V06,54.446,0.101,285.302,430.871,7.009,-98.209,36.151,3504.276,65846.680,20210904_080042,479179,5600,156327,195
1,KVNX20210906_111259_V06,-54.870,0.081,83.891,337.107,8.337,-99.335,36.568,4168.262,109636.020,20210906_061259,479175,181,43656,165
1,KVNX20210906_112236_V06,-45.253,0.086,83.627,338.015,16.569,-99.336,36.563,8284.503,109843.825,20210906_062236,479177,113,43950,95
2,KVNX20210906_111259_V06,-54.870,0.052,449.769,103.379,2.273,-97.279,37.624,1136.311,123582.539,20210906_061259,479175,181,43656,165
3,KVNX20210906_114152_V06,-25.986,0.116,373.006,471.519,32.699,-97.723,35.967,16349.369,93204.859,20210906_064152,479177,106,39439,101
1,KVNX20210907_120028_V06,-8.185,0.330,418.120,266.303,8.905,-97.465,36.891,4452.385,61416.249,20210907_070028,479183,156,41053,139
2,KVNX20210907_122923_V06,20.732,0.131,442.058,223.343,12.466,-97.329,37.084,6232.944,80710.584,20210907_072923,479180,159,68320,131
1,KVNX20210909_111334_V06,-56.681,0.438,82.373,339.899,9.167,-99.343,36.555,4583.632,110627.173,20210909_061334,479187,238,53095,218
1,KVNX20210909_111711_V06,-53.065,0.242,82.470,339.827,13.762,-99.342,36.555,6880.852,110572.704,20210909_061711,479197,280,52651,238
5,KVNX20210909_120143_V06,-8.531,0.079,293.780,403.726,10.234,-98.162,36.273,5117.111,51955.963,20210909_070143,479183,407,29577,363
1,KVNX20210910_123604_V06,25.021,0.164,262.250,170.883,13.613,-98.340,37.322,6806.253,67261.238,20210910_073604,479182,135,51410,120
1,KVNX20210913_122448_V06,11.361,0.111,201.931,76.924,11.286,-98.684,37.745,5643.034,121840.406,20210913_072448,479181,124,70499,111
15,KVNX20210915_124556_V06,30.899,0.090,497.550,172.047,83.936,-97.013,37.312,41968.136,117683.728,20210915_074556,479191,1315,147630,94
15,KVNX20210915_125200_V06,36.965,0.061,496.655,172.600,90.994,-97.018,37.310,45496.923,117157.753,20210915_075200,479180,1510,146242,71
1,KVNX20210915_113347_V06,-41.251,0.099,136.646,83.200,18.135,-99.054,37.714,9067.451,135726.492,20210915_063347,479184,3105,180599,262
7,KVNX20210915_120352_V06,-11.168,0.060,45.042,366.660,49.378,-99.549,36.432,24688.971,131764.388,20210915_070352,479180,2307,184753,431
8,KVNX20210915_120937_V06,-5.418,0.434,434.771,210.122,19.156,-97.369,37.143,9577.950,80995.654,20210915_070937,479183,2317,181077,655
10,KVNX20210915_122139_V06,6.615,0.185,155.825,124.400,8.223,-98.943,37.529,4111.509,113602.295,20210915_072139,479182,1608,165751,326
1,KVNX20210916_122351_V06,8.017,0.086,36.237,395.384,64.910,-99.596,36.302,32455.154,140239.794,20210916_072351,479182,96,68650,88
1,KVNX20210918_120223_V06,-15.050,0.231,253.025,364.237,4.813,-98.389,36.451,2406.378,39789.874,20210918_070223,479179,179,50236,136
3,KVNX20210918_124054_V06,23.467,0.057,354.111,70.367,9.334,-97.820,37.775,4667.206,117961.177,20210918_074054,479183,139,62640,116
4,KVNX20210918_131925_V06,61.984,0.062,30.700,423.037,61.021,-99.624,36.177,30510.542,148037.838,20210918_081925,479184,192,69206,165
1,KVNX20210919_123931_V06,21.282,0.051,26.029,365.898,30.918,-99.655,36.434,15459.093,140892.572,20210919_073931,479203,52,123275,36
3,KVNX20210920_122031_V06,1.479,0.568,371.237,354.733,17.041,-97.730,36.494,8520.727,44917.392,20210920_072031,479198,102,90203,55
3,KVNX20210920_122446_V06,5.729,0.315,371.999,354.713,22.803,-97.726,36.494,11401.432,45214.380,20210920_072446,479203,138,90222,68
2,KVNX20210920_120248_V06,-16.238,0.102,289.619,391.693,14.542,-98.185,36.328,7271.080,46139.286,20210920_070248,479202,168,86451,61
5,KVNX20210920_124151_V06,22.812,0.325,359.885,288.539,11.968,-97.792,36.792,5984.085,30485.814,20210920_074151,479196,144,95112,49
5,KVNX20210921_122039_V06,0.807,0.100,364.370,71.089,13.744,-97.762,37.772,6872.089,118894.436,20210921_072039,479181,131,41020,131
5,KVNX20210921_123018_V06,10.457,0.312,350.788,67.537,25.968,-97.839,37.788,12983.961,118973.350,20210921_073018,479175,117,43983,116
5,KVNX20210921_123955_V06,20.074,-1.000,338.073,64.211,38.338,-97.911,37.803,19168.817,119421.712,20210921_073955,479178,120,45385,119
5,KVNX20210921_124933_V06,29.707,0.461,348.578,45.735,38.846,-97.851,37.886,19423.210,129431.835,20210921_074933,479184,122,45172,119
2,KVNX20210921_113230_V06,-47.343,0.055,453.557,167.828,21.468,-97.261,37.333,10734.058,101303.109,20210921_063230,479179,108,31897,101
2,KVNX20210921_114208_V06,-37.710,-1.000,453.557,167.828,36.785,-97.261,37.333,18392.558,101303.109,20210921_064208,479185,122,35408,118
2,KVNX20210921_120123_V06,-18.460,-1.000,453.557,167.828,67.393,-97.261,37.333,33696.308,101303.109,20210921_070123,479187,135,46006,126
2,KVNX20210921_121101_V06,-8.826,-1.000,453.557,167.828,82.710,-97.261,37.333,41354.808,101303.109,20210921_071101,479186,112,40680,110
2,KVNX20210921_122039_V06,0.807,-1.000,453.557,167.828,98.027,-97.261,37.333,49013.308,101303.109,20210921_072039,479181,131,41020,131
2,KVNX20210921_123018_V06,10.457,-1.000,453.557,167.828,113.370,-97.261,37.333,56685.058,101303.109,20210921_073018,479175,117,43983,116
2,KVNX20210921_123955_V06,20.074,-1.000,453.557,167.828,128.661,-97.261,37.333,64330.308,101303.109,20210921_073955,479178,120,45385,119
2,KVNX20210921_124933_V06,29.707,0.063,452.922,152.760,138.236,-97.264,37.401,69118.156,106142.398,20210921_074933,479184,122,45172,119
7,KVNX20210921_123955_V06,20.074,0.881,276.754,32.762,29.443,-98.260,37.945,14721.346,134123.606,20210921_073955,479178,120,45385,119
7,KVNX20210921_124933_V06,29.707,0.780,278.922,49.759,32.843,-98.247,37.868,16421.437,125563.811,20210921_074933,479184,122,45172,119
8,KVNX20210921_123955_V06,20.074,0.224,26.227,334.502,36.332,-99.657,36.576,18165.886,137969.252,20210921_073955,479178,120,45385,119
8,KVNX20210921_124933_V06,29.707,0.567,32.900,335.562,42.331,-99.620,36.571,21165.539,134728.627,20210921_074933,479184,122,45172,119
1,KVNX20210921_113230_V06,-47.343,0.127,429.225,351.030,16.426,-97.406,36.509,8213.184,69467.953,20210921_063230,479179,108,31897,101
3,KVNX20210921_114208_V06,-37.710,0.093,223.295,391.640,16.696,-98.555,36.327,8348.007,59752.835,20210921_064208,479185,122,35408,118
4,KVNX20210921_120123_V06,-18.460,0.245,349.098,505.923,16.145,-97.856,35.813,8072.495,105847.827,20210921_070123,479187,135,46006,126
10,KVNX20210921_124933_V06,29.707,0.095,359.457,449.078,16.570,-97.798,36.069,8284.752,80248.745,20210921_074933,479184,122,45172,119
12,KVNX20210921_130849_V06,48.974,0.227,297.884,525.887,12.560,-98.139,35.723,6280.175,112948.682,20210921_080849,479181,131,45128,119
1,KVNX20210922_122409_V06,3.500,0.194,427.113,80.832,5.658,-97.407,37.726,2828.911,126681.152,20210922_072409,479177,343,38792,330
2,KVNX20210922_122409_V06,3.500,0.115,351.507,65.347,13.889,-97.835,37.798,6944.668,120119.567,20210922_072409,479177,343,38792,330
3,KVNX20210922_131220_V06,51.683,0.101,86.092,338.440,8.435,-99.322,36.562,4217.678,108667.381,20210922_081220,479179,592,40661,529
1,KVNX20210923_113058_V06,-50.493,0.296,84.362,337.767,8.470,-99.332,36.565,4235.065,109460.369,20210923_063058,479180,208,31482,185
1,KVNX20210923_114036_V06,-40.860,0.152,84.275,337.063,15.518,-99.333,36.568,7759.226,109442.603,20210923_064036,479179,273,28116,247
4,KVNX20210923_133610_V06,74.707,0.084,449.594,103.615,2.282,-97.280,37.623,1140.797,123435.365,20210923_083610,479180,199,53927,176
4,KVNX20210923_134548_V06,84.340,0.066,449.611,103.943,9.701,-97.280,37.621,4850.250,123310.532,20210923_084548,479179,702,54393,626
2,KVNX20210923_113058_V06,-50.493,0.055,216.473,111.231,5.859,-98.600,37.590,2929.585,103211.489,20210923_063058,479180,208,31482,185
2,KVNX20210925_121427_V06,-8.638,0.052,354.139,28.193,6.621,-97.819,37.965,3310.459,138573.191,20210925_071427,479171,995,42795,711
2,KVNX20210925_122405_V06,0.996,0.078,351.428,27.598,19.491,-97.835,37.968,9745.724,138607.068,20210925_072405,479176,914,46592,582
1,KVNX20210925_121427_V06,-8.638,0.078,285.868,378.807,10.700,-98.206,36.386,5349.888,40032.071,20210925_071427,479171,995,42795,711
1,KVNX20210929_123148_V06,5.417,0.243,86.812,341.246,8.102,-99.318,36.549,4050.970,108570.627,20210929_073148,479185,87,90344,80
1,KVNX20210929_123624_V06,10.017,0.174,86.529,341.330,14.054,-99.320,36.549,7026.783,108717.397,20210929_073624,479185,67,90353,56
2,KVNX20211001_122407_V06,-3.937,0.101,390.464,90.823,14.320,-97.615,37.682,7159.920,113950.317,20211001_072407,479183,169,24419,155
2,KVNX20211001_123344_V06,5.680,0.088,380.958,73.640,21.209,-97.668,37.760,10604.602,120200.893,20211001_073344,479184,179,23349,168
2,KVNX20211001_124322_V06,15.313,0.082,366.017,44.031,25.880,-97.752,37.893,12940.166,132172.743,20211001_074322,479180,230,23988,208
1,KVNX20211001_122407_V06,-3.937,0.155,75.354,115.479,7.798,-99.399,37.565,3899.047,145356.291,20211001_072407,479183,169,24419,155
1,KVNX20211001_123344_V06,5.680,0.299,77.395,119.695,18.308,-99.387,37.547,9154.144,143233.125,20211001_073344,479184,179,23349,168
5,KVNX20211001_131216_V06,44.213,0.164,365.269,117.428,27.584,-97.758,37.563,13792.191,96944.230,20211001_081216,479183,202,29874,192
5,KVNX20211001_132153_V06,53.830,-1.000,365.269,117.428,42.875,-97.758,37.563,21437.441,96944.230,20211001_082153,479183,184,31772,176
5,KVNX20211001_133131_V06,63.463,-1.000,365.269,117.428,58.192,-97.758,37.563,29095.941,96944.230,20211001_083131,479181,162,32406,154
5,KVNX20211001_134109_V06,73.097,0.122,382.115,127.601,62.821,-97.663,37.517,31410.748,95478.010,20211001_084109,479177,182,32741,159
4,KVNX20211001_123344_V06,5.680,0.419,368.097,46.556,9.805,-97.740,37.882,4902.397,131216.365,20211001_073344,479184,179,23349,168
5,KVNX20211002_114518_V06,-43.595,0.074,22.927,205.225,33.697,-99.687,37.158,16848.536,146417.244,20211002_064518,479178,5046,181119,794
5,KVNX20211002_115116_V06,-37.628,0.077,22.730,205.692,41.153,-99.688,37.156,20576.686,146434.719,20211002_065116,479180,4882,179111,718
5,KVNX20211002_120324_V06,-25.495,0.077,24.542,213.428,48.707,-99.677,37.121,24353.550,144370.717,20211002_070324,479185,4352,182448,538
5,KVNX20211002_120929_V06,-19.412,0.057,27.603,206.870,52.507,-99.661,37.151,26253.602,143938.669,20211002_070929,479188,4214,198316,502
5,KVNX20211002_121534_V06,-13.328,0.053,28.278,200.697,53.585,-99.657,37.178,26792.389,144649.703,20211002_071534,479181,4417,213753,666
5,KVNX20211002_122139_V06,-7.245,0.157,25.714,183.931,46.328,-99.673,37.254,23164.083,148916.786,20211002_072139,479187,4201,222557,665
12,KVNX20211002_123334_V06,4.672,0.319,366.451,46.198,4.733,-97.750,37.884,2366.421,131178.716,20211002_073334,479172,4337,232010,744
12,KVNX20211002_123932_V06,10.638,0.838,366.758,50.332,9.947,-97.748,37.865,4973.406,129219.367,20211002_073932,479183,3311,228998,559
12,KVNX20211002_124530_V06,16.605,0.656,367.628,60.534,10.100,-97.743,37.819,5050.076,124416.138,20211002_074530,479177,2839,224113,472
24,KVNX20211002_134153_V06,72.988,0.184,25.532,132.031,31.129,-99.679,37.488,15564.325,160893.098,20211002_084153,479183,2100,158237,713
24,KVNX20211002_134707_V06,78.222,0.248,24.986,130.431,36.662,-99.682,37.495,18331.078,161544.547,20211002_084707,479184,1818,150642,559
23,KVNX20211002_133639_V06,67.755,0.074,25.868,143.632,39.519,-99.676,37.435,19759.668,157796.663,20211002_083639,479187,2517,165520,1071
2,KVNX20211003_122952_V06,0.125,0.954,365.375,53.322,16.696,-97.756,37.852,8348.064,127596.678,20211003_072952,479174,431,28595,377
2,KVNX20211003_123931_V06,9.775,0.976,369.783,62.022,28.087,-97.731,37.812,14043.510,123999.458,20211003_073931,479178,401,33674,344
2,KVNX20211003_124909_V06,19.409,0.941,375.977,75.292,36.339,-97.696,37.752,18169.290,118602.669,20211003_074909,479175,417,35840,359
2,KVNX20211003_130825_V06,38.675,0.438,386.381,90.552,54.147,-97.638,37.683,27073.737,113280.835,20211003_080825,479172,340,36195,286
1,KVNX20211003_113203_V06,-57.691,0.062,91.742,105.977,16.883,-99.307,37.609,8441.694,142316.832,20211003_063203,479176,507,10274,481
1,KVNX20211003_114142_V06,-48.041,0.195,91.572,110.669,27.192,-99.307,37.588,13596.159,140791.103,20211003_064142,479175,452,11622,429
3,KVNX20211004_122913_V06,-1.376,0.691,367.332,55.854,14.036,-97.745,37.840,7017.757,126630.132,20211004_072913,479184,531,37712,457
3,KVNX20211004_123851_V06,8.258,0.170,368.521,56.021,20.427,-97.738,37.839,10213.684,126709.074,20211004_073851,479175,488,41983,436
3,KVNX20211004_124830_V06,17.908,0.097,378.455,55.583,35.476,-97.682,37.841,17737.800,128350.016,20211004_074830,479173,614,45148,552
3,KVNX20211004_130746_V06,37.174,0.168,383.578,88.912,48.632,-97.654,37.691,24315.959,113515.856,20211004_080746,479175,849,46943,771
3,KVNX20211004_131724_V06,46.808,0.105,381.499,103.198,56.503,-97.666,37.627,28251.551,106504.720,20211004_081724,479177,675,46999,575
1,KVNX20211004_113123_V06,-59.209,0.179,85.730,338.574,8.769,-99.324,36.561,4384.364,108857.017,20211004_063123,479177,338,31754,302
1,KVNX20211004_114101_V06,-49.576,0.088,85.250,339.144,17.520,-99.327,36.558,8760.010,109144.356,20211004_064101,479180,467,34579,401
7,KVNX20211004_132703_V06,56.458,0.188,227.996,46.988,33.628,-98.537,37.880,16813.829,131528.848,20211004_082703,479181,506,46867,395
6,KVNX20211005_123822_V06,6.919,0.621,349.030,52.678,12.281,-97.849,37.855,6140.347,126067.346,20211005_073822,479173,61,48341,51
6,KVNX20211005_124800_V06,16.552,0.763,348.468,61.616,18.931,-97.852,37.814,9465.394,121630.584,20211005_074800,479177,56,46685,44
6,KVNX20211005_130717_V06,35.836,-1.000,347.410,78.420,33.296,-97.859,37.739,16648.022,113297.440,20211005_080717,479182,44,44229,31
6,KVNX20211005_131656_V06,45.486,0.084,362.197,72.032,34.933,-97.775,37.767,17466.676,118150.024,20211005_081656,479182,82,45223,56
6,KVNX20211005_132634_V06,55.119,0.102,375.231,94.722,36.900,-97.701,37.665,18450.228,109314.840,20211005_082634,479179,60,44676,47
9,KVNX20211005_131656_V06,45.486,0.139,84.559,338.155,9.129,-99.331,36.563,4564.633,109396.719,20211005_081656,479182,82,45223,56
9,KVNX20211005_132634_V06,55.119,0.101,84.910,338.639,16.532,-99.329,36.561,8265.898,109266.723,20211005_082634,479179,60,44676,47
1,KVNX20211005_114033_V06,-50.898,0.498,132.995,437.570,10.031,-99.055,36.117,5015.329,108185.227,20211005_064033,479180,24,45997,22
1,KVNX20211005_115011_V06,-41.264,0.076,134.226,439.770,8.446,-99.048,36.107,4222.992,108416.743,20211005_065011,479181,36,43811,34
2,KVNX20211005_114033_V06,-50.898,0.212,83.440,338.390,9.787,-99.337,36.562,4893.403,109968.362,20211005_064033,479180,24,45997,22
5,KVNX20211005_122843_V06,-2.731,0.057,85.872,337.953,8.231,-99.324,36.564,4115.399,108732.653,20211005_072843,479177,79,47597,71
8,KVNX20211005_130717_V06,35.836,0.161,366.751,89.179,16.247,-97.749,37.690,8123.516,110568.136,20211005_080717,479182,44,44229,31
10,KVNX20211005_131656_V06,45.486,0.104,239.469,29.375,19.781,-98.472,37.960,9890.463,138655.698,20211005_081656,479182,82,45223,56
1,KVNX20211006_130634_V06,34.259,0.264,344.436,92.127,3.715,-97.876,37.677,1857.697,106284.515,20211006_080634,479177,39,67482,39
1,KVNX20211006_131612_V06,43.892,0.077,347.600,94.617,14.484,-97.858,37.666,7241.810,105413.194,20211006_081612,479181,24,67331,21
1,KVNX20211006_132550_V06,53.525,0.130,353.455,92.259,29.126,-97.825,37.676,14562.956,107253.839,20211006_082550,479177,15,67350,14
1,KVNX20211009_124015_V06,5.332,0.062,35.757,306.693,58.193,-99.606,36.701,29096.262,132163.729,20211009_074015,479180,92,43649,86
1,KVNX20211009_124953_V06,14.965,0.075,36.659,307.904,66.569,-99.601,36.696,33284.476,131729.834,20211009_074953,479181,88,45998,85
2,KVNX20211009_130909_V06,34.232,0.351,383.744,364.944,10.921,-97.660,36.447,5460.358,52987.660,20211009_080909,479178,75,49121,72
1,KVNX20211010_114543_V06,-50.081,0.058,215.909,98.915,12.696,-98.604,37.646,6347.872,108979.988,20211010_064543,479183,98,19009,96
2,KVNX20211010_132925_V06,53.619,0.057,388.914,66.333,27.783,-97.623,37.792,13891.396,125006.137,20211010_082925,479207,63,68074,47
3,KVNX20211011_123256_V06,-3.749,0.121,364.422,65.697,6.197,-97.762,37.796,3098.465,121498.875,20211011_073256,479180,429,61402,372
3,KVNX20211011_123727_V06,0.767,0.911,365.586,70.283,12.472,-97.755,37.775,6236.033,119447.992,20211011_073727,479190,461,59049,404
3,KVNX20211011_124158_V06,5.284,0.947,367.466,80.773,17.582,-97.745,37.728,8791.194,114686.821,20211011_074158,479189,492,56842,424
3,KVNX20211011_124628_V06,9.784,0.947,370.180,90.589,23.747,-97.730,37.684,11873.594,110429.028,20211011_074628,479186,527,57442,450
3,KVNX20211011_125100_V06,14.317,0.930,373.926,104.168,27.023,-97.709,37.622,13511.390,104660.503,20211011_075100,479185,490,56913,406
3,KVNX20211011_125530_V06,18.817,0.926,375.365,116.224,29.748,-97.701,37.568,14873.973,99314.346,20211011_075530,479185,459,55519,383
3,KVNX20211011_130431_V06,27.834,0.534,380.149,126.343,41.653,-97.674,37.522,20826.394,95630.401,20211011_080431,479189,396,56183,337
3,KVNX20211011_130902_V06,32.351,0.139,381.637,115.712,59.298,-97.665,37.570,29649.132,100780.224,20211011_080902,479183,446,54612,380
6,KVNX20211011_125100_V06,14.317,0.415,374.159,35.775,21.894,-97.706,37.930,10946.831,137217.161,20211011_075100,479185,490,56913,406
6,KVNX20211011_125530_V06,18.817,0.892,378.231,40.866,30.564,-97.683,37.907,15281.917,135342.565,20211011_075530,479185,459,55519,383
6,KVNX20211011_130431_V06,27.834,0.060,378.131,54.850,39.464,-97.684,37.844,19732.217,128649.510,20211011_080431,479189,396,56183,337
1,KVNX20211011_114016_V06,-56.416,0.139,83.633,338.829,9.142,-99.336,36.560,4571.086,109911.672,20211011_064016,479204,413,57511,305
1,KVNX20211011_114426_V06,-52.249,0.061,83.645,338.846,14.991,-99.336,36.560,7495.632,109907.546,20211011_064426,479197,347,59180,283
5,KVNX20211011_123727_V06,0.767,0.052,86.868,339.334,9.531,-99.318,36.558,4765.343,108365.721,20211011_073727,479190,461,59049,404
8,KVNX20211011_131331_V06,36.834,0.056,476.787,481.169,19.452,-97.148,35.920,9725.842,126565.917,20211011_081331,479187,462,53147,381
1,KVNX20211012_114109_V06,-56.423,0.109,158.136,118.201,7.909,-98.930,37.557,3954.569,115299.795,20211012_064109,479181,438,32912,362
2,KVNX20211012_114109_V06,-56.423,0.075,450.118,102.924,2.351,-97.277,37.626,1175.514,123869.277,20211012_064109,479181,438,32912,362
10,KVNX20211013_123916_V06,0.799,0.055,377.449,24.902,16.397,-97.687,37.979,8198.402,142896.261,20211013_073916,479194,5577,122663,750
10,KVNX20211013_124326_V06,4.966,0.267,378.750,25.446,21.865,-97.679,37.977,10932.534,142812.317,20211013_074326,479200,4641,120641,697
10,KVNX20211013_124716_V06,8.799,0.815,385.992,28.217,23.117,-97.638,37.964,11558.580,142531.271,20211013_074716,479202,4457,118295,863
10,KVNX20211013_125134_V06,13.099,0.700,389.539,30.126,26.551,-97.618,37.956,13275.531,142170.226,20211013_075134,479198,3846,116063,1017
10,KVNX20211013_125537_V06,17.149,0.077,393.914,32.283,28.385,-97.593,37.946,14192.286,141855.740,20211013_075537,479201,3992,115015,992
12,KVNX20211013_125134_V06,13.099,0.215,402.922,299.338,65.495,-97.551,36.742,32747.734,51462.094,20211013_075134,479198,3846,116063,1017
12,KVNX20211013_125537_V06,17.149,0.116,403.917,297.151,73.050,-97.546,36.752,36525.241,51978.005,20211013_075537,479201,3992,115015,992
1,KVNX20211013_114058_V06,-57.501,0.062,157.514,116.740,7.015,-98.934,37.564,3507.435,116067.290,20211013_064058,479189,11114,125433,2297
9,KVNX20211013_123916_V06,0.799,0.057,368.241,357.609,69.095,-97.747,36.481,34547.729,44653.140,20211013_073916,479194,5577,122663,750
9,KVNX20211013_124326_V06,4.966,-1.000,368.241,357.609,75.720,-97.747,36.481,37860.229,44653.140,20211013_074326,479200,4641,120641,697
9,KVNX20211013_124716_V06,8.799,0.097,390.323,317.572,64.391,-97.622,36.661,32195.450,46008.184,20211013_074716,479202,4457,118295,863
14,KVNX20211013_140328_V06,84.999,0.079,353.032,527.869,35.083,-97.834,35.714,17541.286,116979.470,20211013_090328,479201,2525,74637,1222
1,KVNX20211016_120557_V06,-35.234,0.062,356.172,519.301,5.993,-97.817,35.752,2996.706,113190.499,20211016_070557,479184,1151,36824,1036
1,KVNX20211016_121536_V06,-25.584,0.067,356.478,518.603,14.563,-97.815,35.755,7281.271,112890.310,20211016_071536,479181,1218,41810,1076
2,KVNX20211016_131328_V06,32.282,0.067,84.649,338.643,8.835,-99.330,36.561,4417.329,109395.127,20211016_081328,479180,789,23830,645
3,KVNX20211016_132307_V06,41.932,0.062,204.480,115.487,2.976,-98.668,37.571,1487.997,103885.994,20211016_082307,479177,747,24304,613
4,KVNX20211016_134224_V06,61.216,0.086,125.698,432.750,16.068,-99.096,36.139,8034.076,109548.759,20211016_084224,479179,572,25920,454
1,KVNX20211017_120650_V06,-35.267,0.287,470.473,251.603,10.297,-97.170,36.955,5148.464,88604.624,20211017_070650,479179,446,39442,382
2,KVNX20211017_122608_V06,-15.967,0.107,85.012,337.817,8.285,-99.328,36.564,4142.255,109144.350,20211017_072608,479186,328,28873,262
3,KVNX20211017_134316_V06,61.166,0.055,84.485,337.599,8.830,-99.331,36.565,4415.041,109385.109,20211017_084316,479182,294,20518,264
1,KVNX20211018_114818_V06,-54.723,0.145,466.939,251.629,8.736,-97.190,36.955,4368.172,86902.557,20211018_064818,479180,360,28986,342
2,KVNX20211018_121716_V06,-25.756,0.076,348.620,520.324,7.825,-97.859,35.748,3912.352,112812.540,20211018_071716,479182,532,24463,504
1,KVNX20211020_135715_V06,72.366,0.072,315.914,147.266,2.209,-98.038,37.429,1104.565,76780.380,20211020_085715,479179,124,22185,122
1,KVNX20211024_120144_V06,-46.944,0.077,371.230,341.792,11.313,-97.730,36.552,5656.313,41292.662,20211024_070144,479197,130,53154,41
3,KVNX20211024_133913_V06,50.539,0.158,384.066,366.810,10.743,-97.659,36.439,5371.376,53690.534,20211024_083913,479177,41,38616,41
1,KVNX20211026_133446_V06,44.157,0.072,236.081,405.882,5.064,-98.483,36.263,2532.211,61839.967,20211026_083446,479182,95,36413,84
1,KVNX20211028_130645_V06,14.185,0.059,379.725,184.780,4.675,-97.678,37.259,2337.543,70056.643,20211028_080645,479180,149,48207,136
1,KVNX20211028_131205_V06,19.518,0.380,379.995,188.332,14.996,-97.677,37.243,7497.836,68682.216,20211028_081205,479180,140,47933,122
11,KVNX20211028_132802_V06,35.468,0.067,323.110,403.202,7.581,-97.999,36.276,3790.518,52878.852,20211028_082802,479183,107,50127,99
11,KVNX20211028_133321_V06,40.785,-1.000,323.110,403.202,16.035,-97.999,36.276,8017.268,52878.852,20211028_083321,479183,91,49756,87
11,KVNX20211028_133840_V06,46.101,0.357,326.546,421.380,27.065,-97.980,36.194,13532.305,62124.257,20211028_083840,479182,115,49459,103
2,KVNX20211028_131205_V06,19.518,0.222,384.964,209.114,6.448,-97.649,37.149,3223.850,62207.615,20211028_081205,479180,140,47933,122
3,KVNX20211028_131205_V06,19.518,0.125,362.356,176.743,4.479,-97.776,37.296,2239.613,69066.075,20211028_081205,479180,140,47933,122
5,KVNX20211028_132243_V06,30.151,0.190,428.537,341.880,8.175,-97.410,36.550,4087.605,67593.515,20211028_082243,479181,99,49539,92
6,KVNX20211028_132802_V06,35.468,0.245,314.401,402.622,8.100,-98.047,36.278,4049.812,51813.993,20211028_082802,479183,107,50127,99
8,KVNX20211028_132802_V06,35.468,0.122,377.429,196.324,16.537,-97.691,37.207,8268.684,64699.007,20211028_082802,479183,107,50127,99
10,KVNX20211028_132802_V06,35.468,0.092,436.362,371.988,8.464,-97.367,36.414,4231.886,77098.698,20211028_082802,479183,107,50127,99
10,KVNX20211028_133321_V06,40.785,-1.000,436.362,371.988,16.917,-97.367,36.414,8458.636,77098.698,20211028_083321,479183,91,49756,87
10,KVNX20211028_133840_V06,46.101,0.095,446.626,387.453,35.236,-97.311,36.344,17618.160,85362.950,20211028_083840,479182,115,49459,103
16,KVNX20211028_133840_V06,46.101,0.114,336.061,453.094,5.436,-97.927,36.051,2717.896,78641.651,20211028_083840,479182,115,49459,103
18,KVNX20211028_134359_V06,51.418,0.103,445.351,422.987,33.043,-97.320,36.184,16521.708,95200.559,20211028_084359,479185,102,48757,95
2,KVNX20211103_121110_V06,-47.393,0.068,522.384,442.535,66.130,-96.893,36.092,33064.827,132071.014,20211103_071110,479179,28,155184,23
4,KVNX20211103_134729_V06,48.924,0.205,381.919,253.329,8.734,-97.668,36.950,4366.798,47140.396,20211103_084729,479184,215,41284,207
1,KVNX20211106_121326_V06,-48.181,0.122,382.607,254.675,14.970,-97.664,36.944,7485.218,47112.183,20211106_071326,479176,68,24799,64
1,KVNX20211107_140925_V06,66.777,0.066,66.143,126.417,5.701,-99.450,37.516,2850.341,145619.550,20211107_080925,479175,102,18554,96
3,KVNX20211111_134252_V06,36.112,0.143,26.440,418.724,10.806,-99.648,36.196,5403.141,149106.065,20211111_074252,479192,296,36094,280
2,KVNX20211112_130330_V06,-4.286,0.063,75.190,273.637,94.946,-99.388,36.853,47473.106,113175.163,20211112_070330,479188,201,46355,196
2,KVNX20211112_131309_V06,5.364,-1.000,75.190,273.637,110.290,-99.388,36.853,55144.856,113175.163,20211112_071309,479192,206,50040,195
2,KVNX20211112_132247_V06,14.998,-1.000,75.190,273.637,125.607,-99.388,36.853,62803.356,113175.163,20211112_072247,479190,295,54825,286
2,KVNX20211112_133225_V06,24.631,0.054,107.983,298.794,121.302,-99.202,36.741,60650.815,96010.153,20211112_073225,479192,317,58659,307
3,KVNX20211112_131309_V06,5.364,0.092,41.839,164.968,46.088,-99.584,37.340,23043.785,145671.692,20211112_071309,479192,206,50040,195
5,KVNX20211112_134203_V06,34.264,0.134,302.079,89.661,3.180,-98.116,37.688,1589.882,105174.418,20211112_074203,479192,253,62975,246
2,KVNX20211113_121541_V06,-53.133,0.184,154.936,119.442,8.625,-98.948,37.551,4312.675,115806.532,20211113_061541,479197,184,34467,148
2,KVNX20211113_122520_V06,-43.483,0.084,155.342,118.706,15.745,-98.946,37.555,7872.427,115966.894,20211113_062520,479193,213,31205,174
1,KVNX20211115_121601_V06,-54.859,0.215,382.199,368.760,8.652,-97.669,36.430,4325.939,53582.964,20211115_061601,479193,36,24420,21
3,KVNX20211116_131314_V06,1.331,0.110,438.207,525.200,31.495,-97.364,35.724,15747.313,132114.050,20211116_071314,479183,533,28329,439
3,KVNX20211116_132252_V06,10.964,0.088,437.816,528.215,46.147,-97.366,35.710,23073.685,133299.666,20211116_072252,479187,305,26902,223
6,KVNX20211116_143017_V06,78.381,0.076,65.691,127.277,5.266,-99.453,37.512,2633.240,145545.450,20211116_083017,479196,210,26555,191
6,KVNX20211116_143956_V06,88.031,0.148,65.963,127.239,13.218,-99.451,37.512,6608.867,145447.231,20211116_083956,479194,262,26440,223
2,KVNX20211116_130337_V06,-8.286,0.085,86.395,339.064,11.207,-99.321,36.559,5603.488,108573.584,20211116_070337,479189,654,30126,548
2,KVNX20211116_131314_V06,1.331,-1.000,86.395,339.064,26.497,-99.321,36.559,13248.738,108573.584,20211116_071314,479183,533,28329,439
2,KVNX20211116_132252_V06,10.964,0.073,83.286,338.185,11.654,-99.338,36.563,5826.979,110026.132,20211116_072252,479187,305,26902,223
5,KVNX20211116_134208_V06,30.231,0.093,168.694,387.095,22.806,-98.859,36.346,11403.231,78782.700,20211116_074208,479182,301,27091,234
1,KVNX20211118_121644_V06,-57.217,0.050,86.000,339.285,8.337,-99.323,36.558,4168.329,108787.915,20211118_061644,479217,66,36567,62
1,KVNX20211119_132529_V06,10.514,0.063,293.549,244.825,14.093,-98.164,36.989,7046.631,27775.239,20211119_072529,479218,172,16680,164
1,KVNX20211120_122843_V06,-47.269,0.076,373.081,336.048,14.172,-97.719,36.578,7085.924,40743.783,20211120_062843,479217,37,20632,31
3,KVNX20211123_122342_V06,-55.303,0.057,211.585,112.390,8.141,-98.628,37.585,4070.606,103699.976,20211123_062342,479216,133,31372,95
3,KVNX20211123_123322_V06,-45.636,0.078,211.385,112.264,16.754,-98.629,37.586,8377.083,103799.537,20211123_063322,479221,188,31306,145
7,KVNX20211123_144022_V06,81.364,0.065,82.219,339.923,10.372,-99.344,36.555,5186.028,110704.833,20211123_084022,479222,549,38024,468
7,KVNX20211123_144459_V06,85.980,0.191,82.176,340.074,15.706,-99.344,36.554,7853.153,110739.911,20211123_084459,479222,623,36302,560
1,KVNX20211123_122342_V06,-55.303,0.140,154.340,119.106,8.350,-98.952,37.553,4175.060,116124.408,20211123_062342,479216,133,31372,95
4,KVNX20211123_123322_V06,-45.636,0.144,209.946,275.023,4.841,-98.632,36.852,2420.475,46726.678,20211123_063322,479221,188,31306,145
6,KVNX20211123_141220_V06,53.330,0.111,84.409,340.380,10.235,-99.332,36.553,5117.437,109670.193,20211123_081220,479204,357,38401,284
3,KVNX20211124_141628_V06,56.470,0.062,30.360,79.610,40.297,-99.657,37.724,20148.567,174124.809,20211124_081628,479219,64,18567,58
1,KVNX20211125_133119_V06,10.333,0.446,391.415,127.326,10.984,-97.610,37.518,5491.932,97689.416,20211125_073119,479213,219,12618,212
1,KVNX20211125_134059_V06,19.999,0.052,390.839,128.070,19.840,-97.614,37.514,9919.949,97226.150,20211125_074059,479216,216,12956,206
4,KVNX20211125_140954_V06,48.916,0.253,249.652,81.188,14.869,-98.413,37.726,7434.530,112264.723,20211125_080954,479215,159,15153,157
4,KVNX20211125_141933_V06,58.566,-1.000,249.652,81.188,30.213,-98.413,37.726,15106.280,112264.723,20211125_081933,479218,164,14972,158
4,KVNX20211125_142912_V06,68.216,-1.000,249.652,81.188,45.556,-98.413,37.726,22778.030,112264.723,20211125_082912,479213,128,14463,126
4,KVNX20211125_143851_V06,77.866,0.053,246.873,103.937,67.024,-98.428,37.624,33512.176,101566.750,20211125_083851,479218,99,14112,98
2,KVNX20211125_133119_V06,10.333,0.119,379.779,126.952,2.438,-97.676,37.520,1219.173,95276.537,20211125_073119,479213,219,12618,212
3,KVNX20211127_142235_V06,59.649,0.164,83.361,340.035,9.406,-99.337,36.554,4702.892,110153.717,20211127_082235,479216,192,21605,178
3,KVNX20211127_143213_V06,69.283,0.169,84.377,339.576,16.398,-99.332,36.556,8198.763,109612.499,20211127_083213,479221,187,22317,168
2,KVNX20211129_133711_V06,12.337,0.076,295.307,289.729,32.531,-98.154,36.787,16265.251,5646.343,20211129_073711,479216,369,18628,313
1,KVNX20211130_124054_V06,-44.887,0.058,417.021,410.421,16.589,-97.477,36.242,8294.619,80446.645,20211130_064054,479223,197,26368,137
1,KVNX20211201_122654_V06,-59.816,0.102,84.039,338.162,8.355,-99.334,36.563,4177.714,109653.180,20211201_062654,479219,213,25752,199
2,KVNX20211201_134405_V06,17.368,0.106,397.210,127.282,1.932,-97.578,37.518,966.217,99097.629,20211201_074405,479209,323,16468,301
10,KVNX20211202_142416_V06,56.635,0.093,84.212,339.992,11.367,-99.333,36.555,5683.507,109731.440,20211202_082416,479219,236,21299,158
10,KVNX20211202_143355_V06,66.285,0.050,82.329,340.157,19.670,-99.343,36.554,9835.098,110672.112,20211202_083355,479218,223,21192,170
1,KVNX20211202_122829_V06,-59.148,0.428,84.640,338.539,10.023,-99.330,36.561,5011.385,109390.663,20211202_062829,479219,545,27475,431
1,KVNX20211202_123808_V06,-49.498,0.052,85.431,339.152,8.912,-99.326,36.558,4455.765,109055.948,20211202_063808,479218,460,27072,363
2,KVNX20211202_123808_V06,-49.498,0.514,209.613,273.354,6.429,-98.634,36.860,3214.674,47116.333,20211202_063808,479218,460,27072,363
7,KVNX20211202_132623_V06,-1.248,0.065,84.284,339.072,10.871,-99.332,36.559,5435.254,109612.914,20211202_072623,479218,233,19675,205
7,KVNX20211202_133602_V06,8.402,-1.000,84.284,339.072,26.214,-99.332,36.559,13107.004,109612.914,20211202_073602,479217,433,21011,398
7,KVNX20211202_134541_V06,18.052,0.131,84.937,339.537,10.380,-99.329,36.557,5189.942,109333.646,20211202_074541,479214,298,20629,232
8,KVNX20211202_134541_V06,18.052,0.163,299.000,274.502,30.673,-98.133,36.856,15336.464,12758.730,20211202_074541,479214,298,20629,232
4,KVNX20211203_141555_V06,47.383,0.149,82.689,339.177,10.398,-99.341,36.558,5198.902,110407.312,20211203_081555,479190,157,21583,139
4,KVNX20211203_142535_V06,57.049,0.134,83.120,338.651,17.217,-99.339,36.561,8608.550,110148.512,20211203_082535,479218,197,20843,173
1,KVNX20211205_123245_V06,-57.544,0.176,380.192,257.931,10.156,-97.677,36.930,5078.133,45278.605,20211205_063245,479214,29,19646,24
2,KVNX20211205_134021_V06,10.056,0.083,164.426,326.155,2.985,-98.885,36.621,1492.706,69036.908,20211205_074021,479216,272,13967,270
2,KVNX20211207_124353_V06,-48.105,0.051,236.382,257.421,4.880,-98.485,36.932,2440.001,38275.955,20211207_064353,479218,58,39529,53
3,KVNX20211208_135227_V06,19.642,0.298,298.701,261.502,29.891,-98.135,36.914,14945.625,19260.009,20211208_075227,479224,73,29235,53
3,KVNX20211208_135553_V06,23.075,0.051,298.453,261.879,35.551,-98.136,36.913,17775.714,19076.312,20211208_075553,479229,68,28599,46
1,KVNX20211208_123516_V06,-57.542,0.138,468.398,252.386,12.404,-97.182,36.952,6202.141,87499.797,20211208_063516,479218,404,21136,344
2,KVNX20211208_123516_V06,-57.542,0.057,155.658,117.578,7.516,-98.944,37.560,3758.011,116310.358,20211208_063516,479218,404,21136,344
1,KVNX20211209_124157_V06,-51.659,0.178,469.094,253.263,11.623,-97.178,36.948,5811.352,87717.273,20211209_064157,479213,110,19714,96
2,KVNX20211209_124157_V06,-51.659,0.147,407.771,405.386,4.615,-97.528,36.264,2307.581,75366.865,20211209_064157,479213,110,19714,96
3,KVNX20211209_124157_V06,-51.659,0.076,211.239,352.592,10.157,-98.623,36.503,5078.728,51585.820,20211209_064157,479213,110,19714,96
5,KVNX20211209_143742_V06,64.091,0.241,84.292,337.564,8.942,-99.332,36.565,4470.909,109477.242,20211209_083742,479217,142,19487,126
3,KVNX20211210_133213_V06,-2.173,0.074,42.157,190.701,70.125,-99.580,37.224,35062.592,140026.138,20211210_073213,479217,73,171853,37
4,KVNX20211210_143005_V06,55.693,0.092,26.994,458.550,37.095,-99.642,36.017,18547.693,157853.167,20211210_083005,479220,763,162781,231
1,KVNX20211212_130435_V06,-31.305,0.123,367.976,337.103,6.814,-97.748,36.573,3406.929,38721.334,20211212_070435,479218,19,20079,17
2,KVNX20211213_123648_V06,-59.804,0.054,388.569,338.022,3.255,-97.633,36.568,1627.403,48192.547,20211213_063648,479215,36,21305,27
2,KVNX20211213_124627_V06,-50.154,0.096,386.160,335.921,12.252,-97.646,36.578,6125.802,46674.057,20211213_064627,479218,29,19558,26
1,KVNX20211217_140234_V06,23.338,0.059,277.309,269.644,42.585,-98.255,36.878,21292.265,18949.558,20211217_080234,479234,98,28726,63
1,KVNX20211223_133458_V06,-7.414,0.068,347.076,527.340,13.631,-97.867,35.716,6815.354,116081.460,20211223_073458,479192,40,18575,38
1,KVNX20211224_130629_V06,-36.324,0.277,155.803,116.471,6.010,-98.944,37.565,3005.123,116700.304,20211224_070629,479216,11,12420,11
1,KVNX20211226_132613_V06,-17.354,0.105,36.999,437.287,43.400,-99.588,36.113,21700.174,148338.681,20211226_072613,479215,50,58571,44
1,KVNX20211227_130651_V06,-37.058,0.076,370.693,341.804,11.720,-97.733,36.552,5859.753,41064.430,20211227_070651,479218,44,16904,43
1,KVNX20211228_125255_V06,-51.296,0.052,211.802,355.014,8.802,-98.620,36.492,4400.894,51974.526,20211228_065255,479193,68,103110,53
2,KVNX20211228_144116_V06,57.054,0.057,212.977,359.241,13.697,-98.613,36.473,6848.631,52636.680,20211228_084116,479193,98,28345,83
1,KVNX20211231_124704_V06,-57.874,0.226,300.748,299.630,18.149,-98.123,36.742,9074.665,417.089,20211231_064704,479222,55,14665,52
2,KVNX20211231_132539_V06,-19.290,0.054,298.206,300.319,20.448,-98.138,36.739,10224.201,911.020,20211231_072539,479189,34,9866,31
