track_id,filename,from_sunrise,det_score,x,y,r,lon,lat,radius,geo_dist,local_time,n_radar_pixels,n_refAbove40_pixels,n_xcorrAbove0.95_pixels,n_xcorrBelow0.95_refAbove40_pixels
1,KSOX20230602_135013_V06,69.615,0.115,432.156,242.811,19.586,-116.919,34.073,9792.774,71999.752,20230602_065013,479165,7,34267,2
1,KSOX20230602_140719_V06,86.715,0.524,439.291,231.652,38.161,-116.880,34.124,19080.361,77578.160,20230602_070719,479166,10,34925,8
1,KSOX20230604_131118_V06,31.180,0.851,385.171,97.341,25.538,-117.170,34.730,12769.215,109914.614,20230604_061118,479171,0,59377,0
1,KSOX20230604_131958_V06,39.846,0.247,390.576,97.944,37.803,-117.141,34.728,18901.743,110714.298,20230604_061958,479170,0,58979,0
1,KSOX20230604_132838_V06,48.513,0.054,395.629,89.289,37.992,-117.113,34.766,18996.164,115697.679,20230604_062838,479166,2,59505,0
1,KSOX20230605_130410_V06,24.247,0.076,383.754,120.678,23.492,-117.178,34.625,11745.865,98958.351,20230605_060410,479169,0,58197,0
2,KSOX20230607_114413_V06,-55.381,0.052,441.184,215.201,2.670,-116.869,34.198,1335.155,82346.388,20230607_044413,479169,1,53965,0
2,KSOX20230607_114946_V06,-49.831,-1.000,441.184,215.201,11.495,-116.869,34.198,5747.405,82346.388,20230607_044946,479170,0,51825,0
2,KSOX20230607_120024_V06,-39.197,0.290,442.311,254.941,27.345,-116.865,34.018,13672.709,74637.073,20230607_050024,479167,0,46638,0
2,KSOX20230607_120654_V06,-32.697,0.156,446.004,260.583,29.643,-116.845,33.993,14821.289,75615.459,20230607_050654,479170,0,42125,0
1,KSOX20230607_114413_V06,-55.381,0.058,449.382,202.822,12.646,-116.824,34.253,6322.842,89104.686,20230607_044413,479169,1,53965,0
3,KSOX20230607_114946_V06,-49.831,0.392,440.558,264.827,17.716,-116.875,33.974,8857.944,72445.862,20230607_044946,479170,0,51825,0
8,KSOX20230607_130050_V06,21.236,0.108,290.563,289.985,9.547,-117.686,33.863,4773.445,6880.446,20230607_060050,479169,0,40839,0
1,KSOX20230608_122155_V06,-17.559,0.119,22.679,430.960,34.839,-119.122,33.218,17419.416,153344.052,20230608_052155,479163,0,39558,0
1,KSOX20230608_122857_V06,-10.526,0.330,24.247,429.853,44.052,-119.114,33.224,22026.161,152398.636,20230608_052857,479167,4,37868,3
2,KSOX20230609_130615_V06,26.869,0.269,431.733,172.604,31.361,-116.919,34.390,15680.672,91628.710,20230609_060615,479168,1,34628,0
2,KSOX20230609_131316_V06,33.885,0.051,431.243,172.927,39.378,-116.921,34.389,19689.092,91340.561,20230609_061316,479167,2,33598,2
1,KSOX20230609_124519_V06,5.935,0.051,439.764,185.378,28.640,-116.876,34.332,14319.946,90376.936,20230609_054519,479169,1,36722,1
1,KSOX20230610_114918_V06,-50.013,0.053,23.479,464.106,24.831,-119.116,33.069,12415.680,160775.321,20230610_044918,479166,0,62706,0
3,KSOX20230610_131212_V06,32.887,0.084,33.647,120.041,43.193,-119.087,34.620,21596.634,160724.072,20230610_061212,479165,1,41103,1
3,KSOX20230610_131854_V06,39.587,0.068,28.024,105.716,37.511,-119.119,34.685,18755.701,167120.556,20230610_061854,479168,1,44284,1
2,KSOX20230613_134132_V06,62.268,0.073,198.907,257.090,5.489,-118.182,34.010,2744.730,54911.591,20230613_064132,479161,1,42266,1
1,KSOX20230614_130950_V06,30.532,0.067,254.099,414.534,28.626,-117.881,33.301,14313.147,61694.796,20230614_060950,479166,8,57603,6
5,KSOX20230616_122152_V06,-17.582,0.077,361.411,200.792,31.815,-117.302,34.265,15907.715,58338.373,20230616_052152,479166,1,73018,1
5,KSOX20230616_122853_V06,-10.565,0.115,368.124,198.604,44.449,-117.265,34.274,22224.508,61077.987,20230616_052853,479167,0,75312,0
5,KSOX20230616_123554_V06,-3.548,0.408,386.892,197.906,54.237,-117.163,34.277,27118.729,67032.136,20230616_053554,479166,1,77691,0
5,KSOX20230616_124255_V06,3.468,0.208,393.176,201.557,59.634,-117.129,34.260,29816.811,67773.108,20230616_054255,479167,2,78406,1
5,KSOX20230616_124956_V06,10.485,0.098,395.564,205.714,59.232,-117.116,34.242,29616.048,67123.709,20230616_054956,479167,1,78729,0
5,KSOX20230616_130359_V06,24.535,0.146,391.752,208.680,60.355,-117.137,34.228,30177.312,64726.053,20230616_060359,479169,0,77177,0
5,KSOX20230616_131100_V06,31.552,0.112,409.468,205.124,73.044,-117.041,34.244,36521.977,72430.771,20230616_061100,479166,0,77300,0
1,KSOX20230616_114734_V06,-51.882,0.052,374.427,213.596,13.623,-117.231,34.207,6811.428,57019.830,20230616_044734,479165,0,60351,0
1,KSOX20230616_120115_V06,-38.198,0.060,407.818,199.016,61.778,-117.050,34.272,30889.080,73862.309,20230616_050115,479169,1,62970,0
3,KSOX20230616_122152_V06,-17.582,0.387,382.613,32.800,12.359,-117.182,35.021,6179.523,139839.759,20230616_052152,479166,1,73018,1
6,KSOX20230616_124956_V06,10.485,0.054,159.629,192.569,19.327,-118.397,34.300,9663.677,88381.993,20230616_054956,479167,1,78729,0
2,KSOX20230617_131624_V06,36.841,0.102,70.726,126.854,26.183,-118.885,34.592,13091.360,143654.290,20230617_061624,479167,3,54228,2
2,KSOX20230617_132601_V06,46.457,0.549,73.453,130.886,35.291,-118.869,34.574,17645.576,141353.316,20230617_062601,479165,0,55174,0
2,KSOX20230617_133539_V06,56.091,0.486,71.094,127.981,32.965,-118.883,34.587,16482.424,143168.271,20230617_063539,479169,0,52710,0
2,KSOX20230617_134517_V06,65.724,0.075,65.113,124.612,35.059,-118.915,34.602,17529.389,146571.341,20230617_064517,479174,0,49972,0
1,KSOX20230617_120904_V06,-30.493,0.197,395.953,145.696,42.268,-117.113,34.512,21133.972,90852.382,20230617_050904,479166,0,43444,0
1,KSOX20230617_121840_V06,-20.893,0.432,409.264,158.233,58.823,-117.040,34.455,29411.374,89493.548,20230617_051840,479169,0,44102,0
5,KSOX20230618_123535_V06,-4.111,0.057,378.662,97.688,15.243,-117.206,34.729,7621.696,108533.047,20230618_053535,479167,0,71794,0
1,KSOX20230620_114246_V06,-57.269,0.174,420.791,276.072,7.255,-116.982,33.924,3627.472,61568.866,20230620_044246,479164,2,54455,2
2,KSOX20230620_125012_V06,10.164,0.145,291.567,321.345,13.594,-117.680,33.722,6796.852,11475.120,20230620_055012,479168,6,39977,6
3,KSOX20230620_133822_V06,58.331,0.176,21.153,312.950,28.497,-119.140,33.750,14248.366,139573.916,20230620_063822,479167,20,38211,7
1,KSOX20230621_121005_V06,-30.158,0.082,32.572,413.174,54.619,-119.071,33.299,27309.353,145194.748,20230621_051005,479166,0,46036,0
2,KSOX20230621_130752_V06,27.625,0.103,425.946,258.092,16.911,-116.953,34.005,8455.715,66367.597,20230621_060752,479164,4,31372,2
3,KSOX20230621_134623_V06,66.142,0.093,422.485,248.726,17.595,-116.972,34.047,8797.443,66391.765,20230621_064623,479166,0,27755,0
1,KSOX20230622_121746_V06,-22.703,0.307,28.128,401.824,51.896,-119.095,33.350,25947.805,145157.111,20230622_051746,479169,2,34318,1
2,KSOX20230622_133448_V06,54.330,0.131,28.936,417.592,53.386,-119.090,33.279,26692.764,147735.810,20230622_063448,479167,4,32055,4
2,KSOX20230624_140043_V06,79.724,0.178,306.368,291.521,8.109,-117.601,33.856,4054.691,5301.991,20230624_070043,479166,0,22512,0
2,KSOX20230624_141022_V06,89.374,0.302,307.310,290.997,14.778,-117.596,33.858,7388.895,5798.532,20230624_071022,479164,1,20234,1
1,KSOX20230626_120102_V06,-40.567,0.069,248.226,194.460,2.707,-117.916,34.293,1353.664,58777.775,20230626_050102,479166,0,51506,0
2,KSOX20230626_121040_V06,-30.934,0.090,30.320,401.337,56.491,-119.084,33.352,28245.697,144045.690,20230626_051040,479172,2,45112,2
1,KSOX20230628_135204_V06,69.778,0.090,33.112,480.127,45.236,-119.063,32.997,22617.809,160992.647,20230628_065204,479167,0,32259,0
1,KSOX20230628_140142_V06,79.411,0.069,26.968,460.582,37.097,-119.097,33.085,18548.513,158376.944,20230628_070142,479165,4,32200,3
1,KSOX20230702_123009_V06,-13.743,0.067,161.727,194.011,3.696,-118.386,34.293,1848.106,87110.821,20230702_053009,479169,0,54430,0
1,KSOX20230704_130811_V06,23.383,0.050,26.041,456.877,34.793,-119.102,33.102,17396.650,157847.914,20230704_060811,479176,0,38632,0
1,KSOX20230704_131749_V06,33.016,0.118,24.435,428.507,28.304,-119.113,33.230,14151.852,152028.145,20230704_061749,479169,0,36857,0
1,KSOX20230706_120526_V06,-40.340,0.056,246.727,195.930,4.623,-117.924,34.287,2311.653,58456.333,20230706_050526,479169,3,47014,3
1,KSOX20230707_124115_V06,-5.034,0.232,409.623,199.365,36.311,-117.040,34.270,18155.396,74405.391,20230707_054115,479169,0,37789,0
1,KSOX20230708_120044_V06,-46.075,0.053,310.135,292.076,8.556,-117.580,33.853,4277.859,6432.522,20230708_050044,479165,0,48061,0
1,KSOX20230710_130333_V06,15.650,0.368,405.159,192.924,49.613,-117.064,34.299,24806.263,75039.533,20230710_060333,479170,1,32302,1
1,KSOX20230711_120945_V06,-38.717,0.077,184.978,209.253,2.106,-118.259,34.225,1052.916,73254.705,20230711_050945,479171,0,24087,0
2,KSOX20230711_131701_V06,28.550,0.148,405.273,195.194,53.930,-117.063,34.289,26964.779,74274.060,20230711_061701,479167,10,20790,8
1,KSOX20230712_121529_V06,-33.562,0.069,196.920,259.175,5.125,-118.193,34.001,2562.553,55435.118,20230712_051529,479165,0,27276,0
2,KSOX20230712_123443_V06,-14.329,0.152,380.360,177.081,38.363,-117.198,34.371,19181.538,73428.227,20230712_053443,479169,0,24616,0
3,KSOX20230712_134200_V06,52.954,0.139,24.085,390.018,26.432,-119.118,33.403,13215.792,145113.947,20230712_064200,479166,1,26377,0
3,KSOX20230713_140703_V06,77.413,0.138,160.362,96.159,14.018,-118.397,34.734,7009.182,123541.284,20230713_070703,479166,0,29163,0
3,KSOX20230713_141640_V06,87.030,0.056,161.258,96.665,28.135,-118.392,34.732,14067.552,123079.890,20230713_071640,479170,0,29752,0
1,KSOX20230713_125006_V06,0.463,0.085,403.073,177.337,57.280,-117.075,34.369,28640.038,80109.613,20230713_055006,479166,1,27393,1
1,KSOX20230713_130921_V06,19.713,0.085,400.141,179.750,46.543,-117.091,34.359,23271.339,78243.464,20230713_060921,479170,1,28383,1
4,KSOX20230713_140703_V06,77.413,0.090,314.906,292.504,6.604,-117.554,33.852,3302.216,8342.395,20230713_070703,479166,0,29163,0
1,KSOX20230714_120717_V06,-42.956,0.167,249.221,192.032,5.310,-117.911,34.304,2655.186,59656.520,20230714_050717,479171,0,43418,0
1,KSOX20230714_121654_V06,-33.339,0.074,248.927,191.600,14.423,-117.912,34.306,7211.310,59914.801,20230714_051654,479170,0,45461,0
1,KSOX20230715_121246_V06,-38.085,0.061,29.576,416.371,38.261,-119.087,33.285,19130.733,147199.691,20230715_051246,479163,0,40485,0
1,KSOX20230715_122223_V06,-28.469,0.076,30.356,414.710,48.856,-119.082,33.292,24427.810,146514.948,20230715_052223,479169,0,40905,0
1,KSOX20230716_124655_V06,-4.559,0.189,306.930,182.733,41.154,-117.597,34.346,20576.786,58735.659,20230716_054655,479165,2,44613,0
2,KSOX20230717_123246_V06,-19.341,0.329,27.426,139.435,34.945,-119.120,34.533,17472.605,158175.498,20230717_053246,479168,2,34536,1
2,KSOX20230717_124223_V06,-9.725,0.175,27.010,143.791,44.409,-119.121,34.513,22204.302,157261.445,20230717_054223,479166,3,34312,3
4,KSOX20230717_123246_V06,-19.341,0.061,23.042,388.786,20.398,-119.124,33.409,10199.001,145420.518,20230717_053246,479168,2,34536,1
4,KSOX20230717_124223_V06,-9.725,0.105,27.517,408.848,43.472,-119.098,33.318,21735.945,146709.428,20230717_054223,479166,3,34312,3
1,KSOX20230717_122309_V06,-28.958,0.168,27.906,174.710,48.148,-119.114,34.374,24074.203,149777.198,20230717_052309,479172,13,34890,13
3,KSOX20230717_123246_V06,-19.341,0.110,46.975,380.746,9.950,-118.996,33.446,4974.751,132798.430,20230717_053246,479168,2,34536,1
1,KSOX20230718_130628_V06,13.717,0.072,403.134,182.051,56.701,-117.075,34.348,28350.388,78340.117,20230718_060628,479165,4,31409,4
1,KSOX20230720_124756_V06,-6.124,0.065,424.880,250.052,17.064,-116.959,34.041,8532.074,67249.002,20230720_054756,479170,0,29124,0
1,KSOX20230720_130710_V06,13.110,0.493,423.717,256.022,14.271,-116.965,34.014,7135.452,65650.283,20230720_060710,479168,6,28027,5
1,KSOX20230722_124840_V06,-6.726,0.094,432.982,236.188,22.239,-116.914,34.103,11119.499,73749.795,20230722_054840,479175,0,41682,0
1,KSOX20230726_121024_V06,-47.732,0.135,197.103,256.708,5.339,-118.192,34.012,2669.565,55816.514,20230726_051024,479162,0,26573,0
2,KSOX20230726_124850_V06,-9.298,0.153,437.398,234.926,26.055,-116.890,34.109,13027.370,76014.742,20230726_054850,479164,0,32408,0
1,KSOX20230728_140727_V06,67.923,0.083,23.659,470.564,22.366,-119.114,33.040,11183.073,162370.104,20230728_070727,479168,2,35469,2
1,KSOX20230730_120820_V06,-52.601,0.374,183.538,308.325,7.942,-118.264,33.779,3971.008,58379.376,20230730_050820,479166,1,51547,1
4,KSOX20230801_121344_V06,-48.619,0.071,298.450,235.971,18.838,-117.643,34.106,9418.915,32023.909,20230801_051344,479168,3,62930,0
7,KSOX20230801_124929_V06,-12.869,0.066,270.986,245.978,13.715,-117.792,34.061,6857.403,30660.193,20230801_054929,479168,0,59020,0
16,KSOX20230801_142001_V06,77.664,0.086,271.354,196.918,11.133,-117.791,34.282,5566.391,53493.981,20230801_072001,479168,3,60335,3
1,KSOX20230802_131844_V06,15.669,0.259,24.679,476.814,24.834,-119.108,33.012,12416.807,163603.652,20230802_061844,479175,6,38178,5
1,KSOX20230802_132544_V06,22.669,0.051,25.037,476.262,34.769,-119.106,33.014,17384.370,163304.333,20230802_062544,479163,0,37913,0
2,KSOX20230802_132544_V06,22.669,0.097,21.309,297.031,28.856,-119.140,33.822,14427.959,139353.171,20230802_062544,479163,0,37913,0
3,KSOX20230802_142134_V06,78.503,0.065,33.629,283.116,32.528,-119.075,33.885,16264.151,133452.972,20230802_072134,479166,11,38657,11
2,KSOX20230803_130446_V06,0.989,0.196,29.214,433.218,37.621,-119.087,33.209,18810.566,150890.634,20230803_060446,479166,11,39037,11
2,KSOX20230803_131146_V06,7.989,0.151,29.251,433.076,45.699,-119.087,33.209,22849.306,150842.890,20230803_061146,479166,0,40099,0
2,KSOX20230803_131847_V06,15.006,0.143,33.458,435.534,51.379,-119.064,33.198,25689.434,149510.753,20230803_061847,479167,3,39765,1
2,KSOX20230803_132548_V06,22.022,-1.000,36.907,437.522,57.559,-119.046,33.190,28779.557,148433.678,20230803_062548,479168,17,39479,16
2,KSOX20230803_133248_V06,29.022,0.122,24.229,403.775,37.792,-119.116,33.341,18896.021,147325.361,20230803_063248,479167,1,38595,1
4,KSOX20230803_133934_V06,35.789,0.107,24.725,436.146,31.931,-119.111,33.195,15965.373,153551.302,20230803_063934,479167,14,39728,10
4,KSOX20230803_134634_V06,42.789,0.204,28.970,442.574,43.916,-119.088,33.166,21958.223,153121.262,20230803_064634,479165,12,39613,11
1,KSOX20230803_130446_V06,0.989,0.660,426.576,238.437,19.989,-116.949,34.093,9994.339,70376.525,20230803_060446,479166,11,39037,11
1,KSOX20230805_142528_V06,80.258,0.283,335.366,268.673,16.696,-117.444,33.959,8347.805,23622.583,20230805_072528,479168,30,47547,25
1,KSOX20230805_143215_V06,87.042,0.057,335.756,268.689,25.345,-117.442,33.959,12672.680,23763.777,20230805_073215,479168,14,45662,11
2,KSOX20230805_142528_V06,80.258,0.114,33.488,372.610,8.122,-119.069,33.482,4061.131,138113.260,20230805_072528,479168,30,47547,25
3,KSOX20230806_131110_V06,5.241,0.105,437.680,202.627,63.614,-116.888,34.254,31807.014,84316.812,20230806_061110,479165,0,55113,0
3,KSOX20230806_131811_V06,12.258,-1.000,437.680,202.627,74.771,-116.888,34.254,37385.264,84316.812,20230806_061811,479168,0,54388,0
3,KSOX20230806_132513_V06,19.291,0.050,427.700,184.563,82.963,-116.941,34.336,41481.261,86071.140,20230806_062513,479170,0,55305,0
6,KSOX20230806_140017_V06,54.358,0.293,429.954,220.265,43.989,-116.930,34.175,21994.415,76232.778,20230806_070017,479170,3,57981,3
6,KSOX20230806_140717_V06,61.358,0.229,432.143,215.844,54.356,-116.918,34.195,27178.219,78332.655,20230806_070717,479167,0,57345,0
1,KSOX20230806_130410_V06,-1.759,0.072,401.482,158.375,57.303,-117.083,34.455,28651.527,87115.427,20230806_060410,479167,0,56025,0
2,KSOX20230806_130410_V06,-1.759,0.055,300.775,179.513,42.761,-117.631,34.361,21380.486,60244.547,20230806_060410,479167,0,56025,0
4,KSOX20230806_133914_V06,33.308,0.068,303.463,198.128,39.771,-117.616,34.277,19885.639,50965.440,20230806_063914,479165,0,56679,0
5,KSOX20230806_134615_V06,40.324,0.073,423.179,181.733,73.921,-116.966,34.349,36960.506,85381.689,20230806_064615,479164,4,56824,3
1,KSOX20230807_133045_V06,24.106,0.070,431.120,180.633,76.075,-116.922,34.354,38037.434,88657.865,20230807_063045,479167,11,50187,11
2,KSOX20230808_135248_V06,45.438,0.075,443.172,233.448,34.327,-116.859,34.115,17163.643,78942.217,20230808_065248,479170,3,54450,3
2,KSOX20230808_140649_V06,59.455,0.061,443.465,212.952,61.207,-116.857,34.208,30603.368,83904.015,20230808_070649,479170,3,55287,3
2,KSOX20230808_141349_V06,66.455,-1.000,443.606,203.019,74.563,-116.855,34.252,37281.253,86643.088,20230808_071349,479166,7,53937,7
2,KSOX20230808_142050_V06,73.471,0.073,444.841,232.027,40.742,-116.850,34.122,20371.201,79998.565,20230808_072050,479173,0,53319,0
1,KSOX20230808_131744_V06,10.371,0.110,448.823,216.021,53.479,-116.828,34.194,26739.559,85441.090,20230808_061744,479171,0,47459,0
5,KSOX20230809_142036_V06,72.519,0.136,368.852,154.238,27.623,-117.260,34.474,13811.703,80602.826,20230809_072036,479172,105,54143,3
5,KSOX20230810_122307_V06,-45.683,0.156,386.170,187.167,35.991,-117.167,34.325,17995.377,70986.777,20230810_052307,479171,27,109044,0
5,KSOX20230810_122913_V06,-39.583,0.088,387.408,184.805,42.592,-117.160,34.336,21296.157,72301.351,20230810_052913,479167,59,109115,5
13,KSOX20230810_131835_V06,9.784,0.057,265.888,282.644,25.249,-117.819,33.896,12624.529,19137.045,20230810_061835,479176,40,98182,5
13,KSOX20230810_132434_V06,15.767,0.054,266.911,279.798,31.334,-117.814,33.909,15667.094,19384.197,20230810_062434,479164,43,97627,3
13,KSOX20230810_133032_V06,21.734,-1.000,267.786,277.367,37.893,-117.809,33.920,18946.552,19685.017,20230810_063032,479171,53,98099,2
13,KSOX20230810_133631_V06,27.717,0.152,273.587,257.729,20.889,-117.778,34.008,10444.588,24922.243,20230810_063631,479175,7,96140,0
13,KSOX20230810_134230_V06,33.700,0.342,274.124,254.876,26.023,-117.775,34.021,13011.732,26008.557,20230810_064230,479168,33,96255,1
13,KSOX20230810_134827_V06,39.650,0.211,278.467,250.457,21.797,-117.752,34.041,10898.251,27010.308,20230810_064827,479173,127,97472,13
2,KSOX20230810_121703_V06,-51.750,0.152,332.026,515.260,16.999,-117.464,32.847,8499.698,108814.726,20230810_051703,479165,18,108126,1
1,KSOX20230812_141247_V06,62.547,0.070,192.065,317.406,17.348,-118.217,33.738,8673.903,54664.607,20230812_071247,479167,2,43960,2
6,KSOX20230815_142743_V06,75.330,0.174,392.116,256.426,13.355,-117.136,34.013,6677.368,50950.871,20230815_072743,479177,8,44124,4
6,KSOX20230815_143214_V06,79.847,0.127,391.160,254.581,11.124,-117.142,34.022,5561.867,50924.165,20230815_073214,479171,11,43775,4
6,KSOX20230815_143645_V06,84.363,0.119,385.218,253.660,9.652,-117.174,34.026,4826.244,48501.245,20230815_073645,479169,12,43958,6
16,KSOX20230816_140418_V06,51.199,0.103,338.837,207.688,25.842,-117.424,34.234,12920.826,50074.810,20230816_070418,479165,77,54037,2
18,KSOX20230816_142538_V06,72.532,0.071,337.603,234.571,16.897,-117.431,34.113,8448.437,37732.434,20230816_072538,479168,131,54968,10
18,KSOX20230816_143058_V06,77.866,-1.000,337.603,234.571,25.377,-117.431,34.113,12688.437,37732.434,20230816_073058,479173,137,55766,6
18,KSOX20230816_143617_V06,83.182,0.053,334.154,218.400,17.990,-117.450,34.185,8994.843,44229.653,20230816_073617,479175,139,55179,3
1,KSOX20230818_122212_V06,-52.325,0.059,196.945,255.916,5.065,-118.193,34.015,2532.255,56044.043,20230818_052212,479167,13,38920,0
3,KSOX20230819_125435_V06,-20.651,0.075,333.619,418.440,29.444,-117.455,33.284,14721.972,61559.184,20230819_055435,479167,0,50097,0
1,KSOX20230824_122915_V06,-49.502,0.072,23.388,364.862,28.457,-119.124,33.516,14228.533,142057.524,20230824_052915,479170,3,39276,2
1,KSOX20230824_123616_V06,-42.485,0.051,28.654,401.630,54.211,-119.093,33.351,27105.604,144876.917,20230824_053616,479171,0,39800,0
3,KSOX20230824_132520_V06,6.581,0.065,306.490,184.463,43.548,-117.600,34.339,21774.158,57859.475,20230824_062520,479168,8,32567,8
4,KSOX20230824_140024_V06,41.648,0.061,31.466,411.720,53.138,-119.077,33.306,26568.890,145423.526,20230824_070024,479169,8,34076,7
1,KSOX20230827_130847_V06,-12.053,0.169,223.435,529.493,33.083,-118.044,32.783,16541.477,120964.194,20230827_060847,479168,2,46138,2
1,KSOX20230827_131548_V06,-5.036,0.118,221.795,529.216,40.798,-118.052,32.784,20398.786,121094.885,20230827_061548,479168,0,42993,0
2,KSOX20230827_133651_V06,16.014,0.057,105.960,368.314,13.542,-118.679,33.505,6771.232,102857.297,20230827_063651,479173,0,43355,0
1,KSOX20230828_122548_V06,-55.727,0.062,194.476,257.113,4.853,-118.206,34.010,2426.319,56952.844,20230828_052548,479172,5,34378,5
1,KSOX20230830_132700_V06,4.097,0.095,21.367,365.733,14.694,-119.135,33.512,7346.760,143140.927,20230830_062700,479172,2,39348,2
1,KSOX20230901_124604_V06,-38.205,0.112,157.878,276.988,8.255,-118.403,33.919,4127.554,71986.529,20230901_054604,479171,59,51553,12
2,KSOX20230901_125033_V06,-33.721,0.064,336.168,409.940,30.799,-117.441,33.322,15399.271,57867.989,20230901_055033,479176,9,50363,0
3,KSOX20230901_134050_V06,16.562,0.154,32.830,327.648,53.166,-119.076,33.685,26583.244,134298.213,20230901_064050,479167,7,45121,0
1,KSOX20230907_132914_V06,0.878,0.186,295.186,405.774,16.933,-117.661,33.341,8466.625,52941.863,20230907_062914,479169,1,42156,1
1,KSOX20230909_143306_V06,63.387,0.105,357.058,417.017,15.373,-117.329,33.290,7686.357,65093.464,20230909_073306,479171,0,39215,0
1,KSOX20230910_124341_V06,-46.709,0.221,41.411,173.058,71.317,-119.041,34.382,35658.669,144033.496,20230910_054341,479171,49,171406,5
1,KSOX20230910_124939_V06,-40.742,0.423,41.809,171.152,77.311,-119.039,34.391,38655.304,144277.834,20230910_054939,479169,38,176678,1
1,KSOX20230910_130148_V06,-28.592,0.085,45.180,160.120,78.085,-119.021,34.441,39042.301,145344.385,20230910_060148,479166,22,184167,10
1,KSOX20230910_130753_V06,-22.509,0.145,54.606,180.967,69.668,-118.969,34.347,34833.904,136369.910,20230910_060753,479172,51,188420,7
1,KSOX20230911_124354_V06,-47.171,0.471,42.538,155.049,10.655,-119.036,34.463,5327.670,147730.771,20230911_054354,479164,3,67059,3
1,KSOX20230911_124837_V06,-42.455,0.167,42.737,155.106,16.633,-119.035,34.463,8316.486,147630.015,20230911_054837,479168,11,67383,11
9,KSOX20230911_134637_V06,15.545,0.053,210.229,418.069,26.338,-118.117,33.285,13169.199,74160.306,20230911_064637,479167,2,67744,0
10,KSOX20230911_140331_V06,32.445,0.082,143.568,443.477,20.166,-118.474,33.168,10083.086,106133.068,20230911_070331,479166,8,68276,8
1,KSOX20230912_125121_V06,-40.401,0.069,17.905,432.291,15.732,-119.148,33.212,7866.156,155787.197,20230912_055121,479168,3,56092,2
1,KSOX20230912_130515_V06,-26.501,-1.000,17.905,432.291,37.833,-119.148,33.212,18916.656,155787.197,20230912_060515,479171,3,57628,3
1,KSOX20230912_131215_V06,-19.501,-1.000,17.905,432.291,48.963,-119.148,33.212,24481.656,155787.197,20230912_061215,479170,2,57088,2
1,KSOX20230912_131915_V06,-12.501,0.271,30.772,437.178,45.160,-119.079,33.191,22580.115,151080.941,20230912_061915,479167,1,54292,1
3,KSOX20230912_134715_V06,15.499,0.175,137.913,422.500,41.459,-118.505,33.262,20729.551,101585.514,20230912_064715,479168,9,48133,3
1,KSOX20230918_134826_V06,12.595,0.153,147.212,431.251,43.683,-118.455,33.223,21841.352,100711.281,20230918_064826,479169,0,61431,0
2,KSOX20230918_140228_V06,26.629,0.298,416.071,195.972,36.723,-117.005,34.285,18361.317,77933.238,20230918_070228,479170,5,60041,5
2,KSOX20230919_133534_V06,-0.956,0.094,129.557,389.829,8.436,-118.551,33.409,4218.125,96332.714,20230919_063534,479173,10,58309,10
2,KSOX20230919_134235_V06,6.061,0.053,129.191,395.849,20.818,-118.553,33.382,10409.187,97931.948,20230919_064235,479168,6,56727,6
4,KSOX20230919_140337_V06,27.094,0.238,87.222,193.047,65.243,-118.791,34.294,32621.746,119073.023,20230919_070337,479167,7,53880,7
4,KSOX20230919_141038_V06,34.111,0.073,83.369,196.302,72.178,-118.811,34.280,36089.174,120085.619,20230919_071038,479162,6,52721,5
3,KSOX20230919_134235_V06,6.061,0.064,359.666,149.804,8.311,-117.310,34.494,4155.739,80806.816,20230919_064235,479168,6,56727,6
5,KSOX20230919_140337_V06,27.094,0.077,190.306,316.517,29.365,-118.227,33.742,14682.705,55465.408,20230919_070337,479167,7,53880,7
6,KSOX20230919_144542_V06,69.177,0.054,188.985,349.842,28.641,-118.233,33.592,14320.532,60845.167,20230919_074542,479167,1,48347,1
7,KSOX20230919_144542_V06,69.177,0.051,283.543,411.527,24.534,-117.723,33.315,12266.813,56367.403,20230919_074542,479167,1,48347,1
1,KSOX20230920_135032_V06,13.325,0.085,416.864,188.986,39.642,-117.000,34.317,19820.869,80593.818,20230920_065032,479169,8,58590,8
1,KSOX20230920_140433_V06,27.342,0.106,415.786,184.411,50.846,-117.006,34.337,25422.962,81803.745,20230920_070433,479165,12,58396,12
1,KSOX20230920_141133_V06,34.342,0.220,425.301,188.298,58.753,-116.954,34.319,29376.601,83931.029,20230920_071133,479169,1,57273,1
1,KSOX20230920_141834_V06,41.358,0.101,432.358,193.043,63.058,-116.916,34.298,31528.829,85086.200,20230920_071834,479171,9,57139,8
2,KSOX20230920_142535_V06,48.375,0.095,335.342,416.983,27.619,-117.445,33.290,13809.578,61102.261,20230920_072535,479170,3,57214,3
3,KSOX20230922_140335_V06,24.999,0.155,421.097,195.879,53.262,-116.977,34.285,26631.241,79852.413,20230922_070335,479170,1,60068,1
3,KSOX20230922_141036_V06,32.016,0.613,421.848,198.225,60.454,-116.973,34.275,30226.929,79380.419,20230922_071036,479168,4,56104,4
3,KSOX20230922_141737_V06,39.032,0.251,413.002,200.572,61.624,-117.022,34.264,30812.168,75258.531,20230922_071737,479168,7,51296,4
3,KSOX20230922_142437_V06,46.032,0.107,401.848,239.635,32.917,-117.083,34.089,16458.477,59196.571,20230922_072437,479168,1,48959,1
2,KSOX20230922_124639_V06,-51.934,0.066,31.720,419.956,50.677,-119.075,33.269,25338.367,146938.597,20230922_054639,479168,1,54629,1
1,KSOX20230923_134736_V06,8.325,0.050,407.463,178.734,49.246,-117.051,34.363,24623.127,81014.924,20230923_064736,479167,5,49138,5
1,KSOX20230923_140137_V06,22.342,0.500,411.961,176.503,60.930,-117.026,34.373,30465.139,83346.729,20230923_070137,479166,0,47057,0
1,KSOX20230923_140838_V06,29.358,0.205,405.540,180.858,65.964,-117.061,34.353,32981.859,79582.420,20230923_070838,479166,5,46118,2
1,KSOX20230923_141539_V06,36.375,0.144,402.517,178.183,72.139,-117.078,34.366,36069.718,79606.972,20230923_071539,479167,0,45359,0
5,KSOX20230924_140245_V06,22.783,0.298,28.639,427.740,48.789,-119.091,33.233,24394.747,149962.158,20230924_070245,479164,0,52230,0
5,KSOX20230924_140945_V06,29.783,0.327,29.777,423.690,56.954,-119.085,33.252,28477.086,148593.360,20230924_070945,479169,1,51480,1
5,KSOX20230924_141647_V06,36.816,0.120,30.127,407.985,57.303,-119.084,33.322,28651.710,145337.785,20230924_071647,479166,1,50065,1
1,KSOX20230924_134143_V06,1.749,0.383,261.464,387.616,31.494,-117.842,33.423,15746.941,47858.139,20230924_064143,479165,2,54886,1
1,KSOX20230924_134843_V06,8.749,0.133,263.132,386.447,38.507,-117.833,33.428,19253.563,46990.049,20230924_064843,479168,0,55004,0
2,KSOX20230924_134143_V06,1.749,0.197,30.864,430.895,50.789,-119.079,33.219,25394.638,149639.184,20230924_064143,479165,2,54886,1
4,KSOX20230924_134843_V06,8.749,0.054,89.132,192.964,60.476,-118.780,34.295,30238.001,118239.166,20230924_064843,479168,0,55004,0
6,KSOX20230924_143749_V06,57.849,0.091,57.728,229.125,63.283,-118.948,34.130,31641.363,126213.305,20230924_073749,479169,6,47673,5
1,KSOX20230926_134523_V06,4.024,0.069,281.993,407.764,30.904,-117.732,33.332,15451.990,54629.194,20230926_064523,479167,2,41449,2
2,KSOX20230926_140625_V06,25.057,0.079,95.647,193.636,71.962,-118.745,34.292,35980.885,115188.318,20230926_070625,479166,9,40979,9
3,KSOX20230926_150232_V06,81.174,0.058,198.230,267.596,23.657,-118.186,33.963,11828.384,53402.004,20230926_080232,479166,3,40176,3
4,KSOX20230927_144151_V06,59.791,0.080,76.171,231.098,79.758,-118.848,34.122,39878.960,117097.302,20230927_074151,479166,17,40973,16
4,KSOX20230927_144852_V06,66.808,0.088,79.673,232.904,86.304,-118.829,34.114,43151.971,115158.229,20230927_074852,479173,19,40427,19
1,KSOX20230927_140648_V06,24.741,0.058,117.901,299.101,19.887,-118.618,33.818,9943.298,91050.822,20230927_070648,479169,14,40727,11
2,KSOX20230927_143451_V06,52.791,0.070,354.417,256.376,17.444,-117.340,34.014,8721.794,34871.937,20230927_073451,479166,3,40709,1
3,KSOX20230927_144151_V06,59.791,0.137,163.230,197.007,20.282,-118.378,34.280,10141.241,85606.161,20230927_074151,479166,17,40973,16
1,KSOX20230928_133803_V06,-4.712,0.083,141.371,418.418,29.969,-118.486,33.281,14984.496,98977.372,20230928_063803,479169,5,47242,2
1,KSOX20230928_134504_V06,2.305,0.167,137.293,416.252,38.537,-118.508,33.291,19268.674,99985.059,20230928_064504,479169,5,48797,5
1,KSOX20230928_135205_V06,9.321,0.077,142.885,412.597,31.567,-118.479,33.307,15783.251,96647.608,20230928_065205,479165,13,50197,13
3,KSOX20230928_142122_V06,38.605,0.077,175.438,423.461,31.832,-118.303,33.259,15915.785,87690.293,20230928_072122,479167,21,47775,21
1,KSOX20230929_141331_V06,30.049,0.104,405.774,178.181,54.761,-117.060,34.366,27380.272,80665.802,20230929_071331,479164,5,61949,5
11,KSOX20231001_134922_V06,4.475,0.065,342.294,421.908,32.941,-117.408,33.268,16470.310,64518.144,20231001_064922,479166,0,44941,0
12,KSOX20231001_135358_V06,9.075,0.150,293.515,286.562,10.835,-117.670,33.878,5417.648,7460.193,20231001_065358,479172,0,46135,0
1,KSOX20231003_134555_V06,-0.415,0.199,274.840,416.377,39.814,-117.770,33.293,19906.933,59532.880,20231003_064555,479171,3,49527,3
1,KSOX20231007_142605_V06,36.814,0.050,382.343,194.903,31.189,-117.188,34.291,15594.666,66756.587,20231007_072605,479168,16,38212,16
1,KSOX20231008_125156_V06,-58.084,0.062,246.348,186.983,11.069,-117.926,34.327,5534.504,62553.021,20231008_055156,479165,0,40777,0
3,KSOX20231009_141724_V06,26.630,0.078,147.474,392.990,15.979,-118.455,33.396,7989.426,89318.786,20231009_071724,479167,10,39236,8
3,KSOX20231009_142426_V06,33.663,0.088,148.866,393.323,23.893,-118.447,33.394,11946.553,88812.561,20231009_072426,479166,2,39039,2
1,KSOX20231010_134317_V06,-8.246,0.367,420.696,254.449,14.283,-116.982,34.021,7141.262,64502.680,20231010_064317,479169,17,37808,15
2,KSOX20231010_135018_V06,-1.229,0.057,190.894,303.885,23.074,-118.224,33.799,11537.174,54587.474,20231010_065018,479166,7,41458,7
3,KSOX20231010_140420_V06,12.804,0.054,173.481,421.613,20.426,-118.314,33.268,10212.879,87745.177,20231010_070420,479168,3,45320,2
4,KSOX20231010_142524_V06,33.871,0.131,194.766,333.375,26.905,-118.202,33.666,13452.551,55199.857,20231010_072524,479165,3,45454,2
5,KSOX20231010_142524_V06,33.871,0.052,117.090,222.326,63.193,-118.627,34.164,31596.550,99359.567,20231010_072524,479165,3,45454,2
8,KSOX20231010_144628_V06,54.938,0.056,131.128,238.318,71.421,-118.550,34.092,35710.648,89891.982,20231010_074628,479169,12,46749,11
1,KSOX20231015_140222_V06,6.957,0.057,284.181,413.521,29.224,-117.720,33.306,14612.104,57308.912,20231015_070222,479168,0,42882,0
1,KSOX20231016_135041_V06,-5.521,0.082,398.288,136.816,11.380,-117.100,34.552,5690.212,95249.046,20231016_065041,479165,2,35890,2
1,KSOX20231017_140408_V06,7.130,0.517,385.624,119.122,31.556,-117.168,34.632,15777.779,100060.254,20231017_070408,479167,3,40083,3
2,KSOX20231017_143214_V06,35.230,0.070,178.432,330.563,18.411,-118.290,33.678,9205.736,62675.689,20231017_073214,479165,3,41943,3
3,KSOX20231017_150019_V06,63.313,0.058,154.220,406.178,27.147,-118.418,33.337,13573.737,90174.329,20231017_080019,479165,9,43178,6
1,KSOX20231018_133716_V06,-20.543,0.053,264.223,192.545,4.804,-117.829,34.302,2402.054,56627.307,20231018_063716,479166,3,35405,3
2,KSOX20231018_144727_V06,49.640,0.063,380.141,185.535,37.869,-117.200,34.333,18934.650,69865.823,20231018_074727,479166,21,36981,19
1,KSOX20231020_134859_V06,-10.456,0.577,363.453,178.248,21.065,-117.290,34.366,10532.288,68647.454,20231020_064859,479164,3,32627,2
1,KSOX20231021_143633_V06,36.287,0.081,339.747,418.682,32.154,-117.422,33.283,16076.782,62580.126,20231021_073633,479169,3,37543,2
1,KSOX20231022_142356_V06,22.841,0.121,111.233,215.858,60.746,-118.659,34.193,30372.942,103335.557,20231022_072356,479172,0,44377,0
1,KSOX20231025_144622_V06,42.751,0.108,312.759,429.623,24.944,-117.567,33.233,12471.846,65124.878,20231025_074622,479167,7,53962,4
1,KSOX20231026_151657_V06,72.481,0.073,330.807,426.239,30.326,-117.470,33.249,15162.889,64971.749,20231026_081657,479168,2,35985,2
3,KSOX20231029_133052_V06,-36.196,0.061,376.428,185.017,34.129,-117.220,34.335,17064.377,69033.442,20231029_063052,479173,43,29411,43
3,KSOX20231029_133754_V06,-29.162,0.196,375.853,185.860,40.145,-117.223,34.332,20072.545,68522.851,20231029_063754,479165,38,29390,38
3,KSOX20231029_134455_V06,-22.146,-1.000,375.341,186.611,46.705,-117.226,34.328,23352.363,68068.570,20231029_064455,479169,37,29471,37
3,KSOX20231029_135151_V06,-15.212,0.267,374.136,181.854,35.211,-117.232,34.350,17605.404,69739.599,20231029_065151,479168,47,29037,47
5,KSOX20231029_141235_V06,5.521,0.146,374.875,181.022,35.938,-117.228,34.353,17969.162,70288.800,20231029_071235,479168,80,30518,80
5,KSOX20231029_141931_V06,12.454,0.248,373.941,181.294,41.378,-117.233,34.352,20688.768,69925.642,20231029_071931,479168,82,31433,82
7,KSOX20231029_144719_V06,40.254,0.112,371.274,185.606,31.657,-117.248,34.333,15828.281,67390.557,20231029_074719,479171,47,27917,47
7,KSOX20231029_150122_V06,54.304,0.084,374.507,182.516,41.735,-117.230,34.347,20867.668,69559.102,20231029_080122,479168,51,28971,51
7,KSOX20231029_150823_V06,61.321,0.166,375.364,182.541,35.274,-117.225,34.347,17637.196,69778.901,20231029_080823,479167,44,30055,44
7,KSOX20231029_151524_V06,68.338,0.138,375.185,183.885,41.894,-117.226,34.341,20947.048,69165.465,20231029_081524,479167,32,30625,32
7,KSOX20231029_152225_V06,75.354,0.132,374.721,183.933,34.035,-117.229,34.340,17017.498,69019.406,20231029_082225,479169,25,31363,23
1,KSOX20231029_131541_V06,-51.379,0.529,371.962,188.428,30.879,-117.244,34.320,15439.411,66383.062,20231029_061541,479167,43,29611,43
2,KSOX20231029_131541_V06,-51.379,0.055,196.345,256.783,2.507,-118.196,34.011,1253.344,56151.648,20231029_061541,479167,43,29611,43
6,KSOX20231029_144028_V06,33.404,0.567,373.528,180.172,36.520,-117.235,34.357,18259.838,70294.323,20231029_074028,479168,64,28685,64
2,KSOX20231030_130848_V06,-59.139,0.051,362.845,201.228,14.848,-117.294,34.263,7423.912,58534.902,20231030_060848,479166,17,31914,17
2,KSOX20231030_131550_V06,-52.105,0.914,367.536,195.224,24.533,-117.268,34.290,12266.520,62327.800,20231030_061550,479166,20,31336,19
2,KSOX20231030_132251_V06,-45.089,0.619,373.153,184.340,33.776,-117.238,34.338,16888.088,68426.364,20231030_062251,479167,23,30804,22
2,KSOX20231030_132946_V06,-38.172,0.134,372.146,182.176,34.190,-117.243,34.348,17094.899,69078.778,20231030_062946,479165,26,30538,24
2,KSOX20231030_133758_V06,-29.972,0.433,369.930,185.549,31.734,-117.255,34.333,15866.864,67062.003,20231030_063758,479168,27,30360,27
2,KSOX20231030_134454_V06,-23.039,0.545,371.701,186.667,31.616,-117.245,34.328,15808.186,67054.762,20231030_064454,479169,19,30670,19
2,KSOX20231030_135155_V06,-16.022,-1.000,372.784,187.861,31.265,-117.240,34.323,15632.530,66844.250,20231030_065155,479169,27,30297,24
2,KSOX20231030_140557_V06,-1.989,-1.000,374.950,190.249,30.562,-117.228,34.312,15281.218,66450.566,20231030_070557,479167,34,31728,34
2,KSOX20231030_141258_V06,5.028,0.141,370.513,184.821,32.089,-117.252,34.336,16044.525,67524.514,20231030_071258,479168,27,32274,27
2,KSOX20231030_142000_V06,12.061,0.151,377.818,182.219,36.008,-117.212,34.348,18004.213,70583.255,20231030_072000,479168,29,33061,29
2,KSOX20231030_142701_V06,19.078,0.549,370.392,185.586,32.303,-117.253,34.333,16151.344,67167.175,20231030_072701,479170,12,32510,12
2,KSOX20231030_143403_V06,26.111,0.476,372.663,185.153,38.592,-117.240,34.335,19296.070,67951.627,20231030_073403,479168,24,31905,22
2,KSOX20231030_144104_V06,33.128,0.088,370.810,184.539,32.740,-117.250,34.338,16369.808,67722.120,20231030_074104,479166,41,31684,40
2,KSOX20231030_144804_V06,40.128,0.416,374.368,185.011,39.672,-117.231,34.335,19835.808,68470.999,20231030_074804,479168,30,31064,29
2,KSOX20231030_150206_V06,54.161,0.557,375.666,183.897,33.817,-117.224,34.340,16908.642,69291.518,20231030_080206,479166,17,31277,16
7,KSOX20231030_151609_V06,68.211,0.387,375.886,183.426,35.027,-117.223,34.343,17513.718,69548.656,20231030_081609,479168,16,31086,15
7,KSOX20231030_152311_V06,75.245,0.095,374.264,183.586,40.815,-117.231,34.342,20407.295,69042.302,20231030_082311,479166,15,31231,15
3,KSOX20231030_140557_V06,-1.989,0.056,336.797,412.376,28.177,-117.437,33.311,14088.493,59123.555,20231030_070557,479167,34,31728,34
7,KSOX20231031_144028_V06,31.646,0.233,368.675,189.180,29.581,-117.262,34.317,14790.470,65187.140,20231031_074028,479171,1,31530,1
7,KSOX20231031_144729_V06,38.662,0.133,368.933,186.820,37.026,-117.260,34.327,18513.198,66259.795,20231031_074729,479168,9,31049,9
7,KSOX20231031_150130_V06,52.679,0.540,372.054,183.413,34.144,-117.243,34.343,17072.206,68527.687,20231031_080130,479168,0,31209,0
7,KSOX20231031_150831_V06,59.696,0.667,373.841,182.548,33.833,-117.234,34.347,16916.406,69367.472,20231031_080831,479168,3,30992,3
7,KSOX20231031_151532_V06,66.712,0.417,373.700,181.390,34.592,-117.234,34.352,17296.189,69821.137,20231031_081532,479168,14,30600,12
7,KSOX20231031_152233_V06,73.729,0.629,371.522,183.641,32.698,-117.246,34.342,16348.985,68291.345,20231031_082233,479167,11,30112,9
7,KSOX20231031_152933_V06,80.729,0.529,370.217,183.870,32.009,-117.253,34.341,16004.711,67853.763,20231031_082933,479170,11,29846,11
7,KSOX20231031_153628_V06,87.646,0.227,371.105,182.262,34.224,-117.249,34.348,17112.037,68771.436,20231031_083628,479169,5,29736,3
1,KSOX20231031_130853_V06,-59.938,0.066,367.912,187.864,29.991,-117.266,34.323,14995.396,65548.941,20231031_060853,479169,4,28684,4
1,KSOX20231031_131554_V06,-52.921,0.165,368.559,188.063,36.818,-117.263,34.322,18408.874,65631.955,20231031_061554,479168,3,28564,3
1,KSOX20231031_132254_V06,-45.921,0.068,369.204,182.755,31.126,-117.259,34.346,15562.984,68072.728,20231031_062254,479166,15,28542,14
3,KSOX20231031_133640_V06,-32.154,0.106,370.873,185.308,30.760,-117.250,34.334,15380.169,67411.468,20231031_063640,479165,16,29152,15
3,KSOX20231031_134335_V06,-25.238,0.223,371.393,184.177,38.255,-117.247,34.339,19127.645,68029.407,20231031_064335,479168,7,29968,5
3,KSOX20231031_135144_V06,-17.088,0.107,369.329,183.032,31.105,-117.258,34.344,15552.647,67985.343,20231031_065144,479169,5,29214,5
3,KSOX20231031_140540_V06,-3.154,0.122,371.998,181.725,40.523,-117.244,34.350,20261.648,69232.723,20231031_070540,479169,4,30949,4
3,KSOX20231031_141235_V06,3.762,0.078,371.389,180.200,34.134,-117.247,34.357,17066.891,69728.692,20231031_071235,479166,4,30605,4
3,KSOX20231031_141937_V06,10.796,0.256,371.564,180.965,40.335,-117.246,34.354,20167.484,69445.388,20231031_071937,479166,4,30939,4
3,KSOX20231031_142627_V06,17.629,0.267,372.023,181.469,33.246,-117.244,34.351,16622.902,69348.518,20231031_072627,479168,6,31473,5
3,KSOX20231031_143327_V06,24.629,0.207,372.136,182.157,40.045,-117.243,34.348,20022.550,69084.254,20231031_073327,479169,6,31503,6
1,KSOX20231103_134700_V06,-24.501,0.070,378.478,183.649,37.068,-117.209,34.342,18533.936,70171.735,20231103_064700,479165,9,31712,8
2,KSOX20231103_140056_V06,-10.568,0.075,336.207,416.478,32.790,-117.441,33.293,16395.067,60987.979,20231103_070056,479167,2,32352,2
3,KSOX20231103_151203_V06,60.549,0.084,376.882,184.697,31.244,-117.217,34.337,15622.066,69292.352,20231103_081203,479167,45,33244,41
1,KSOX20231104_131950_V06,-52.572,0.145,387.930,212.441,4.681,-117.158,34.212,2340.343,62044.896,20231104_061950,479166,8,37889,8
3,KSOX20231104_134052_V06,-31.538,0.119,273.013,187.931,6.447,-117.782,34.323,3223.633,57636.156,20231104_064052,479168,352,34944,352
4,KSOX20231104_145205_V06,39.678,0.057,303.500,183.010,39.201,-117.616,34.345,19600.422,58521.112,20231104_075205,479166,72,36931,72
5,KSOX20231104_152008_V06,67.728,0.065,309.480,186.978,40.298,-117.583,34.327,20149.036,56709.594,20231104_082008,479165,1,34994,1
4,KSOX20231105_153146_V06,78.453,0.363,271.246,186.941,5.792,-117.791,34.327,2896.019,58329.187,20231105_073146,479166,205,39175,201
4,KSOX20231105_153847_V06,85.469,0.059,271.433,187.800,13.339,-117.790,34.323,6669.329,57889.819,20231105_073847,479168,56,38751,56
1,KSOX20231105_141326_V06,0.119,0.157,271.414,189.972,7.001,-117.790,34.314,3500.389,56840.248,20231105_061326,479168,100,35809,100
2,KSOX20231105_150343_V06,50.403,0.081,389.122,220.250,8.018,-117.152,34.176,4008.904,59797.004,20231105_070343,479164,39,40053,39
3,KSOX20231105_150343_V06,50.403,0.064,439.985,212.593,2.265,-116.876,34.209,1132.744,82516.353,20231105_070343,479164,39,40053,39
5,KSOX20231106_144749_V06,33.589,0.186,270.679,187.547,6.493,-117.794,34.325,3246.304,58106.412,20231106_064749,479170,192,37185,191
5,KSOX20231106_150150_V06,47.606,0.061,270.978,188.630,13.684,-117.793,34.320,6841.784,57544.736,20231106_070150,479163,48,37041,48
1,KSOX20231106_132339_V06,-50.578,0.060,401.368,227.384,5.024,-117.085,34.144,2511.925,62346.867,20231106_052339,479168,97,36086,94
2,KSOX20231106_132339_V06,-50.578,0.057,420.864,216.527,2.103,-116.979,34.192,1051.628,73443.367,20231106_052339,479168,97,36086,94
3,KSOX20231106_134441_V06,-29.544,0.051,271.558,187.729,6.540,-117.790,34.324,3270.039,57908.989,20231106_054441,479168,88,34334,88
4,KSOX20231106_142645_V06,12.522,0.098,87.082,247.569,6.754,-118.788,34.049,3376.878,109639.362,20231106_062645,479166,59,36613,58
6,KSOX20231106_144749_V06,33.589,0.058,191.686,207.391,5.069,-118.223,34.234,2534.441,71253.685,20231106_064749,479170,192,37185,191
7,KSOX20231106_152409_V06,69.922,0.145,271.504,188.039,6.031,-117.790,34.322,3015.484,57765.212,20231106_072409,479168,316,34555,315
8,KSOX20231106_152409_V06,69.922,0.076,385.960,185.433,34.814,-117.168,34.333,17407.078,71614.729,20231106_072409,479168,316,34555,315
9,KSOX20231106_152409_V06,69.922,0.052,333.551,414.659,30.968,-117.455,33.301,15484.200,59733.649,20231106_072409,479168,316,34555,315
1,KSOX20231107_151612_V06,61.054,0.102,308.000,219.462,5.258,-117.592,34.181,2628.838,40467.316,20231107_071612,479166,15,31224,15
2,KSOX20231107_153805_V06,82.937,0.097,306.109,218.853,5.750,-117.602,34.184,2874.874,40688.218,20231107_073805,479166,25,31126,24
1,KSOX20231108_141759_V06,1.915,0.077,315.695,419.107,23.019,-117.551,33.281,11509.680,60068.471,20231108_061759,479169,7,35516,7
2,KSOX20231108_143851_V06,22.782,0.080,196.669,256.788,2.978,-118.194,34.011,1488.783,56001.259,20231108_063851,479169,10,34428,7
1,KSOX20231109_142435_V06,7.589,0.110,341.871,414.875,23.476,-117.410,33.300,11737.946,61134.191,20231109_062435,479171,4,28974,4
1,KSOX20231110_144102_V06,23.110,0.055,315.894,392.020,6.502,-117.550,33.403,3251.221,46691.277,20231110_064102,479167,2,27295,1
1,KSOX20231111_132530_V06,-53.355,0.188,196.826,255.561,5.238,-118.194,34.017,2618.994,56168.737,20231111_052530,479169,0,29480,0
1,KSOX20231114_132224_V06,-59.263,0.128,198.331,256.944,3.412,-118.185,34.011,1705.961,55205.165,20231114_052224,479167,2,22045,1
3,KSOX20231114_151847_V06,57.120,0.050,338.219,413.047,30.369,-117.430,33.308,15184.254,59666.438,20231114_071847,479169,5,26413,4
1,KSOX20231116_142212_V06,-1.340,0.123,196.908,256.667,2.827,-118.193,34.012,1413.620,55914.447,20231116_062212,479171,6,34087,5
1,KSOX20231120_142102_V06,-6.251,0.078,373.822,180.976,35.784,-117.234,34.354,17892.021,70029.055,20231120_062102,479169,98,33839,96
1,KSOX20231120_142804_V06,0.782,-1.000,373.822,180.976,46.967,-117.234,34.354,23483.521,70029.055,20231120_062804,479167,89,33829,89
1,KSOX20231120_143505_V06,7.799,0.110,373.313,181.099,34.497,-117.237,34.353,17248.737,69843.200,20231120_063505,479166,96,34178,94
1,KSOX20231120_144159_V06,14.699,-1.000,373.313,181.099,45.468,-117.237,34.353,22734.237,69843.200,20231120_064159,479167,96,33189,91
1,KSOX20231120_144901_V06,21.732,0.118,372.007,182.643,33.419,-117.244,34.346,16709.465,68843.479,20231120_064901,479169,89,33204,88
4,KSOX20231120_152347_V06,56.499,0.051,373.491,182.084,32.869,-117.236,34.349,16434.689,69471.510,20231120_072347,479169,96,32104,95
1,KSOX20231121_132917_V06,-58.932,0.733,367.680,189.899,26.341,-117.267,34.314,13170.635,64619.981,20231121_052917,479176,1,30583,1
1,KSOX20231121_133613_V06,-51.998,0.801,367.959,189.786,30.872,-117.266,34.314,15436.186,64740.846,20231121_053613,479169,1,30985,1
1,KSOX20231121_134309_V06,-45.065,0.340,369.263,184.602,32.524,-117.259,34.337,16261.793,67294.300,20231121_054309,479164,0,30739,0
1,KSOX20231121_135003_V06,-38.165,0.257,372.452,183.071,33.503,-117.241,34.344,16751.711,68777.825,20231121_055003,479170,1,29952,1
1,KSOX20231121_140354_V06,-24.315,0.077,372.149,184.843,31.993,-117.243,34.336,15996.275,67945.691,20231121_060354,479168,5,29191,5
1,KSOX20231121_141050_V06,-17.382,0.250,370.330,186.731,30.738,-117.253,34.328,15369.022,66663.427,20231121_061050,479166,4,29611,4
1,KSOX20231121_141744_V06,-10.482,0.068,367.810,184.295,30.352,-117.267,34.339,15175.921,67055.566,20231121_061744,479166,0,29955,0
1,KSOX20231121_142446_V06,-3.448,-1.000,365.558,182.763,29.801,-117.279,34.346,14900.366,67161.058,20231121_062446,479167,2,30562,1
1,KSOX20231121_143141_V06,3.468,-1.000,363.343,181.255,29.259,-117.291,34.353,14629.382,67291.536,20231121_063141,479167,0,30969,0
1,KSOX20231121_143843_V06,10.502,0.066,371.084,184.935,32.300,-117.249,34.336,16149.806,67625.460,20231121_063843,479166,8,31166,8
1,KSOX20231121_144528_V06,17.252,-1.000,372.619,185.393,33.100,-117.240,34.334,16549.798,67838.772,20231121_064528,479170,7,31020,5
1,KSOX20231121_145231_V06,24.302,-1.000,374.223,185.870,33.935,-117.232,34.332,16967.567,68070.918,20231121_065231,479170,8,31688,8
1,KSOX20231121_150619_V06,38.102,-1.000,377.362,186.806,35.571,-117.215,34.327,17785.329,68552.618,20231121_070619,479163,2,31821,1
1,KSOX20231121_151321_V06,45.135,0.545,371.648,183.839,33.263,-117.246,34.341,16631.331,68240.140,20231121_071321,479167,1,31887,1
1,KSOX20231121_152022_V06,52.152,0.055,373.378,183.140,33.649,-117.236,34.344,16824.668,68993.967,20231121_072022,479171,7,32429,6
1,KSOX20231121_152718_V06,59.085,0.147,374.211,180.160,35.701,-117.232,34.357,17850.729,70478.437,20231121_072718,479168,6,32879,6
1,KSOX20231121_153420_V06,66.118,0.083,374.834,179.544,37.009,-117.228,34.360,18504.601,70904.361,20231121_073420,479167,2,32962,1
1,KSOX20231121_154116_V06,73.052,0.166,376.793,185.348,34.188,-117.218,34.334,17093.993,68996.882,20231121_074116,479165,5,33048,5
1,KSOX20231121_154816_V06,80.052,0.076,375.469,183.357,35.093,-117.225,34.343,17546.456,69464.223,20231121_074816,479171,13,33290,13
1,KSOX20231124_133112_V06,-59.783,0.266,434.864,237.497,25.056,-116.904,34.097,12528.168,74321.839,20231124_053112,479166,0,36976,0
2,KSOX20231124_133112_V06,-59.783,0.053,194.307,256.781,2.506,-118.207,34.011,1252.987,57094.130,20231124_053112,479166,0,36976,0
3,KSOX20231124_133548_V06,-55.183,0.080,359.650,208.403,2.514,-117.311,34.230,1256.981,54653.587,20231124_053548,479172,1,36972,0
4,KSOX20231124_151213_V06,41.233,0.072,336.282,418.609,27.509,-117.440,33.283,13754.658,62017.050,20231124_071213,479169,0,31937,0
1,KSOX20231126_141044_V06,-22.070,0.062,365.321,183.841,29.390,-117.280,34.341,14694.862,66632.979,20231126_061044,479170,2,24298,0
2,KSOX20231126_154102_V06,68.230,0.059,374.652,185.229,33.101,-117.229,34.334,16550.644,68456.743,20231126_074102,479164,2,26681,1
2,KSOX20231126_154758_V06,75.163,0.074,369.401,185.523,29.292,-117.258,34.333,14645.840,66935.598,20231126_074758,479165,4,26313,4
1,KSOX20231127_134648_V06,-46.905,0.080,196.502,255.809,5.269,-118.195,34.016,2634.523,56268.536,20231127_054648,479170,0,24004,0
2,KSOX20231127_141404_V06,-19.638,0.053,370.878,187.157,31.013,-117.250,34.326,15506.519,66628.192,20231127_061404,479169,2,23422,2
3,KSOX20231127_152933_V06,55.845,0.127,369.759,181.677,31.616,-117.256,34.351,15808.090,68678.035,20231127_072933,479165,3,26787,3
1,KSOX20231129_133856_V06,-56.551,0.052,389.146,216.040,2.109,-117.151,34.195,1054.440,61229.407,20231129_053856,479166,0,22857,0
2,KSOX20231129_134546_V06,-49.718,0.115,196.876,256.599,3.198,-118.193,34.012,1599.066,55942.363,20231129_054546,479170,9,22638,8
1,KSOX20231206_141501_V06,-26.396,0.069,334.147,417.110,19.199,-117.452,33.290,9599.495,60993.357,20231206_061501,479168,1,10694,0
2,KSOX20231206_142439_V06,-16.763,0.140,365.767,266.708,8.788,-117.279,33.967,4393.936,36856.570,20231206_062439,479170,6,14016,5
3,KSOX20231206_142439_V06,-16.763,0.086,288.675,296.369,10.589,-117.696,33.834,5294.395,5946.615,20231206_062439,479170,6,14016,5
4,KSOX20231206_150312_V06,21.787,0.095,386.028,213.827,5.389,-117.168,34.205,2694.405,60882.254,20231206_070312,479166,3,19877,3
1,KSOX20231207_140427_V06,-37.761,0.120,306.535,289.775,8.958,-117.600,33.864,4478.786,6067.636,20231207_060427,479170,2,19361,2
1,KSOX20231209_140350_V06,-39.931,0.086,367.120,188.565,26.880,-117.270,34.320,13440.159,65044.026,20231209_060350,479170,1,18104,0
1,KSOX20231210_140044_V06,-43.783,0.140,323.408,221.038,7.667,-117.508,34.174,3833.477,41179.197,20231210_060044,479168,2,18067,2
2,KSOX20231210_140044_V06,-43.783,0.059,196.478,255.917,4.824,-118.195,34.015,2411.850,56258.725,20231210_060044,479168,2,18067,2
1,KSOX20231213_141502_V06,-31.636,0.118,196.426,257.177,4.782,-118.196,34.010,2391.153,56038.597,20231213_061502,479169,7,20404,7
4,KSOX20231214_160021_V06,73.001,0.105,284.520,320.108,17.848,-117.719,33.727,8923.901,12688.153,20231214_080021,479164,1,17177,1
4,KSOX20231214_160958_V06,82.617,0.149,283.025,321.262,26.390,-117.727,33.722,13194.924,13603.381,20231214_080958,479170,6,17459,6
1,KSOX20231214_140440_V06,-42.683,0.146,198.632,257.829,2.842,-118.184,34.007,1420.895,54894.894,20231214_060440,479170,0,12992,0
1,KSOX20231217_135052_V06,-58.397,0.091,196.958,257.057,3.069,-118.193,34.010,1534.468,55816.000,20231217_055052,479164,0,27886,0
17,KSOX20231219_151927_V06,29.022,0.113,432.331,232.770,17.196,-116.918,34.119,8598.019,74214.697,20231219_071927,479165,4,37409,3
17,KSOX20231219_152358_V06,33.538,0.300,432.961,233.207,24.078,-116.914,34.117,12038.808,74397.307,20231219_072358,479170,3,36932,3
4,KSOX20231219_140625_V06,-44.012,0.087,252.753,199.935,15.271,-117.892,34.269,7635.334,55329.436,20231219_060625,479168,0,36154,0
9,KSOX20231219_143919_V06,-11.112,0.113,423.077,232.007,2.290,-116.968,34.122,1144.985,70304.744,20231219_063919,479167,3,38488,3
16,KSOX20231219_151511_V06,24.755,0.056,418.326,227.494,28.686,-116.994,34.143,14343.040,69387.097,20231219_071511,479166,3,37935,3
20,KSOX20231219_155131_V06,61.088,0.089,375.695,185.062,28.038,-117.224,34.335,14018.890,68812.125,20231219_075131,479168,5,37146,5
21,KSOX20231219_155131_V06,61.088,0.054,354.586,411.717,15.751,-117.342,33.314,7875.441,62169.526,20231219_075131,479168,5,37146,5
3,KSOX20231221_150549_V06,14.320,0.076,374.952,182.362,31.912,-117.228,34.347,15955.894,69743.285,20231221_070549,479181,6,62197,2
9,KSOX20231222_142902_V06,-22.961,0.074,29.330,388.854,21.701,-119.090,33.409,10850.463,142440.457,20231222_062902,479179,197,71509,1
17,KSOX20231222_153951_V06,47.856,0.054,191.725,191.410,21.310,-118.223,34.306,10655.060,76673.644,20231222_073951,479166,146,76809,9
22,KSOX20231222_160836_V06,76.606,0.081,214.678,363.018,13.736,-118.094,33.533,6867.899,53035.607,20231222_080836,479173,313,78831,13
23,KSOX20231222_160836_V06,76.606,0.059,425.944,195.824,41.286,-116.951,34.285,20643.181,81722.939,20231222_080836,479173,313,78831,13
23,KSOX20231222_161323_V06,81.389,0.081,413.601,192.173,34.578,-117.018,34.302,17288.982,78313.198,20231222_081323,479178,378,78207,20
1,KSOX20231223_153349_V06,41.352,0.353,283.172,289.732,9.928,-117.726,33.864,4964.146,9856.508,20231223_073349,479171,1,30119,1
2,KSOX20231223_161553_V06,83.418,0.111,285.163,291.707,8.394,-117.715,33.855,4196.938,8498.545,20231223_081553,479173,0,30335,0
1,KSOX20231226_140914_V06,-44.487,0.117,389.621,215.699,2.095,-117.149,34.197,1047.512,61519.519,20231226_060914,479168,0,24035,0
3,KSOX20231226_160653_V06,73.163,0.074,291.731,410.367,10.891,-117.679,33.320,5445.740,55338.292,20231226_080653,479164,0,25447,0
1,KSOX20231228_140153_V06,-52.537,0.080,197.340,256.955,3.202,-118.191,34.011,1601.158,55659.399,20231228_060153,479165,1,19201,0
5,KSOX20231231_153651_V06,41.591,0.181,288.893,285.198,7.877,-117.695,33.884,3938.457,9252.912,20231231_073651,479168,2,30354,0
5,KSOX20231231_154115_V06,45.991,0.074,289.584,285.409,14.249,-117.691,33.884,7124.737,8963.746,20231231_074115,479172,3,30948,2
5,KSOX20231231_154540_V06,50.408,-1.000,290.113,285.571,20.794,-117.688,33.883,10397.116,8745.779,20231231_074540,479168,2,31056,1
5,KSOX20231231_155119_V06,56.058,0.444,291.970,286.714,12.628,-117.678,33.878,6313.877,7762.238,20231231_075119,479164,5,31337,0
5,KSOX20231231_155539_V06,60.391,0.135,292.153,286.807,18.213,-117.677,33.877,9106.610,7674.919,20231231_075539,479171,4,31628,0
5,KSOX20231231_160419_V06,69.058,-1.000,292.431,286.949,30.016,-117.676,33.877,15007.973,7543.324,20231231_080419,479172,5,32469,0
5,KSOX20231231_160949_V06,74.558,0.136,289.787,287.252,11.472,-117.690,33.875,5735.764,8167.414,20231231_080949,479172,9,32470,0
5,KSOX20231231_161410_V06,78.908,0.053,291.347,285.522,9.174,-117.682,33.883,4587.231,8433.678,20231231_081410,479171,11,32490,3
2,KSOX20231231_143440_V06,-20.592,0.093,291.620,286.615,11.848,-117.680,33.878,5924.225,7896.029,20231231_063440,479164,11,28788,2
3,KSOX20231231_151017_V06,15.024,0.210,290.454,288.214,11.789,-117.687,33.871,5894.390,7583.632,20231231_071017,479165,0,27562,0
