track_id,filename,from_sunrise,det_score,x,y,r,lon,lat,radius,geo_dist,local_time,n_radar_pixels,n_refAbove40_pixels,n_xcorrAbove0.95_pixels,n_xcorrBelow0.95_refAbove40_pixels
1,KBHX20170603_120149_V06,-46.184,0.102,443.331,402.962,3.362,-123.452,40.032,1680.933,88239.822,20170603_050149,479172,2,54641,1
1,KBHX20170605_135019_V06,62.953,0.079,63.498,475.087,83.538,-125.671,39.702,41768.993,147129.536,20170605_065019,479175,4,18567,3
1,KBHX20170606_122642_V06,-20.394,0.103,37.459,395.557,62.875,-125.831,40.058,31437.634,139695.188,20170606_052642,479181,0,45345,0
2,KBHX20170606_133444_V06,47.639,0.093,27.851,418.474,50.906,-125.884,39.954,25452.841,148409.041,20170606_063444,479167,1,40510,1
2,KBHX20170607_133922_V06,52.509,0.078,311.655,332.238,25.915,-124.223,40.353,12957.708,17139.952,20170607_063922,479177,2,39542,2
2,KBHX20170607_134905_V06,62.226,0.144,310.573,330.454,31.716,-124.230,40.361,15858.094,16118.499,20170607_064905,479183,4,42664,1
1,KBHX20170607_122919_V06,-17.541,0.128,29.615,463.210,44.584,-125.869,39.753,22292.143,157912.622,20170607_052919,479167,2,34961,2
6,KBHX20170610_121611_V06,-30.162,0.050,221.793,307.676,11.810,-124.753,40.463,5904.787,39291.648,20170610_051611,479182,257,97146,39
6,KBHX20170610_122130_V06,-24.845,0.249,222.620,309.076,17.863,-124.748,40.457,8931.366,38955.256,20170610_052130,479177,313,95604,40
6,KBHX20170610_122633_V06,-19.795,0.160,227.807,315.863,11.420,-124.717,40.426,5709.898,36957.838,20170610_052633,479181,335,97948,27
6,KBHX20170610_123122_V06,-14.978,0.053,229.082,315.669,17.156,-124.710,40.427,8577.832,36314.423,20170610_053122,479176,356,98803,27
6,KBHX20170610_123611_V06,-10.162,0.116,236.800,314.899,11.704,-124.664,40.431,5851.763,32466.081,20170610_053611,479182,345,97287,30
3,KBHX20170610_120636_V06,-39.745,0.113,216.451,308.489,11.715,-124.784,40.459,5857.731,41989.793,20170610_050636,479175,293,96021,54
9,KBHX20170610_123122_V06,-14.978,0.126,28.556,442.916,37.571,-125.878,39.844,18785.713,153384.374,20170610_053122,479176,356,98803,27
9,KBHX20170611_133132_V06,45.293,0.122,231.385,330.467,15.983,-124.696,40.360,7991.297,37537.692,20170611_063132,479188,156,39347,8
1,KBHX20170612_120748_V06,-38.368,0.341,226.522,321.235,9.213,-124.725,40.402,4606.712,38242.253,20170612_050748,479177,0,45685,0
1,KBHX20170612_121732_V06,-28.634,0.178,226.937,329.484,15.779,-124.722,40.365,7889.280,39394.069,20170612_051732,479173,0,47863,0
1,KBHX20170612_122716_V06,-18.901,0.051,233.665,367.788,22.466,-124.681,40.192,11233.207,47422.417,20170612_052716,479178,2,49617,2
2,KBHX20170615_124310_V06,-2.980,0.447,232.630,308.108,17.942,-124.689,40.461,8971.020,33928.227,20170615_054310,479176,0,25085,0
2,KBHX20170615_130236_V06,16.454,0.227,243.870,310.366,32.028,-124.623,40.451,16013.862,28539.778,20170615_060236,479177,2,28481,2
6,KBHX20170615_141053_V06,84.737,0.078,47.496,229.253,81.943,-125.788,40.807,40971.474,131113.933,20170615_071053,479189,2,38886,2
6,KBHX20170615_141503_V06,88.904,0.284,48.364,228.837,88.603,-125.783,40.809,44301.427,130752.625,20170615_071503,479179,0,39517,0
4,KBHX20170615_140232_V06,76.387,0.108,36.133,260.951,61.651,-125.852,40.664,30825.672,133370.170,20170615_070232,479189,3,37768,3
5,KBHX20170615_140643_V06,80.570,0.086,69.180,92.290,61.657,-125.673,41.425,30828.365,155259.106,20170615_070643,479176,2,38067,2
4,KBHX20170616_130041_V06,14.479,0.072,21.068,269.565,27.089,-125.940,40.624,13544.670,140293.879,20170616_060041,479172,5,42046,5
4,KBHX20170616_131025_V06,24.213,0.100,23.073,268.277,36.460,-125.929,40.630,18229.948,139369.074,20170616_061025,479173,2,45573,2
5,KBHX20170616_133935_V06,53.379,0.112,32.640,365.426,53.331,-125.862,40.193,26665.585,137624.623,20170616_063935,479171,0,37906,0
5,KBHX20170616_134917_V06,63.079,-1.000,32.640,365.426,68.754,-125.862,40.193,34377.085,137624.623,20170616_064917,479179,2,40817,2
5,KBHX20170616_140845_V06,82.546,0.289,55.853,325.939,67.406,-125.729,40.373,33702.890,122760.416,20170616_070845,479173,3,43676,1
1,KBHX20170616_120223_V06,-43.821,0.050,17.839,277.767,15.173,-125.958,40.586,7586.340,141517.996,20170616_050223,479172,0,54403,0
1,KBHX20170618_122529_V06,-20.932,0.668,368.262,273.887,9.133,-123.889,40.615,4566.387,36543.054,20170618_052529,479183,14,24216,14
1,KBHX20170620_114758_V06,-58.785,0.055,383.966,108.654,5.769,-123.790,41.359,2884.525,104479.052,20170620_044758,479179,111,57580,111
3,KBHX20170620_132508_V06,38.382,0.068,96.647,286.022,17.200,-125.492,40.555,8599.975,101916.216,20170620_062508,479182,14,33222,14
1,KBHX20170621_121001_V06,-36.950,0.073,22.734,476.922,21.623,-125.908,39.690,10811.510,164452.044,20170621_051001,479186,9,34981,8
2,KBHX20170621_123907_V06,-7.850,0.056,44.156,200.907,66.171,-125.811,40.935,33085.548,137181.722,20170621_053907,479167,3,27951,3
1,KBHX20170622_124619_V06,-0.894,0.163,290.977,341.848,16.639,-124.345,40.310,8319.527,21404.896,20170622_054619,479168,1,26085,1
1,KBHX20170624_134531_V06,57.728,0.065,286.807,303.124,26.037,-124.370,40.484,13018.543,6778.706,20170624_064531,479184,0,29152,0
1,KBHX20170625_133213_V06,44.096,0.232,212.144,284.638,17.949,-124.811,40.566,8974.600,44594.484,20170625_063213,479176,2,61787,2
1,KBHX20170626_133356_V06,45.452,0.516,382.011,107.856,7.015,-123.802,41.362,3507.633,104456.902,20170626_063356,479172,0,24151,0
1,KBHX20170629_123939_V06,-10.073,0.163,295.070,339.106,14.092,-124.321,40.322,7046.013,19707.682,20170629_053939,479173,1,12686,1
1,KBHX20170629_124922_V06,-0.356,0.062,299.148,337.398,12.640,-124.297,40.330,6320.066,18704.096,20170629_054922,479170,0,12869,0
1,KBHX20170629_130849_V06,19.094,-1.000,299.148,337.398,43.566,-124.297,40.330,21782.816,18704.096,20170629_060849,479182,3,13053,3
1,KBHX20170629_131832_V06,28.811,0.119,291.405,333.433,20.419,-124.343,40.348,10209.280,17260.224,20170629_061832,479180,1,16036,1
1,KBHX20170629_132815_V06,38.527,0.570,291.551,315.620,13.153,-124.342,40.428,6576.710,8879.291,20170629_062815,479169,10,17432,10
2,KBHX20170629_123939_V06,-10.073,0.134,76.838,257.845,88.184,-125.612,40.681,44091.759,113554.398,20170629_053939,479173,1,12686,1
3,KBHX20170629_124922_V06,-0.356,0.146,283.731,309.036,8.638,-124.388,40.458,4318.932,9305.125,20170629_054922,479170,0,12869,0
1,KBHX20170630_120637_V06,-43.572,0.074,541.236,470.240,2.376,-122.885,39.723,1188.125,147628.222,20170630_050637,479179,2,36723,1
4,KBHX20170630_134341_V06,53.495,0.052,366.702,354.071,8.557,-123.900,40.254,4278.641,42932.762,20170630_064341,479176,0,26577,0
1,KBHX20170701_122942_V06,-20.979,0.154,429.908,168.991,8.765,-123.519,41.086,4382.465,92249.038,20170701_052942,479174,0,44085,0
1,KBHX20170701_123925_V06,-11.262,0.114,430.664,169.141,15.908,-123.514,41.085,7954.181,92462.280,20170701_053925,479175,9,42679,8
1,KBHX20170702_120228_V06,-48.727,0.099,539.722,468.254,2.836,-122.894,39.732,1418.245,146438.022,20170702_050228,479170,0,37376,0
2,KBHX20170702_131226_V06,21.239,0.135,21.476,289.166,27.985,-125.936,40.535,13992.305,139367.106,20170702_061226,479173,10,17460,5
1,KBHX20170703_123621_V06,-15.383,0.070,307.842,324.619,18.806,-124.246,40.387,9402.893,12918.723,20170703_053621,479171,1,21132,0
1,KBHX20170703_124605_V06,-5.650,-1.000,307.842,324.619,34.282,-124.246,40.387,17140.893,12918.723,20170703_054605,479176,0,17841,0
1,KBHX20170703_130529_V06,13.750,0.154,307.892,327.237,20.073,-124.245,40.376,10036.705,14178.755,20170703_060529,479171,0,20054,0
3,KBHX20170703_132452_V06,33.134,0.262,297.022,29.735,23.925,-124.310,41.715,11962.341,135140.894,20170703_062452,479179,0,22916,0
1,KBHX20170704_130734_V06,15.272,0.076,318.854,363.469,11.477,-124.181,40.212,5738.636,33105.146,20170704_060734,479174,0,20995,0
4,KBHX20170706_141029_V06,76.998,0.444,538.136,466.465,5.755,-122.903,39.740,2877.337,145274.972,20170706_071029,479188,0,42320,0
4,KBHX20170706_142012_V06,86.715,0.051,537.916,466.438,13.140,-122.904,39.740,6570.003,145177.044,20170706_072012,479183,2,42135,1
1,KBHX20170706_123125_V06,-22.069,0.065,25.730,204.702,26.249,-125.920,40.916,13124.310,145177.098,20170706_053125,479176,0,37381,0
3,KBHX20170706_132940_V06,36.181,0.111,259.645,499.036,50.385,-124.527,39.602,25192.411,101542.686,20170706_062940,479182,1,38196,1
1,KBHX20170707_133211_V06,38.071,0.051,285.239,522.329,71.963,-124.378,39.497,35981.369,111409.355,20170707_063211,479180,0,30485,0
1,KBHX20170708_124625_V06,-8.344,0.103,235.647,111.476,7.401,-124.676,41.347,3700.493,99602.388,20170708_054625,479175,2,17650,0
2,KBHX20170708_124625_V06,-8.344,0.083,227.670,111.181,2.560,-124.724,41.348,1280.031,101099.369,20170708_054625,479175,2,17650,0
3,KBHX20170708_124625_V06,-8.344,0.052,227.883,107.436,2.561,-124.723,41.365,1280.714,102812.669,20170708_054625,479175,2,17650,0
1,KBHX20170709_122927_V06,-25.978,0.106,45.573,320.843,93.464,-125.790,40.395,46731.964,127639.791,20170709_052927,479175,1,28718,1
1,KBHX20170711_121438_V06,-42.188,0.060,429.609,170.492,7.830,-123.521,41.079,3915.150,91611.530,20170711_051438,479170,0,25220,0
2,KBHX20170711_124347_V06,-13.038,0.198,295.390,336.893,22.123,-124.319,40.332,11061.647,18589.872,20170711_054347,479179,4,18260,4
3,KBHX20170711_132235_V06,25.762,0.340,293.739,36.715,32.447,-124.330,41.684,16223.534,131679.493,20170711_062235,479174,2,16507,1
4,KBHX20170711_141107_V06,74.296,0.157,280.460,78.282,45.634,-124.409,41.497,22816.893,111288.520,20170711_071107,479179,0,12664,0
1,KBHX20170712_140342_V06,66.155,0.297,305.870,44.707,33.577,-124.257,41.648,16788.464,127680.257,20170712_070342,479185,1,20325,0
1,KBHX20170715_121518_V06,-44.517,0.145,208.368,109.553,27.758,-124.839,41.355,13878.880,105672.197,20170715_051518,479175,3,37645,3
4,KBHX20170716_123723_V06,-23.223,0.062,231.634,107.172,35.925,-124.700,41.366,17962.601,102294.355,20170716_053723,479179,2,14191,2
4,KBHX20170716_124705_V06,-13.523,0.589,220.092,124.205,51.597,-124.769,41.289,25798.561,96552.322,20170716_054705,479168,5,17294,5
5,KBHX20170716_133538_V06,35.027,0.374,192.059,119.702,67.366,-124.936,41.308,33683.060,105069.748,20170716_063538,479178,0,18420,0
5,KBHX20170716_134520_V06,44.727,0.231,186.637,130.624,75.965,-124.968,41.259,37982.488,101905.872,20170716_064520,479183,0,19643,0
1,KBHX20170716_120817_V06,-52.323,0.057,295.282,340.789,11.446,-124.320,40.315,5723.110,20530.599,20170716_050817,479174,5,21338,0
2,KBHX20170716_121758_V06,-42.640,0.255,176.230,133.331,71.142,-125.030,41.246,35571.011,103799.615,20170716_051758,479173,2,19581,0
1,KBHX20170717_132821_V06,26.940,0.539,318.034,36.219,14.431,-124.184,41.686,7215.481,132198.489,20170717_062821,479180,2,15395,2
1,KBHX20170718_124207_V06,-20.112,0.052,23.804,430.201,36.567,-125.907,39.901,18283.325,152673.526,20170718_054207,479177,0,22427,0
2,KBHX20170718_140929_V06,67.255,0.092,224.460,217.762,10.691,-124.740,40.868,5345.291,55833.104,20170718_070929,479172,0,21451,0
3,KBHX20170718_141912_V06,76.972,0.629,304.839,321.624,23.099,-124.263,40.401,11549.253,11079.549,20170718_071912,479180,1,21190,1
3,KBHX20170721_131911_V06,14.424,0.089,431.335,168.550,8.545,-123.510,41.088,4272.694,92908.754,20170721_061911,479175,0,34210,0
1,KBHX20170722_122325_V06,-42.210,0.050,183.289,253.876,5.763,-124.982,40.704,2881.516,62747.301,20170722_052325,479177,0,36521,0
2,KBHX20170722_133118_V06,25.673,0.066,143.857,52.105,24.113,-125.229,41.611,12056.518,146485.862,20170722_063118,479180,0,19430,0
3,KBHX20170722_140024_V06,54.773,0.153,26.216,216.441,49.344,-125.916,40.863,24671.993,143125.719,20170722_070024,479175,1,22098,1
1,KBHX20170723_124445_V06,-21.754,0.131,297.217,359.848,8.771,-124.308,40.229,4385.582,29956.384,20170723_054445,479183,0,31639,0
1,KBHX20170724_130303_V06,-4.341,0.669,297.177,355.132,9.738,-124.309,40.250,4869.007,27602.166,20170724_060303,479175,1,26458,1
1,KBHX20170724_131245_V06,5.359,0.102,310.714,365.482,19.238,-124.229,40.203,9619.043,33176.201,20170724_061245,479175,3,24692,3
2,KBHX20170724_140116_V06,53.875,0.056,276.532,361.811,4.714,-124.430,40.220,2357.206,33058.000,20170724_070116,479176,2,28502,2
1,KBHX20170730_123004_V06,-42.814,0.763,382.290,107.027,5.255,-123.800,41.366,2627.739,104892.937,20170730_053004,479174,4,35846,4
4,KBHX20170730_133020_V06,17.453,0.064,290.543,352.562,24.725,-124.348,40.262,12362.312,26702.808,20170730_063020,479175,1,27210,1
1,KBHX20170801_124924_V06,-25.359,0.373,179.245,67.323,14.360,-125.016,41.544,7179.964,131073.102,20170801_054924,479173,1,40593,1
1,KBHX20170801_130850_V06,-5.926,0.595,231.235,89.746,23.818,-124.703,41.444,11908.913,110606.875,20170801_060850,479177,0,31303,0
1,KBHX20170801_131833_V06,3.791,-1.000,256.823,100.782,28.714,-124.550,41.395,14357.217,101921.623,20170801_061833,479175,0,28676,0
1,KBHX20170801_132815_V06,13.491,0.573,195.446,98.649,43.689,-124.917,41.403,21844.717,113439.086,20170801_062815,479171,0,28045,0
3,KBHX20170801_140902_V06,54.274,0.087,73.716,162.624,94.284,-125.639,41.109,47141.785,132359.972,20170801_070902,479171,1,29784,1
4,KBHX20170801_141844_V06,63.974,0.070,34.109,294.365,45.246,-125.861,40.513,22623.222,132975.277,20170801_071844,479176,2,29874,2
1,KBHX20170802_141033_V06,54.844,0.101,47.529,443.151,54.367,-125.767,39.844,27183.405,145115.517,20170802_071033,479184,2,35667,2
1,KBHX20170803_131406_V06,-2.556,0.181,291.507,336.380,13.732,-124.342,40.335,6866.047,18678.942,20170803_061406,479182,0,24395,0
3,KBHX20170805_122319_V06,-55.251,0.107,321.171,373.435,7.665,-124.168,40.168,3832.680,38213.115,20170805_052319,479175,6,56140,0
1,KBHX20170806_142507_V06,65.588,0.084,293.823,332.869,11.626,-124.328,40.350,5812.847,16721.944,20170806_072507,479181,0,27753,0
1,KBHX20170808_122236_V06,-58.857,0.058,428.201,165.711,8.956,-123.529,41.100,4477.993,92829.190,20170808_052236,479158,2,36451,2
1,KBHX20170811_133527_V06,11.085,0.054,428.269,166.574,9.515,-123.529,41.097,4757.713,92541.291,20170811_063527,479183,1,32900,1
1,KBHX20170812_131816_V06,-7.070,0.057,28.927,226.408,29.388,-125.899,40.819,14694.071,140442.705,20170812_061816,479179,1,63171,1
1,KBHX20170815_133053_V06,2.623,0.062,130.595,26.991,14.719,-125.310,41.723,7359.571,160648.774,20170815_063053,479173,0,24032,0
2,KBHX20170815_141929_V06,51.223,0.054,189.235,523.370,42.644,-124.936,39.491,21322.201,124662.520,20170815_071929,479181,0,20833,0
3,KBHX20170815_143856_V06,70.673,0.119,188.138,292.798,10.825,-124.952,40.529,5412.552,56046.674,20170815_073856,479179,0,17741,0
2,KBHX20170817_131748_V06,-12.414,0.084,34.446,109.385,19.155,-125.878,41.346,9577.728,163441.837,20170817_061748,479175,0,28651,0
2,KBHX20170817_132730_V06,-2.714,0.052,31.004,106.909,28.831,-125.899,41.357,14415.520,165561.957,20170817_062730,479168,5,27431,5
1,KBHX20170817_123859_V06,-51.230,0.108,281.757,95.450,18.875,-124.401,41.419,9437.546,102681.138,20170817_053859,479176,2,28159,2
1,KBHX20170818_132406_V06,-7.090,0.051,233.705,104.834,47.599,-124.688,41.376,23799.603,103059.181,20170818_062406,479176,0,27775,0
1,KBHX20170818_133349_V06,2.626,-1.000,233.705,104.834,63.049,-124.688,41.376,31524.353,103059.181,20170818_063349,479174,0,31203,0
1,KBHX20170818_134331_V06,12.326,0.661,263.685,77.623,23.907,-124.509,41.499,11953.400,112661.547,20170818_064331,479184,0,30533,0
2,KBHX20170818_133349_V06,2.626,0.052,353.417,72.171,13.180,-123.972,41.524,6590.023,117003.602,20170818_063349,479174,0,31203,0
5,KBHX20170818_140256_V06,31.743,0.446,295.466,337.319,11.135,-124.319,40.330,5567.657,18796.503,20170818_070256,479169,4,30244,4
7,KBHX20170818_141238_V06,41.443,0.082,7.767,232.705,11.203,-126.023,40.788,5601.422,149940.695,20170818_071238,479177,1,31673,1
1,KBHX20170820_123948_V06,-53.344,0.074,322.184,374.078,8.773,-124.162,40.165,4386.276,38664.071,20170820_053948,479173,0,30955,0
1,KBHX20170821_130834_V06,-25.553,0.125,299.749,367.796,14.654,-124.293,40.193,7327.242,33897.982,20170821_060834,479181,6,35893,6
1,KBHX20170822_130021_V06,-34.746,0.090,296.220,354.782,8.270,-124.314,40.252,4135.105,27456.197,20170822_060021,479170,0,42222,0
1,KBHX20170824_123901_V06,-58.028,0.059,425.523,268.463,6.115,-123.550,40.638,3057.579,64711.833,20170824_053901,479173,10,49821,10
1,KBHX20170825_125003_V06,-47.967,0.073,373.344,256.555,2.040,-123.858,40.693,1020.172,42623.016,20170825_055003,479163,0,34751,0
3,KBHX20170825_134834_V06,10.549,0.077,420.076,281.922,17.420,-123.583,40.578,8710.152,60714.581,20170825_064834,479173,0,60812,0
1,KBHX20170826_124019_V06,-58.672,0.061,344.822,430.529,8.560,-124.030,39.910,4280.012,69005.308,20170826_054019,479180,0,38130,0
2,KBHX20170826_132902_V06,-9.956,0.609,164.549,179.875,20.953,-125.097,41.036,10476.305,90522.105,20170826_062902,479177,2,42206,2
3,KBHX20170826_134830_V06,9.511,0.200,406.112,318.169,14.904,-123.667,40.415,7452.011,53828.268,20170826_064830,479178,0,35434,0
4,KBHX20170826_141743_V06,38.728,0.060,156.917,304.528,41.974,-125.136,40.475,20987.179,71577.476,20170826_071743,479162,0,38601,0
1,KBHX20170827_134810_V06,8.207,0.672,209.552,241.921,13.585,-124.828,40.759,6792.540,53744.610,20170827_064810,479175,6,32322,6
3,KBHX20170827_140737_V06,27.657,0.055,333.146,416.477,18.736,-124.098,39.974,9367.849,60550.466,20170827_070737,479172,4,38764,4
1,KBHX20170828_124710_V06,-53.762,0.206,285.714,152.806,8.712,-124.377,41.161,4355.789,73943.010,20170828_054710,479174,0,41955,0
3,KBHX20170828_131859_V06,-21.946,0.131,403.478,240.168,5.955,-123.679,40.766,2977.661,59765.357,20170828_061859,479178,2,46399,2
4,KBHX20170828_131859_V06,-21.946,0.075,135.995,303.322,11.714,-125.259,40.479,5856.811,82019.374,20170828_061859,479178,2,46399,2
5,KBHX20170828_132845_V06,-12.179,0.088,110.047,287.146,7.311,-125.413,40.551,3655.591,95193.601,20170828_062845,479171,4,46709,4
2,KBHX20170829_133535_V06,-6.314,0.686,247.728,407.869,25.402,-124.598,40.012,12700.891,59933.176,20170829_063535,479169,4,47409,4
3,KBHX20170829_134755_V06,6.020,0.138,412.670,220.173,18.629,-123.624,40.856,9314.323,69041.716,20170829_064755,479176,4,41585,4
4,KBHX20170829_140724_V06,25.503,0.176,313.803,375.171,24.390,-124.211,40.160,12194.845,38213.967,20170829_070724,479178,0,43852,0
4,KBHX20170829_141708_V06,35.236,-1.000,313.803,375.171,39.866,-124.211,40.160,19932.845,38213.967,20170829_071708,479176,6,44668,6
4,KBHX20170829_142652_V06,44.970,0.094,306.222,391.973,24.732,-124.255,40.084,12366.226,46091.452,20170829_072652,479171,8,45924,8
1,KBHX20170831_140747_V06,23.953,0.370,421.070,148.581,32.967,-123.571,41.178,16483.479,96935.015,20170831_070747,479171,0,41370,0
1,KBHX20170831_141732_V06,33.703,0.091,436.583,170.394,6.577,-123.479,41.079,3288.685,94144.435,20170831_071732,479171,0,40723,0
3,KBHX20170831_142715_V06,43.420,0.059,445.660,306.999,22.321,-123.433,40.464,11160.427,72913.805,20170831_072715,479175,10,40637,8
7,KBHX20170901_133540_V06,-9.128,0.521,439.112,80.765,3.424,-123.459,41.482,1711.971,129822.875,20170901_063540,479176,0,34644,0
7,KBHX20170901_134524_V06,0.605,0.312,438.751,82.035,11.008,-123.461,41.477,5504.105,129190.248,20170901_064524,479169,4,31241,4
7,KBHX20170901_140453_V06,20.089,0.338,441.218,88.899,15.028,-123.447,41.446,7514.083,126990.335,20170901_070453,479176,4,29892,2
7,KBHX20170901_141437_V06,29.822,0.235,440.727,89.587,16.260,-123.450,41.443,8130.226,126567.954,20170901_071437,479173,2,30642,2
1,KBHX20170901_124700_V06,-57.795,0.201,440.855,80.300,2.208,-123.449,41.484,1103.809,130487.805,20170901_054700,479177,6,37975,6
2,KBHX20170901_124700_V06,-57.795,0.191,471.578,97.208,2.734,-123.266,41.407,1366.810,132819.206,20170901_054700,479177,6,37975,6
3,KBHX20170901_124700_V06,-57.795,0.053,443.166,79.521,2.254,-123.435,41.488,1127.167,131441.714,20170901_054700,479177,6,37975,6
5,KBHX20170901_130628_V06,-38.328,0.349,128.715,400.753,23.677,-125.295,40.040,11838.716,99360.143,20170901_060628,479169,0,38158,0
9,KBHX20170901_133540_V06,-9.128,0.063,471.662,97.387,3.384,-123.265,41.406,1691.959,132777.773,20170901_063540,479176,0,34644,0
10,KBHX20170901_140453_V06,20.089,0.063,415.076,217.861,25.434,-123.609,40.866,12716.846,70691.592,20170901_070453,479176,4,29892,2
1,KBHX20170903_133624_V06,-10.321,0.421,432.460,166.589,7.141,-123.504,41.096,3570.614,94000.195,20170903_063624,479177,2,52097,2
4,KBHX20170903_134609_V06,-0.571,0.087,392.349,253.737,16.865,-123.746,40.705,8432.739,51644.601,20170903_064609,479168,2,45061,2
5,KBHX20170903_141523_V06,28.662,0.057,422.103,343.802,11.056,-123.574,40.299,5528.191,64860.843,20170903_071523,479175,0,39519,0
2,KBHX20170904_140511_V06,17.500,0.058,427.322,82.590,5.674,-123.530,41.475,2836.784,125974.116,20170904_070511,479174,2,31654,1
2,KBHX20170904_141453_V06,27.200,0.224,427.061,83.653,15.098,-123.531,41.470,7548.906,125449.955,20170904_071453,479169,0,32612,0
2,KBHX20170904_142436_V06,36.916,0.086,427.001,86.530,15.212,-123.532,41.457,7605.926,124196.262,20170904_072436,479172,0,33885,0
1,KBHX20170906_132824_V06,-21.206,0.075,227.670,351.962,16.244,-124.717,40.264,8122.179,44530.093,20170906_062824,479180,3,31979,2
2,KBHX20170907_125406_V06,-56.467,0.058,406.789,409.144,8.784,-123.667,40.005,4392.002,76348.333,20170907_055406,479182,1588,94364,167
2,KBHX20170907_130537_V06,-44.951,0.129,407.899,408.841,20.520,-123.660,40.006,10259.872,76629.591,20170907_060537,479164,1329,95253,178
12,KBHX20170907_140612_V06,15.633,0.143,412.008,356.123,26.698,-123.634,40.244,13348.991,62641.070,20170907_070612,479169,1206,101426,63
1,KBHX20170909_140257_V06,10.461,0.089,295.962,365.044,17.263,-124.316,40.205,8631.393,32584.831,20170909_070257,479167,0,36693,0
1,KBHX20170910_144358_V06,50.516,0.132,422.995,166.397,58.844,-123.560,41.098,29421.909,90798.649,20170910_074358,479172,0,32124,0
7,KBHX20170912_151353_V06,78.507,0.057,154.974,432.087,22.640,-125.140,39.900,11320.118,98080.968,20170912_081353,479180,39,108086,2
3,KBHX20170913_132752_V06,-28.474,0.073,198.455,117.647,40.467,-124.898,41.318,20233.513,104360.048,20170913_062752,479178,6,40947,0
3,KBHX20170913_133734_V06,-18.774,0.452,195.197,128.111,58.267,-124.917,41.271,29133.619,100659.731,20170913_063734,479170,3,38125,2
3,KBHX20170913_134715_V06,-9.090,0.119,194.551,112.275,60.276,-124.922,41.342,30137.775,107656.901,20170913_064715,479173,0,30685,0
3,KBHX20170913_140639_V06,10.310,0.097,196.341,114.476,58.343,-124.911,41.332,29171.386,106259.352,20170913_070639,479174,3,25348,3
2,KBHX20170913_132326_V06,-32.907,0.106,79.152,310.262,101.912,-125.594,40.445,50955.940,110543.068,20170913_062326,478565,2,45256,2
2,KBHX20170913_132752_V06,-28.474,0.264,78.747,313.882,106.269,-125.596,40.428,53134.355,110844.014,20170913_062752,479178,6,40947,0
4,KBHX20170913_144528_V06,49.126,0.335,96.995,134.061,76.318,-125.503,41.239,38158.943,131097.801,20170913_074528,479170,1,26569,1
1,KBHX20170914_134059_V06,-16.322,0.274,73.399,283.244,81.386,-125.630,40.566,40692.997,113609.861,20170914_064059,479106,1,43997,1
2,KBHX20170914_134059_V06,-16.322,0.216,152.495,166.468,41.732,-125.170,41.096,20865.906,99484.433,20170914_064059,479106,1,43997,1
3,KBHX20170914_141005_V06,12.778,0.127,293.090,292.633,8.395,-124.333,40.531,4197.693,5050.605,20170914_071005,479168,6,32734,1
5,KBHX20170914_141005_V06,12.778,0.055,304.492,295.951,10.462,-124.265,40.517,5231.167,3023.723,20170914_071005,479168,6,32734,1
6,KBHX20170914_143911_V06,41.878,0.055,214.418,122.453,40.654,-124.803,41.297,20327.244,98548.513,20170914_073911,479173,1,33291,1
7,KBHX20170914_150951_V06,72.544,0.071,429.445,168.599,7.851,-123.522,41.087,3925.552,92225.541,20170914_080951,479222,0,34884,0
1,KBHX20170916_144050_V06,41.593,0.113,36.170,275.578,33.478,-125.850,40.598,16739.159,132478.822,20170916_074050,479169,0,20501,0
20,KBHX20170919_142030_V06,18.346,0.335,27.670,159.105,43.977,-125.913,41.121,21988.436,153309.195,20170919_072030,479179,17,60516,0
20,KBHX20170919_142530_V06,23.346,0.077,28.668,156.130,52.381,-125.908,41.135,26190.591,153557.351,20170919_072530,479180,9,60200,0
20,KBHX20170919_143017_V06,28.129,0.050,36.657,144.492,61.702,-125.861,41.188,30851.067,152915.335,20170919_073017,479277,6,59768,1
20,KBHX20170919_143441_V06,32.529,-1.000,42.446,135.804,69.981,-125.828,41.227,34990.654,152720.553,20170919_073441,479223,21,58268,0
20,KBHX20170919_144051_V06,38.696,0.422,42.835,151.784,64.315,-125.824,41.156,32157.564,148409.622,20170919_074051,479132,6,57459,0
20,KBHX20170919_144515_V06,43.096,0.133,44.279,158.992,62.641,-125.815,41.123,31320.590,146010.775,20170919_074515,478972,21,55023,1
3,KBHX20170919_131150_V06,-50.321,0.155,271.433,176.242,21.320,-124.462,41.055,10660.101,63506.229,20170919_061150,479871,20,64695,0
3,KBHX20170919_131650_V06,-45.321,0.075,270.624,174.076,31.169,-124.467,41.065,15584.474,64652.530,20170919_061650,478814,19,64326,7
3,KBHX20170919_132124_V06,-40.754,-1.000,270.028,172.481,39.828,-124.470,41.072,19914.244,65497.066,20170919_062124,479213,6,66738,0
3,KBHX20170919_132555_V06,-36.238,0.064,279.490,166.532,41.445,-124.414,41.099,20722.521,67517.414,20170919_062555,479173,9,66652,0
8,KBHX20170919_131650_V06,-45.321,0.068,35.663,372.132,43.223,-125.843,40.163,21611.712,137001.218,20170919_061650,478814,19,64326,7
8,KBHX20170919_132124_V06,-40.754,0.069,36.252,374.365,51.283,-125.840,40.153,25641.566,137015.946,20170919_062124,479213,6,66738,0
8,KBHX20170919_132555_V06,-36.238,0.067,40.200,379.527,54.505,-125.816,40.130,27252.258,135849.585,20170919_062555,479173,9,66652,0
19,KBHX20170919_141606_V06,13.946,0.073,21.982,175.965,28.694,-125.945,41.045,14347.032,152216.017,20170919_071606,479165,56,60289,0
19,KBHX20170919_142030_V06,18.346,-1.000,21.982,175.965,35.690,-125.945,41.045,17845.032,152216.017,20170919_072030,479179,17,60516,0
19,KBHX20170919_142530_V06,23.346,-1.000,21.982,175.965,43.640,-125.945,41.045,21820.032,152216.017,20170919_072530,479180,9,60200,0
19,KBHX20170919_143017_V06,28.129,-1.000,21.982,175.965,51.246,-125.945,41.045,25622.782,152216.017,20170919_073017,479277,6,59768,1
19,KBHX20170919_143441_V06,32.529,0.115,36.135,166.537,51.449,-125.862,41.089,25724.327,147849.030,20170919_073441,479223,21,58268,0
13,KBHX20170919_133909_V06,-23.004,0.247,441.120,154.925,16.491,-123.451,41.148,8245.438,101195.178,20170919_063909,479156,23,67290,3
14,KBHX20170919_133909_V06,-23.004,0.112,165.174,49.267,24.684,-125.101,41.624,12342.249,142342.195,20170919_063909,479156,23,67290,3
17,KBHX20170919_140630_V06,4.346,0.097,94.773,414.663,37.598,-125.493,39.976,18798.817,117543.278,20170919_070630,479248,15,62227,1
18,KBHX20170919_140630_V06,4.346,0.052,433.700,372.654,19.722,-123.507,40.169,9860.819,76082.452,20170919_070630,479248,15,62227,1
21,KBHX20170919_142030_V06,18.346,0.140,105.492,435.439,34.877,-125.429,39.883,17438.538,118508.295,20170919_072030,479179,17,60516,0
21,KBHX20170919_142530_V06,23.346,-1.000,105.492,435.439,42.827,-125.429,39.883,21413.538,118508.295,20170919_072530,479180,9,60200,0
21,KBHX20170919_143017_V06,28.129,0.126,112.937,442.868,36.653,-125.385,39.850,18326.378,117689.780,20170919_073017,479277,6,59768,1
22,KBHX20170919_142030_V06,18.346,0.066,264.534,552.826,30.109,-124.498,39.360,15054.579,127650.683,20170919_072030,479179,17,60516,0
28,KBHX20170919_152248_V06,80.646,0.072,320.812,390.623,13.795,-124.170,40.090,6897.533,46491.035,20170919_082248,479319,7,43696,0
10,KBHX20170920_134427_V06,-18.679,0.088,45.558,210.008,70.582,-125.802,40.894,35291.092,134943.726,20170920_064427,479143,12,87176,2
10,KBHX20170920_134917_V06,-13.846,0.133,47.560,205.927,79.128,-125.790,40.912,39564.179,134699.546,20170920_064917,479023,5,84969,2
10,KBHX20170920_135417_V06,-8.846,0.061,52.776,207.094,80.768,-125.759,40.907,40383.936,132052.223,20170920_065417,479211,5,83172,1
10,KBHX20170920_140323_V06,0.254,0.087,60.286,213.583,82.152,-125.714,40.879,41075.964,127407.580,20170920_070323,478898,12,82110,3
9,KBHX20170920_133518_V06,-27.829,0.070,29.314,270.260,24.343,-125.892,40.621,12171.548,136157.381,20170920_063518,479182,5,86282,2
9,KBHX20170920_133953_V06,-23.246,0.076,29.318,270.215,31.501,-125.892,40.621,15750.660,136157.714,20170920_063953,479096,8,87211,4
17,KBHX20170920_151336_V06,70.471,0.250,185.431,105.922,26.072,-124.977,41.370,13035.999,112685.668,20170920_081336,479189,1,78596,1
17,KBHX20170920_151753_V06,74.754,0.695,188.039,106.955,29.355,-124.961,41.366,14677.707,111581.479,20170920_081753,479167,3,80181,1
17,KBHX20170920_152242_V06,79.571,0.443,197.341,108.997,24.863,-124.905,41.357,12431.702,108421.766,20170920_082242,479171,7,96666,4
17,KBHX20170920_153224_V06,89.271,0.292,201.471,109.742,32.079,-124.881,41.353,16039.346,107128.729,20170920_083224,479179,0,102231,0
3,KBHX20170920_132544_V06,-37.396,0.237,49.902,48.336,32.711,-125.792,41.622,16355.320,177400.762,20170920_062544,479180,1,88030,0
5,KBHX20170920_132544_V06,-37.396,0.051,45.712,149.215,84.030,-125.807,41.167,42015.152,147816.192,20170920_062544,479180,1,88030,0
7,KBHX20170920_133023_V06,-32.746,0.053,398.234,212.636,14.151,-123.709,40.890,7075.279,65731.223,20170920_063023,479531,3,87676,0
11,KBHX20170921_142310_V06,19.061,0.151,174.033,204.737,21.337,-125.040,40.925,10668.468,78966.311,20170921_072310,479167,3,37568,1
11,KBHX20170921_142734_V06,23.461,0.101,174.327,204.334,28.522,-125.038,40.927,14260.756,78971.191,20170921_072734,479169,9,35529,0
11,KBHX20170921_143157_V06,27.844,0.085,182.756,206.687,31.604,-124.988,40.916,15802.069,74922.400,20170921_073157,479181,17,33574,3
11,KBHX20170921_143620_V06,32.227,-1.000,189.225,208.405,35.650,-124.949,40.909,17824.765,71869.253,20170921_073620,479178,5,32318,1
11,KBHX20170921_144044_V06,36.627,0.265,182.774,219.237,29.434,-124.987,40.860,14717.083,71177.066,20170921_074044,479170,2,31528,1
4,KBHX20170921_131902_V06,-45.073,0.264,38.849,307.938,20.112,-125.831,40.452,10055.938,130635.674,20170921_061902,479176,5,44766,0
6,KBHX20170921_132842_V06,-35.406,0.134,23.465,245.050,30.646,-125.929,40.734,15322.948,140970.596,20170921_062842,479175,10,42974,0
8,KBHX20170921_140121_V06,-2.756,0.081,26.564,283.717,31.087,-125.906,40.560,15543.669,136960.131,20170921_070121,479186,4,48898,0
13,KBHX20170921_142310_V06,19.061,0.059,35.880,395.348,23.569,-125.840,40.059,11784.542,140401.744,20170921_072310,479167,3,37568,1
13,KBHX20170921_142734_V06,23.461,-1.000,35.880,395.348,30.565,-125.840,40.059,15282.542,140401.744,20170921_072734,479169,9,35529,0
13,KBHX20170921_143157_V06,27.844,0.110,39.676,405.392,23.286,-125.817,40.014,11642.956,140424.430,20170921_073157,479181,17,33574,3
16,KBHX20170921_143157_V06,27.844,0.065,229.026,292.281,2.568,-124.711,40.532,1283.867,35696.116,20170921_073157,479181,17,33574,3
1,KBHX20170924_140046_V06,-6.283,0.054,213.463,155.515,28.504,-124.807,41.148,14251.762,84208.750,20170924_070046,479165,1,34035,0
1,KBHX20170925_144239_V06,34.615,0.456,22.283,216.635,27.362,-125.939,40.862,13681.232,144979.706,20170925_074239,479179,2,19618,1
1,KBHX20170925_150205_V06,54.048,0.055,25.159,257.593,58.242,-125.917,40.678,29121.015,139046.653,20170925_080205,479175,0,21851,0
1,KBHX20170925_151148_V06,63.765,0.241,27.047,287.688,61.549,-125.903,40.543,30774.492,136615.273,20170925_081148,479172,0,22496,0
1,KBHX20170925_152132_V06,73.498,0.375,30.997,300.974,67.447,-125.878,40.483,33723.370,134502.391,20170925_082132,479166,0,25330,0
2,KBHX20170925_152132_V06,73.498,0.246,45.743,157.825,62.799,-125.806,41.129,31399.641,145653.977,20170925_082132,479166,0,25330,0
1,KBHX20170926_142605_V06,17.060,0.129,528.352,459.330,29.756,-122.959,39.773,14877.871,139221.633,20170926_072605,479174,0,21557,0
1,KBHX20170930_132305_V06,-49.923,0.060,294.274,355.292,8.761,-124.326,40.249,4380.728,27793.951,20170930_062305,479175,0,35040,0
2,KBHX20170930_140157_V06,-11.057,0.050,138.377,226.203,7.305,-125.250,40.827,3652.536,88836.789,20170930_070157,479166,2,51740,2
1,KBHX20171002_141108_V06,-3.885,0.231,429.144,167.168,8.519,-123.523,41.094,4259.399,92631.805,20171002_071108,479176,2,26688,2
2,KBHX20171002_151910_V06,64.149,0.166,262.360,363.983,10.553,-124.513,40.210,5276.463,37116.627,20171002_081910,479175,3,21667,3
1,KBHX20171009_141249_V06,-9.375,0.204,300.760,333.799,34.957,-124.287,40.346,17478.539,16903.596,20171009_071249,479181,0,25652,0
1,KBHX20171010_133203_V06,-51.186,0.151,238.967,286.598,8.348,-124.652,40.558,4173.923,31243.391,20171010_063203,479173,0,25035,0
1,KBHX20171010_134145_V06,-41.486,0.543,239.914,285.743,14.902,-124.647,40.562,7451.058,30877.033,20171010_064145,479169,0,27733,0
3,KBHX20171010_145146_V06,28.531,0.149,276.065,329.455,16.200,-124.433,40.366,8099.842,18976.642,20171010_075146,479180,0,14851,0
3,KBHX20171010_150129_V06,38.247,-1.000,276.065,329.455,31.649,-124.433,40.366,15824.592,18976.642,20171010_080129,479171,0,14838,0
3,KBHX20171010_151111_V06,47.947,0.072,284.514,329.421,16.355,-124.383,40.366,8177.544,16623.849,20171010_081111,479177,1,14897,1
1,KBHX20171011_142556_V06,1.647,0.278,32.800,192.264,35.858,-125.879,40.973,17928.957,144051.046,20171011_072556,478893,2,33767,2
2,KBHX20171011_142556_V06,1.647,0.258,276.163,281.696,18.430,-124.433,40.581,9215.054,15027.122,20171011_072556,478893,2,33767,2
1,KBHX20171012_133640_V06,-48.676,0.171,239.135,217.293,6.551,-124.653,40.870,3275.681,51344.335,20171012_063640,479179,1,30766,1
1,KBHX20171015_133356_V06,-54.611,0.480,24.336,193.914,32.456,-125.929,40.964,16228.207,147686.233,20171015_063356,479175,0,26768,0
2,KBHX20171015_150123_V06,32.839,0.070,38.870,261.113,44.372,-125.836,40.663,22185.940,132004.876,20171015_080123,479169,2,22241,2
1,KBHX20171017_151940_V06,48.958,0.123,296.439,353.761,11.728,-124.313,40.256,5864.222,26939.179,20171017_081940,479170,1,23300,1
1,KBHX20171019_143725_V06,4.522,0.059,35.724,137.705,42.992,-125.868,41.218,21496.124,155065.505,20171019_073725,479167,3,36343,3
1,KBHX20171019_144710_V06,14.272,0.098,40.819,132.082,52.151,-125.838,41.244,26075.549,154411.198,20171019_074710,479176,0,40499,0
2,KBHX20171019_144710_V06,14.272,0.093,189.826,236.504,12.509,-124.945,40.782,6254.694,63580.603,20171019_074710,479176,0,40499,0
16,KBHX20171020_145031_V06,16.521,0.398,42.192,377.418,44.179,-125.805,40.140,22089.294,134590.572,20171020_075031,479189,187,70187,34
16,KBHX20171020_150023_V06,26.387,0.374,48.107,381.792,54.025,-125.769,40.121,27012.278,132419.610,20171020_080023,479178,182,65186,38
16,KBHX20171020_150520_V06,31.337,0.583,52.813,387.411,54.059,-125.741,40.096,27029.608,131093.341,20171020_080520,479181,165,63855,28
16,KBHX20171020_151016_V06,36.271,0.161,57.452,386.162,57.579,-125.714,40.102,28789.314,128698.927,20171020_081016,479178,163,60971,15
16,KBHX20171020_151514_V06,41.237,0.234,68.982,401.883,45.107,-125.645,40.032,22553.585,126243.279,20171020_081514,479171,148,60860,13
5,KBHX20171020_140044_V06,-33.263,0.487,76.063,417.320,23.374,-125.602,39.963,11687.120,126403.775,20171020_070044,479171,137,89807,11
5,KBHX20171020_140540_V06,-28.329,0.509,76.640,416.667,30.732,-125.599,39.966,15365.872,125997.017,20171020_070540,479182,189,89780,12
6,KBHX20171020_140044_V06,-33.263,0.480,344.197,380.848,16.583,-124.033,40.134,8291.555,46069.839,20171020_070044,479171,137,89807,11
6,KBHX20171020_140540_V06,-28.329,0.237,346.779,381.201,21.887,-124.018,40.132,10943.707,46855.969,20171020_070540,479182,189,89780,12
18,KBHX20171020_150023_V06,26.387,0.092,356.085,270.039,21.813,-123.960,40.633,10906.254,31792.982,20171020_080023,479178,182,65186,38
18,KBHX20171020_150520_V06,31.337,0.075,358.646,269.407,27.894,-123.945,40.636,13947.099,33073.199,20171020_080520,479181,165,63855,28
19,KBHX20171020_151016_V06,36.271,0.221,257.317,199.797,38.957,-124.545,40.949,19478.472,54457.510,20171020_081016,479178,163,60971,15
19,KBHX20171020_151514_V06,41.237,0.434,258.706,199.539,44.208,-124.537,40.950,22103.927,54308.431,20171020_081514,479171,148,60860,13
19,KBHX20171020_152011_V06,46.187,-1.000,259.818,199.333,49.957,-124.531,40.951,24978.551,54195.264,20171020_082011,479177,130,60450,26
19,KBHX20171020_152507_V06,51.121,0.526,280.138,207.305,32.567,-124.410,40.916,16283.701,47399.670,20171020_082507,479174,190,59350,44
19,KBHX20171020_153005_V06,56.087,0.609,280.691,207.118,38.641,-124.407,40.916,19320.395,47433.764,20171020_083005,479180,192,58452,46
2,KBHX20171020_133601_V06,-57.979,0.123,371.034,195.318,25.550,-123.870,40.969,12775.208,63253.936,20171020_063601,479180,116,85425,6
7,KBHX20171020_140044_V06,-33.263,0.281,118.547,541.398,22.294,-125.345,39.406,11147.093,150995.300,20171020_070044,479171,137,89807,11
17,KBHX20171020_145031_V06,16.521,0.139,12.452,74.604,15.468,-126.014,41.500,7734.128,182679.401,20171020_075031,479189,187,70187,34
3,KBHX20171022_153814_V06,62.019,0.357,269.552,306.752,15.974,-124.471,40.468,7987.024,15594.050,20171022_083814,479184,1,17802,1
3,KBHX20171023_151552_V06,38.535,0.321,245.336,117.890,24.919,-124.618,41.318,12459.515,95068.566,20171023_081552,479181,4,30507,1
3,KBHX20171023_152009_V06,42.818,0.264,246.859,116.905,29.609,-124.609,41.322,14804.476,95325.528,20171023_082009,479177,0,20951,0
3,KBHX20171023_152952_V06,52.535,0.076,253.654,106.585,41.827,-124.569,41.369,20913.384,99445.351,20171023_082952,479170,4,22492,0
3,KBHX20171023_153934_V06,62.235,-1.000,260.076,97.025,53.990,-124.531,41.412,26994.893,103432.051,20171023_083934,479169,2,23792,2
3,KBHX20171023_154917_V06,71.951,0.290,239.283,110.557,63.065,-124.655,41.351,31532.660,99467.780,20171023_084917,479167,1,25766,1
1,KBHX20171023_142458_V06,-12.365,0.134,262.549,116.448,20.953,-124.516,41.325,10476.452,93667.033,20171023_072458,479181,3,42043,3
1,KBHX20171023_142915_V06,-8.082,0.374,252.485,103.957,36.310,-124.576,41.381,18155.020,100859.259,20171023_072915,479178,0,37959,0
1,KBHX20171025_150229_V06,22.902,0.051,45.040,145.998,29.694,-125.811,41.182,14847.219,148930.661,20171025_080229,479172,3,23868,1
1,KBHX20171025_151212_V06,32.619,-1.000,45.040,145.998,45.144,-125.811,41.182,22571.969,148930.661,20171025_081212,479173,3,24780,1
1,KBHX20171025_152155_V06,42.336,0.131,43.223,175.149,62.297,-125.819,41.050,31148.607,142760.644,20171025_082155,479176,0,25103,0
1,KBHX20171025_153138_V06,52.052,0.324,51.719,173.389,78.513,-125.769,41.059,39256.556,139350.191,20171025_083138,479176,0,25007,0
1,KBHX20171026_134517_V06,-55.429,0.721,260.109,58.964,17.924,-124.531,41.583,8962.193,122157.076,20171026_064517,479172,2,17200,2
2,KBHX20171026_144335_V06,2.871,0.305,278.046,98.298,16.054,-124.423,41.406,8027.233,101446.607,20171026_074335,479178,0,17657,0
1,KBHX20171029_134434_V06,-59.566,0.123,22.738,218.055,29.882,-125.936,40.856,14941.172,144558.878,20171029_064434,479179,0,34033,0
1,KBHX20171029_140359_V06,-40.149,-1.000,22.738,218.055,60.755,-125.936,40.856,30377.422,144558.878,20171029_070359,479179,1,36836,1
1,KBHX20171029_141343_V06,-30.416,0.094,42.818,204.538,70.035,-125.818,40.918,35017.483,137163.578,20171029_071343,479175,0,39413,0
2,KBHX20171029_153127_V06,47.318,0.059,31.220,388.793,60.204,-125.868,40.088,30101.849,141533.379,20171029_083127,479175,1,35667,0
2,KBHX20171101_154825_V06,60.830,0.146,34.726,414.266,55.169,-125.845,39.973,27584.396,144418.590,20171101_084825,479168,0,7348,0
2,KBHX20171101_160751_V06,80.264,0.083,32.666,405.569,64.506,-125.858,40.012,32253.066,143711.575,20171101_090751,479182,2,7541,2
1,KBHX20171101_152900_V06,41.414,0.060,31.310,417.419,56.964,-125.864,39.959,28482.050,146612.972,20171101_082900,479180,0,8110,0
5,KBHX20171105_140135_V06,-50.650,0.051,25.417,120.437,30.189,-125.931,41.295,15094.332,164041.854,20171105_060135,479179,61,145956,14
5,KBHX20171105_140612_V06,-46.033,0.640,25.704,123.394,35.572,-125.929,41.282,17786.219,163116.475,20171105_060612,479179,57,150083,7
5,KBHX20171105_141048_V06,-41.433,0.400,26.092,127.627,36.659,-125.926,41.263,18329.484,161816.479,20171105_061048,479187,78,151477,7
5,KBHX20171105_141525_V06,-36.817,0.328,29.854,127.395,39.535,-125.904,41.264,19767.745,160290.051,20171105_061525,479179,123,153852,21
5,KBHX20171105_142003_V06,-32.183,0.099,35.753,126.850,44.072,-125.869,41.267,22035.820,157961.863,20171105_062003,479161,121,154200,22
5,KBHX20171105_142440_V06,-27.567,-1.000,40.565,126.841,47.954,-125.840,41.268,23976.873,155957.114,20171105_062440,479175,134,156493,15
5,KBHX20171105_143119_V06,-20.917,-1.000,47.497,126.830,53.546,-125.799,41.268,26772.830,153089.740,20171105_063119,479174,103,157224,13
5,KBHX20171105_143556_V06,-16.300,0.057,53.511,123.107,55.793,-125.763,41.285,27896.628,151697.113,20171105_063556,479163,66,157509,6
5,KBHX20171105_144019_V06,-11.917,0.052,57.891,125.529,59.916,-125.737,41.275,29957.992,149212.004,20171105_064019,479176,30,157271,2
5,KBHX20171105_144442_V06,-7.533,0.073,60.594,129.783,60.403,-125.720,41.256,30201.293,146875.146,20171105_064442,479181,21,157887,0
5,KBHX20171105_144906_V06,-3.133,0.180,68.955,131.841,58.256,-125.670,41.247,29127.927,142880.270,20171105_064906,479175,26,159724,1
5,KBHX20171105_145329_V06,1.250,0.168,71.168,131.475,60.252,-125.657,41.249,30125.928,142095.884,20171105_065329,479183,24,161908,2
5,KBHX20171105_150229_V06,10.250,0.075,80.287,140.751,62.509,-125.602,41.208,31254.478,135677.891,20171105_070229,479187,33,164920,8
5,KBHX20171105_150652_V06,14.633,0.052,88.682,134.623,60.804,-125.552,41.236,30402.053,134168.501,20171105_070652,479188,63,163926,7
11,KBHX20171105_150652_V06,14.633,0.635,25.001,285.029,32.496,-125.915,40.554,16247.984,137703.260,20171105_070652,479188,63,163926,7
11,KBHX20171105_151114_V06,19.000,0.596,25.379,286.253,37.512,-125.913,40.549,18756.060,137482.440,20171105_071114,479174,77,163895,14
11,KBHX20171105_151618_V06,24.067,0.585,27.529,291.822,38.443,-125.900,40.524,19221.644,136296.673,20171105_071618,479194,72,164037,16
11,KBHX20171105_152055_V06,28.683,0.407,31.267,288.509,40.426,-125.878,40.539,20213.139,134489.501,20171105_072055,479184,47,166626,3
16,KBHX20171105_154929_V06,57.250,0.087,262.146,25.708,28.656,-124.519,41.733,14327.806,138445.971,20171105_074929,479183,60,166802,22
16,KBHX20171105_155351_V06,61.617,0.080,264.020,25.953,34.314,-124.508,41.732,17157.059,138199.633,20171105_075351,479184,62,166152,11
16,KBHX20171105_160251_V06,70.617,-1.000,266.959,26.336,46.610,-124.490,41.730,23305.175,137825.596,20171105_080251,479185,33,161984,4
16,KBHX20171105_160727_V06,75.217,0.292,279.480,29.020,31.356,-124.415,41.718,15678.007,135878.118,20171105_080727,479180,34,162775,5
17,KBHX20171105_154929_V06,57.250,0.071,35.339,430.746,28.816,-125.839,39.899,14407.829,147597.334,20171105_074929,479183,60,166802,22
17,KBHX20171105_155351_V06,61.617,0.334,35.347,431.465,34.597,-125.839,39.896,17298.604,147753.505,20171105_075351,479184,62,166152,11
4,KBHX20171105_140135_V06,-50.650,0.077,407.575,304.486,8.462,-123.658,40.476,4231.174,53834.274,20171105_060135,479179,61,145956,14
9,KBHX20171105_145329_V06,1.250,0.094,186.889,16.079,22.333,-124.972,41.775,11166.584,152811.404,20171105_065329,479183,24,161908,2
10,KBHX20171105_145329_V06,1.250,0.052,24.245,182.666,37.456,-125.931,41.015,18728.172,149839.999,20171105_065329,479183,24,161908,2
12,KBHX20171105_151114_V06,19.000,0.167,221.335,16.790,17.618,-124.765,41.772,8809.052,146965.992,20171105_071114,479174,77,163895,14
1,KBHX20171106_142638_V06,-26.768,0.059,421.577,337.532,6.919,-123.577,40.327,3459.286,63619.310,20171106_062638,479182,3,28859,2
5,KBHX20171106_151310_V06,19.766,0.218,428.576,167.199,8.582,-123.527,41.094,4290.810,92422.596,20171106_071310,479180,7,13416,5
9,KBHX20171106_152710_V06,33.766,0.217,192.214,267.097,8.566,-124.929,40.645,4282.946,56348.232,20171106_072710,479175,0,41826,0
1,KBHX20171108_140022_V06,-55.375,0.249,434.211,295.730,9.939,-123.500,40.515,4969.341,67139.483,20171108_060022,479171,20,199014,16
1,KBHX20171109_141216_V06,-44.646,0.548,247.511,177.574,45.843,-124.604,41.049,22921.568,66601.917,20171109_061216,479183,128,103861,9
1,KBHX20171109_141705_V06,-39.830,0.231,250.061,176.427,50.891,-124.589,41.054,25445.488,66640.948,20171109_061705,479181,90,101700,10
11,KBHX20171109_152128_V06,24.554,0.131,263.400,220.151,20.461,-124.509,40.858,10230.288,43918.597,20171109_072128,479183,65,79174,0
17,KBHX20171109_160755_V06,71.004,0.124,222.433,271.977,30.709,-124.750,40.624,15354.721,41236.757,20171109_080755,479183,212,77692,11
18,KBHX20171109_160755_V06,71.004,0.082,279.070,568.427,28.363,-124.413,39.289,14181.350,134620.898,20171109_080755,479183,212,77692,11
18,KBHX20171109_161315_V06,76.337,0.103,289.414,563.313,23.699,-124.353,39.313,11849.746,131763.093,20171109_081315,479179,267,77591,19
1,KBHX20171112_140806_V06,-52.329,0.279,25.599,435.593,37.117,-125.896,39.877,18558.657,153036.941,20171112_060806,479180,0,30430,0
3,KBHX20171113_142255_V06,-38.683,0.133,22.079,170.875,30.299,-125.945,41.068,15149.635,153226.577,20171113_062255,479181,278,131954,10
3,KBHX20171113_142717_V06,-34.316,0.456,23.090,170.124,36.356,-125.939,41.071,18178.128,152927.462,20171113_062717,479183,347,131480,35
3,KBHX20171113_143141_V06,-29.916,0.140,25.954,169.872,41.107,-125.922,41.073,20553.542,151686.038,20171113_063141,479177,414,129757,38
3,KBHX20171113_143605_V06,-25.516,0.089,31.373,162.120,42.856,-125.891,41.108,21427.760,150972.922,20171113_063605,479178,360,130146,22
10,KBHX20171113_161942_V06,78.101,0.065,20.779,445.457,22.851,-125.923,39.832,11425.419,157418.318,20171113_081942,479171,331,132672,12
10,KBHX20171113_162431_V06,82.917,0.053,21.288,444.866,29.203,-125.920,39.834,14601.421,157056.070,20171113_082431,479207,342,133375,18
6,KBHX20171113_150646_V06,5.167,0.075,44.061,86.052,29.378,-125.823,41.452,14689.243,166792.368,20171113_070646,479192,44,126852,2
2,KBHX20171115_141708_V06,-46.801,0.057,424.007,336.686,33.243,-123.562,40.331,16621.334,64659.715,20171115_061708,478678,2,241492,1
4,KBHX20171115_144051_V06,-23.084,0.052,145.993,118.726,25.096,-125.211,41.311,12548.170,118931.168,20171115_064051,479169,15,228896,0
3,KBHX20171116_141418_V06,-50.797,0.309,30.727,411.813,35.864,-125.868,39.984,17932.125,145782.375,20171116_061418,479053,78,97413,1
3,KBHX20171116_141851_V06,-46.247,0.204,31.682,410.618,42.342,-125.863,39.990,21170.842,145112.863,20171116_061851,479432,52,94748,4
3,KBHX20171116_142828_V06,-36.630,0.236,41.180,404.033,44.635,-125.808,40.020,22317.375,139472.711,20171116_062828,479196,43,93349,2
3,KBHX20171116_143252_V06,-32.230,0.228,44.742,400.787,46.515,-125.787,40.035,23257.722,137217.596,20171116_063252,479407,51,91349,0
10,KBHX20171116_144216_V06,-22.830,0.384,403.869,294.786,25.495,-123.679,40.520,12747.391,51999.776,20171116_064216,479182,23,90024,1
10,KBHX20171116_144640_V06,-18.430,-1.000,403.869,294.786,32.491,-123.679,40.520,16245.391,51999.776,20171116_064640,479176,29,90257,0
10,KBHX20171116_145104_V06,-14.030,0.073,405.577,291.927,35.032,-123.669,40.533,17515.889,52942.662,20171116_065104,479183,28,89265,1
19,KBHX20171116_153113_V06,26.120,0.052,284.035,149.374,48.689,-124.387,41.176,24344.368,75735.043,20171116_073113,479243,20,94447,1
19,KBHX20171116_153529_V06,30.387,0.133,285.295,149.438,53.568,-124.380,41.176,26783.887,75639.414,20171116_073529,479240,23,92181,3
6,KBHX20171116_143252_V06,-32.230,0.160,229.593,187.505,36.066,-124.710,41.004,18033.125,66355.906,20171116_063252,479407,51,91349,0
29,KBHX20171116_161749_V06,72.720,0.057,34.095,390.304,56.296,-125.851,40.081,28148.020,140410.255,20171116_081749,479167,41,85949,4
29,KBHX20171116_162243_V06,77.620,0.108,57.445,355.486,28.783,-125.717,40.240,14391.301,124410.307,20171116_082243,478852,33,85134,2
5,KBHX20171120_150551_V06,-3.850,0.066,18.544,468.664,21.707,-125.933,39.727,10853.308,164061.716,20171120_070551,479170,7,150988,1
5,KBHX20171120_151048_V06,1.100,0.159,19.920,467.219,27.756,-125.926,39.734,13878.165,163100.192,20171120_071048,479175,8,151136,1
2,KBHX20171121_141753_V06,-52.951,0.138,417.526,341.543,17.387,-123.601,40.309,8693.480,62326.262,20171121_061753,479182,0,68025,0
2,KBHX20171121_142216_V06,-48.568,0.094,418.256,340.916,24.024,-123.596,40.312,12012.069,62567.106,20171121_062216,479175,2,64453,2
3,KBHX20171121_142216_V06,-48.568,0.080,45.606,187.256,63.171,-125.804,40.996,31585.262,139128.770,20171121_062216,479175,2,64453,2
3,KBHX20171121_142707_V06,-43.718,0.068,47.556,185.543,69.807,-125.792,41.004,34903.355,138589.522,20171121_062707,479178,1,77993,1
1,KBHX20171121_141316_V06,-57.568,0.064,28.411,201.768,46.620,-125.904,40.929,23309.971,144404.107,20171121_061316,479169,2,72222,2
4,KBHX20171121_143649_V06,-34.018,0.091,230.803,233.617,4.830,-124.702,40.797,2414.949,47945.179,20171121_063649,479176,4,78281,4
5,KBHX20171121_144631_V06,-24.318,0.057,275.165,280.882,21.124,-124.439,40.584,10562.016,15670.673,20171121_064631,479174,0,72645,0
3,KBHX20171123_153641_V06,23.604,0.055,393.510,296.318,14.236,-123.740,40.514,7117.989,46791.406,20171123_073641,479168,0,50910,0
3,KBHX20171123_154136_V06,28.521,0.129,393.807,296.307,21.499,-123.739,40.514,10749.429,46939.973,20171123_074136,479174,2,50298,2
1,KBHX20171124_142349_V06,-50.370,0.136,256.536,293.105,10.861,-124.548,40.529,5430.317,22003.799,20171124_062349,479179,2,34858,0
2,KBHX20171126_153125_V06,15.047,0.071,250.535,419.761,18.850,-124.581,39.959,9425.026,64787.014,20171126_073125,479175,30,148148,7
2,KBHX20171126_153621_V06,19.981,0.125,248.612,418.131,28.025,-124.593,39.966,14012.734,64412.170,20171126_073621,479182,2,146055,1
2,KBHX20171126_154117_V06,24.914,0.089,249.085,405.263,33.779,-124.590,40.024,16889.257,58465.076,20171126_074117,479172,15,150694,2
1,KBHX20171128_154423_V06,25.881,0.083,29.746,366.015,31.770,-125.879,40.190,15884.872,139100.189,20171128_074423,479172,5,36143,1
1,KBHX20171129_161544_V06,56.186,0.055,292.132,345.021,11.289,-124.338,40.296,5644.394,22851.925,20171129_081544,479181,0,17045,0
1,KBHX20171130_150516_V06,-15.310,0.214,50.527,100.929,58.469,-125.783,41.385,29234.650,159582.496,20171130_070516,479176,0,13559,0
1,KBHX20171130_151500_V06,-5.577,0.070,56.990,107.063,65.896,-125.744,41.358,32948.092,155143.922,20171130_071500,479165,1,14088,1
1,KBHX20171130_152443_V06,4.140,0.063,31.651,59.536,41.108,-125.901,41.570,20553.816,180162.340,20171130_072443,479165,5,13538,5
1,KBHX20171130_153427_V06,13.873,-1.000,31.651,59.536,56.584,-125.901,41.570,28291.816,180162.340,20171130_073427,479171,2,13687,2
1,KBHX20171130_154412_V06,23.623,0.057,55.471,61.499,58.526,-125.758,41.563,29263.076,170790.296,20171130_074412,479174,0,13609,0
4,KBHX20171130_162308_V06,62.556,0.151,52.840,94.653,72.608,-125.770,41.413,36303.848,160666.681,20171130_082308,479168,2,20697,2
4,KBHX20171130_163252_V06,72.290,0.050,40.901,108.224,63.230,-125.840,41.351,31614.843,161175.404,20171130_083252,479175,3,22490,3
5,KBHX20171130_162308_V06,62.556,0.105,178.505,65.107,51.978,-125.020,41.554,25989.067,132226.947,20171130_082308,479168,2,20697,2
3,KBHX20171202_150834_V06,-14.021,0.385,51.939,246.829,54.858,-125.760,40.728,27429.235,126847.954,20171202_070834,479173,2,84010,2
6,KBHX20171202_153316_V06,10.679,0.061,79.782,178.472,94.746,-125.601,41.038,47373.230,125762.584,20171202_073316,479168,2,95632,0
31,KBHX20171203_154508_V06,21.566,0.092,344.584,268.277,57.362,-124.028,40.641,28681.217,27359.034,20171203_074508,479174,50,32116,18
31,KBHX20171203_155006_V06,26.532,0.124,342.313,268.831,64.367,-124.042,40.638,32183.319,26276.756,20171203_075006,479175,85,30451,18
31,KBHX20171203_155502_V06,31.466,0.479,337.921,267.748,68.821,-124.068,40.643,34410.262,24890.462,20171203_075502,479181,43,27961,1
31,KBHX20171203_160454_V06,41.332,0.482,339.321,281.416,66.258,-124.060,40.582,33129.184,21745.704,20171203_080454,479173,36,25119,2
31,KBHX20171203_160951_V06,46.282,0.314,339.540,281.890,72.041,-124.058,40.580,36020.355,21745.180,20171203_080951,479176,23,24218,7
31,KBHX20171203_161447_V06,51.216,0.118,333.767,282.777,76.920,-124.093,40.576,38459.881,18952.916,20171203_081447,479173,3,23208,0
8,KBHX20171203_143500_V06,-48.568,0.066,280.322,206.001,14.634,-124.409,40.922,7317.001,48018.507,20171203_063500,479164,16,63777,0
8,KBHX20171203_143957_V06,-43.618,0.091,281.138,207.162,20.977,-124.404,40.916,10488.516,47367.301,20171203_063957,479174,7,61728,1
8,KBHX20171203_144453_V06,-38.684,0.066,279.789,207.119,27.388,-124.412,40.916,13694.078,47527.449,20171203_064453,479175,17,58669,1
17,KBHX20171203_150937_V06,-13.951,0.258,264.479,146.296,39.732,-124.504,41.190,19865.793,78877.447,20171203_070937,479174,36,48619,0
17,KBHX20171203_151433_V06,-9.018,0.242,264.337,149.710,44.289,-124.504,41.175,22144.378,77231.552,20171203_071433,479164,85,46209,8
17,KBHX20171203_151931_V06,-4.051,0.265,268.356,161.626,38.359,-124.480,41.121,19179.674,70973.201,20171203_071931,479171,33,42912,2
17,KBHX20171203_152428_V06,0.899,0.276,266.438,161.168,44.701,-124.492,41.123,22350.438,71415.774,20171203_072428,479173,50,40432,1
17,KBHX20171203_152926_V06,5.866,0.354,267.102,176.643,37.164,-124.488,41.054,18581.934,63833.992,20171203_072926,479167,45,38018,1
17,KBHX20171203_153515_V06,11.682,0.269,267.725,177.548,44.218,-124.484,41.050,22108.877,63317.062,20171203_073515,479175,48,35375,3
17,KBHX20171203_154011_V06,16.616,0.145,270.985,187.804,37.912,-124.464,41.003,18956.112,57943.538,20171203_074011,479176,71,34189,6
18,KBHX20171203_150937_V06,-13.951,0.237,28.007,106.660,29.023,-125.917,41.357,14511.660,166853.634,20171203_070937,479174,36,48619,0
18,KBHX20171203_151433_V06,-9.018,0.058,29.205,109.107,34.723,-125.910,41.347,17361.675,165657.586,20171203_071433,479164,85,46209,8
23,KBHX20171203_151931_V06,-4.051,0.081,335.204,219.168,66.265,-124.083,40.862,33132.420,44082.691,20171203_071931,479171,33,42912,2
23,KBHX20171203_152428_V06,0.899,0.148,336.107,221.439,71.677,-124.078,40.852,35838.543,43230.533,20171203_072428,479173,50,40432,1
23,KBHX20171203_152926_V06,5.866,-1.000,336.835,223.270,77.593,-124.074,40.844,38796.368,42556.821,20171203_072926,479167,45,38018,1
23,KBHX20171203_153515_V06,11.682,0.078,342.208,239.673,62.715,-124.042,40.770,31357.258,36813.227,20171203_073515,479175,48,35375,3
39,KBHX20171203_161944_V06,56.166,0.116,278.892,150.528,34.409,-124.418,41.171,17204.313,75477.557,20171203_081944,479173,1,21892,0
39,KBHX20171203_162928_V06,65.899,0.098,280.917,154.369,43.123,-124.406,41.154,21561.491,73437.804,20171203_082928,479174,12,19969,3
15,KBHX20171203_145447_V06,-28.784,0.053,307.858,342.462,28.190,-124.246,40.307,14095.150,21591.496,20171203_065447,479181,5,54526,0
20,KBHX20171203_151433_V06,-9.018,0.193,225.643,226.818,8.374,-124.733,40.827,4187.031,52164.849,20171203_071433,479164,85,46209,8
24,KBHX20171203_151931_V06,-4.051,0.053,261.987,385.866,21.544,-124.515,40.111,10772.144,46952.058,20171203_071931,479171,33,42912,2
29,KBHX20171203_154011_V06,16.616,0.079,115.012,333.867,13.614,-125.381,40.341,6807.056,94031.514,20171203_074011,479176,71,34189,6
32,KBHX20171203_154508_V06,21.566,0.071,258.630,432.589,8.358,-124.534,39.901,4178.802,69446.356,20171203_074508,479174,50,32116,18
36,KBHX20171203_160951_V06,46.282,0.167,278.638,121.766,40.047,-124.419,41.301,20023.632,89754.786,20171203_080951,479176,23,24218,7
37,KBHX20171203_161447_V06,51.216,0.159,248.894,311.653,12.000,-124.593,40.445,5999.931,26208.955,20171203_081447,479173,3,23208,0
1,KBHX20171205_143621_V06,-49.120,0.140,265.296,329.094,3.212,-124.496,40.367,1606.068,22643.025,20171205_063621,479172,0,10344,0
1,KBHX20171209_153146_V06,2.741,0.381,300.769,301.290,10.815,-124.287,40.493,5407.391,750.805,20171209_073146,479175,0,12075,0
1,KBHX20171209_154129_V06,12.458,0.163,301.049,302.181,19.343,-124.286,40.489,9671.600,1209.886,20171209_074129,479163,1,11301,0
1,KBHX20171213_151117_V06,-20.921,0.066,275.879,323.860,12.711,-124.434,40.391,6355.339,16964.145,20171213_071117,479168,1,12355,0
2,KBHX20171213_153044_V06,-1.471,0.085,98.749,31.311,19.994,-125.501,41.702,9997.024,167851.115,20171213_073044,479170,1,10970,1
3,KBHX20171213_160936_V06,37.396,0.095,303.758,268.511,21.051,-124.270,40.640,10525.482,15856.166,20171213_080936,479172,4,11561,3
4,KBHX20171213_161919_V06,47.113,0.529,292.318,336.676,14.683,-124.337,40.333,7341.749,18735.996,20171213_081919,479176,1,10978,1
2,KBHX20171215_154052_V06,7.233,0.093,76.560,155.458,91.207,-125.623,41.142,45603.554,133057.950,20171215_074052,479164,2,8384,0
2,KBHX20171215_160020_V06,26.700,0.165,84.741,152.040,99.456,-125.574,41.157,49727.796,130603.059,20171215_080020,479170,0,6215,0
1,KBHX20171215_144231_V06,-51.117,0.057,298.904,333.955,4.724,-124.298,40.345,2362.137,16986.290,20171215_064231,479176,0,8845,0
1,KBHX20171218_150235_V06,-32.977,0.117,291.088,407.297,16.747,-124.344,40.015,8373.409,53833.408,20171218_070235,479169,2,42230,2
12,KBHX20171220_155345_V06,17.060,0.332,252.767,159.617,23.329,-124.573,41.130,11664.747,74057.799,20171220_075345,479181,4,110054,4
12,KBHX20171220_160200_V06,25.310,0.406,256.434,161.906,30.713,-124.551,41.120,15356.356,72401.729,20171220_080200,479185,3,101490,0
12,KBHX20171220_160600_V06,29.310,0.373,263.236,168.723,25.510,-124.511,41.089,12754.839,68163.983,20171220_080600,479173,8,96670,0
4,KBHX20171220_150045_V06,-35.940,0.109,250.788,454.191,17.604,-124.579,39.804,8802.131,80927.096,20171220_070045,479196,29,131654,0
5,KBHX20171220_150045_V06,-35.940,0.054,199.307,78.748,29.664,-124.895,41.493,14832.033,121543.732,20171220_070045,479196,29,131654,0
14,KBHX20171220_160200_V06,25.310,0.056,181.251,334.764,26.915,-124.991,40.340,13457.260,61866.361,20171220_080200,479185,3,101490,0
16,KBHX20171220_160600_V06,29.310,0.208,285.399,76.581,17.681,-124.379,41.504,8840.305,111947.914,20171220_080600,479173,8,96670,0
20,KBHX20171220_160600_V06,29.310,0.062,274.893,224.568,6.893,-124.441,40.838,3446.354,39750.258,20171220_080600,479173,8,96670,0
26,KBHX20171220_162107_V06,44.427,0.178,252.606,168.871,14.378,-124.574,41.088,7188.883,69715.298,20171220_082107,479176,4,81886,3
33,KBHX20171220_164002_V06,63.343,0.055,190.098,393.867,9.537,-124.936,40.074,4768.497,72266.025,20171220_084002,479189,1,70924,1
33,KBHX20171220_164348_V06,67.110,-1.000,190.098,393.867,15.526,-124.936,40.074,7762.997,72266.025,20171220_084348,479172,0,69750,0
33,KBHX20171220_164735_V06,70.893,0.135,195.598,399.377,13.634,-124.904,40.049,6817.011,72068.555,20171220_084735,479182,6,68198,3
1,KBHX20171221_143852_V06,-58.340,0.099,286.834,329.701,8.310,-124.369,40.365,4154.827,16243.910,20171221_063852,479169,0,8459,0
1,KBHX20171221_144836_V06,-48.606,0.138,285.251,329.510,15.795,-124.379,40.365,7897.579,16495.160,20171221_064836,479165,1,8732,1
2,KBHX20171222_151504_V06,-22.623,0.059,289.801,269.029,12.442,-124.352,40.638,6221.191,16303.663,20171222_071504,479175,2,19811,1
8,KBHX20171222_162311_V06,45.494,0.056,28.420,139.658,50.441,-125.911,41.209,25220.625,157690.484,20171222_082311,479175,2,28869,2
4,KBHX20171224_162309_V06,44.597,0.087,40.884,475.458,51.847,-125.803,39.698,25923.292,156466.186,20171224_082309,479166,0,114191,0
5,KBHX20171224_162833_V06,49.997,0.121,36.512,187.045,71.532,-125.858,40.996,35766.197,143339.306,20171224_082833,479175,1,119196,1
