track_id,filename,from_sunrise,det_score,x,y,r,lon,lat,radius,geo_dist,local_time,n_radar_pixels,n_refAbove40_pixels,n_xcorrAbove0.95_pixels,n_xcorrBelow0.95_refAbove40_pixels
1,KFSX20180604_120521_V06,-7.003,0.230,210.508,131.511,15.895,-111.690,35.333,7947.615,95390.383,20180604_050521,479161,0,34428,0
1,KFSX20180604_121503_V06,2.697,-1.000,210.508,131.511,31.318,-111.690,35.333,15659.115,95390.383,20180604_051503,479158,0,32305,0
1,KFSX20180604_122444_V06,12.381,-1.000,210.508,131.511,46.715,-111.690,35.333,23357.365,95390.383,20180604_052444,479161,0,32013,0
1,KFSX20180604_123426_V06,22.081,-1.000,210.508,131.511,62.138,-111.690,35.333,31068.865,95390.383,20180604_053426,479163,0,33160,0
1,KFSX20180604_124408_V06,31.781,-1.000,210.508,131.511,77.561,-111.690,35.333,38780.365,95390.383,20180604_054408,479161,0,35020,0
1,KFSX20180604_130331_V06,51.164,0.082,273.289,139.405,71.092,-111.345,35.298,35546.205,81400.770,20180604_060331,479163,0,38807,0
3,KFSX20180605_120533_V06,-6.596,0.100,227.027,80.227,9.114,-111.601,35.564,4557.102,115785.397,20180605_050533,479161,0,9702,0
3,KFSX20180605_121514_V06,3.088,0.879,223.373,77.413,16.280,-111.621,35.577,8140.222,117703.623,20180605_051514,479161,0,7734,0
3,KFSX20180605_122456_V06,12.788,0.560,220.939,74.180,17.085,-111.634,35.591,8542.376,119629.982,20180605_052456,479160,0,6617,0
1,KFSX20180605_113628_V06,-35.679,0.122,294.476,298.874,13.810,-111.228,34.580,6904.873,2818.893,20180605_043628,479162,0,13734,0
1,KFSX20180605_114610_V06,-25.979,0.456,296.098,296.668,19.888,-111.220,34.589,9943.852,2565.763,20180605_044610,479159,0,10481,0
1,KFSX20180609_130145_V06,50.158,0.059,304.356,299.382,19.663,-111.175,34.577,9831.356,2199.731,20180609_060145,479166,0,9491,0
1,KFSX20180612_130433_V06,53.089,0.052,368.541,342.732,2.447,-110.826,34.381,1223.442,40385.457,20180612_060433,479161,0,17481,0
3,KFSX20180615_121757_V06,6.383,0.064,370.911,133.404,15.517,-110.808,35.325,7758.530,90529.739,20180615_051757,479163,0,19399,0
6,KFSX20180615_130829_V06,56.916,0.051,242.227,54.731,10.903,-111.517,35.679,5451.508,125990.670,20180615_060829,479165,0,21412,0
1,KFSX20180617_111806_V06,-53.665,0.094,221.845,136.487,8.399,-111.628,35.311,4199.389,90615.339,20180617_041806,479163,5,44548,4
1,KFSX20180617_112654_V06,-44.865,0.244,222.442,135.929,18.708,-111.625,35.313,9353.807,90739.443,20180617_042654,479160,0,43129,0
3,KFSX20180617_120212_V06,-9.565,0.092,215.043,136.935,8.666,-111.665,35.308,4333.225,91934.695,20180617_050212,479161,1,37971,1
3,KFSX20180617_121101_V06,-0.748,0.068,214.900,136.991,16.390,-111.666,35.308,8195.212,91942.732,20180617_051101,479162,0,38063,0
3,KFSX20180617_121954_V06,8.135,-1.000,214.767,137.043,24.627,-111.667,35.308,12313.626,91950.306,20180617_051954,479164,2,37341,1
3,KFSX20180617_122843_V06,16.952,0.098,213.000,137.270,7.031,-111.677,35.307,3515.514,92263.520,20180617_052843,479162,1,34447,1
7,KFSX20180617_132143_V06,69.952,0.072,216.606,135.847,12.516,-111.657,35.313,6258.158,92060.636,20180617_062143,479163,0,34701,0
1,KFSX20180619_113423_V06,-37.678,0.059,321.238,317.089,55.931,-111.083,34.497,27965.475,13629.961,20180619_043423,479164,0,11920,0
1,KFSX20180623_122819_V06,15.378,0.161,274.226,151.886,14.375,-111.340,35.242,7187.412,75169.737,20180623_052819,479166,0,46466,0
2,KFSX20180623_133001_V06,77.078,0.055,220.737,136.665,14.125,-111.634,35.310,7062.283,90775.824,20180623_063001,479170,0,54039,0
1,KFSX20180625_111359_V06,-59.529,0.621,217.443,143.188,11.408,-111.652,35.280,5703.764,88608.529,20180625_041359,479167,0,33871,0
1,KFSX20180625_112247_V06,-50.729,0.226,217.949,143.119,18.571,-111.649,35.281,9285.727,88521.110,20180625_042247,479166,0,33148,0
1,KFSX20180625_113137_V06,-41.896,-1.000,218.422,143.055,26.255,-111.647,35.281,13127.684,88440.258,20180625_043137,479168,0,31451,0
1,KFSX20180625_114027_V06,-33.063,0.053,224.397,142.163,17.961,-111.614,35.285,8980.532,87504.785,20180625_044027,479168,0,28931,0
2,KFSX20180626_112531_V06,-48.316,0.063,224.554,136.410,16.738,-111.613,35.311,8368.963,90074.612,20180626_042531,479169,0,26836,0
2,KFSX20180626_113419_V06,-39.516,0.369,230.476,138.297,27.022,-111.581,35.303,13511.156,88007.788,20180626_043419,479166,0,25615,0
2,KFSX20180626_114309_V06,-30.682,0.056,231.956,143.141,29.594,-111.572,35.281,14796.785,85490.774,20180626_044309,479169,0,23049,0
1,KFSX20180626_111644_V06,-57.099,0.062,218.986,134.576,20.411,-111.644,35.319,10205.452,92098.398,20180626_041644,479166,0,27797,0
1,KFSX20180627_111933_V06,-54.623,0.071,231.431,128.558,12.962,-111.575,35.347,6480.848,92323.157,20180627_041933,479167,0,11678,0
1,KFSX20180627_112820_V06,-45.840,0.055,232.036,130.022,20.899,-111.572,35.340,10449.386,91530.981,20180627_042820,479167,0,11260,0
2,KFSX20180627_111933_V06,-54.623,0.056,217.444,130.325,11.412,-111.652,35.338,5705.755,94346.692,20180627_041933,479167,0,11678,0
3,KFSX20180627_111933_V06,-54.623,0.053,301.981,359.691,2.257,-111.188,34.305,1128.366,29862.055,20180627_041933,479167,0,11678,0
4,KFSX20180627_122956_V06,15.760,0.083,212.182,236.638,19.035,-111.679,34.859,9517.649,54145.239,20180627_052956,479171,0,12267,0
3,KFSX20180629_113727_V06,-37.466,0.112,228.613,491.237,25.269,-111.583,33.712,12634.350,102063.367,20180629_043727,479166,0,14919,0
3,KFSX20180629_114617_V06,-28.633,0.123,234.979,485.991,32.769,-111.549,33.736,16384.711,98514.225,20180629_044617,479163,0,13755,0
3,KFSX20180629_120355_V06,-11.000,0.543,240.887,479.307,42.441,-111.517,33.766,21220.683,94399.846,20180629_050355,479168,0,7810,0
3,KFSX20180629_121246_V06,-2.150,0.323,256.106,462.651,39.419,-111.435,33.841,19709.473,84234.825,20180629_051246,479168,0,6370,0
3,KFSX20180629_122136_V06,6.684,-1.000,269.581,447.904,37.552,-111.363,33.908,18775.970,75499.674,20180629_052136,479167,0,7536,0
3,KFSX20180629_123026_V06,15.517,-1.000,283.056,433.156,35.685,-111.290,33.974,17842.467,67115.043,20180629_053026,479167,0,6984,0
3,KFSX20180629_123916_V06,24.350,0.154,289.147,428.909,38.574,-111.257,33.993,19286.952,64682.631,20180629_053916,479167,0,6833,0
3,KFSX20180629_124804_V06,33.150,0.101,294.816,423.656,42.377,-111.226,34.017,21188.363,61882.182,20180629_054804,479168,0,10981,0
3,KFSX20180629_130544_V06,50.817,0.088,318.022,417.814,45.729,-111.101,34.043,22864.601,59592.467,20180629_060544,479167,0,17694,0
8,KFSX20180629_131433_V06,59.634,0.265,269.197,164.982,52.018,-111.367,35.183,26008.852,69243.380,20180629_061433,479166,0,16967,0
8,KFSX20180629_132323_V06,68.467,0.056,273.598,160.280,60.228,-111.343,35.204,30114.194,71096.423,20180629_062323,479169,0,15753,0
5,KFSX20180629_122136_V06,6.684,0.103,417.346,155.558,9.149,-110.554,35.224,4574.394,93050.704,20180629_052136,479167,0,7536,0
6,KFSX20180629_123026_V06,15.517,0.067,114.452,175.882,17.871,-112.216,35.130,8935.487,111616.980,20180629_053026,479167,0,6984,0
6,KFSX20180629_123916_V06,24.350,0.050,116.819,173.594,16.059,-112.203,35.140,8029.708,111280.941,20180629_053916,479167,0,6833,0
1,KFSX20180702_124137_V06,25.439,0.090,197.843,227.219,29.634,-111.757,34.901,14816.936,62715.796,20180702_054137,479170,1,24970,0
1,KFSX20180702_125025_V06,34.239,-1.000,197.843,227.219,43.626,-111.757,34.901,21812.936,62715.796,20180702_055025,479169,0,25142,0
1,KFSX20180702_130804_V06,51.889,0.074,196.466,225.535,43.715,-111.765,34.909,21857.711,63765.903,20180702_060804,479168,0,25842,0
1,KFSX20180705_112455_V06,-52.686,0.056,222.983,137.464,3.241,-111.622,35.306,1620.289,89930.118,20180705_042455,479166,0,24803,0
1,KFSX20180705_113343_V06,-43.886,-1.000,222.983,137.464,17.233,-111.622,35.306,8616.289,89930.118,20180705_043343,479170,0,24622,0
1,KFSX20180705_114231_V06,-35.086,0.080,223.870,144.364,27.609,-111.617,35.275,13804.452,86628.879,20180705_044231,479170,0,24826,0
1,KFSX20180707_132837_V06,69.979,0.099,220.926,134.098,10.685,-111.633,35.321,5342.463,91891.461,20180707_062837,479168,0,39021,0
4,KFSX20180709_114509_V06,-34.584,0.113,39.993,195.138,59.061,-112.623,35.039,29530.388,140178.081,20180709_044509,479180,4,44844,2
4,KFSX20180709_114908_V06,-30.601,0.171,40.179,196.195,65.596,-112.622,35.034,32797.952,139894.978,20180709_044908,479185,1,43270,1
4,KFSX20180709_115306_V06,-26.634,-1.000,40.313,196.959,72.049,-112.621,35.031,36024.298,139691.340,20180709_045306,479175,2,41692,2
4,KFSX20180709_120104_V06,-18.667,0.070,39.630,192.026,70.043,-112.625,35.053,35021.673,140934.982,20180709_050104,479189,2,36466,1
4,KFSX20180709_120503_V06,-14.684,0.115,38.192,189.595,71.764,-112.633,35.064,35881.945,142067.706,20180709_050503,479168,4,35615,0
3,KFSX20180709_113713_V06,-42.517,0.055,39.894,200.769,72.544,-112.623,35.013,36271.957,139195.973,20180709_043713,479177,4,46526,1
3,KFSX20180709_114111_V06,-38.551,0.051,39.807,199.394,76.445,-112.624,35.020,38222.643,139482.691,20180709_044111,479171,3,45488,2
5,KFSX20180709_123253_V06,13.149,0.144,26.097,257.866,30.466,-112.694,34.755,15232.924,138562.127,20180709_053253,479180,16,41369,1
9,KFSX20180712_120408_V06,-17.350,0.124,327.422,381.992,15.548,-111.050,34.205,7773.911,43228.216,20180712_050408,479172,804,56270,65
12,KFSX20180714_120756_V06,-14.779,0.073,170.943,264.368,20.621,-111.903,34.733,10310.457,66942.715,20180714_050756,479163,3,44182,1
8,KFSX20180716_134155_V06,77.932,0.397,24.004,280.302,23.366,-112.704,34.654,11683.076,138349.151,20180716_064155,479173,315,60252,5
7,KFSX20180717_121022_V06,-14.269,0.264,417.660,235.252,26.117,-110.555,34.865,13058.735,67149.312,20180717_051022,479175,16,29783,2
7,KFSX20180717_121620_V06,-8.302,0.223,416.906,237.716,36.215,-110.559,34.853,18107.662,66231.279,20180717_051620,479174,13,30014,1
3,KFSX20180717_112532_V06,-59.102,0.111,385.957,413.103,23.280,-110.733,34.064,11639.906,71029.811,20180717_042532,479175,45,42969,1
4,KFSX20180717_120215_V06,-22.386,0.104,396.689,176.987,43.399,-110.668,35.128,21699.688,78231.839,20180717_050215,479170,13,33855,0
5,KFSX20180717_120618_V06,-18.336,0.288,458.425,203.600,17.240,-110.331,35.006,8619.873,92724.651,20180717_050618,479173,1,30756,1
10,KFSX20180717_122450_V06,0.198,0.164,385.004,272.533,11.436,-110.734,34.697,5718.193,44665.581,20180717_052450,479178,1,29349,0
11,KFSX20180717_130353_V06,39.248,0.054,218.584,142.753,28.108,-111.646,35.282,14053.844,88537.027,20180717_060353,479167,2,29720,0
7,KFSX20180718_123727_V06,12.155,0.227,380.198,237.116,52.915,-110.760,34.857,26457.268,50956.459,20180718_053727,479191,41,54715,0
7,KFSX20180718_124236_V06,17.305,0.393,377.453,235.311,60.056,-110.775,34.865,30028.217,50456.986,20180718_054236,479179,17,53281,1
7,KFSX20180718_124744_V06,22.438,0.216,374.544,234.209,59.486,-110.791,34.870,29742.756,49712.553,20180718_054744,479177,2,53443,0
7,KFSX20180718_125306_V06,27.805,0.166,360.670,229.559,64.879,-110.866,34.891,32439.289,46483.313,20180718_055306,479174,2,53736,0
7,KFSX20180718_130224_V06,37.105,0.221,354.684,231.289,60.114,-110.899,34.884,30056.875,43907.676,20180718_060224,479171,2,48329,0
7,KFSX20180718_130926_V06,44.138,0.298,354.238,226.871,64.123,-110.902,34.904,32061.747,45523.402,20180718_060926,479173,0,46198,0
13,KFSX20180718_131634_V06,51.271,0.051,413.962,279.668,33.237,-110.577,34.664,16618.530,57880.665,20180718_061634,479172,1,46979,0
13,KFSX20180718_132341_V06,58.388,0.077,413.008,278.901,40.692,-110.582,34.668,20346.239,57480.143,20180718_062341,479170,1,49024,0
2,KFSX20180718_114407_V06,-41.179,0.433,355.504,214.138,36.941,-110.894,34.961,18470.612,51119.788,20180718_044407,479177,597,60951,15
5,KFSX20180718_121552_V06,-9.429,0.053,266.195,183.809,66.197,-111.384,35.098,33098.331,60504.513,20180718_051552,479185,150,57745,0
14,KFSX20180718_132341_V06,58.388,0.128,162.899,321.555,29.836,-111.945,34.475,14917.810,69392.718,20180718_062341,479170,1,49024,0
16,KFSX20180718_134502_V06,79.738,0.088,391.914,307.447,36.685,-110.698,34.540,18342.501,46107.631,20180718_064502,479173,3,43071,0
1,KFSX20180719_113017_V06,-55.680,0.060,341.100,114.229,2.325,-110.972,35.411,1162.354,95131.543,20180719_043017,479168,0,29447,0
1,KFSX20180722_122319_V06,-4.696,0.063,168.809,330.845,6.799,-111.912,34.433,3399.273,67384.192,20180722_052319,479170,0,29056,0
1,KFSX20180723_124751_V06,19.141,0.084,193.872,225.126,31.181,-111.779,34.911,15590.467,64941.199,20180723_054751,479173,0,30745,0
1,KFSX20180723_130524_V06,36.691,0.236,195.361,225.900,37.402,-111.771,34.907,18701.067,64109.642,20180723_060524,479174,0,32026,0
1,KFSX20180723_131409_V06,45.441,0.160,198.489,222.709,32.366,-111.754,34.922,16182.983,63793.496,20180723_061409,479172,0,32735,0
3,KFSX20180724_132147_V06,52.372,0.248,395.335,332.691,18.508,-110.680,34.426,9253.788,50392.268,20180724_062147,479171,46,41924,0
2,KFSX20180726_114240_V06,-48.164,0.110,292.675,412.044,9.951,-111.238,34.069,4975.695,56141.442,20180726_044240,479175,2,45267,0
2,KFSX20180727_133321_V06,61.802,0.082,510.140,478.086,20.950,-110.064,33.766,10475.025,137725.712,20180727_063321,479171,9,39911,3
2,KFSX20180727_134208_V06,70.585,0.378,512.968,478.155,28.744,-110.049,33.766,14372.157,138829.415,20180727_064208,479171,10,38899,9
10,KFSX20180728_132558_V06,53.697,0.087,151.442,204.032,18.356,-112.012,35.004,9178.127,88429.835,20180728_062558,479169,0,43798,0
1,KFSX20180730_124157_V06,8.226,0.302,216.859,131.822,10.149,-111.656,35.332,5074.417,93803.223,20180730_054157,479168,3,42039,0
1,KFSX20180730_125030_V06,16.776,0.185,216.559,130.660,17.798,-111.657,35.337,8898.918,94390.736,20180730_055030,479174,0,42160,0
1,KFSX20180731_130501_V06,30.561,0.167,197.436,221.814,29.055,-111.760,34.926,14527.664,64483.358,20180731_060501,479171,6,37349,0
1,KFSX20180801_123835_V06,3.393,0.606,215.664,131.261,8.949,-111.662,35.334,4474.476,94320.498,20180801_053835,479169,0,37936,0
2,KFSX20180801_130704_V06,31.877,0.050,235.433,293.459,41.077,-111.550,34.603,20538.624,32448.525,20180801_060704,479173,0,37877,0
3,KFSX20180801_133534_V06,60.377,0.096,269.119,311.626,21.214,-111.366,34.522,10607.018,16498.517,20180801_063534,479173,0,42587,0
5,KFSX20180803_115250_V06,-43.833,0.068,250.658,198.173,11.974,-111.469,35.033,5986.782,56575.679,20180803_045250,479170,0,52745,0
9,KFSX20180803_124242_V06,6.034,0.224,464.401,132.346,26.409,-110.294,35.327,13204.269,117404.608,20180803_054242,479173,0,34430,0
1,KFSX20180804_123724_V06,-0.008,0.054,216.613,130.968,8.234,-111.657,35.335,4117.016,94240.624,20180804_053724,479172,0,38860,0
2,KFSX20180804_125139_V06,14.242,0.097,229.312,323.970,27.824,-111.583,34.466,13911.829,37320.843,20180804_055139,479172,1,42387,0
2,KFSX20180805_134627_V06,68.300,0.139,318.030,319.688,27.980,-111.100,34.486,13990.173,13348.100,20180805_064627,479174,1,30473,0
2,KFSX20180805_140042_V06,82.550,0.208,320.622,318.225,37.692,-111.086,34.492,18845.816,13760.525,20180805_070042,479171,0,31591,0
1,KFSX20180805_130343_V06,25.566,0.070,214.312,285.309,60.090,-111.666,34.640,30044.939,43469.293,20180805_060343,479172,0,31260,0
1,KFSX20180807_123845_V06,-0.890,0.215,215.469,131.749,8.469,-111.663,35.332,4234.459,94146.003,20180807_053845,479171,0,51140,0
1,KFSX20180807_124553_V06,6.244,0.076,215.809,130.830,16.718,-111.661,35.336,8359.017,94480.799,20180807_054553,479173,0,49618,0
2,KFSX20180807_130008_V06,20.494,0.133,286.042,158.960,4.939,-111.275,35.210,2469.261,70864.759,20180807_060008,479172,1,50262,1
4,KFSX20180807_131423_V06,34.744,0.070,300.115,202.304,10.730,-111.198,35.015,5365.173,48847.919,20180807_061423,479170,0,49826,0
4,KFSX20180810_133134_V06,49.688,0.581,462.580,239.570,28.239,-110.310,34.844,14119.614,86723.605,20180810_063134,479171,0,41105,0
4,KFSX20180810_133841_V06,56.805,0.584,456.032,241.859,33.294,-110.345,34.834,16646.770,83256.036,20180810_063841,479175,0,40738,0
4,KFSX20180810_134549_V06,63.938,0.081,448.085,247.802,32.011,-110.389,34.807,16005.634,78507.654,20180810_064549,479174,0,41553,0
1,KFSX20180810_120712_V06,-34.678,0.207,468.563,235.744,18.057,-110.277,34.861,9028.263,90197.370,20180810_050712,479171,0,51046,0
1,KFSX20180810_121404_V06,-27.812,0.119,469.683,235.008,28.142,-110.270,34.864,14070.963,90851.812,20180810_051404,479170,0,52638,0
3,KFSX20180810_132426_V06,42.555,0.250,476.825,233.399,32.404,-110.231,34.871,16202.084,94475.636,20180810_062426,479171,0,42278,0
4,KFSX20180811_121847_V06,-23.841,0.470,278.673,184.413,23.860,-111.315,35.095,11929.808,58769.036,20180811_051847,479179,1492,85482,4
4,KFSX20180811_122250_V06,-19.791,0.303,278.805,184.817,30.581,-111.315,35.094,15290.520,58558.504,20180811_052250,479186,1495,86329,5
5,KFSX20180811_122250_V06,-19.791,0.099,437.524,213.052,2.738,-110.445,34.964,1368.797,81352.484,20180811_052250,479186,1495,86329,5
1,KFSX20180812_124651_V06,3.480,0.825,217.742,130.292,11.315,-111.651,35.338,5657.339,94296.215,20180812_054651,479173,0,41155,0
1,KFSX20180812_130106_V06,17.730,0.317,217.933,130.499,21.035,-111.650,35.338,10517.666,94161.572,20180812_060106,479173,1,45084,0
3,KFSX20180815_123016_V06,-15.334,0.126,33.115,131.037,41.974,-112.666,35.327,20986.965,157936.754,20180815_053016,479171,0,42945,0
3,KFSX20180815_123723_V06,-8.217,0.102,32.769,129.061,50.705,-112.668,35.336,25352.470,158612.922,20180815_053723,479169,0,40954,0
1,KFSX20180815_121600_V06,-29.600,0.137,270.323,122.306,40.689,-111.362,35.375,20344.395,90077.796,20180815_051600,479172,0,42738,0
2,KFSX20180815_121600_V06,-29.600,0.096,498.878,428.582,50.229,-110.122,33.990,25114.489,118412.012,20180815_051600,479172,0,42738,0
6,KFSX20180815_125138_V06,6.033,0.066,244.780,37.550,31.215,-111.504,35.757,15607.666,134098.043,20180815_055138,479173,0,34166,0
8,KFSX20180815_132716_V06,41.666,0.086,438.489,323.047,28.576,-110.445,34.468,14288.174,70196.709,20180815_062716,479170,0,26415,0
9,KFSX20180815_133424_V06,48.800,0.050,275.515,93.240,21.483,-111.333,35.506,10741.442,104102.544,20180815_063424,479167,0,26599,0
2,KFSX20180816_124432_V06,-1.808,0.087,214.279,132.899,7.855,-111.670,35.327,3927.528,93902.487,20180816_054432,479181,5,46384,0
2,KFSX20180816_124815_V06,1.909,0.425,214.581,132.389,12.804,-111.668,35.329,6401.949,94061.086,20180816_054815,479174,1,45666,0
2,KFSX20180816_130225_V06,16.075,0.139,217.219,134.662,18.432,-111.653,35.319,9216.016,92451.771,20180816_060225,479171,1,44291,0
4,KFSX20180816_130225_V06,16.075,0.208,264.059,253.643,13.631,-111.395,34.783,6815.420,29329.121,20180816_060225,479171,1,44291,0
4,KFSX20180816_130933_V06,23.209,0.164,265.108,253.568,20.897,-111.389,34.784,10448.418,29040.358,20180816_060933,479172,1,45461,0
4,KFSX20180816_131641_V06,30.342,0.073,265.016,252.735,21.265,-111.389,34.787,10632.271,29401.624,20180816_061641,479174,0,46342,0
1,KFSX20180816_120102_V06,-45.308,0.066,158.089,578.905,19.728,-111.960,33.315,9863.819,156466.211,20180816_050102,479172,10,42598,4
3,KFSX20180816_124815_V06,1.909,0.080,148.165,61.303,17.744,-112.037,35.647,8872.217,141447.859,20180816_054815,479174,1,45666,0
5,KFSX20180816_130225_V06,16.075,0.117,344.689,35.991,18.479,-110.951,35.764,9239.571,133882.145,20180816_060225,479171,1,44291,0
1,KFSX20180817_120502_V06,-42.047,0.071,288.220,377.111,2.459,-111.262,34.227,1229.725,39002.665,20180817_050502,479172,1,37698,1
1,KFSX20180818_124720_V06,-0.484,0.409,215.165,132.951,9.883,-111.665,35.326,4941.576,93677.953,20180818_054720,479173,0,46851,0
1,KFSX20180818_130134_V06,13.749,0.406,217.639,132.952,18.662,-111.651,35.326,9331.248,93123.959,20180818_060134,479170,0,44786,0
2,KFSX20180818_130134_V06,13.749,0.428,268.710,252.221,12.690,-111.369,34.790,6345.005,28556.473,20180818_060134,479170,0,44786,0
2,KFSX20180818_130841_V06,20.866,0.365,266.549,252.968,21.658,-111.381,34.786,10829.002,28857.410,20180818_060841,479174,0,43938,0
1,KFSX20180819_130441_V06,16.130,0.108,262.853,254.754,16.167,-111.401,34.778,8083.405,29270.737,20180819_060441,479172,0,46980,0
1,KFSX20180821_125500_V06,4.981,0.057,270.114,254.714,11.965,-111.362,34.778,5982.475,27129.359,20180821_055500,479177,6723,52540,543
3,KFSX20180822_124138_V06,-9.115,0.205,215.147,131.019,8.957,-111.665,35.335,4478.657,94544.383,20180822_054138,479176,296,114665,1
4,KFSX20180822_140545_V06,75.001,0.202,216.166,131.691,8.437,-111.659,35.332,4218.456,94016.157,20180822_070545,479178,293,92331,10
1,KFSX20180823_122946_V06,-21.710,0.086,424.338,134.788,13.316,-110.515,35.317,6658.150,103386.416,20180823_052946,479170,0,56576,0
1,KFSX20180823_123643_V06,-14.760,0.052,424.970,134.829,20.486,-110.511,35.317,10243.137,103560.301,20180823_053643,479174,2,52036,2
1,KFSX20180823_124344_V06,-7.743,-1.000,425.537,134.866,28.158,-110.508,35.317,14078.953,103717.031,20180823_054344,479172,1,47581,1
1,KFSX20180823_125046_V06,-0.710,0.214,426.587,129.236,13.268,-110.502,35.342,6633.934,106283.381,20180823_055046,479169,2,42235,2
1,KFSX20180823_130501_V06,13.540,0.423,430.755,132.342,23.211,-110.479,35.328,11605.529,106308.482,20180823_060501,479172,13,39881,0
5,KFSX20180823_140612_V06,74.723,0.069,229.052,261.984,4.896,-111.586,34.745,2447.908,40245.792,20180823_070612,479171,7,44019,1
2,KFSX20180825_123641_V06,-16.244,0.074,436.474,336.958,17.252,-110.456,34.406,8625.862,70694.825,20180825_053641,479190,280,53016,6
2,KFSX20180825_124016_V06,-12.660,0.180,436.521,337.193,22.219,-110.456,34.405,11109.569,70748.481,20180825_054016,479175,292,52173,3
3,KFSX20180825_140351_V06,70.923,0.101,213.598,135.279,6.736,-111.673,35.316,3367.994,93003.216,20180825_070351,479184,645,47219,18
1,KFSX20180826_132332_V06,29.884,0.066,283.862,297.551,13.989,-111.286,34.585,6994.289,8161.543,20180826_062332,479171,0,18178,0
1,KFSX20180828_120904_V06,-46.023,0.055,216.302,132.879,6.738,-111.659,35.327,3368.868,93454.328,20180828_050904,479174,0,20376,0
1,KFSX20180830_130623_V06,9.859,0.284,261.554,259.341,8.482,-111.408,34.758,4241.096,27978.774,20180830_060623,479172,0,22693,0
2,KFSX20180831_124929_V06,-7.756,0.055,323.764,355.512,18.731,-111.069,34.324,9365.381,30192.229,20180831_054929,479175,0,19760,0
2,KFSX20180904_120413_V06,-55.875,0.157,213.433,138.139,5.014,-111.674,35.303,2507.206,91778.176,20180904_050413,479175,0,34351,0
2,KFSX20180904_121122_V06,-48.725,0.143,213.219,137.621,12.924,-111.675,35.305,6462.145,92056.887,20180904_051122,479172,0,34061,0
4,KFSX20180904_130119_V06,1.225,0.171,213.655,131.854,9.151,-111.673,35.331,4575.396,94509.904,20180904_060119,479172,0,34996,0
4,KFSX20180904_130827_V06,8.358,0.141,212.696,132.517,16.440,-111.678,35.328,8219.892,94435.804,20180904_060827,479170,0,35518,0
3,KFSX20180905_132632_V06,25.730,0.060,216.318,131.399,8.021,-111.659,35.333,4010.740,94112.951,20180905_062632,479171,0,17535,0
3,KFSX20180905_133339_V06,32.847,0.083,216.175,131.570,15.100,-111.659,35.333,7550.141,94068.181,20180905_063339,479172,0,15719,0
1,KFSX20180905_120849_V06,-51.987,0.054,215.989,132.012,6.671,-111.660,35.331,3335.371,93911.935,20180905_050849,479174,4,43081,0
2,KFSX20180905_125055_V06,-9.887,0.055,216.078,136.774,6.848,-111.660,35.309,3424.149,91768.188,20180905_055055,479174,0,36190,0
1,KFSX20180906_130237_V06,1.102,0.635,217.193,132.962,10.098,-111.654,35.326,5048.847,93218.190,20180906_060237,479171,1,41122,0
1,KFSX20180906_130945_V06,8.236,0.311,217.859,133.682,17.808,-111.650,35.323,8903.942,92748.094,20180906_060945,479172,0,42102,0
1,KFSX20180906_131653_V06,15.369,0.173,224.665,134.422,19.583,-111.613,35.320,9791.438,90954.973,20180906_061653,479173,0,42444,0
2,KFSX20180906_131653_V06,15.369,0.056,82.413,334.880,16.715,-112.382,34.411,8357.487,110182.722,20180906_061653,479173,0,42444,0
2,KFSX20180906_132400_V06,22.486,0.068,84.581,335.063,24.101,-112.370,34.411,12050.273,109126.898,20180906_062400,479173,0,43206,0
3,KFSX20180906_131653_V06,15.369,0.055,261.189,322.080,22.219,-111.410,34.475,11109.596,22326.164,20180906_061653,479173,0,42444,0
1,KFSX20180907_130214_V06,0.008,0.564,213.467,133.490,8.558,-111.674,35.324,4278.936,93826.221,20180907_060214,479172,0,46156,0
1,KFSX20180907_130921_V06,7.125,0.279,214.402,133.917,15.756,-111.669,35.322,7877.799,93421.691,20180907_060921,479171,0,46071,0
1,KFSX20180907_131629_V06,14.258,0.241,216.333,137.964,19.903,-111.658,35.304,9951.353,91180.772,20180907_061629,479171,0,47501,0
2,KFSX20180907_131629_V06,14.258,0.172,86.602,341.774,11.919,-112.358,34.381,5959.652,108724.277,20180907_061629,479171,0,47501,0
1,KFSX20180908_130024_V06,-2.535,0.742,215.316,133.155,7.106,-111.664,35.326,3552.973,93553.080,20180908_060024,479173,1,42910,1
1,KFSX20180909_130243_V06,-0.929,0.232,213.954,133.501,7.107,-111.671,35.324,3553.415,93709.294,20180909_060243,479172,1,36633,1
1,KFSX20180911_121440_V06,-50.398,0.058,245.191,133.826,17.937,-111.500,35.323,8968.460,87489.728,20180911_051440,479174,0,28033,0
1,KFSX20180912_130915_V06,3.475,0.066,216.408,131.384,8.020,-111.658,35.334,4010.090,94099.513,20180912_060915,479168,0,21293,0
1,KFSX20180913_133804_V06,31.582,0.181,215.728,132.127,8.100,-111.662,35.330,4049.896,93919.202,20180913_063804,479175,1,10075,0
1,KFSX20180913_134512_V06,38.716,0.077,215.873,131.984,15.385,-111.661,35.331,7692.318,93950.243,20180913_064512,479172,2,10767,1
2,KFSX20180913_142041_V06,74.199,0.103,214.901,135.113,9.227,-111.666,35.317,4613.523,92776.102,20180913_072041,479174,4,12586,4
2,KFSX20180913_142750_V06,81.349,0.067,214.777,135.562,16.261,-111.667,35.315,8130.555,92605.315,20180913_072750,479173,2,12931,2
1,KFSX20180914_121759_V06,-49.211,0.096,216.764,133.809,7.515,-111.656,35.323,3757.486,92935.211,20180914_051759,479167,0,17432,0
1,KFSX20180914_122506_V06,-42.094,0.058,218.459,134.316,16.809,-111.647,35.320,8404.549,92330.797,20180914_052506,479170,0,17565,0
2,KFSX20180914_130046_V06,-6.428,0.197,254.387,250.383,10.658,-111.448,34.798,5328.884,33698.459,20180914_060046,479173,0,11531,0
1,KFSX20180916_132906_V06,20.485,0.068,344.016,276.162,97.237,-110.958,34.682,48618.656,25028.210,20180916_062906,479171,1,16491,0
1,KFSX20180918_140746_V06,57.728,0.122,402.913,89.952,4.559,-110.631,35.520,2279.434,116952.417,20180918_070746,479174,1,15664,1
1,KFSX20180919_131916_V06,8.515,0.052,438.242,306.836,16.835,-110.445,34.541,8417.633,69205.679,20180919_061916,479180,0,64498,0
1,KFSX20180920_124611_V06,-25.283,0.094,215.684,134.353,8.747,-111.662,35.320,4373.724,92935.484,20180920_054611,479167,0,32344,0
2,KFSX20180920_132121_V06,9.883,0.495,216.197,134.121,5.310,-111.659,35.321,2654.787,92923.286,20180920_062121,479171,0,32552,0
1,KFSX20180922_143326_V06,80.532,0.130,216.005,132.357,7.337,-111.660,35.329,3668.694,93754.047,20180922_073326,479170,0,18994,0
1,KFSX20180923_121904_V06,-54.554,0.101,223.099,135.099,2.797,-111.621,35.317,1398.575,90975.549,20180923_051904,479171,0,30207,0
1,KFSX20180923_122752_V06,-45.754,0.068,222.128,134.352,11.323,-111.627,35.320,5661.363,91519.255,20180923_052752,479172,0,29309,0
1,KFSX20180924_131756_V06,3.590,0.054,277.136,254.883,12.071,-111.323,34.778,6035.435,25289.733,20180924_061756,479173,0,16220,0
1,KFSX20180926_131941_V06,3.887,0.067,214.476,132.712,7.195,-111.669,35.327,3597.593,93940.898,20180926_061941,479175,1,16221,1
1,KFSX20180926_132826_V06,12.637,0.051,213.362,134.387,15.537,-111.675,35.320,7768.612,93452.835,20180926_062826,479172,0,16866,0
2,KFSX20180926_141219_V06,56.521,0.053,214.792,135.471,8.530,-111.667,35.315,4265.083,92641.992,20180926_071219,479170,2,15578,2
2,KFSX20180926_142106_V06,65.304,0.209,214.753,135.356,15.599,-111.667,35.316,7799.698,92702.225,20180926_072106,479173,1,16043,1
1,KFSX20180929_124444_V06,-33.266,0.052,190.836,517.444,42.715,-111.786,33.593,21357.744,121653.887,20180929_054444,479172,0,13830,0
2,KFSX20180929_132837_V06,10.618,0.123,215.117,131.443,8.682,-111.665,35.333,4341.171,94361.927,20180929_062837,479169,1,8712,0
3,KFSX20180929_143006_V06,72.101,0.134,214.861,136.125,10.022,-111.666,35.312,5011.103,92336.073,20180929_073006,479170,0,10868,0
3,KFSX20181001_124059_V06,-38.504,0.205,42.807,277.465,71.495,-112.601,34.668,35747.482,129089.079,20181001_054059,479180,638,260173,55
3,KFSX20181001_124554_V06,-33.587,0.419,43.404,276.308,75.764,-112.598,34.673,37881.800,128843.961,20181001_054554,479174,736,262359,52
3,KFSX20181001_125042_V06,-28.787,0.341,45.675,271.476,74.460,-112.586,34.695,37229.830,127959.877,20181001_055042,479183,733,264953,63
12,KFSX20181001_142846_V06,69.280,0.185,23.608,307.369,36.639,-112.704,34.532,18319.323,138244.983,20181001_072846,479173,396,251423,54
12,KFSX20181001_143418_V06,74.813,0.076,23.985,308.822,42.682,-112.702,34.525,21340.999,138078.012,20181001_073418,479183,367,250160,23
1,KFSX20181001_121955_V06,-59.570,0.206,214.990,132.841,8.103,-111.666,35.327,4051.281,93766.525,20181001_051955,479175,373,256712,13
6,KFSX20181001_124554_V06,-33.587,0.106,217.436,134.574,8.203,-111.652,35.319,4101.418,92442.567,20181001_054554,479174,736,262359,52
7,KFSX20181001_131131_V06,-7.970,0.062,212.780,136.896,6.088,-111.678,35.309,3044.065,92480.170,20181001_061131,479168,518,264780,86
13,KFSX20181001_142846_V06,69.280,0.101,70.408,356.330,62.046,-112.446,34.314,31023.043,118200.599,20181001_072846,479173,396,251423,54
7,KFSX20181002_143723_V06,77.146,0.079,224.822,62.393,18.116,-111.613,35.645,9058.210,124608.259,20181002_073723,479176,2552,303795,244
7,KFSX20181002_144256_V06,82.696,0.051,225.858,65.208,28.296,-111.608,35.632,14148.071,123109.962,20181002_074256,479168,2778,305876,283
1,KFSX20181003_124319_V06,-37.676,0.066,211.860,137.422,4.782,-111.683,35.306,2390.989,92466.530,20181003_054319,479180,86,78893,0
7,KFSX20181004_125016_V06,-31.486,0.132,414.450,240.986,26.467,-110.573,34.839,13233.635,64384.225,20181004_055016,479167,74,42963,1
7,KFSX20181004_125417_V06,-27.469,0.091,415.843,238.947,31.185,-110.565,34.848,15592.624,65473.423,20181004_055417,479172,76,41511,1
8,KFSX20181004_125417_V06,-27.469,0.104,295.114,159.855,29.462,-111.225,35.206,14730.762,70115.126,20181004_055417,479172,76,41511,1
8,KFSX20181004_130227_V06,-19.303,0.052,296.705,157.790,36.286,-111.216,35.215,18142.961,71124.148,20181004_060227,479175,12,40495,0
3,KFSX20181004_122348_V06,-57.953,0.070,188.984,357.739,7.229,-111.801,34.313,3614.521,62566.651,20181004_052348,479171,158,48775,0
2,KFSX20181007_132919_V06,5.254,0.178,28.367,322.273,50.645,-112.677,34.465,25322.578,136272.338,20181007_062919,479181,1318,232384,57
2,KFSX20181007_133451_V06,10.788,0.427,31.667,318.549,59.168,-112.659,34.482,29583.813,134486.751,20181007_063451,479188,852,222965,59
2,KFSX20181007_134024_V06,16.338,0.320,35.982,318.578,61.565,-112.635,34.482,30782.695,132335.414,20181007_064024,479180,753,216460,97
2,KFSX20181007_134556_V06,21.871,0.365,37.335,323.908,59.584,-112.628,34.458,29792.100,131875.415,20181007_064556,479176,1851,211220,282
2,KFSX20181007_135129_V06,27.421,-1.000,39.463,327.538,59.214,-112.616,34.442,29607.034,130994.364,20181007_065129,479193,761,206960,80
2,KFSX20181007_140219_V06,38.254,0.567,43.716,327.390,57.592,-112.593,34.443,28796.242,128871.916,20181007_070219,479182,504,199321,41
2,KFSX20181007_140737_V06,43.554,0.648,44.932,323.675,61.103,-112.586,34.460,30551.271,128082.051,20181007_070737,479192,225,196198,37
2,KFSX20181007_141309_V06,49.088,0.383,49.831,325.360,60.688,-112.560,34.453,30344.139,125725.411,20181007_071309,479191,168,188926,28
2,KFSX20181007_141805_V06,54.021,0.205,54.663,323.110,62.772,-112.533,34.463,31386.037,123211.381,20181007_071805,479179,85,181843,12
2,KFSX20181007_142336_V06,59.538,0.067,56.840,310.935,70.723,-112.522,34.518,35361.645,121702.905,20181007_072336,479186,135,173844,4
5,KFSX20181007_135129_V06,27.421,0.243,38.658,330.095,53.556,-112.620,34.431,26777.836,131534.399,20181007_065129,479193,761,206960,80
1,KFSX20181008_122703_V06,-57.792,0.073,259.398,278.330,15.543,-111.420,34.672,7771.540,23011.470,20181008_052703,479173,1,35765,0
1,KFSX20181008_123551_V06,-48.992,0.146,258.252,275.813,25.089,-111.426,34.683,12544.730,24124.294,20181008_053551,479172,0,35859,0
10,KFSX20181008_143801_V06,73.174,0.051,31.678,117.400,31.642,-112.675,35.388,15821.142,162280.261,20181008_073801,479173,0,40911,0
10,KFSX20181008_144649_V06,81.974,0.114,32.360,122.333,39.902,-112.671,35.366,19950.757,160621.018,20181008_074649,479173,0,39370,0
3,KFSX20181008_131100_V06,-13.842,0.066,26.898,149.617,47.951,-112.699,35.243,23975.574,155884.139,20181008_061100,479173,0,38630,0
3,KFSX20181008_131947_V06,-5.059,0.269,22.349,180.207,32.337,-112.721,35.105,16168.547,151195.640,20181008_061947,479169,4,38924,0
6,KFSX20181008_140251_V06,38.008,0.094,268.810,69.648,77.306,-111.370,35.612,38652.832,116226.898,20181008_070251,479175,5,41600,0
8,KFSX20181008_141139_V06,46.808,0.104,177.582,26.769,10.420,-111.875,35.804,5209.982,149700.565,20181008_071139,479170,1,43133,1
4,KFSX20181011_123528_V06,-51.748,0.329,253.057,282.896,26.439,-111.454,34.651,13219.398,24980.867,20181011_053528,479184,109,63659,6
4,KFSX20181011_123953_V06,-47.331,0.342,252.919,282.418,32.720,-111.455,34.653,16360.179,25128.155,20181011_053953,479184,121,65556,5
4,KFSX20181011_124418_V06,-42.914,0.394,265.004,268.297,27.179,-111.389,34.717,13589.529,23610.317,20181011_054418,479182,157,66780,8
4,KFSX20181011_124842_V06,-38.514,0.153,265.956,266.697,33.202,-111.384,34.724,16600.960,23812.144,20181011_054842,479174,223,69198,21
4,KFSX20181011_125306_V06,-34.114,0.089,280.469,252.520,27.354,-111.305,34.788,13676.762,25670.069,20181011_055306,479176,304,72075,26
12,KFSX20181011_131107_V06,-16.098,0.064,308.622,223.074,26.844,-111.151,34.921,13421.753,38703.794,20181011_061107,479189,230,88975,13
17,KFSX20181011_141216_V06,45.052,0.128,485.454,388.587,29.032,-110.193,34.171,14516.184,102763.026,20181011_071216,479177,38,84926,4
2,KFSX20181017_133732_V06,5.428,0.050,330.680,330.018,20.357,-111.031,34.439,10178.400,21461.044,20181017_063732,479169,0,24327,0
1,KFSX20181019_141658_V06,43.186,0.092,213.877,133.337,8.197,-111.672,35.325,4098.444,93799.864,20181019_071658,479169,0,20902,0
5,KFSX20181021_140225_V06,26.937,0.059,231.992,487.045,8.679,-111.565,33.731,4339.304,99512.570,20181021_070225,479174,135,24002,2
7,KFSX20181021_141752_V06,42.387,0.097,98.290,314.892,24.265,-112.297,34.502,12132.414,101129.578,20181021_071752,479181,146,21366,2
7,KFSX20181021_142228_V06,46.987,0.306,104.977,302.559,20.098,-112.261,34.558,10049.248,97519.965,20181021_072228,479183,137,21282,1
10,KFSX20181021_142703_V06,51.571,0.347,226.348,277.703,27.402,-111.600,34.674,13700.926,38476.658,20181021_072703,479192,84,20241,0
12,KFSX20181021_143137_V06,56.137,0.063,63.441,453.883,21.571,-112.477,33.874,10785.686,141102.982,20181021_073137,479189,140,19629,1
4,KFSX20181023_124450_V06,-52.369,0.053,212.564,137.200,5.264,-111.679,35.307,2632.126,92397.033,20181023_054450,479172,4910,97505,307
10,KFSX20181023_143320_V06,56.131,0.403,359.642,271.419,9.455,-110.873,34.703,4727.291,33068.180,20181023_073320,479176,2051,86799,65
10,KFSX20181023_144001_V06,62.815,-1.000,359.642,271.419,20.081,-110.873,34.703,10040.541,33068.180,20181023_074001,479184,1956,83338,71
10,KFSX20181023_144416_V06,67.065,0.088,365.396,262.531,11.112,-110.841,34.743,5555.984,37684.853,20181023_074416,479185,1700,81550,47
1,KFSX20181024_134043_V06,2.644,0.109,213.236,137.519,3.502,-111.675,35.306,1750.793,92097.705,20181024_064043,479169,1,25736,0
2,KFSX20181025_134146_V06,2.818,0.191,254.032,41.530,30.805,-111.452,35.739,15402.336,131262.917,20181025_064146,479170,0,17565,0
1,KFSX20181109_131305_V06,-39.685,0.178,268.370,256.486,7.017,-111.371,34.770,3508.312,26897.326,20181109_061305,479175,0,6730,0
3,KFSX20181109_141414_V06,21.465,0.060,266.116,258.421,8.431,-111.383,34.762,4215.298,26818.363,20181109_071414,479171,0,6528,0
1,KFSX20181111_130449_V06,-49.864,0.074,220.458,132.298,8.428,-111.636,35.329,4213.978,92804.877,20181111_060449,479171,0,16003,0
2,KFSX20181111_133042_V06,-23.981,0.173,217.726,132.035,6.768,-111.651,35.331,3383.831,93516.512,20181111_063042,479176,0,17075,0
3,KFSX20181111_151600_V06,81.319,0.064,216.584,131.985,8.207,-111.657,35.331,4103.680,93791.336,20181111_081600,479170,0,25721,0
4,KFSX20181111_151600_V06,81.319,0.063,307.809,332.134,13.485,-111.156,34.430,6742.476,16534.424,20181111_081600,479170,0,25721,0
1,KFSX20181112_131313_V06,-42.423,0.063,286.031,293.783,11.258,-111.274,34.602,5628.853,7645.288,20181112_061313,479172,0,5643,0
2,KFSX20181112_141424_V06,18.760,0.124,501.853,150.644,8.518,-110.089,35.243,4259.109,125550.581,20181112_071424,479175,0,8056,0
1,KFSX20181113_131527_V06,-41.150,0.238,262.610,264.283,6.417,-111.402,34.735,3208.710,25854.037,20181113_061527,479170,0,11404,0
3,KFSX20181113_135014_V06,-6.366,0.065,212.415,135.613,4.826,-111.680,35.314,2413.200,93131.946,20181113_065014,479174,0,10866,0
1,KFSX20181114_130846_V06,-48.794,0.151,264.490,256.390,6.269,-111.392,34.771,3134.476,28119.315,20181114_060846,479175,0,5142,0
1,KFSX20181115_130547_V06,-52.738,0.190,214.647,136.735,9.755,-111.668,35.309,4877.367,92114.904,20181115_060547,479171,0,5322,0
1,KFSX20181115_131419_V06,-44.204,0.072,214.534,136.588,16.705,-111.668,35.310,8352.503,92206.265,20181115_061419,479170,0,5370,0
1,KFSX20181115_132306_V06,-35.421,-1.000,214.426,136.448,24.377,-111.669,35.311,12188.717,92293.147,20181115_062306,479172,0,5126,0
1,KFSX20181115_133153_V06,-26.638,0.119,214.968,135.423,9.192,-111.666,35.315,4596.102,92622.840,20181115_063153,479172,1,4349,1
1,KFSX20181115_134026_V06,-18.088,0.135,215.157,135.565,16.475,-111.665,35.315,8237.334,92516.619,20181115_064026,479174,1,4226,1
1,KFSX20181115_134913_V06,-9.304,0.058,214.912,135.287,9.560,-111.666,35.316,4779.785,92696.199,20181115_064913,479173,0,4299,0
5,KFSX20181115_141508_V06,16.612,0.074,215.647,131.687,8.321,-111.662,35.332,4160.746,94133.780,20181115_071508,479172,0,4541,0
5,KFSX20181115_142343_V06,25.196,0.227,214.926,132.921,16.019,-111.666,35.327,8009.577,93745.861,20181115_072343,479174,0,4584,0
6,KFSX20181115_142343_V06,25.196,0.055,298.200,337.662,18.545,-111.208,34.405,9272.482,18852.286,20181115_072343,479174,0,4584,0
8,KFSX20181115_150712_V06,68.679,0.082,214.699,132.655,8.838,-111.667,35.328,4418.839,93915.507,20181115_080712,479172,0,5462,0
3,KFSX20181117_152142_V06,81.260,0.258,300.957,328.767,15.479,-111.193,34.445,7739.521,14391.500,20181117_082142,479175,2,8528,0
3,KFSX20181117_153020_V06,89.893,0.054,300.247,327.601,24.053,-111.197,34.450,12026.285,13801.097,20181117_083020,479172,1,9177,0
1,KFSX20181117_130132_V06,-58.907,0.063,465.180,282.177,5.559,-110.297,34.651,2779.602,83069.408,20181117_060132,479171,7,8547,0
2,KFSX20181117_140247_V06,2.343,0.108,344.683,460.120,10.251,-110.957,33.852,5125.429,83118.976,20181117_070247,479172,0,5288,0
1,KFSX20181119_131552_V06,-46.487,0.058,215.684,135.067,6.837,-111.662,35.317,3418.558,92617.668,20181119_061552,479171,0,8477,0
2,KFSX20181119_134213_V06,-20.137,0.090,216.932,132.309,7.197,-111.655,35.329,3598.444,93568.906,20181119_064213,479172,0,7272,0
3,KFSX20181119_143405_V06,31.730,0.061,216.473,133.812,6.815,-111.658,35.323,3407.593,92998.786,20181119_073405,479170,1,9773,0
1,KFSX20181120_132121_V06,-41.957,0.089,27.318,401.792,49.874,-112.676,34.107,24937.092,145531.095,20181120_062121,479174,0,11702,0
2,KFSX20181120_151004_V06,66.760,0.121,302.708,328.507,9.902,-111.184,34.446,4950.809,14317.563,20181120_081004,479173,0,15030,0
1,KFSX20181122_141155_V06,6.714,0.145,31.046,476.642,32.170,-112.650,33.770,16084.909,160887.018,20181122_071155,479172,0,43519,0
1,KFSX20181122_142017_V06,15.081,0.194,35.531,479.605,49.043,-112.626,33.756,24521.470,159845.081,20181122_072017,479174,0,42860,0
1,KFSX20181122_142841_V06,23.481,-1.000,39.679,482.346,65.700,-112.603,33.744,32850.156,158915.961,20181122_072841,479173,4,46228,0
1,KFSX20181122_143728_V06,32.264,0.159,35.306,442.036,57.673,-112.630,33.926,28836.266,150197.415,20181122_073728,479174,0,48228,0
1,KFSX20181122_144615_V06,41.048,0.171,42.097,439.382,67.070,-112.593,33.938,33535.107,146578.810,20181122_074615,479172,0,50183,0
2,KFSX20181122_142841_V06,23.481,0.259,41.599,181.239,86.748,-112.615,35.101,43374.210,142192.935,20181122_072841,479173,4,46228,0
2,KFSX20181122_143728_V06,32.264,0.084,44.723,179.605,95.973,-112.598,35.109,47986.356,141121.536,20181122_073728,479174,0,48228,0
5,KFSX20181122_152105_V06,75.881,0.182,209.347,237.835,16.376,-111.694,34.854,8188.177,54960.208,20181122_082105,479172,0,52753,0
1,KFSX20181123_132336_V06,-42.544,0.083,216.950,136.734,8.496,-111.655,35.309,4247.869,91587.649,20181123_062336,479172,1,16160,0
1,KFSX20181124_130958_V06,-57.114,0.144,270.888,233.634,7.178,-111.358,34.873,3589.035,36235.346,20181124_060958,479175,0,20716,0
2,KFSX20181124_134506_V06,-21.981,0.136,215.127,130.906,6.842,-111.665,35.336,3421.068,94599.340,20181124_064506,479172,0,18641,0
1,KFSX20181125_131306_V06,-54.912,0.136,213.317,136.952,3.737,-111.675,35.308,1868.700,92328.938,20181125_061306,479173,1,12253,0
1,KFSX20181125_132139_V06,-46.362,0.054,213.663,136.099,13.536,-111.673,35.312,6768.159,92624.941,20181125_062139,479170,0,11491,0
1,KFSX20181125_133026_V06,-37.579,-1.000,213.992,135.289,23.898,-111.671,35.316,11949.204,92907.195,20181125_063026,479174,0,12107,0
1,KFSX20181125_133913_V06,-28.795,0.167,213.034,137.075,8.137,-111.676,35.308,4068.567,92341.329,20181125_063913,479172,1,11552,1
3,KFSX20181126_131933_V06,-49.387,0.089,211.439,137.483,3.286,-111.685,35.306,1642.990,92540.043,20181126_061933,479171,0,7561,0
5,KFSX20181126_144435_V06,35.646,0.101,213.656,136.584,3.035,-111.673,35.310,1517.742,92412.104,20181126_074435,479170,0,7467,0
1,KFSX20181127_131138_V06,-58.222,0.147,214.299,133.466,9.383,-111.670,35.324,4691.452,93645.980,20181127_061138,479174,8,6225,1
1,KFSX20181127_131835_V06,-51.272,0.171,214.289,134.494,16.175,-111.670,35.319,8087.274,93191.602,20181127_061835,479170,8,6249,2
3,KFSX20181127_142933_V06,19.694,0.080,214.880,133.762,8.452,-111.666,35.323,4225.931,93381.538,20181127_072933,479175,2,4752,2
3,KFSX20181127_143641_V06,26.828,0.058,215.340,133.516,15.574,-111.664,35.324,7787.216,93386.767,20181127_073641,479171,0,5141,0
3,KFSX20181127_144338_V06,33.778,0.077,214.989,133.478,8.958,-111.666,35.324,4478.767,93483.288,20181127_074338,479172,5,4992,4
4,KFSX20181127_142933_V06,19.694,0.068,307.981,346.675,30.075,-111.155,34.364,15037.605,23676.175,20181127_072933,479175,2,4752,2
4,KFSX20181127_143641_V06,26.828,0.068,304.422,343.714,36.484,-111.174,34.377,18241.790,21968.700,20181127_073641,479171,0,5141,0
6,KFSX20181127_152617_V06,76.428,0.137,299.308,335.256,18.273,-111.202,34.416,9136.545,17631.497,20181127_082617,479172,0,5680,0
1,KFSX20181129_134541_V06,-25.986,0.055,328.368,349.885,27.351,-111.044,34.349,13675.407,28693.423,20181129_064541,479172,0,26272,0
2,KFSX20181129_143537_V06,23.948,0.077,417.776,154.387,8.493,-110.551,35.229,4246.441,93640.761,20181129_073537,479170,0,24975,0
3,KFSX20181129_151827_V06,66.781,0.065,218.405,134.624,9.953,-111.647,35.319,4976.578,92204.905,20181129_081827,479175,0,24104,0
6,KFSX20181130_145222_V06,39.804,0.093,366.433,82.061,13.294,-110.832,35.556,6647.072,113919.523,20181130_075222,479173,2,122544,0
6,KFSX20181130_150256_V06,50.370,-1.000,366.433,82.061,30.095,-110.832,35.556,15047.572,113919.523,20181130_080256,479177,0,112624,0
6,KFSX20181130_150619_V06,53.754,0.437,382.018,84.579,19.794,-110.746,35.544,9896.908,115253.276,20181130_080619,479190,0,113736,0
1,KFSX20181203_150057_V06,45.767,0.261,282.968,297.340,15.632,-111.291,34.586,7815.823,8619.261,20181203_080057,479168,0,7483,0
2,KFSX20181203_152907_V06,73.934,0.105,284.335,295.377,13.618,-111.284,34.595,6809.101,8166.654,20181203_082907,479168,1,8010,0
2,KFSX20181206_133831_V06,-39.177,0.051,34.739,97.752,43.727,-112.660,35.477,21863.523,166783.987,20181206_063831,479169,0,212373,0
1,KFSX20181209_132929_V06,-50.588,0.060,214.672,130.211,10.713,-111.668,35.339,5356.453,95011.827,20181209_062929,479171,1,7349,1
1,KFSX20181209_133839_V06,-41.421,0.438,214.380,130.065,16.124,-111.669,35.339,8062.205,95143.027,20181209_063839,479173,0,7766,0
1,KFSX20181209_134547_V06,-34.288,-1.000,214.167,129.958,20.811,-111.670,35.340,10405.394,95238.383,20181209_064547,479170,1,7439,1
1,KFSX20181209_135254_V06,-27.171,0.116,215.255,135.032,12.508,-111.664,35.317,6253.979,92730.901,20181209_065254,479174,2,6973,2
3,KFSX20181209_140710_V06,-12.905,0.286,214.879,132.294,9.667,-111.666,35.329,4833.284,94035.650,20181209_070710,479170,2,7358,0
3,KFSX20181209_141406_V06,-5.971,0.638,214.834,131.708,14.126,-111.667,35.332,7062.879,94307.236,20181209_071406,479169,0,7831,0
3,KFSX20181209_142115_V06,1.179,0.056,214.443,135.456,11.447,-111.669,35.315,5723.530,92729.230,20181209_072115,479171,1,7856,0
5,KFSX20181209_144225_V06,22.345,0.217,215.846,132.027,9.147,-111.661,35.331,4573.591,93937.008,20181209_074225,479169,0,7559,0
5,KFSX20181209_144933_V06,29.479,0.059,214.911,133.563,17.696,-111.666,35.324,8848.084,93463.311,20181209_074933,479170,0,7421,0
6,KFSX20181209_151757_V06,57.879,0.091,281.936,308.446,13.310,-111.297,34.536,6655.025,9970.733,20181209_081757,479170,1,9098,0
6,KFSX20181210_142228_V06,1.636,0.423,211.070,140.628,6.293,-111.687,35.292,3146.654,91252.387,20181210_072228,479168,4,14126,0
6,KFSX20181210_142936_V06,8.770,0.128,213.428,140.523,16.700,-111.674,35.292,8349.924,90729.788,20181210_072936,479171,0,13926,0
6,KFSX20181210_143633_V06,15.720,0.095,218.283,142.365,18.501,-111.647,35.284,9250.501,88778.362,20181210_073633,479173,6,14140,4
6,KFSX20181210_144330_V06,22.670,0.060,218.438,140.401,15.921,-111.647,35.293,7960.676,89616.212,20181210_074330,479172,6,14185,1
1,KFSX20181210_132351_V06,-56.980,0.720,213.807,132.401,9.433,-111.672,35.329,4716.404,94232.132,20181210_062351,479173,5,12004,1
1,KFSX20181210_133059_V06,-49.847,0.563,213.894,133.205,15.886,-111.672,35.325,7942.788,93854.962,20181210_063059,479174,4,12161,4
1,KFSX20181210_133807_V06,-42.714,-1.000,213.971,133.924,22.854,-111.671,35.322,11427.023,93517.766,20181210_063807,479172,5,12062,0
1,KFSX20181210_134515_V06,-35.580,0.235,213.425,131.980,9.707,-111.674,35.331,4853.369,94506.524,20181210_064515,479169,8,11593,4
1,KFSX20181210_140126_V06,-19.397,0.055,213.606,135.301,17.890,-111.673,35.316,8945.180,92991.504,20181210_070126,479171,0,11930,0
9,KFSX20181210_151139_V06,50.820,0.052,273.876,256.405,10.749,-111.341,34.771,5374.454,25411.289,20181210_081139,479171,7,15700,3
9,KFSX20181210_151847_V06,57.953,-1.000,273.876,256.405,22.091,-111.341,34.771,11045.454,25411.289,20181210_081847,479172,7,16387,2
9,KFSX20181210_152554_V06,65.070,0.118,274.767,258.220,12.819,-111.336,34.763,6409.546,24404.412,20181210_082554,479171,5,16659,1
1,KFSX20181211_141414_V06,-7.338,0.051,309.043,328.727,13.221,-111.149,34.445,6610.359,15058.123,20181211_071414,479173,0,5066,0
1,KFSX20181212_141740_V06,-4.626,0.440,216.388,132.993,7.251,-111.658,35.326,3625.422,93384.047,20181212_071740,479175,1,10661,1
3,KFSX20181212_153600_V06,73.707,0.145,215.810,132.363,9.792,-111.661,35.329,4895.958,93795.075,20181212_083600,479170,1,10122,0
1,KFSX20181214_142256_V06,-0.742,0.067,311.520,272.533,12.289,-111.135,34.698,6144.402,14892.579,20181214_072256,479168,0,5188,0
3,KFSX20181215_142045_V06,-3.585,0.070,46.950,185.171,70.960,-112.586,35.084,35480.003,138942.426,20181215_072045,479173,0,114247,0
1,KFSX20181217_133535_V06,-50.004,0.448,217.458,130.637,8.095,-111.652,35.337,4047.661,94203.107,20181217_063535,479172,0,15152,0
1,KFSX20181218_142042_V06,-5.479,0.085,218.241,131.891,7.148,-111.648,35.331,3573.843,93468.143,20181218_072042,479173,0,4604,0
2,KFSX20181221_134119_V06,-46.488,0.173,212.157,137.024,3.522,-111.681,35.308,1760.933,92570.949,20181221_064119,479170,0,26766,0
2,KFSX20181221_134828_V06,-39.338,0.069,213.196,135.927,12.426,-111.676,35.313,6213.117,92810.396,20181221_064828,479174,0,27283,0
2,KFSX20181221_140230_V06,-25.305,0.114,213.660,133.979,8.381,-111.673,35.322,4190.578,93564.832,20181221_070230,479171,1,21078,1
7,KFSX20181221_142332_V06,-4.272,0.074,213.420,136.941,3.238,-111.674,35.308,1619.116,92309.681,20181221_072332,479173,1,16785,1
7,KFSX20181221_143024_V06,2.595,0.071,214.391,135.685,12.126,-111.669,35.314,6063.199,92639.606,20181221_073024,479172,0,17225,0
7,KFSX20181221_143722_V06,9.562,-1.000,215.264,134.555,21.376,-111.664,35.319,10688.239,92941.343,20181221_073722,479172,1,17580,0
7,KFSX20181221_144420_V06,16.528,0.201,214.583,137.010,9.412,-111.668,35.308,4706.078,92007.919,20181221_074420,479172,0,18014,0
7,KFSX20181221_145122_V06,23.562,0.105,214.246,135.571,16.616,-111.670,35.315,8307.800,92723.492,20181221_075122,479173,0,18145,0
1,KFSX20181221_134119_V06,-46.488,0.284,270.304,255.934,7.142,-111.361,34.773,3570.946,26568.896,20181221_064119,479170,0,26766,0
6,KFSX20181221_140938_V06,-18.172,0.170,268.890,256.888,5.882,-111.368,34.769,2940.918,26582.301,20181221_070938,479170,0,19230,0
8,KFSX20181221_143024_V06,2.595,0.111,273.688,257.590,10.593,-111.342,34.766,5296.589,24954.620,20181221_073024,479172,0,17225,0
8,KFSX20181221_143722_V06,9.562,-1.000,273.688,257.590,21.670,-111.342,34.766,10835.089,24954.620,20181221_073722,479172,1,17580,0
8,KFSX20181221_144420_V06,16.528,0.069,268.640,256.945,6.766,-111.370,34.768,3383.015,26632.777,20181221_074420,479172,0,18014,0
12,KFSX20181221_151921_V06,51.545,0.062,214.591,133.753,13.376,-111.668,35.323,6688.086,93451.445,20181221_081921,479172,2,18856,1
12,KFSX20181221_152619_V06,58.512,0.245,215.552,131.881,8.946,-111.663,35.331,4472.773,94068.567,20181221_082619,479172,0,19296,0
12,KFSX20181221_153316_V06,65.462,-1.000,215.552,131.881,19.996,-111.663,35.331,9998.023,94068.567,20181221_083316,479175,3,19722,1
12,KFSX20181221_154013_V06,72.412,0.059,214.074,136.086,9.064,-111.671,35.312,4531.816,92535.120,20181221_084013,479173,0,20082,0
1,KFSX20181222_142657_V06,-1.346,0.075,214.950,134.459,7.520,-111.666,35.320,3759.882,93055.501,20181222_072657,479172,0,5874,0
2,KFSX20181222_153724_V06,69.104,0.095,213.977,133.046,8.091,-111.671,35.326,4045.736,93906.399,20181222_083724,479175,0,4297,0
4,KFSX20181222_154427_V06,76.154,0.051,269.872,257.786,7.352,-111.363,34.765,3676.006,25930.959,20181222_084427,479173,0,4848,0
1,KFSX20181223_142622_V06,-2.395,0.077,279.728,320.805,10.947,-111.309,34.481,5473.442,14523.916,20181223_072622,479168,1,11042,0
1,KFSX20181224_133414_V06,-54.966,0.110,269.478,256.947,8.382,-111.365,34.768,4190.868,26387.246,20181224_063414,479170,0,16444,0
1,KFSX20181224_134123_V06,-47.816,0.190,268.301,258.296,15.001,-111.371,34.762,7500.599,26191.838,20181224_064123,479170,0,14571,0
2,KFSX20181224_153440_V06,65.467,0.081,267.220,258.213,8.325,-111.377,34.763,4162.319,26554.993,20181224_083440,479171,0,4477,0
1,KFSX20181225_133640_V06,-52.944,0.163,271.005,259.309,11.485,-111.357,34.758,5742.516,24982.325,20181225_063640,479173,0,8468,0
1,KFSX20181225_134337_V06,-45.994,0.216,271.490,258.364,17.644,-111.354,34.762,8822.152,25231.063,20181225_064337,479167,0,8200,0
2,KFSX20181225_133640_V06,-52.944,0.077,211.667,136.857,2.906,-111.684,35.309,1453.184,92761.073,20181225_063640,479173,0,8468,0
1,KFSX20181227_141219_V06,-18.033,0.378,59.069,182.740,75.620,-112.520,35.096,37809.807,133975.350,20181227_071219,479172,0,33826,0
1,KFSX20181227_141927_V06,-10.899,0.135,62.105,183.671,86.935,-112.503,35.092,43467.393,132407.006,20181227_071927,479174,0,33903,0
3,KFSX20181227_142635_V06,-3.766,0.083,231.601,292.680,8.153,-111.571,34.607,4076.344,34395.014,20181227_072635,479172,0,34183,0
4,KFSX20181227_144051_V06,10.501,0.072,44.599,194.815,54.555,-112.598,35.041,27277.397,138106.161,20181227_074051,479170,0,39145,0
5,KFSX20181227_150924_V06,39.051,0.117,45.064,155.389,61.503,-112.598,35.218,30751.347,146547.513,20181227_080924,479173,0,42773,0
5,KFSX20181227_151633_V06,46.201,0.137,52.100,162.164,53.991,-112.559,35.188,26995.308,141821.257,20181227_081633,479173,0,45374,0
1,KFSX20181231_143903_V06,7.567,0.065,17.711,102.891,25.858,-112.753,35.453,12929.131,172147.673,20181231_073903,479173,0,127695,0
