track_id,filename,from_sunrise,det_score,x,y,r,lon,lat,radius,geo_dist,local_time,n_radar_pixels,n_refAbove40_pixels,n_xcorrAbove0.95_pixels,n_xcorrBelow0.95_refAbove40_pixels
8,KMAF20170601_111716_V06,-26.292,0.085,48.143,475.532,56.847,-103.509,31.145,28423.258,153495.532,20170601_061716,479189,768,48822,146
8,KMAF20170601_112121_V06,-22.208,-1.000,48.143,475.532,63.339,-103.509,31.145,31669.508,153495.532,20170601_062121,479168,724,46074,113
8,KMAF20170601_112459_V06,-18.575,-1.000,48.143,475.532,69.116,-103.509,31.145,34558.008,153495.532,20170601_062459,479175,754,45069,143
8,KMAF20170601_112851_V06,-14.708,0.117,56.404,475.213,65.321,-103.466,31.147,32660.723,150032.331,20170601_062851,479168,794,43794,160
8,KMAF20170601_113446_V06,-8.792,0.094,64.937,468.006,67.009,-103.422,31.180,33504.481,144465.176,20170601_063446,479180,750,41780,131
7,KMAF20170601_111336_V06,-29.958,0.110,334.173,190.437,14.143,-102.007,32.437,7071.583,57384.363,20170601_061336,479186,685,51927,127
7,KMAF20170601_111716_V06,-26.292,0.102,334.321,190.333,18.993,-102.006,32.438,9496.254,57455.930,20170601_061716,479189,768,48822,146
4,KMAF20170601_110619_V06,-37.242,0.108,318.276,119.536,14.987,-102.091,32.757,7493.343,90693.789,20170601_060619,479177,735,58947,114
5,KMAF20170601_110619_V06,-37.242,0.080,47.627,383.619,65.930,-103.518,31.559,32964.973,132932.643,20170601_060619,479177,735,58947,114
9,KMAF20170601_112121_V06,-22.208,0.054,57.244,407.591,92.127,-103.466,31.452,46063.446,132765.104,20170601_062121,479168,724,46074,113
9,KMAF20170601_112459_V06,-18.575,0.194,61.233,414.249,82.853,-103.444,31.422,41426.483,132346.572,20170601_062459,479175,754,45069,143
14,KMAF20170601_124334_V06,60.008,0.089,295.090,339.852,20.387,-102.215,31.764,10193.663,20076.580,20170601_074334,479173,276,23886,167
3,KMAF20170602_112417_V06,-19.038,0.140,188.053,290.921,11.812,-102.781,31.983,5906.094,56157.398,20170602_062417,479180,233,47761,132
5,KMAF20170602_114642_V06,3.379,0.125,322.535,172.612,66.519,-102.069,32.518,33259.434,64682.972,20170602_064642,479181,290,46281,135
6,KMAF20170602_120021_V06,17.029,0.069,182.631,291.503,11.021,-102.810,31.980,5510.380,58838.188,20170602_070021,479171,451,47431,155
2,KMAF20170603_112759_V06,-15.125,0.054,411.599,443.328,29.442,-101.603,31.296,14721.060,90825.944,20170603_062759,479175,107,25151,71
1,KMAF20170604_110007_V06,-42.805,0.058,110.818,191.997,9.597,-103.195,32.426,4798.280,108920.154,20170604_060007,479176,703,73360,552
2,KMAF20170604_111446_V06,-28.155,0.192,114.878,60.235,9.157,-103.180,33.021,4578.369,151457.321,20170604_061446,479172,700,69656,438
3,KMAF20170605_123054_V06,48.142,0.052,25.838,410.595,37.834,-103.631,31.436,18916.784,147814.342,20170605_073054,479174,552,32753,414
3,KMAF20170605_124043_V06,57.958,0.108,26.748,414.895,47.518,-103.626,31.417,23759.038,148212.348,20170605_074043,479173,614,35298,429
4,KMAF20170605_130018_V06,77.542,0.181,436.544,354.423,26.233,-101.469,31.696,13116.367,73494.958,20170605_080018,479182,784,45897,543
4,KMAF20170605_131006_V06,87.342,0.155,442.097,356.157,43.839,-101.440,31.688,21919.344,76395.586,20170605_081006,479173,717,49232,494
1,KMAF20170605_114156_V06,-0.825,0.056,299.159,411.763,15.967,-102.193,31.439,7983.353,55883.020,20170605_064156,479171,477,29541,318
5,KMAF20170605_130018_V06,77.542,0.071,257.136,525.838,10.182,-102.413,30.925,5091.188,114934.926,20170605_080018,479182,784,45897,543
1,KMAF20170606_123823_V06,55.763,0.179,335.502,407.251,18.767,-102.002,31.460,9383.715,56486.974,20170606_073823,479170,508,35355,309
1,KMAF20170607_110005_V06,-42.424,0.246,110.826,187.957,11.270,-103.195,32.445,5635.029,109932.579,20170607_060005,479174,438,22953,312
1,KMAF20170607_110953_V06,-32.624,0.201,109.717,188.254,20.866,-103.201,32.443,10433.039,110334.738,20170607_060953,479170,456,21303,306
1,KMAF20170607_111940_V06,-22.840,0.066,106.564,191.831,16.831,-103.217,32.427,8415.545,110812.768,20170607_061940,479168,399,18522,280
2,KMAF20170607_110005_V06,-42.424,0.140,434.826,343.005,6.680,-101.477,31.747,3339.825,70759.176,20170607_060005,479174,438,22953,312
5,KMAF20170607_123009_V06,47.643,0.056,198.152,281.980,9.104,-102.728,32.023,4551.847,51715.136,20170607_073009,479175,578,24503,396
1,KMAF20170608_104537_V06,-56.802,0.082,173.483,285.460,8.311,-102.858,32.007,4155.590,63675.090,20170608_054537,479172,232,50189,159
2,KMAF20170608_120607_V06,23.698,0.071,24.310,241.995,28.321,-103.651,32.196,14160.621,140863.016,20170608_070607,479173,201,45631,146
6,KMAF20170609_111648_V06,-25.554,0.156,113.823,344.416,25.920,-103.171,31.739,12959.982,95701.092,20170609_061648,479179,206,43297,124
6,KMAF20170609_112102_V06,-21.321,0.173,114.613,346.298,31.286,-103.167,31.731,15642.855,95540.572,20170609_062102,479176,187,43180,129
4,KMAF20170609_111235_V06,-29.771,0.094,104.152,334.309,29.074,-103.223,31.784,14537.027,99415.015,20170609_061235,479171,194,45768,136
13,KMAF20170609_120744_V06,25.379,0.421,380.727,127.972,7.411,-101.758,32.718,3705.437,95013.566,20170609_070744,479173,194,39882,130
1,KMAF20170614_113159_V06,-10.413,0.072,331.147,114.228,10.808,-102.023,32.781,5404.099,94182.735,20170614_063159,479169,102,35037,74
1,KMAF20170614_114147_V06,-0.613,0.100,333.807,115.632,20.609,-102.008,32.774,10304.680,93721.050,20170614_064147,479170,135,38737,109
1,KMAF20170614_120121_V06,18.954,0.103,333.243,121.494,30.872,-102.012,32.748,15436.170,90787.363,20170614_070121,479182,158,40554,123
1,KMAF20170614_121109_V06,28.754,0.053,339.951,113.314,32.014,-101.976,32.785,16006.906,95456.452,20170614_071109,479172,158,39640,125
1,KMAF20170615_104852_V06,-53.610,0.404,433.825,344.712,6.703,-101.483,31.740,3351.732,70548.571,20170615_054852,479172,111,32496,82
1,KMAF20170615_110828_V06,-34.010,0.080,434.052,344.812,12.448,-101.482,31.739,6223.979,70671.943,20170615_060828,479178,113,28404,97
5,KMAF20170615_110828_V06,-34.010,0.241,173.195,287.608,8.305,-102.860,31.997,4152.382,63704.539,20170615_060828,479178,113,28404,97
1,KMAF20170617_110207_V06,-40.589,0.128,433.623,344.703,4.791,-101.484,31.740,2395.723,70451.280,20170617_060207,479172,107,55486,68
1,KMAF20170617_111155_V06,-30.789,0.050,433.770,344.776,12.490,-101.483,31.739,6244.987,70532.657,20170617_061155,479175,126,50904,80
2,KMAF20170617_121234_V06,29.861,0.086,99.278,328.112,28.296,-103.249,31.812,14148.089,101340.475,20170617_071234,479178,154,38393,111
3,KMAF20170617_130129_V06,78.778,0.127,387.242,104.775,2.937,-101.723,32.823,1468.449,106916.037,20170617_080129,479164,1429,64768,1075
2,KMAF20170618_104715_V06,-55.605,0.096,433.755,345.919,2.821,-101.483,31.734,1410.646,70709.099,20170618_054715,479172,59,50480,48
2,KMAF20170618_110650_V06,-36.021,0.057,432.282,345.069,10.524,-101.491,31.738,5261.846,69874.260,20170618_060650,479171,81,49418,46
4,KMAF20170618_114754_V06,5.045,0.144,43.306,248.353,56.700,-103.550,32.169,28349.751,130918.856,20170618_064754,479168,77,47337,39
4,KMAF20170618_120728_V06,24.612,0.051,40.112,244.015,73.072,-103.567,32.188,36536.225,132924.766,20170618_070728,479170,114,56760,63
3,KMAF20170618_110650_V06,-36.021,0.112,154.028,97.070,13.482,-102.969,32.856,6740.974,124988.480,20170618_060650,479171,81,49418,46
1,KMAF20170620_113330_V06,-9.719,0.083,336.718,121.755,2.355,-101.993,32.747,1177.441,90993.933,20170620_063330,479176,150,46501,121
1,KMAF20170621_124021_V06,56.916,0.112,89.758,79.211,8.124,-103.313,32.934,4061.890,152437.939,20170621_074021,479171,166,38089,145
9,KMAF20170623_110040_V06,-43.261,0.102,45.583,375.496,8.821,-103.529,31.596,4410.602,132691.202,20170623_060040,479187,153,47390,120
12,KMAF20170626_112608_V06,-18.682,0.227,45.194,286.847,41.311,-103.537,31.995,20655.293,127572.698,20170626_062608,479177,8466,265514,812
12,KMAF20170626_113057_V06,-13.866,0.565,45.477,284.270,48.497,-103.536,32.007,24248.652,127504.280,20170626_063057,479181,7359,263270,777
12,KMAF20170626_113544_V06,-9.082,0.522,49.452,286.483,47.525,-103.515,31.997,23762.364,125456.123,20170626_063544,479176,7311,261927,861
12,KMAF20170626_114032_V06,-4.282,0.317,55.856,297.874,38.316,-103.480,31.946,19158.123,122076.854,20170626_064032,479183,6582,260958,856
12,KMAF20170626_114521_V06,0.534,0.065,55.635,299.644,45.057,-103.481,31.938,22528.438,122182.754,20170626_064521,479182,6170,259297,780
14,KMAF20170626_113057_V06,-13.866,0.056,21.572,350.372,17.468,-103.658,31.708,8734.047,141473.922,20170626_063057,479181,7359,263270,777
14,KMAF20170626_113544_V06,-9.082,0.361,22.520,350.939,23.809,-103.653,31.705,11904.508,141058.572,20170626_063544,479176,7311,261927,861
10,KMAF20170626_112120_V06,-23.482,0.080,44.936,259.487,58.405,-103.540,32.119,29202.280,129130.860,20170626_062120,479180,8947,266482,722
25,KMAF20170626_124751_V06,63.034,0.280,404.505,22.240,18.882,-101.629,33.194,9441.067,148384.720,20170626_074751,479168,2237,179798,451
5,KMAF20170627_122141_V06,36.534,0.093,17.537,231.961,25.145,-103.687,32.241,12572.281,145270.863,20170627_072141,479168,140,49056,122
5,KMAF20170627_122638_V06,41.484,0.124,18.090,230.088,31.635,-103.685,32.250,15817.386,145224.717,20170627_072638,479169,142,48611,110
5,KMAF20170627_123134_V06,46.417,0.275,19.264,223.202,31.124,-103.679,32.281,15562.224,145525.211,20170627_073134,479168,139,49390,113
5,KMAF20170627_123822_V06,53.217,0.067,21.892,206.880,33.098,-103.666,32.355,16548.752,146641.960,20170627_073822,479183,159,50420,125
5,KMAF20170627_125003_V06,64.901,0.072,26.208,196.106,42.700,-103.644,32.403,21350.199,146420.733,20170627_075003,479168,112,54865,99
2,KMAF20170627_111011_V06,-34.966,0.087,25.336,234.923,30.786,-103.646,32.228,15392.853,141134.173,20170627_061011,479174,148,47828,128
2,KMAF20170627_111350_V06,-31.316,0.086,25.942,234.254,35.787,-103.643,32.231,17893.382,140916.985,20170627_061350,479172,154,44774,126
1,KMAF20170627_110322_V06,-41.783,0.117,25.312,246.683,31.144,-103.645,32.175,15572.178,139907.136,20170627_060322,479196,151,51596,119
2,KMAF20170628_130020_V06,74.832,0.303,391.430,73.243,21.415,-101.700,32.965,10707.378,122247.831,20170628_080020,479165,187,39352,131
2,KMAF20170628_130517_V06,79.782,0.127,393.580,73.658,26.987,-101.688,32.963,13493.487,122462.077,20170628_080517,479173,201,39825,153
1,KMAF20170628_121348_V06,28.299,0.233,399.650,67.273,8.145,-101.656,32.992,4072.601,126582.201,20170628_071348,479163,160,39255,129
1,KMAF20170630_104847_V06,-57.472,0.099,434.173,344.419,5.478,-101.481,31.741,2738.892,70667.216,20170630_054847,479171,99,36010,73
2,KMAF20170702_111132_V06,-35.542,0.084,102.468,107.648,9.287,-103.243,32.806,4643.517,137857.017,20170702_061132,479171,927,103170,120
11,KMAF20170702_121420_V06,27.258,0.103,502.039,139.770,9.528,-101.112,32.661,4763.828,128931.717,20170702_071420,479164,293,69242,217
15,KMAF20170705_123828_V06,50.048,0.177,57.948,204.851,73.219,-103.475,32.366,36609.264,130040.644,20170705_073828,479185,599,47417,269
15,KMAF20170705_124154_V06,53.481,0.592,58.390,207.326,76.753,-103.472,32.355,38376.402,129386.934,20170705_074154,479167,629,48068,319
15,KMAF20170705_124520_V06,56.914,0.591,61.266,209.588,79.475,-103.457,32.345,39737.477,127640.108,20170705_074520,479178,584,48282,250
15,KMAF20170705_124844_V06,60.314,0.349,65.625,229.749,71.374,-103.433,32.254,35686.798,122338.406,20170705_074844,479182,496,48215,238
15,KMAF20170705_125210_V06,63.748,0.334,65.565,230.811,75.589,-103.433,32.249,37794.554,122215.676,20170705_075210,479175,472,49886,244
5,KMAF20170705_110233_V06,-45.869,0.094,34.024,235.477,31.103,-103.600,32.226,15551.580,136845.214,20170705_060233,479171,662,71201,420
5,KMAF20170705_110557_V06,-42.469,0.119,33.895,236.010,35.690,-103.600,32.224,17845.234,136845.267,20170705_060557,479117,637,69208,397
1,KMAF20170705_104829_V06,-59.936,0.134,380.216,127.544,8.245,-101.761,32.720,4122.677,95099.198,20170705_054829,479166,539,68345,196
2,KMAF20170705_104829_V06,-59.936,0.050,420.033,529.368,9.437,-101.561,30.907,4718.369,129438.917,20170705_054829,479166,539,68345,196
4,KMAF20170705_105544_V06,-52.686,0.075,28.540,207.815,46.199,-103.631,32.351,23099.401,143342.807,20170705_055544,479187,529,70621,341
10,KMAF20170705_114217_V06,-6.136,0.115,103.098,97.842,15.835,-103.241,32.850,7917.483,141101.290,20170705_064217,479171,1826,61239,697
11,KMAF20170705_120318_V06,14.881,0.062,42.832,191.418,71.762,-103.556,32.426,35880.836,139575.892,20170705_070318,479163,2139,52532,584
12,KMAF20170705_121022_V06,21.948,0.084,22.836,348.491,14.313,-103.651,31.716,7156.414,140687.129,20170705_071022,479158,1276,50814,396
13,KMAF20170705_121732_V06,29.114,0.054,49.031,247.695,38.978,-103.519,32.172,19488.777,128180.554,20170705_071732,479174,783,49964,392
13,KMAF20170705_122107_V06,32.698,0.176,52.625,258.047,32.770,-103.500,32.126,16384.754,125453.628,20170705_072107,479174,605,48718,298
17,KMAF20170705_125210_V06,63.748,0.175,298.708,385.868,22.969,-102.196,31.556,11484.745,42938.668,20170705_075210,479175,472,49886,244
17,KMAF20170705_125535_V06,67.164,0.090,293.792,384.114,17.809,-102.222,31.564,8904.257,42171.485,20170705_075535,479177,430,50004,251
4,KMAF20170707_112251_V06,-26.534,0.076,174.307,287.720,10.219,-102.854,31.997,5109.501,63145.890,20170707_062251,479174,110,37527,75
2,KMAF20170709_112554_V06,-24.500,0.062,464.678,280.326,24.583,-101.317,32.029,12291.622,82924.299,20170709_062554,479165,48,19496,39
3,KMAF20170709_123428_V06,44.066,0.053,174.111,286.814,8.355,-102.855,32.001,4177.261,63288.707,20170709_073428,479168,80,17728,60
4,KMAF20170709_130544_V06,75.333,0.163,314.547,113.340,19.961,-102.111,32.785,9980.682,93612.887,20170709_080544,479175,69,23306,36
1,KMAF20170711_110514_V06,-46.230,0.057,432.194,345.466,8.279,-101.491,31.736,4139.345,69897.197,20170711_060514,479172,68,39122,49
3,KMAF20170714_110326_V06,-49.704,0.063,400.754,331.014,18.845,-101.657,31.802,9422.462,52709.587,20170714_060326,479181,2670,83389,232
3,KMAF20170714_110822_V06,-44.771,0.122,401.983,331.157,26.844,-101.650,31.802,13421.857,53318.253,20170714_060822,479177,2857,85258,205
2,KMAF20170714_110326_V06,-49.704,0.085,372.148,412.590,7.762,-101.809,31.435,3880.981,66861.600,20170714_060326,479181,2670,83389,232
2,KMAF20170715_105441_V06,-59.031,0.094,223.359,79.533,17.140,-102.599,32.937,8569.777,116704.477,20170715_055441,479184,50,64565,39
3,KMAF20170716_124331_V06,49.216,0.067,86.949,158.953,55.350,-103.323,32.574,27675.095,127754.600,20170716_074331,479167,500,69514,340
3,KMAF20170716_124711_V06,52.883,0.144,87.511,158.079,61.519,-103.320,32.578,30759.410,127762.404,20170716_074711,479179,415,68400,276
1,KMAF20170716_120311_V06,8.883,0.124,112.525,143.578,40.956,-103.188,32.645,20478.184,122080.601,20170716_070311,479184,1113,73051,831
2,KMAF20170716_120311_V06,8.883,0.119,182.223,297.477,22.007,-102.812,31.953,11003.496,58902.044,20170716_070311,479184,1113,73051,831
2,KMAF20170717_121216_V06,17.372,0.077,489.087,537.847,31.710,-101.200,30.867,15854.769,151925.324,20170717_071216,479173,191,57017,134
3,KMAF20170720_120624_V06,9.677,0.170,45.708,195.330,15.830,-103.540,32.408,7915.248,137495.365,20170720_070624,479168,170,18997,134
3,KMAF20170720_121611_V06,19.460,0.108,42.205,198.530,27.467,-103.559,32.393,13733.497,138523.154,20170720_071611,479175,181,15018,143
4,KMAF20170720_124531_V06,48.794,0.074,41.264,206.829,27.728,-103.563,32.356,13863.905,137500.048,20170720_074531,479173,172,15126,149
1,KMAF20170724_111628_V06,-42.777,0.062,379.864,124.977,5.130,-101.763,32.732,2564.999,96191.585,20170724_061628,479174,472,34829,321
1,KMAF20170724_112614_V06,-33.011,0.089,380.214,125.514,12.611,-101.761,32.729,6305.443,96020.451,20170724_062614,479172,520,32740,365
2,KMAF20170724_114747_V06,-11.461,0.387,410.653,304.466,16.170,-101.604,31.922,8084.980,55371.341,20170724_064747,479171,766,32366,574
3,KMAF20170724_120719_V06,8.073,0.180,252.062,525.399,7.390,-102.440,30.927,3694.824,115220.180,20170724_070719,479172,698,33031,519
1,KMAF20170725_110118_V06,-58.585,0.129,173.994,290.124,4.807,-102.856,31.986,2403.536,63196.021,20170725_060118,479172,182,37181,156
3,KMAF20170725_110118_V06,-58.585,0.087,380.297,123.311,2.848,-101.761,32.739,1423.771,97039.425,20170725_060118,479172,182,37181,156
4,KMAF20170725_110118_V06,-58.585,0.077,434.286,343.206,6.525,-101.480,31.747,3262.644,70532.892,20170725_060118,479172,182,37181,156
6,KMAF20170725_120159_V06,2.098,0.078,29.629,415.706,52.013,-103.611,31.414,26006.432,147044.292,20170725_070159,479174,202,40690,178
7,KMAF20170725_124103_V06,41.165,0.090,423.759,124.580,5.870,-101.529,32.733,2935.059,107341.115,20170725_074103,479178,153,36293,112
4,KMAF20170730_121929_V06,16.348,0.062,136.737,361.253,9.866,-103.050,31.664,4933.043,87187.739,20170730_071929,479170,950,53339,702
4,KMAF20170730_123113_V06,28.082,0.053,137.633,360.184,21.232,-103.045,31.669,10616.174,86580.971,20170730_073113,479173,921,49734,673
1,KMAF20170730_114025_V06,-22.718,0.550,400.213,91.207,6.216,-101.653,32.884,3107.841,115798.292,20170730_064025,479169,1364,58450,1070
2,KMAF20170730_114025_V06,-22.718,0.252,382.643,125.481,6.469,-101.748,32.729,3234.550,96548.996,20170730_064025,479169,1364,58450,1070
3,KMAF20170730_121929_V06,16.348,0.182,398.891,404.030,13.331,-101.669,31.473,6665.585,71766.581,20170730_071929,479170,950,53339,702
2,KMAF20170731_110404_V06,-59.724,0.071,432.921,343.946,6.502,-101.487,31.743,3250.875,69998.501,20170731_060404,479188,522,63632,128
3,KMAF20170801_115143_V06,-12.730,0.059,23.104,492.901,27.789,-103.640,31.065,13894.629,168732.235,20170801_065143,479180,13603,214554,903
2,KMAF20170803_121407_V06,8.355,0.106,29.062,417.751,50.709,-103.613,31.404,25354.643,147709.933,20170803_071407,479173,124,84887,106
2,KMAF20170803_122353_V06,18.121,-1.000,29.062,417.751,66.238,-103.613,31.404,33119.143,147709.933,20170803_072353,479167,154,78054,118
2,KMAF20170803_123340_V06,27.905,0.102,26.195,418.636,48.356,-103.628,31.400,24177.868,149200.966,20170803_073340,479174,135,77958,95
1,KMAF20170804_110823_V06,-58.037,0.200,175.707,289.953,8.299,-102.846,31.987,4149.641,62349.061,20170804_060823,479189,469,47543,345
2,KMAF20170804_120445_V06,-1.670,0.602,196.850,280.541,25.758,-102.735,32.030,12878.782,52484.917,20170804_070445,479179,1184,56986,814
4,KMAF20170804_120825_V06,1.997,0.225,104.021,192.486,15.270,-103.231,32.424,7635.137,111766.439,20170804_070825,479166,1163,58266,824
5,KMAF20170804_131041_V06,64.263,0.051,121.302,355.249,18.841,-103.131,31.691,9420.571,93521.908,20170804_081041,479180,886,62204,656
1,KMAF20170805_111301_V06,-54.061,0.246,433.770,344.062,6.436,-101.483,31.743,3217.964,70419.822,20170805_061301,479179,158,23186,116
4,KMAF20170805_111301_V06,-54.061,0.052,181.887,71.450,8.625,-102.821,32.972,4312.603,128632.991,20170805_061301,479179,158,23186,116
4,KMAF20170807_111654_V06,-51.493,0.124,444.837,423.288,10.720,-101.428,31.385,5360.123,95102.266,20170807_061654,479189,443,76599,142
4,KMAF20170807_112143_V06,-46.676,0.056,445.606,423.545,16.709,-101.424,31.384,8354.499,95478.432,20170807_062143,479183,414,76717,123
4,KMAF20170807_112631_V06,-41.876,-1.000,446.216,423.748,23.019,-101.420,31.383,11509.469,95776.440,20170807_062631,479178,436,78000,154
4,KMAF20170807_113119_V06,-37.076,0.051,432.883,434.349,9.956,-101.491,31.336,4978.067,94482.157,20170807_063119,479181,401,80218,143
4,KMAF20170807_113606_V06,-32.293,0.141,432.812,435.655,16.580,-101.491,31.330,8289.816,94922.790,20170807_063606,479187,330,82230,122
4,KMAF20170807_114055_V06,-27.476,0.588,432.684,444.919,14.598,-101.492,31.288,7298.948,98242.904,20170807_064055,479172,332,82642,156
4,KMAF20170807_114537_V06,-22.776,0.395,432.872,445.640,19.621,-101.491,31.285,9810.290,98572.350,20170807_064537,479179,301,81119,139
16,KMAF20170807_122312_V06,14.807,0.060,434.182,344.773,8.240,-101.481,31.739,4120.085,70727.357,20170807_072312,479167,358,54394,187
9,KMAF20170808_132454_V06,75.851,0.283,269.142,417.656,13.044,-102.351,31.413,6521.942,60817.678,20170808_082454,479170,675,56402,172
1,KMAF20170809_111337_V06,-56.089,0.085,171.403,286.897,7.017,-102.869,32.001,3508.432,64631.546,20170809_061337,479166,88,24908,79
2,KMAF20170809_111337_V06,-56.089,0.050,187.342,291.028,10.326,-102.785,31.982,5162.958,56507.175,20170809_061337,479166,88,24908,79
1,KMAF20170811_113251_V06,-38.164,0.064,291.454,328.823,13.547,-102.234,31.813,6773.430,15031.449,20170811_063251,479169,82,14965,66
5,KMAF20170815_113228_V06,-41.152,0.061,20.439,347.769,21.129,-103.664,31.719,10564.348,141806.646,20170815_063228,479176,751,64205,206
5,KMAF20170815_113553_V06,-37.736,0.069,21.084,348.054,26.341,-103.660,31.718,13170.449,141512.711,20170815_063553,479167,743,64314,211
6,KMAF20170815_114447_V06,-28.836,0.052,18.515,476.898,27.245,-103.665,31.137,13622.741,166227.609,20170815_064447,479184,653,65419,209
6,KMAF20170815_114816_V06,-25.352,0.111,18.862,477.066,32.296,-103.663,31.136,16148.153,166125.572,20170815_064816,479180,620,65066,224
15,KMAF20170815_133451_V06,81.231,0.077,11.650,255.061,13.393,-103.717,32.137,6696.723,145915.528,20170815_083451,479180,2567,95448,133
15,KMAF20170815_134022_V06,86.748,0.170,12.381,254.847,19.951,-103.713,32.138,9975.391,145570.974,20170815_084022,479185,2719,98147,198
1,KMAF20170815_111525_V06,-58.202,0.072,433.543,343.168,6.530,-101.484,31.747,3265.038,70173.363,20170815_061525,479177,549,64308,146
2,KMAF20170815_111849_V06,-54.802,0.052,182.704,292.264,10.853,-102.809,31.977,5426.336,58775.244,20170815_061849,479180,606,63936,163
4,KMAF20170815_113228_V06,-41.152,0.078,14.731,467.268,21.250,-103.685,31.180,10625.135,165345.761,20170815_063228,479176,751,64205,206
1,KMAF20170817_111627_V06,-58.463,0.117,434.360,344.172,5.290,-101.480,31.742,2645.033,70717.186,20170817_061627,479187,219,62213,173
1,KMAF20170818_130007_V06,44.558,0.069,399.692,81.636,12.725,-101.656,32.927,6362.438,120022.298,20170818_080007,479177,137,21638,101
2,KMAF20170819_113737_V06,-38.585,0.109,251.806,526.582,8.048,-102.441,30.921,4024.209,115825.382,20170819_063737,479169,134,26097,107
2,KMAF20170819_114924_V06,-26.801,0.139,244.482,545.616,16.578,-102.479,30.835,8289.064,125906.235,20170819_064924,479177,109,20426,79
1,KMAF20170820_111702_V06,-59.809,0.061,432.112,344.899,6.504,-101.492,31.739,3251.949,69766.599,20170820_061702,479177,247,32850,186
2,KMAF20170820_112159_V06,-54.859,0.129,240.718,402.297,13.246,-102.501,31.482,6622.753,59116.428,20170820_062159,479175,196,31637,155
3,KMAF20170821_114641_V06,-30.798,0.148,255.381,527.473,9.658,-102.422,30.917,4829.146,115904.093,20170821_064641,479177,267,60827,200
3,KMAF20170821_115020_V06,-27.148,0.255,255.686,527.456,14.366,-102.421,30.917,7183.016,115866.505,20170821_065020,479183,292,56804,208
5,KMAF20170821_124551_V06,28.369,0.120,35.381,113.596,39.730,-103.601,32.776,19865.089,161840.848,20170821_074551,479161,343,36784,232
11,KMAF20170823_131914_V06,60.480,0.183,299.307,331.302,21.586,-102.193,31.802,10792.873,15655.025,20170823_081914,479170,1798,91255,230
2,KMAF20170824_122255_V06,3.531,0.306,275.143,323.319,21.288,-102.320,31.838,10644.009,17041.341,20170824_072255,479174,578,66296,160
3,KMAF20170824_122255_V06,3.531,0.098,414.952,72.102,16.822,-101.574,32.969,8410.873,127623.930,20170824_072255,479174,578,66296,160
2,KMAF20170825_120407_V06,-15.899,0.123,318.868,133.190,2.221,-102.088,32.695,1110.291,83936.582,20170825_070407,479173,271,28991,206
4,KMAF20170825_121842_V06,-1.316,0.053,276.057,320.872,16.117,-102.315,31.849,8058.578,15881.860,20170825_071842,479184,227,47764,173
4,KMAF20170826_123233_V06,11.906,0.361,272.681,327.362,23.911,-102.333,31.820,11955.748,19332.605,20170826_073233,479168,101,39599,76
1,KMAF20170827_112522_V06,-55.903,0.100,434.277,345.115,8.643,-101.480,31.738,4321.627,70826.907,20170827_062522,479166,74,56351,51
2,KMAF20170827_123540_V06,14.397,0.057,280.625,337.265,28.062,-102.291,31.775,14031.221,21000.547,20170827_073540,479175,34,47938,25
1,KMAF20170828_121827_V06,-3.443,0.708,319.176,137.278,9.864,-102.087,32.677,4931.942,81924.122,20170828_071827,479170,137,42373,115
1,KMAF20170828_122814_V06,6.341,0.114,317.582,139.026,20.488,-102.095,32.669,10244.021,80965.460,20170828_072814,479175,154,50012,116
1,KMAF20170829_112433_V06,-57.964,0.166,251.922,524.991,6.419,-102.440,30.928,3209.523,115035.099,20170829_062433,479167,417,37163,321
2,KMAF20170829_121523_V06,-7.131,0.054,303.933,412.752,11.530,-102.168,31.435,5764.801,56410.391,20170829_071523,479173,560,44294,407
3,KMAF20170829_122509_V06,2.636,0.287,37.787,447.751,67.261,-103.566,31.270,33630.615,150487.421,20170829_072509,479168,583,55540,440
3,KMAF20170829_123456_V06,12.419,0.202,33.968,440.165,58.337,-103.586,31.304,29168.383,150348.806,20170829_073456,479164,548,56214,427
1,KMAF20170830_120950_V06,-13.299,0.350,344.944,103.376,7.380,-101.949,32.830,3689.823,100847.656,20170830_070950,479161,372,50812,238
1,KMAF20170901_112745_V06,-56.615,0.114,171.605,288.993,8.291,-102.868,31.991,4145.414,64433.053,20170901_062745,479169,87,36758,65
3,KMAF20170901_112745_V06,-56.615,0.061,181.521,289.488,9.018,-102.816,31.989,4509.186,59472.117,20170901_062745,479169,87,36758,65
4,KMAF20170901_123830_V06,14.135,0.050,29.253,420.037,53.588,-103.612,31.394,26794.090,148081.889,20170901_073830,479181,150,83580,120
1,KMAF20170903_122152_V06,-3.723,0.282,325.970,153.839,22.211,-102.051,32.602,11105.640,74225.388,20170903_072152,479179,134,75381,62
1,KMAF20170904_123433_V06,8.351,0.062,28.282,417.192,49.899,-103.618,31.407,24949.722,147956.524,20170904_073433,479180,66,77464,45
1,KMAF20170907_113726_V06,-50.590,0.250,435.137,346.306,8.862,-101.476,31.733,4431.112,71425.212,20170907_063726,479172,120,50684,101
1,KMAF20170909_113605_V06,-53.152,0.113,171.236,285.791,8.391,-102.870,32.006,4195.490,64772.703,20170909_063605,479167,57,24986,48
2,KMAF20170909_113605_V06,-53.152,0.090,431.965,345.574,2.692,-101.493,31.736,1346.081,69806.253,20170909_063605,479167,57,24986,48
1,KMAF20170910_121842_V06,-11.141,0.098,258.513,124.410,2.405,-102.410,32.735,1202.423,90212.213,20170910_071842,479176,64,35407,55
1,KMAF20170912_122929_V06,-1.570,0.923,325.378,124.784,9.192,-102.054,32.733,4596.088,88522.076,20170912_072929,479179,197,38531,144
1,KMAF20170912_123916_V06,8.213,0.856,328.064,126.187,16.987,-102.039,32.727,8493.511,88032.171,20170912_073916,479174,246,47983,162
1,KMAF20170912_124903_V06,17.997,0.310,332.545,131.217,25.275,-102.015,32.704,12637.324,85946.150,20170912_074903,479181,236,53381,200
2,KMAF20170912_122929_V06,-1.570,0.124,330.421,154.107,8.123,-102.027,32.601,4061.356,74515.547,20170912_072929,479179,197,38531,144
1,KMAF20170914_123559_V06,3.715,0.575,341.199,140.530,9.632,-101.969,32.662,4815.857,82352.802,20170914_073559,479177,167,120064,133
1,KMAF20170914_124546_V06,13.498,0.245,342.574,140.901,19.017,-101.962,32.660,9508.303,82348.531,20170914_074546,479158,154,125755,126
1,KMAF20170915_123306_V06,0.223,0.243,289.377,125.743,10.495,-102.246,32.729,5247.303,87290.212,20170915_073306,479181,1397,148636,175
1,KMAF20170915_123739_V06,4.773,0.296,290.332,126.585,18.113,-102.240,32.725,9056.429,86842.188,20170915_073739,479160,1503,151554,224
1,KMAF20170915_124212_V06,9.323,0.329,296.446,128.334,22.262,-102.208,32.717,11130.957,85851.201,20170915_074212,479188,1651,154489,230
11,KMAF20170916_125107_V06,17.630,0.061,343.690,108.309,17.142,-101.956,32.807,8571.030,98303.599,20170916_075107,479175,152,77947,114
1,KMAF20170917_123517_V06,1.185,0.090,326.053,105.818,7.297,-102.050,32.819,3648.743,97960.867,20170917_073517,479177,72,47788,29
10,KMAF20170919_132811_V06,52.859,0.291,17.966,343.152,24.534,-103.677,31.740,12266.924,142657.851,20170919_082811,479193,1128,94389,573
10,KMAF20170919_133231_V06,57.192,0.088,19.159,341.651,31.556,-103.671,31.747,15778.027,141956.313,20170919_083231,479174,1223,94808,628
1,KMAF20170919_113738_V06,-57.691,0.067,178.675,290.735,8.532,-102.831,31.983,4265.877,60838.973,20170919_063738,479178,709,75970,273
2,KMAF20170919_113738_V06,-57.691,0.061,113.385,189.825,8.750,-103.181,32.436,4374.866,108355.577,20170919_063738,479178,709,75970,273
3,KMAF20170919_114226_V06,-52.891,0.237,464.550,66.916,12.782,-101.309,32.991,6390.759,142657.649,20170919_064226,479176,753,75614,266
6,KMAF20170919_115203_V06,-43.275,0.174,396.993,341.822,11.716,-101.677,31.754,5857.754,52812.840,20170919_065203,479169,792,75864,249
2,KMAF20170920_122042_V06,-15.240,0.239,322.761,124.422,4.486,-102.067,32.735,2242.775,88523.656,20170920_072042,479164,217,93182,160
2,KMAF20170920_122539_V06,-10.290,0.054,323.819,123.022,10.832,-102.062,32.741,5416.098,89286.783,20170920_072539,479170,267,95676,183
2,KMAF20170920_123036_V06,-5.340,-1.000,324.670,121.898,17.479,-102.057,32.746,8739.296,89901.310,20170920_073036,479171,230,93545,152
2,KMAF20170920_123533_V06,-0.390,0.061,326.935,123.706,26.357,-102.045,32.738,13178.707,89169.769,20170920_073533,479180,248,91220,174
2,KMAF20170920_124030_V06,4.560,0.056,333.400,123.019,31.835,-102.011,32.741,15917.669,90052.452,20170920_074030,479174,282,89570,201
1,KMAF20170920_114407_V06,-51.824,0.054,395.241,69.311,6.549,-101.679,32.982,3274.605,124788.072,20170920_064407,479180,180,81514,142
1,KMAF20170921_123738_V06,1.075,0.381,331.591,120.454,18.647,-102.020,32.753,9323.711,91152.141,20170921_073738,479167,215,72492,156
2,KMAF20170921_133202_V06,55.475,0.258,277.315,326.291,23.612,-102.309,31.825,11805.925,17362.575,20170921_083202,479175,199,70766,144
2,KMAF20170922_114737_V06,-49.561,0.227,24.592,237.702,35.934,-103.650,32.216,17967.104,141182.962,20170922_064737,479165,131,35816,104
2,KMAF20170922_115233_V06,-44.627,0.071,24.890,235.504,41.523,-103.648,32.226,20761.561,141284.432,20170922_065233,479171,164,34466,127
2,KMAF20170922_120227_V06,-34.727,-1.000,25.370,231.965,53.634,-103.646,32.242,26816.860,141465.902,20170922_070227,479175,119,33664,91
2,KMAF20170922_120724_V06,-29.777,-1.000,25.610,230.196,59.689,-103.645,32.250,29844.509,141564.995,20170922_070724,479166,140,31422,98
2,KMAF20170922_121158_V06,-25.211,-1.000,25.831,228.564,65.275,-103.644,32.257,32637.694,141661.343,20170922_071158,479172,128,30523,108
2,KMAF20170922_122340_V06,-13.511,0.057,46.893,182.908,77.496,-103.535,32.464,38747.866,139439.696,20170922_072340,479172,169,28209,155
2,KMAF20170922_123326_V06,-3.744,0.399,51.280,170.725,72.708,-103.512,32.519,36353.767,140155.091,20170922_073326,479184,141,24381,132
2,KMAF20170922_124314_V06,6.056,0.297,53.652,173.297,75.435,-103.500,32.508,37717.306,138510.645,20170922_074314,479175,154,22637,130
2,KMAF20170922_130249_V06,25.639,0.083,66.153,181.197,82.822,-103.433,32.473,41410.794,131147.491,20170922_080249,479167,181,25529,138
2,KMAF20170922_131237_V06,35.439,0.062,71.958,174.203,77.284,-103.402,32.505,38642.103,130219.145,20170922_081237,479173,167,28072,133
1,KMAF20170922_113743_V06,-59.461,0.141,164.439,518.712,14.349,-102.898,30.955,7174.646,128658.403,20170922_063743,479170,133,36842,114
1,KMAF20170922_114241_V06,-54.494,0.277,164.677,518.630,20.477,-102.897,30.955,10238.406,128560.945,20170922_064241,479164,162,35899,124
4,KMAF20170922_121158_V06,-25.211,0.059,40.054,193.257,73.968,-103.571,32.417,36984.131,140504.406,20170922_071158,479172,128,30523,108
1,KMAF20170923_130747_V06,29.984,0.052,344.950,150.011,6.924,-101.949,32.619,3462.234,78290.031,20170923_080747,479167,100,13026,84
7,KMAF20170924_123734_V06,-0.856,0.521,313.055,344.028,16.006,-102.120,31.745,8003.168,22961.302,20170924_073734,479182,541,61396,121
7,KMAF20170924_124059_V06,2.561,0.370,314.260,343.538,20.378,-102.114,31.747,10188.765,22906.857,20170924_074059,479174,422,58660,106
7,KMAF20170924_124425_V06,5.994,0.089,317.741,347.166,25.743,-102.095,31.731,12871.283,25196.002,20170924_074425,479172,433,56857,115
8,KMAF20170924_124059_V06,2.561,0.484,386.171,190.328,8.223,-101.731,32.437,4111.286,69737.715,20170924_074059,479174,422,58660,106
8,KMAF20170924_124425_V06,5.994,0.424,386.096,189.615,12.599,-101.731,32.440,6299.588,69995.460,20170924_074425,479172,433,56857,115
8,KMAF20170924_124750_V06,9.411,0.227,386.687,185.748,13.923,-101.728,32.458,6961.687,71708.255,20170924_074750,479181,366,53948,98
6,KMAF20170924_123044_V06,-7.689,0.051,452.961,170.375,26.763,-101.375,32.525,13381.676,100249.069,20170924_073044,479161,1077,67401,256
14,KMAF20170924_133545_V06,57.327,0.161,277.011,328.831,18.757,-102.310,31.813,9378.584,18437.123,20170924_083545,479184,296,40242,135
6,KMAF20170925_125242_V06,13.651,0.066,258.320,421.734,14.751,-102.408,31.394,7375.296,64335.930,20170925_075242,479180,3332,88585,203
3,KMAF20170927_124736_V06,7.291,0.143,275.553,329.310,13.241,-102.318,31.811,6620.724,19083.575,20170927_074736,479190,763,120252,156
3,KMAF20170927_125101_V06,10.708,0.260,275.745,329.233,18.340,-102.317,31.811,9170.026,18992.540,20170927_075101,479194,777,118622,168
3,KMAF20170927_125427_V06,14.141,0.632,277.337,331.039,21.662,-102.309,31.803,10830.947,19216.031,20170927_075427,479183,771,117856,172
3,KMAF20170927_130117_V06,20.975,0.599,278.532,332.193,20.886,-102.302,31.798,10442.803,19347.308,20170927_080117,479167,703,117018,174
3,KMAF20170927_130441_V06,24.375,0.791,280.093,335.901,22.788,-102.294,31.781,11394.186,20525.251,20170927_080441,479171,675,117729,148
1,KMAF20170929_114633_V06,-55.031,0.060,421.212,427.724,11.860,-101.552,31.366,5929.976,88042.070,20170929_064633,479182,164,92890,134
1,KMAF20170929_115201_V06,-49.564,0.268,421.306,427.844,18.103,-101.551,31.365,9051.318,88118.112,20170929_065201,479171,174,93011,133
1,KMAF20170929_115530_V06,-46.081,0.150,421.036,426.724,11.737,-101.553,31.370,5868.555,87619.699,20170929_065530,479183,165,92778,132
1,KMAF20170929_120225_V06,-39.164,0.164,421.377,427.339,19.979,-101.551,31.368,9989.593,87959.885,20170929_070225,479186,170,93254,139
1,KMAF20170930_120716_V06,-34.955,0.096,504.758,307.195,46.131,-101.107,31.906,23065.508,102442.087,20170930_070716,479188,122,71875,98
2,KMAF20170930_120716_V06,-34.955,0.051,419.234,376.301,14.857,-101.561,31.598,7428.623,70779.126,20170930_070716,479188,122,71875,98
1,KMAF20171001_124515_V06,2.384,0.380,274.640,320.920,14.913,-102.323,31.849,7456.551,16437.323,20171001_074515,479180,110,32304,86
1,KMAF20171003_124033_V06,-3.617,0.057,42.624,250.792,66.821,-103.553,32.158,33410.412,131018.984,20171003_074033,479173,162,74383,129
6,KMAF20171004_130038_V06,15.810,0.062,233.014,127.124,18.293,-102.546,32.722,9146.280,92699.944,20171004_080038,479167,180,74099,115
11,KMAF20171004_140451_V06,80.027,0.121,414.463,377.942,44.166,-101.586,31.590,22083.242,69239.969,20171004_090451,479173,143,83857,110
1,KMAF20171005_140231_V06,77.032,0.059,281.313,332.731,22.580,-102.288,31.796,11289.873,18844.969,20171005_090231,479177,172,32038,115
1,KMAF20171006_120456_V06,-41.217,0.072,264.442,313.430,20.986,-102.377,31.883,10492.992,19004.627,20171006_070456,479179,157,64535,129
2,KMAF20171006_130703_V06,20.900,0.164,395.184,191.318,15.984,-101.683,32.432,7992.199,72235.416,20171006_080703,479178,165,67839,134
1,KMAF20171007_123825_V06,-8.405,0.267,386.466,212.267,7.912,-101.730,32.338,3956.013,61590.395,20171007_073825,479183,180,62689,134
1,KMAF20171007_124204_V06,-4.755,0.223,386.198,213.523,13.050,-101.731,32.332,6524.887,61050.016,20171007_074204,479169,150,64621,120
1,KMAF20171007_124543_V06,-1.105,0.334,382.127,218.779,16.308,-101.753,32.309,8153.914,57753.110,20171007_074543,479182,159,66964,127
1,KMAF20171007_124923_V06,2.562,-1.000,379.052,222.912,20.126,-101.769,32.290,10062.882,55208.182,20171007_074923,479173,170,69942,136
1,KMAF20171007_125302_V06,6.212,0.065,377.245,231.025,18.914,-101.779,32.254,9456.938,51779.335,20171007_075302,479162,164,71653,132
3,KMAF20171007_124923_V06,2.562,0.060,381.689,230.157,13.189,-101.755,32.258,6594.566,53737.997,20171007_074923,479173,170,69942,136
4,KMAF20171007_125302_V06,6.212,0.527,105.330,86.288,10.217,-103.229,32.903,5108.255,144541.550,20171007_075302,479162,164,71653,132
1,KMAF20171008_124221_V06,-5.148,0.129,426.778,87.357,14.997,-101.511,32.900,7498.394,123783.760,20171008_074221,479168,107,59438,56
2,KMAF20171008_140044_V06,73.236,0.126,49.930,120.768,8.951,-103.523,32.744,4475.262,153833.433,20171008_090044,479172,54,60945,45
1,KMAF20171009_114932_V06,-58.646,0.059,251.824,222.111,9.059,-102.445,32.294,4529.495,45792.087,20171009_064932,479182,2445,27187,1873
2,KMAF20171009_120906_V06,-39.080,0.091,155.360,381.214,7.541,-102.951,31.575,3770.710,82940.442,20171009_070906,479174,1975,25620,1490
5,KMAF20171009_140639_V06,78.470,0.061,185.574,76.065,2.556,-102.801,32.952,1278.187,125738.231,20171009_090639,479180,1826,24471,1353
1,KMAF20171010_123931_V06,-9.351,0.642,314.603,139.740,7.856,-102.111,32.666,3927.879,80462.088,20171010_073931,479163,163,27101,144
1,KMAF20171011_120754_V06,-41.661,0.086,434.582,344.765,5.696,-101.479,31.739,2848.219,70915.804,20171011_070754,479168,206,39803,159
3,KMAF20171011_124707_V06,-2.445,0.153,316.320,127.783,2.716,-102.102,32.720,1357.967,86494.284,20171011_074707,479174,246,21632,185
4,KMAF20171015_123552_V06,-16.533,0.676,340.047,167.155,7.241,-101.976,32.542,3620.667,69375.085,20171015_073552,479166,10875,135285,938
4,KMAF20171015_124030_V06,-11.899,0.110,340.623,168.960,13.225,-101.973,32.534,6612.487,68596.047,20171015_074030,479172,10463,142993,855
4,KMAF20171015_124509_V06,-7.249,0.144,337.375,171.878,16.296,-101.990,32.521,8148.122,66731.108,20171015_074509,479183,9653,150494,826
4,KMAF20171015_124947_V06,-2.616,0.256,346.563,183.254,17.595,-101.941,32.469,8797.464,62844.701,20171015_074947,479171,9706,153694,860
4,KMAF20171015_125435_V06,2.184,0.064,348.106,192.977,17.324,-101.933,32.426,8662.206,58669.063,20171015_075435,479173,9125,155822,710
13,KMAF20171015_131800_V06,25.601,0.051,186.970,291.054,13.513,-102.787,31.982,6756.712,56691.858,20171015_081800,479171,6938,150097,260
13,KMAF20171015_132234_V06,30.167,0.136,187.537,291.085,19.020,-102.784,31.982,9510.003,56407.843,20171015_082234,479181,6511,149844,255
1,KMAF20171015_121202_V06,-40.366,0.085,362.887,237.391,13.446,-101.855,32.225,6723.083,44369.775,20171015_071202,479183,12588,124433,1050
3,KMAF20171015_123104_V06,-21.333,0.086,364.783,315.081,5.915,-101.847,31.875,2957.340,33257.459,20171015_073104,479181,10624,130133,970
5,KMAF20171015_123552_V06,-16.533,0.228,316.442,231.081,15.918,-102.102,32.254,7958.965,35426.458,20171015_073552,479166,10875,135285,938
7,KMAF20171015_123552_V06,-16.533,0.079,352.060,206.614,39.553,-101.912,32.364,19776.306,53458.458,20171015_073552,479166,10875,135285,938
9,KMAF20171015_124947_V06,-2.616,0.304,379.737,203.087,5.767,-101.765,32.380,2883.503,62749.806,20171015_074947,479171,9706,153694,860
14,KMAF20171015_133630_V06,44.101,0.092,185.201,292.224,13.576,-102.796,31.977,6787.958,57530.965,20171015_083630,479180,6751,149343,295
1,KMAF20171016_123948_V06,-13.325,0.634,386.219,201.684,6.810,-101.731,32.386,3404.823,65383.192,20171016_073948,479172,492,24634,345
1,KMAF20171016_124936_V06,-3.525,0.720,387.109,209.862,16.717,-101.726,32.349,8358.496,62675.466,20171016_074936,479166,641,20708,431
1,KMAF20171016_130911_V06,16.058,0.297,351.777,186.515,25.312,-101.914,32.455,12655.880,62369.337,20171016_080911,479175,778,16365,522
3,KMAF20171016_124936_V06,-3.525,0.770,346.763,171.966,11.731,-101.940,32.520,5865.360,68153.338,20171016_074936,479166,641,20708,431
5,KMAF20171016_124936_V06,-3.525,0.065,284.633,131.846,8.566,-102.271,32.701,4283.070,84427.338,20171016_074936,479166,641,20708,431
6,KMAF20171016_130911_V06,16.058,0.066,410.873,251.178,7.960,-101.601,32.162,3979.763,60572.938,20171016_080911,479175,778,16365,522
7,KMAF20171016_140759_V06,74.858,0.061,344.673,172.217,5.185,-101.951,32.519,2592.537,67683.494,20171016_090759,479174,849,26554,616
2,KMAF20171017_124717_V06,-6.574,0.074,354.013,163.510,13.858,-101.901,32.558,6928.970,73394.451,20171017_074717,479176,785,20363,593
2,KMAF20171017_125705_V06,3.226,0.351,356.538,164.093,24.440,-101.888,32.556,12220.172,73598.849,20171017_075705,479174,755,21320,555
1,KMAF20171017_124717_V06,-6.574,0.433,327.653,106.697,9.750,-102.041,32.815,4874.924,97635.339,20171017_074717,479176,785,20363,593
1,KMAF20171018_120539_V06,-48.946,0.329,435.130,343.734,7.074,-101.476,31.744,3537.214,71015.547,20171018_070539,479174,1351,66161,1180
2,KMAF20171018_124445_V06,-9.846,0.756,183.444,68.277,8.573,-102.812,32.987,4286.659,129692.673,20171018_074445,479165,1056,39626,928
3,KMAF20171018_124445_V06,-9.846,0.339,353.437,154.155,6.752,-101.904,32.601,3376.099,77663.156,20171018_074445,479165,1056,39626,928
1,KMAF20171019_120546_V06,-49.575,0.084,12.157,262.341,20.065,-103.714,32.104,10032.444,145147.987,20171019_070546,479179,172,54630,114
1,KMAF20171019_121104_V06,-44.275,0.120,12.665,262.295,27.074,-103.711,32.104,13536.765,144899.334,20171019_071104,479167,165,53667,135
1,KMAF20171019_121620_V06,-39.008,0.275,16.182,261.172,26.929,-103.693,32.110,13464.410,143230.809,20171019_071620,479197,186,54343,142
1,KMAF20171019_122137_V06,-33.725,-1.000,19.037,260.281,28.382,-103.677,32.114,14190.926,141878.412,20171019_072137,479161,178,53630,133
1,KMAF20171019_122654_V06,-28.442,0.068,22.532,254.964,23.499,-103.659,32.138,11749.635,140549.602,20171019_072654,479171,176,47632,143
3,KMAF20171019_123211_V06,-23.158,0.478,347.496,150.595,6.582,-101.936,32.617,3290.977,78386.529,20171019_073211,479171,199,40634,147
3,KMAF20171019_123729_V06,-17.858,0.652,346.718,150.340,11.269,-101.940,32.618,5634.602,78391.414,20171019_073729,479181,201,36160,159
3,KMAF20171019_124245_V06,-12.592,-1.000,346.081,150.131,16.581,-101.943,32.619,8290.524,78397.005,20171019_074245,479164,173,36243,138
3,KMAF20171019_124802_V06,-7.308,0.130,348.107,154.449,16.661,-101.933,32.599,8330.292,76647.577,20171019_074802,479175,173,35070,129
6,KMAF20171019_124245_V06,-12.592,0.513,347.381,151.603,8.647,-101.936,32.612,4323.624,77888.726,20171019_074245,479164,173,36243,138
7,KMAF20171019_124245_V06,-12.592,0.080,284.485,116.284,5.116,-102.272,32.772,2557.785,92184.878,20171019_074245,479164,173,36243,138
1,KMAF20171020_124743_V06,-8.377,0.202,345.734,159.952,7.829,-101.945,32.575,3914.661,73663.017,20171020_074743,479178,126,54119,93
6,KMAF20171020_140910_V06,73.073,0.058,359.701,56.950,61.536,-101.869,33.039,30768.028,125137.447,20171020_090910,479175,154,21934,107
1,KMAF20171021_130101_V06,4.165,0.817,397.244,158.457,11.806,-101.671,32.580,5902.763,85864.292,20171021_080101,479180,81,51947,69
1,KMAF20171021_131048_V06,13.948,-1.000,397.244,158.457,27.361,-101.671,32.580,13680.513,85864.292,20171021_081048,479168,78,51053,61
1,KMAF20171021_132035_V06,23.732,0.237,408.566,155.278,41.071,-101.611,32.595,20535.465,90458.702,20171021_082035,479168,83,52488,61
3,KMAF20171021_130101_V06,4.165,0.093,320.065,131.744,7.846,-102.082,32.702,3922.958,84723.948,20171021_080101,479180,81,51947,69
4,KMAF20171021_130101_V06,4.165,0.060,390.410,146.165,1.728,-101.707,32.636,864.117,89217.761,20171021_080101,479180,81,51947,69
5,KMAF20171021_131048_V06,13.948,0.142,31.729,399.450,54.911,-103.601,31.487,27455.515,143055.675,20171021_081048,479168,78,51053,61
5,KMAF20171021_132035_V06,23.732,-1.000,31.729,399.450,70.467,-103.601,31.487,35233.265,143055.675,20171021_082035,479168,83,52488,61
5,KMAF20171021_133021_V06,33.498,0.051,38.511,435.039,43.140,-103.563,31.327,21569.920,147149.533,20171021_083021,479174,84,57388,72
7,KMAF20171021_134955_V06,53.065,0.050,36.546,334.802,69.019,-103.580,31.779,34509.254,132871.229,20171021_084955,479183,115,61673,77
1,KMAF20171022_121540_V06,-41.950,0.057,210.801,120.868,9.247,-102.665,32.750,4623.716,100055.776,20171022_071540,479175,189,32591,157
1,KMAF20171022_122528_V06,-32.150,-1.000,210.801,120.868,24.829,-102.665,32.750,12414.716,100055.776,20171022_072528,479176,153,41615,120
1,KMAF20171022_123514_V06,-22.383,0.055,212.121,121.469,10.477,-102.658,32.747,5238.413,99493.952,20171022_073514,479172,184,52578,147
1,KMAF20171022_124500_V06,-12.617,0.127,212.450,121.370,9.077,-102.656,32.748,4538.692,99465.757,20171022_074500,479170,155,52961,118
4,KMAF20171022_124500_V06,-12.617,0.100,380.414,125.839,6.465,-101.760,32.728,3232.536,95914.606,20171022_074500,479170,155,52961,118
5,KMAF20171022_133356_V06,36.317,0.066,441.354,347.043,18.848,-101.443,31.729,9424.095,74488.169,20171022_083356,479185,148,43930,116
3,KMAF20171024_134052_V06,41.702,0.242,394.283,67.287,9.122,-101.685,32.992,4561.031,125543.498,20171024_084052,479179,661,24354,535
3,KMAF20171024_140027_V06,61.285,0.072,395.241,69.736,18.212,-101.679,32.981,9105.989,124591.764,20171024_090027,479183,445,51524,377
1,KMAF20171024_130144_V06,2.568,0.490,186.158,67.904,8.122,-102.798,32.988,4060.791,129256.166,20171024_080144,479175,702,21920,528
2,KMAF20171024_130144_V06,2.568,0.090,105.683,191.968,13.260,-103.222,32.426,6629.783,111164.279,20171024_080144,479175,702,21920,528
1,KMAF20171025_134505_V06,45.134,0.614,388.867,78.328,16.743,-101.714,32.942,8371.410,119411.030,20171025_084505,479180,656,10595,479
2,KMAF20171025_134505_V06,45.134,0.373,379.854,124.717,4.832,-101.763,32.733,2415.806,96307.720,20171025_084505,479180,656,10595,479
5,KMAF20171025_140440_V06,64.718,0.575,111.328,191.770,9.431,-103.192,32.427,4715.461,108755.422,20171025_090440,479177,709,17844,496
7,KMAF20171025_141427_V06,74.501,0.050,182.884,67.827,8.617,-102.815,32.989,4308.628,130019.843,20171025_091427,479177,660,25697,510
1,KMAF20171026_124038_V06,-20.106,0.747,330.592,85.042,8.693,-102.025,32.912,4346.729,108561.786,20171026_074038,479171,272,13888,242
1,KMAF20171028_134814_V06,45.896,0.457,255.422,526.584,9.565,-102.422,30.921,4782.632,115463.610,20171028_084814,479169,576,10504,319
1,KMAF20171028_140750_V06,65.496,0.290,255.054,526.146,14.098,-102.424,30.923,7048.970,115284.614,20171028_090750,479184,768,13206,542
2,KMAF20171028_140750_V06,65.496,0.060,185.669,293.368,15.326,-102.794,31.972,7662.769,57261.401,20171028_090750,479184,768,13206,542
4,KMAF20171029_131814_V06,15.089,0.068,391.364,65.214,7.973,-101.700,33.001,3986.683,125968.056,20171029_081814,479168,203,11603,153
4,KMAF20171029_132803_V06,24.905,0.075,392.436,66.096,15.773,-101.694,32.997,7886.397,125753.156,20171029_082803,479173,255,11101,214
1,KMAF20171029_121929_V06,-43.661,0.092,176.846,291.987,6.711,-102.840,31.978,3355.650,61707.363,20171029_071929,479182,171,23479,118
2,KMAF20171029_124851_V06,-14.295,0.231,379.935,127.686,6.778,-101.763,32.720,3389.133,94975.944,20171029_074851,479172,156,11263,120
3,KMAF20171029_131814_V06,15.089,0.205,182.248,67.773,8.492,-102.819,32.989,4245.792,130187.145,20171029_081814,479168,203,11603,153
5,KMAF20171029_140716_V06,64.122,0.052,401.158,74.673,19.069,-101.648,32.958,9534.317,123496.102,20171029_090716,479171,119,14475,88
3,KMAF20171031_140830_V06,63.722,0.063,42.714,88.054,59.942,-103.564,32.892,29970.802,166671.267,20171031_090830,479176,995,175291,165
7,KMAF20171031_142950_V06,85.056,0.079,357.069,372.734,15.963,-101.888,31.615,7981.712,46225.082,20171031_092950,479175,1774,149110,240
1,KMAF20171101_122301_V06,-42.586,0.213,378.595,126.430,6.772,-101.770,32.725,3385.815,95267.745,20171101_072301,479169,1488,37710,1270
1,KMAF20171101_123247_V06,-32.819,0.092,378.972,126.321,14.260,-101.768,32.726,7130.049,95395.362,20171101_073247,479167,1430,35308,1264
2,KMAF20171101_123247_V06,-32.819,0.054,103.877,195.933,16.848,-103.231,32.408,8423.769,111011.426,20171101_073247,479167,1430,35308,1264
3,KMAF20171101_130208_V06,-3.469,0.100,390.580,66.486,9.130,-101.704,32.995,4565.247,125233.159,20171101_080208,479174,1212,18883,988
5,KMAF20171104_130449_V06,-3.293,0.276,305.797,414.629,10.572,-102.158,31.426,5286.245,57387.538,20171104_080449,479165,3388,65076,2860
5,KMAF20171104_131436_V06,6.491,0.249,304.117,420.780,24.845,-102.167,31.399,12422.626,60425.195,20171104_081436,479179,3729,61481,3096
5,KMAF20171104_132422_V06,16.257,0.188,301.757,423.560,32.826,-102.180,31.386,16412.750,61786.227,20171104_082422,479176,4765,58864,4093
5,KMAF20171104_133409_V06,26.041,0.332,298.318,408.549,31.869,-102.198,31.454,15934.575,54280.833,20171104_083409,479175,5004,51583,4343
5,KMAF20171104_134356_V06,35.824,0.149,301.828,396.308,38.559,-102.179,31.509,19279.413,48162.847,20171104_084356,479180,4944,39942,4285
5,KMAF20171104_140331_V06,55.407,0.095,320.198,388.398,36.361,-102.083,31.545,18180.356,45337.823,20171104_090331,479175,4018,34662,3453
2,KMAF20171104_123528_V06,-32.643,0.117,397.931,78.812,21.922,-101.665,32.940,10960.880,120948.883,20171104_073528,479177,3841,78152,3091
2,KMAF20171104_124515_V06,-22.859,0.588,400.076,76.864,26.016,-101.654,32.948,13008.088,122275.385,20171104_074515,479171,3435,61231,2872
8,KMAF20171104_133409_V06,26.041,0.078,448.600,252.706,16.876,-101.401,32.154,8438.107,77972.274,20171104_083409,479175,5004,51583,4343
8,KMAF20171104_134356_V06,35.824,0.050,447.912,254.450,24.729,-101.405,32.146,12364.680,77383.159,20171104_084356,479180,4944,39942,4285
1,KMAF20171104_121554_V06,-52.209,0.072,381.200,129.206,10.798,-101.756,32.713,5399.136,94556.834,20171104_071554,479173,3554,108094,2954
3,KMAF20171104_123528_V06,-32.643,0.054,430.786,28.450,18.327,-101.488,33.166,9163.734,150702.060,20171104_073528,479177,3841,78152,3091
4,KMAF20171104_124515_V06,-22.859,0.164,316.228,96.994,10.163,-102.102,32.859,5081.543,101826.850,20171104_074515,479171,3435,61231,2872
7,KMAF20171104_132422_V06,16.257,0.050,444.149,357.178,9.404,-101.429,31.683,4701.960,77537.315,20171104_082422,479176,4765,58864,4093
9,KMAF20171104_134356_V06,35.824,0.171,186.629,81.323,13.453,-102.795,32.928,6726.721,123158.920,20171104_084356,479180,4944,39942,4285
10,KMAF20171104_134356_V06,35.824,0.130,402.712,79.362,20.172,-101.640,32.937,10085.915,121687.128,20171104_084356,479180,4944,39942,4285
11,KMAF20171104_134356_V06,35.824,0.068,444.624,191.889,29.125,-101.420,32.428,14562.721,90283.054,20171104_084356,479180,4944,39942,4285
1,KMAF20171105_121904_V06,-49.889,0.056,381.592,129.337,11.855,-101.754,32.712,5927.540,94582.079,20171105_061904,479174,2974,57269,2549
2,KMAF20171105_130759_V06,-0.972,0.064,96.216,76.027,2.391,-103.279,32.949,1195.490,151403.169,20171105_070759,479165,4006,50606,3579
3,KMAF20171105_132731_V06,18.561,0.091,205.582,244.004,10.052,-102.690,32.195,5025.946,54887.077,20171105_072731,479175,4438,50816,3979
4,KMAF20171105_132731_V06,18.561,0.062,443.369,351.731,14.334,-101.433,31.708,7166.939,76208.214,20171105_072731,479175,4438,50816,3979
5,KMAF20171105_133719_V06,28.361,0.097,101.199,198.501,16.702,-103.245,32.397,8351.088,111606.124,20171105_073719,479176,4595,52832,4058
6,KMAF20171105_134707_V06,38.161,0.345,397.812,78.656,21.984,-101.666,32.940,10992.195,120996.053,20171105_074707,479167,4203,52350,3744
1,KMAF20171106_121219_V06,-57.489,0.165,179.998,292.194,10.380,-102.824,31.977,5190.166,60127.965,20171106_061219,479171,1528,47727,1285
1,KMAF20171106_122206_V06,-47.706,0.207,180.095,291.622,18.223,-102.823,31.980,9111.732,60098.818,20171106_062206,479169,1838,47090,1574
3,KMAF20171106_131100_V06,1.194,0.143,332.422,117.344,15.408,-102.016,32.767,7703.907,92755.716,20171106_071100,479172,2060,36300,1724
4,KMAF20171106_141929_V06,69.677,0.092,95.540,74.823,2.693,-103.282,32.954,1346.305,152075.989,20171106_081929,479175,1145,32520,888
1,KMAF20171107_122516_V06,-45.395,0.091,273.231,424.051,6.523,-102.330,31.384,3261.662,63453.140,20171107_062516,479178,1735,43702,1384
3,KMAF20171107_130425_V06,-6.245,0.368,396.557,517.829,8.487,-101.684,30.960,4243.405,119135.183,20171107_070425,479171,1342,37230,1115
3,KMAF20171107_131411_V06,3.522,0.081,400.163,516.007,6.869,-101.665,30.968,3434.332,119049.828,20171107_071411,479168,1314,33365,1102
5,KMAF20171107_134520_V06,34.672,0.098,255.105,527.093,9.838,-102.424,30.919,4919.131,115743.903,20171107_074520,479177,600,28773,458
1,KMAF20171108_132054_V06,9.378,0.084,29.981,77.288,30.900,-103.633,32.939,15450.110,175007.805,20171108_072054,479177,4413,344987,324
2,KMAF20171113_124500_V06,-30.881,0.063,355.179,360.963,40.441,-101.898,31.668,20220.566,41113.147,20171113_064500,479176,96,23321,79
2,KMAF20171113_130629_V06,-9.398,-1.000,355.179,360.963,74.600,-101.898,31.668,37299.816,41113.147,20171113_070629,479183,91,22579,66
2,KMAF20171113_131615_V06,0.369,0.075,351.704,327.023,44.748,-101.916,31.821,22374.002,29170.146,20171113_071615,479182,119,21573,89
1,KMAF20171115_130140_V06,-15.977,0.140,333.498,110.016,6.020,-102.010,32.800,3009.769,96457.038,20171115_070140,479171,355,40033,305
1,KMAF20171115_131125_V06,-6.227,0.205,332.387,123.826,16.582,-102.016,32.738,8290.953,89563.147,20171115_071125,479176,341,34955,291
2,KMAF20171115_130140_V06,-15.977,0.092,179.323,288.783,8.098,-102.827,31.992,4048.967,60598.435,20171115_070140,479171,355,40033,305
4,KMAF20171115_131125_V06,-6.227,0.097,269.959,144.287,2.122,-102.349,32.645,1061.104,79292.248,20171115_071125,479176,341,34955,291
1,KMAF20171117_123512_V06,-44.212,0.326,177.345,290.524,6.884,-102.838,31.984,3442.066,61510.450,20171117_063512,479165,5676,50461,5022
3,KMAF20171117_123512_V06,-44.212,0.053,181.461,78.214,7.189,-102.823,32.942,3594.261,125738.362,20171117_063512,479165,5676,50461,5022
4,KMAF20171117_130624_V06,-13.012,0.088,381.202,131.728,9.837,-101.756,32.701,4918.739,93419.904,20171117_070624,479178,5758,44214,4856
1,KMAF20171118_123707_V06,-43.180,0.160,176.356,291.447,8.534,-102.843,31.980,4266.792,61969.846,20171118_063707,479160,550,27586,389
1,KMAF20171119_123008_V06,-51.048,0.317,172.023,285.270,6.810,-102.866,32.008,3404.772,64411.160,20171119_063008,479169,157,16591,114
1,KMAF20171119_123954_V06,-41.281,0.085,172.363,285.639,14.471,-102.864,32.006,7235.699,64221.218,20171119_063954,479181,149,17867,115
4,KMAF20171119_143909_V06,77.969,0.381,173.262,285.530,8.447,-102.860,32.007,4223.375,63780.590,20171119_083909,479169,182,8228,138
1,KMAF20171120_122412_V06,-57.864,0.075,174.565,290.444,12.231,-102.853,31.985,6115.259,62899.371,20171120_062412,479166,143,12758,112
1,KMAF20171120_123359_V06,-48.081,0.051,177.730,291.216,21.415,-102.836,31.981,10707.543,61292.801,20171120_063359,479174,190,14778,147
3,KMAF20171120_131502_V06,-7.031,0.182,323.112,228.673,5.446,-102.066,32.265,2722.984,37489.284,20171120_071502,479172,197,5270,172
1,KMAF20171121_122758_V06,-54.979,0.083,253.257,527.642,8.871,-102.433,30.917,4435.742,116195.634,20171121_062758,479174,1598,20830,1292
2,KMAF20171121_122758_V06,-54.979,0.069,383.739,131.087,11.094,-101.742,32.704,5547.138,94265.196,20171121_062758,479174,1598,20830,1292
3,KMAF20171121_131845_V06,-4.196,0.060,335.365,137.007,12.980,-102.000,32.678,6490.196,83392.893,20171121_071845,479177,586,13185,455
4,KMAF20171121_132832_V06,5.587,0.477,390.630,77.864,17.002,-101.704,32.944,8501.221,119956.745,20171121_072832,479165,478,16019,356
5,KMAF20171121_140740_V06,44.721,0.278,254.105,526.919,9.516,-102.429,30.920,4757.885,115756.856,20171121_080740,479170,367,13265,305
6,KMAF20171121_140740_V06,44.721,0.141,183.573,291.303,13.675,-102.805,31.981,6837.702,58375.861,20171121_080740,479170,367,13265,305
1,KMAF20171122_131220_V06,-11.492,0.253,327.553,194.933,3.005,-102.042,32.417,1502.571,54309.861,20171122_071220,479172,219,6781,162
3,KMAF20171123_132802_V06,3.332,0.246,326.166,99.015,5.244,-102.049,32.849,2622.227,101340.519,20171123_072802,479178,341,6808,241
1,KMAF20171125_123510_V06,-51.276,0.074,183.809,291.378,8.530,-102.804,31.981,4264.900,58255.404,20171125_063510,479175,88,16857,67
2,KMAF20171125_131610_V06,-10.276,0.092,328.491,196.429,2.599,-102.037,32.410,1299.431,53709.377,20171125_071610,479174,100,7465,81
5,KMAF20171127_134148_V06,13.637,0.111,212.458,127.929,14.822,-102.656,32.718,7410.994,96529.718,20171127_074148,479165,473,11891,398
5,KMAF20171127_140123_V06,33.220,0.553,215.768,128.443,20.506,-102.638,32.716,10253.127,95560.173,20171127_080123,479170,380,14211,290
3,KMAF20171127_124047_V06,-47.380,0.057,175.519,290.718,12.469,-102.847,31.983,6234.419,62413.163,20171127_064047,479176,172,18183,145
4,KMAF20171127_130240_V06,-25.497,0.107,380.626,127.889,9.107,-101.759,32.719,4553.658,95030.202,20171127_070240,479173,256,12669,205
8,KMAF20171128_143354_V06,64.885,0.111,255.368,526.277,7.662,-102.422,30.923,3831.038,115318.591,20171128_083354,479163,2159,57779,1795
8,KMAF20171128_144341_V06,74.669,0.076,254.950,526.315,16.960,-102.425,30.923,8480.042,115377.736,20171128_084341,479174,2304,62052,1829
1,KMAF20171128_131537_V06,-13.398,0.205,441.744,250.240,8.873,-101.438,32.165,4436.569,75112.065,20171128_071537,479176,708,40452,559
1,KMAF20171128_132524_V06,-3.615,-1.000,441.744,250.240,24.429,-101.438,32.165,12214.319,75112.065,20171128_072524,479175,715,38080,516
1,KMAF20171128_133511_V06,6.169,0.065,445.620,255.722,10.802,-101.417,32.141,5400.776,76101.352,20171128_073511,479167,1050,39208,750
2,KMAF20171128_132524_V06,-3.615,0.084,434.065,343.115,5.022,-101.481,31.747,2510.866,70413.465,20171128_072524,479175,715,38080,516
6,KMAF20171128_134459_V06,15.969,0.303,380.905,130.281,9.499,-101.757,32.708,4749.458,94008.259,20171128_074459,479168,1349,41299,1054
7,KMAF20171128_140432_V06,35.519,0.070,402.708,188.277,8.341,-101.643,32.446,4170.254,75879.778,20171128_080432,479172,1981,45147,1483
1,KMAF20171129_123727_V06,-52.409,0.197,170.796,285.862,8.668,-102.873,32.005,4334.232,64987.641,20171129_063727,479175,157,9618,141
1,KMAF20171129_124713_V06,-42.642,0.094,170.597,285.696,15.872,-102.874,32.006,7936.217,65095.550,20171129_064713,479162,194,12292,169
2,KMAF20171129_123727_V06,-52.409,0.168,366.984,239.390,6.691,-101.834,32.216,3345.417,45167.387,20171129_063727,479175,157,9618,141
4,KMAF20171129_123727_V06,-52.409,0.067,433.867,345.861,2.795,-101.483,31.735,1397.591,70752.217,20171129_063727,479175,157,9618,141
1,KMAF20171130_124354_V06,-46.795,0.075,183.672,288.094,8.920,-102.804,31.996,4459.982,58467.639,20171130_064354,479167,248,13345,197
1,KMAF20171201_123819_V06,-53.206,0.501,175.607,287.722,12.271,-102.847,31.997,6135.523,62498.710,20171201_063819,479173,182,10773,151
1,KMAF20171201_124805_V06,-43.439,0.160,179.515,289.835,19.333,-102.826,31.988,9666.557,60456.348,20171201_064805,479173,207,14301,169
1,KMAF20171202_124127_V06,-50.891,0.060,393.012,67.270,8.458,-101.691,32.992,4228.985,125314.267,20171202_064127,479171,485,22322,314
1,KMAF20171202_130317_V06,-29.058,0.057,404.010,77.587,17.694,-101.633,32.945,8846.778,122765.891,20171202_070317,479176,1008,24034,706
6,KMAF20171202_132251_V06,-9.491,0.398,331.925,135.653,10.152,-102.019,32.684,5075.996,83709.695,20171202_072251,479169,833,15044,562
6,KMAF20171202_133239_V06,0.309,0.109,334.304,134.543,20.113,-102.006,32.689,10056.360,84487.856,20171202_073239,479183,860,21820,582
2,KMAF20171202_130317_V06,-29.058,0.088,106.363,232.317,9.466,-103.216,32.244,4732.848,102562.589,20171202_070317,479176,1008,24034,706
3,KMAF20171202_130317_V06,-29.058,0.072,381.470,124.837,6.675,-101.754,32.732,3337.585,96591.052,20171202_070317,479176,1008,24034,706
4,KMAF20171202_131304_V06,-19.274,0.337,164.141,376.152,5.373,-102.905,31.598,2686.544,77873.214,20171202_071304,479176,743,16297,493
5,KMAF20171202_131304_V06,-19.274,0.055,194.811,149.039,31.322,-102.749,32.623,15660.755,91997.095,20171202_071304,479176,743,16297,493
3,KMAF20171203_131846_V06,-14.383,0.224,288.410,338.349,20.881,-102.250,31.770,10440.449,20031.183,20171203_071846,479175,42,8055,34
4,KMAF20171204_133352_V06,-0.082,0.081,401.385,81.016,20.059,-101.647,32.930,10029.289,120657.576,20171204_073352,479173,3935,51628,3158
4,KMAF20171204_134338_V06,9.685,0.078,401.486,79.497,26.685,-101.646,32.936,13342.669,121367.996,20171204_074338,479176,3853,45794,3198
1,KMAF20171204_124049_V06,-53.132,0.078,443.706,254.106,13.629,-101.427,32.148,6814.346,75428.385,20171204_064049,479171,1887,64369,1506
2,KMAF20171204_131419_V06,-19.632,0.333,382.431,160.493,28.311,-101.750,32.572,14155.548,81020.392,20171204_071419,479172,3096,58336,2447
3,KMAF20171204_131419_V06,-19.632,0.195,398.655,79.944,20.243,-101.661,32.934,10121.593,120579.285,20171204_071419,479172,3096,58336,2447
5,KMAF20171204_142242_V06,48.751,0.143,443.552,255.816,17.405,-101.428,32.140,8702.610,75098.764,20171204_082242,479179,5205,52910,4431
1,KMAF20171205_124348_V06,-50.936,0.285,364.194,237.538,8.318,-101.848,32.225,4158.928,44783.974,20171205_064348,479165,186,4676,159
1,KMAF20171205_130322_V06,-31.369,0.068,365.402,238.019,13.778,-101.842,32.222,6888.805,45052.926,20171205_070322,479169,175,5935,135
2,KMAF20171206_132543_V06,-9.795,0.072,118.926,33.207,46.481,-103.159,33.143,23240.606,161219.065,20171206_072543,479171,72,241751,61
2,KMAF20171209_130621_V06,-31.412,0.056,381.082,179.452,12.308,-101.758,32.486,6153.786,72639.702,20171209_070621,479171,426,13380,298
2,KMAF20171209_131610_V06,-21.595,0.082,383.001,183.713,24.799,-101.747,32.467,12399.385,71435.013,20171209_071610,479168,619,6524,459
1,KMAF20171209_130621_V06,-31.412,0.088,175.104,287.294,8.267,-102.850,31.999,4133.312,62770.516,20171209_070621,479171,426,13380,298
3,KMAF20171209_132558_V06,-11.795,0.209,474.615,165.107,9.084,-101.259,32.548,4541.958,110324.926,20171209_072558,479170,728,10792,549
4,KMAF20171209_140510_V06,27.405,0.066,252.430,524.610,8.712,-102.438,30.930,4356.233,114796.190,20171209_080510,479182,1160,11787,930
5,KMAF20171209_143436_V06,56.838,0.146,394.534,66.037,8.843,-101.683,32.997,4421.692,126170.103,20171209_083436,479160,1280,14902,1038
6,KMAF20171209_143436_V06,56.838,0.064,219.007,141.701,28.607,-102.621,32.656,14303.619,88908.007,20171209_083436,479160,1280,14902,1038
1,KMAF20171210_123951_V06,-58.634,0.128,199.929,272.619,6.994,-102.719,32.066,3496.946,51874.720,20171210_063951,479170,430,8036,333
1,KMAF20171210_130119_V06,-37.168,0.094,215.747,313.145,19.148,-102.634,31.883,9574.183,42636.322,20171210_070119,479176,621,16610,502
2,KMAF20171210_130119_V06,-37.168,0.078,353.648,176.659,3.413,-101.903,32.499,1706.684,67251.368,20171210_070119,479176,621,16610,502
3,KMAF20171210_140951_V06,31.366,0.057,320.225,97.593,8.551,-102.081,32.856,4275.669,101707.700,20171210_080951,479169,449,13146,325
3,KMAF20171211_144237_V06,63.426,0.252,112.937,190.562,8.749,-103.183,32.433,4374.263,108362.255,20171211_084237,479177,619,9008,422
3,KMAF20171211_150211_V06,82.992,0.058,98.657,197.079,27.254,-103.259,32.403,13627.212,113061.736,20171211_090211,479163,705,15736,515
1,KMAF20171211_130446_V06,-34.424,0.130,354.954,176.726,3.610,-101.897,32.499,1804.920,67484.298,20171211_070446,479172,526,7718,406
1,KMAF20171213_130618_V06,-34.256,0.365,381.617,128.888,9.244,-101.754,32.714,4622.250,94790.060,20171213_070618,479181,772,16347,624
1,KMAF20171213_131606_V06,-24.456,0.088,382.936,128.977,18.115,-101.747,32.714,9057.376,95035.784,20171213_071606,479167,922,6090,761
2,KMAF20171213_131606_V06,-24.456,0.349,192.263,289.408,17.833,-102.759,31.990,8916.304,54128.152,20171213_071606,479167,922,6090,761
3,KMAF20171213_134723_V06,6.828,0.060,286.525,120.038,15.520,-102.261,32.755,7759.823,90232.937,20171213_074723,479173,1936,11695,1590
4,KMAF20171213_134723_V06,6.828,0.056,398.243,81.716,20.790,-101.664,32.926,10394.985,119686.684,20171213_074723,479173,1936,11695,1590
1,KMAF20171214_145007_V06,68.904,0.059,366.748,237.964,6.745,-101.835,32.223,3372.383,45562.551,20171214_085007,479173,280,3990,216
1,KMAF20171215_124510_V06,-56.684,0.176,172.182,287.993,9.134,-102.865,31.996,4567.173,64190.519,20171215_064510,479174,205,3497,147
1,KMAF20171215_131625_V06,-25.434,0.068,171.853,286.667,13.144,-102.867,32.002,6571.921,64419.186,20171215_071625,479175,203,2444,173
3,KMAF20171215_124510_V06,-56.684,0.070,434.048,343.443,6.217,-101.482,31.745,3108.582,70455.920,20171215_064510,479174,205,3497,147
5,KMAF20171215_133600_V06,-5.850,0.739,318.169,123.585,17.858,-102.092,32.739,8929.241,88674.329,20171215_073600,479165,239,6646,195
1,KMAF20171216_130142_V06,-40.769,0.231,170.630,284.125,8.601,-102.874,32.013,4300.442,65170.051,20171216_070142,479165,133,3431,100
4,KMAF20171216_140027_V06,17.981,0.140,495.175,81.903,6.736,-101.146,32.922,3367.794,146338.072,20171216_080027,479168,145,4483,101
5,KMAF20171216_140027_V06,17.981,0.065,435.876,178.615,4.588,-101.466,32.489,2293.877,91099.701,20171216_080027,479168,145,4483,101
2,KMAF20171217_130759_V06,-35.085,0.086,95.648,191.687,13.329,-103.275,32.427,6664.570,115641.224,20171217_070759,479170,756,12440,446
2,KMAF20171217_131746_V06,-25.302,0.175,94.376,194.162,24.280,-103.282,32.416,12139.812,115631.867,20171217_071746,479166,716,11684,483
1,KMAF20171217_124823_V06,-54.685,0.118,365.530,239.044,6.805,-101.841,32.218,3402.706,44748.668,20171217_064823,479179,385,8120,252
3,KMAF20171217_131746_V06,-25.302,0.081,384.214,129.817,10.639,-101.740,32.710,5319.630,94939.830,20171217_071746,479166,716,11684,483
4,KMAF20171217_140642_V06,23.632,0.066,465.409,71.387,8.167,-101.304,32.971,4083.374,141088.568,20171217_080642,479175,316,9773,211
5,KMAF20171217_143604_V06,52.998,0.263,111.649,190.852,8.762,-103.190,32.432,4381.074,108845.575,20171217_083604,479171,118,6631,94
1,KMAF20171218_133208_V06,-11.514,0.113,281.212,326.946,15.342,-102.288,31.822,7670.834,16424.896,20171218_073208,479164,189,3346,161
1,KMAF20171218_134155_V06,-1.730,0.145,284.172,327.249,25.594,-102.272,31.820,12796.832,15756.318,20171218_074155,479174,176,4440,142
2,KMAF20171219_131256_V06,-31.271,0.278,173.356,283.802,6.241,-102.859,32.015,3120.253,63837.896,20171219_071256,479174,488,30128,184
2,KMAF20171219_131620_V06,-27.871,0.104,173.316,283.944,11.087,-102.859,32.014,5543.553,63848.669,20171219_071620,479180,474,28427,160
1,KMAF20171220_131916_V06,-25.473,0.070,395.796,199.153,22.707,-101.680,32.397,11353.607,69546.863,20171220_071916,479166,789,11119,602
2,KMAF20171220_143732_V06,52.794,0.106,198.670,286.694,20.452,-102.725,32.002,10225.952,51099.909,20171220_083732,479170,617,12319,417
3,KMAF20171221_130526_V06,-39.819,0.230,321.899,425.657,25.596,-102.074,31.377,12797.770,63775.364,20171221_070526,479173,1067,10584,912
3,KMAF20171221_131513_V06,-30.036,0.539,321.922,422.022,33.254,-102.074,31.393,16626.913,61987.666,20171221_071513,479181,928,9315,810
4,KMAF20171221_150250_V06,77.581,0.544,255.937,526.292,9.964,-102.419,30.923,4981.917,115270.745,20171221_090250,479180,1202,10901,1113
4,KMAF20171221_151237_V06,87.364,0.141,255.559,526.209,17.139,-102.421,30.923,8569.660,115266.631,20171221_091237,479179,861,11872,785
1,KMAF20171221_124551_V06,-59.403,0.123,180.594,292.791,14.482,-102.821,31.974,7240.759,59811.913,20171221_064551,479169,919,8898,827
2,KMAF20171221_124551_V06,-59.403,0.112,369.148,238.521,7.171,-101.822,32.220,3585.632,46263.223,20171221_064551,479169,919,8898,827
1,KMAF20171223_132351_V06,-22.357,0.095,439.670,173.283,14.657,-101.446,32.513,7328.674,94293.387,20171223_072351,479172,1212,8234,921
1,KMAF20171225_130538_V06,-41.431,0.061,182.479,294.526,8.581,-102.811,31.966,4290.398,58824.316,20171225_070538,479177,30,3892,24
1,KMAF20171226_134142_V06,-5.754,0.433,303.310,159.726,5.096,-102.171,32.576,2547.909,70156.535,20171226_074142,479178,107,3413,93
1,KMAF20171228_131904_V06,-29.089,0.148,353.504,178.722,3.215,-101.904,32.490,1607.399,66277.928,20171228_071904,479170,84,35742,74
5,KMAF20171229_144710_V06,58.700,0.296,403.898,79.490,16.694,-101.633,32.936,8346.962,121880.550,20171229_084710,479172,234,30694,180
5,KMAF20171229_150647_V06,78.317,0.140,403.690,79.063,22.333,-101.635,32.938,11166.473,122029.393,20171229_090647,479180,208,32499,136
1,KMAF20171229_140756_V06,19.467,0.583,395.152,77.116,19.775,-101.680,32.947,9887.684,121172.597,20171229_080756,479172,130,30659,104
1,KMAF20171229_141745_V06,29.283,0.526,405.320,79.897,16.153,-101.626,32.934,8076.660,122001.716,20171229_081745,479164,148,31944,118
2,KMAF20171229_140756_V06,19.467,0.096,173.494,283.706,6.865,-102.858,32.015,3432.274,63775.690,20171229_080756,479172,130,30659,104
4,KMAF20171229_142733_V06,39.083,0.773,465.928,72.107,8.012,-101.301,32.968,4006.016,140949.551,20171229_082733,479169,180,31697,144
1,KMAF20171230_130231_V06,-46.233,0.127,408.958,341.184,8.289,-101.614,31.756,4144.390,58241.092,20171230_070231,479165,77,4275,50
2,KMAF20171230_130231_V06,-46.233,0.055,366.958,238.404,8.194,-101.834,32.221,4097.153,45490.117,20171230_070231,479165,77,4275,50
4,KMAF20171230_134331_V06,-5.233,0.116,280.456,332.563,24.863,-102.292,31.796,12431.381,18989.075,20171230_074331,479176,197,7562,164
