track_id,filename,from_sunrise,det_score,x,y,r,lon,lat,radius,geo_dist,local_time,n_radar_pixels,n_refAbove40_pixels,n_xcorrAbove0.95_pixels,n_xcorrBelow0.95_refAbove40_pixels
1,KMAF20160601_112508_V06,-18.353,0.065,165.375,253.619,49.840,-102.902,32.150,24920.155,71195.064,20160601_062508,479177,78,29494,57
6,KMAF20160602_130021_V06,77.094,0.106,31.466,435.917,32.319,-103.600,31.323,16159.687,150485.831,20160602_080021,479201,255,53318,153
6,KMAF20160602_130343_V06,80.461,0.186,31.734,435.430,37.152,-103.598,31.325,18576.200,150256.228,20160602_080343,479195,202,52515,138
5,KMAF20160603_111143_V06,-31.335,0.074,481.769,318.238,60.320,-101.229,31.857,30159.906,91340.793,20160603_061143,479178,57,80466,47
5,KMAF20160603_111636_V06,-26.451,0.071,480.958,320.339,64.790,-101.233,31.848,32395.103,91048.847,20160603_061636,479186,55,78876,40
2,KMAF20160603_105707_V06,-45.935,0.054,511.064,369.638,24.789,-101.077,31.624,12394.320,111127.954,20160603_055707,479178,49,77843,40
1,KMAF20160604_104800_V06,-54.872,0.117,316.534,139.236,2.399,-102.101,32.668,1199.558,80806.101,20160604_054800,479185,37,43076,25
1,KMAF20160604_105734_V06,-45.305,0.271,312.827,141.632,10.976,-102.121,32.657,5487.880,79443.268,20160604_055734,479183,56,44702,40
1,KMAF20160604_110920_V06,-33.539,0.051,319.081,151.258,16.804,-102.087,32.614,8402.118,74980.513,20160604_060920,479178,43,51125,37
1,KMAF20160604_111852_V06,-24.005,0.176,314.799,153.793,16.231,-102.110,32.603,8115.598,73476.979,20160604_061852,479178,48,45375,36
1,KMAF20160605_110249_V06,-39.901,0.095,428.031,208.046,2.555,-101.509,32.356,1277.416,78815.541,20160605_060249,479179,138,31569,66
2,KMAF20160605_114307_V06,0.399,0.091,425.573,212.719,5.879,-101.522,32.335,2939.491,76463.056,20160605_064307,479183,225,41866,130
2,KMAF20160606_110306_V06,-39.488,0.478,252.359,525.530,7.713,-102.438,30.926,3856.531,115253.382,20160606_060306,479184,232,38262,95
2,KMAF20160606_110853_V06,-33.705,0.366,253.178,526.022,14.143,-102.434,30.924,7071.554,115410.428,20160606_060853,479185,244,34945,91
1,KMAF20160606_104544_V06,-56.855,0.328,253.026,526.217,9.444,-102.435,30.923,4721.824,115521.290,20160606_054544,479181,241,42523,108
3,KMAF20160606_112613_V06,-16.371,0.072,318.346,269.664,18.037,-102.092,32.080,9018.578,17725.975,20160606_062613,479178,228,37299,166
1,KMAF20160607_114054_V06,-1.583,0.103,317.664,131.100,14.306,-102.095,32.705,7152.950,84910.456,20160607_064054,479178,115,37536,86
2,KMAF20160609_124405_V06,61.737,0.252,490.575,88.329,10.640,-101.171,32.894,5319.847,142410.862,20160609_074405,479181,187,48708,134
6,KMAF20160610_120456_V06,22.619,0.087,501.129,85.304,49.482,-101.114,32.907,24740.952,147094.554,20160610_070456,479185,141,66036,78
8,KMAF20160611_113722_V06,-4.939,0.086,287.928,91.464,8.769,-102.253,32.884,4384.365,104442.812,20160611_063722,479179,1099,65076,123
3,KMAF20160612_114216_V06,-0.055,0.238,146.990,383.920,19.455,-102.995,31.562,9727.283,87256.077,20160612_064216,479177,3125,162970,457
6,KMAF20160612_125752_V06,75.545,0.074,195.522,287.352,19.340,-102.742,31.999,9670.000,52620.453,20160612_075752,479174,1815,92110,750
7,KMAF20160612_125752_V06,75.545,0.064,254.748,523.295,26.828,-102.426,30.936,13413.849,113916.811,20160612_075752,479174,1815,92110,750
2,KMAF20160613_123904_V06,56.706,0.513,184.568,68.805,9.878,-102.806,32.984,4938.793,129204.919,20160613_073904,479180,206,51894,155
1,KMAF20160615_104533_V06,-56.958,0.127,434.060,344.045,6.828,-101.481,31.743,3413.916,70555.146,20160615_054533,479199,150,51902,118
2,KMAF20160615_110521_V06,-37.158,0.057,378.932,129.800,8.917,-101.768,32.710,4458.630,93806.263,20160615_060521,479196,142,48814,115
3,KMAF20160615_121827_V06,35.942,0.072,188.380,293.443,13.122,-102.779,31.972,6561.005,55906.248,20160615_071827,479187,200,37631,165
1,KMAF20160616_105037_V06,-51.999,0.062,177.191,287.818,8.147,-102.839,31.997,4073.383,61706.050,20160616_055037,479180,154,30998,138
2,KMAF20160616_123651_V06,54.234,0.116,183.981,69.834,10.636,-102.809,32.980,5318.203,128876.650,20160616_073651,479183,528,30771,341
3,KMAF20160616_123651_V06,54.234,0.080,201.873,286.440,21.963,-102.708,32.003,10981.270,49529.920,20160616_073651,479183,528,30771,341
1,KMAF20160618_121505_V06,32.185,0.084,400.610,72.932,15.034,-101.651,32.966,7516.926,124179.488,20160618_071505,479176,668,39389,474
1,KMAF20160618_122431_V06,41.619,0.086,400.943,75.868,23.722,-101.649,32.953,11861.095,122906.959,20160618_072431,479176,725,38717,515
1,KMAF20160622_104540_V06,-58.056,0.096,433.854,344.738,6.363,-101.483,31.740,3181.520,70566.155,20160622_054540,479177,83,37277,61
1,KMAF20160622_105511_V06,-48.540,0.190,434.028,344.624,13.626,-101.482,31.740,6813.011,70630.578,20160622_055511,479182,82,40281,62
6,KMAF20160628_115128_V06,5.900,0.353,256.011,525.519,9.448,-102.419,30.926,4723.838,114884.689,20160628_065128,479181,469,33808,294
6,KMAF20160628_115618_V06,10.734,0.166,255.583,525.687,15.142,-102.421,30.925,7571.111,115008.324,20160628_065618,479187,429,32844,268
5,KMAF20160628_112220_V06,-23.233,0.065,253.979,527.358,9.068,-102.430,30.918,4534.090,115984.594,20160628_062220,479181,462,40289,289
1,KMAF20160629_112202_V06,-23.906,0.153,407.371,153.262,30.844,-101.617,32.604,15421.951,90912.662,20160629_062202,479179,63,59940,55
1,KMAF20160630_105226_V06,-53.896,0.058,171.904,287.278,6.545,-102.867,31.999,3272.291,64363.108,20160630_055226,479183,82,45524,62
1,KMAF20160701_105337_V06,-53.120,0.057,434.029,344.317,5.590,-101.482,31.742,2795.061,70582.783,20160701_055337,479178,69,37121,52
1,KMAF20160701_110307_V06,-43.620,0.067,432.232,344.342,4.691,-101.491,31.741,2345.423,69734.516,20160701_060307,479184,60,38241,50
4,KMAF20160701_123105_V06,44.347,0.087,18.081,394.041,26.809,-103.673,31.511,13404.636,148595.109,20160701_073105,479176,130,59221,108
2,KMAF20160703_125842_V06,71.101,0.224,47.041,250.429,77.039,-103.530,32.160,38519.440,128885.325,20160703_075842,479174,55,64533,47
2,KMAF20160703_130802_V06,80.435,0.056,48.323,251.570,89.434,-103.523,32.155,44716.896,128147.197,20160703_080802,479172,70,66985,49
1,KMAF20160703_123959_V06,52.385,0.082,48.246,213.349,76.233,-103.526,32.327,38116.631,133124.440,20160703_073959,479176,46,58862,40
1,KMAF20160704_104831_V06,-59.536,0.076,434.095,344.552,5.505,-101.481,31.740,2752.712,70651.091,20160704_054831,479175,49,63000,38
3,KMAF20160704_105753_V06,-50.169,0.052,384.421,194.486,5.949,-101.740,32.418,2974.499,67565.010,20160704_055753,479179,50,62259,44
3,KMAF20160706_124530_V06,56.497,0.070,318.774,384.001,8.707,-102.090,31.565,4353.523,43036.587,20160706_074530,479179,133,41141,102
3,KMAF20160706_125447_V06,65.781,0.053,320.010,382.559,18.125,-102.084,31.571,9062.555,42474.441,20160706_075447,479172,170,42800,135
6,KMAF20160706_130407_V06,75.114,0.083,25.451,111.647,31.665,-103.654,32.784,15832.257,166473.653,20160706_080407,479174,140,45096,112
2,KMAF20160707_113642_V06,-12.798,0.167,24.741,199.170,23.830,-103.652,32.390,11914.827,146572.859,20160707_063642,479175,91,30505,71
3,KMAF20160707_114600_V06,-3.498,0.140,188.585,25.997,6.247,-102.786,33.177,3123.314,147894.165,20160707_064600,479179,99,39815,87
4,KMAF20160707_125304_V06,63.569,0.095,68.061,208.111,65.232,-103.421,32.352,32615.768,124738.913,20160707_075304,479180,129,43213,104
1,KMAF20160708_105230_V06,-57.505,0.082,183.948,290.707,8.844,-102.803,31.984,4421.854,58211.949,20160708_055230,479178,345,42103,228
2,KMAF20160708_121020_V06,20.328,0.053,432.874,344.634,8.569,-101.488,31.740,4284.475,70085.084,20160708_071020,479198,474,30074,337
2,KMAF20160709_121524_V06,24.876,0.142,325.889,100.555,5.383,-102.051,32.843,2691.456,100558.983,20160709_071524,479189,582,44906,89
1,KMAF20160710_105953_V06,-51.172,0.057,179.243,289.799,8.402,-102.828,31.988,4201.136,60593.339,20160710_055953,479171,56,30829,43
2,KMAF20160710_130408_V06,73.078,0.142,366.839,390.654,27.441,-101.837,31.534,13720.602,56315.081,20160710_080408,479173,53,40446,43
15,KMAF20160715_124310_V06,49.309,0.063,34.131,390.218,36.483,-103.589,31.529,18241.636,140379.528,20160715_074310,479189,338,55622,173
15,KMAF20160715_124739_V06,53.792,0.155,34.782,391.558,41.226,-103.585,31.523,20612.982,140288.732,20160715_074739,479198,454,55259,143
2,KMAF20160715_115109_V06,-2.708,0.109,268.127,364.032,14.249,-102.357,31.654,7124.714,35763.088,20160715_065109,479179,442,53246,176
3,KMAF20160715_115109_V06,-2.708,0.059,172.169,284.474,10.969,-102.865,32.012,5484.426,64384.981,20160715_065109,479179,442,53246,176
7,KMAF20160715_121555_V06,22.059,0.215,262.927,356.498,16.585,-102.384,31.688,8292.576,33787.593,20160715_071555,479203,429,51501,187
11,KMAF20160715_122935_V06,35.726,0.077,31.840,386.443,32.291,-103.601,31.546,16145.287,140874.345,20160715_072935,479193,354,55007,172
1,KMAF20160716_111202_V06,-42.411,0.096,191.971,290.319,13.965,-102.760,31.986,6982.685,54230.937,20160716_061202,479197,202,36375,96
1,KMAF20160722_114058_V06,-17.142,0.077,433.129,232.050,32.013,-101.483,32.248,16006.287,74733.766,20160722_064058,479172,119,32268,95
1,KMAF20160723_114655_V06,-11.823,0.056,433.364,229.354,32.743,-101.481,32.260,16371.696,75459.827,20160723_064655,479180,57,34574,45
2,KMAF20160723_124347_V06,45.044,0.161,535.991,479.287,25.633,-100.952,31.129,12816.465,148185.412,20160723_074347,479180,55,16374,35
1,KMAF20160725_112407_V06,-35.898,0.103,410.658,242.691,10.273,-101.602,32.200,5136.333,62308.449,20160725_062407,479178,93,37126,76
3,KMAF20160725_115237_V06,-7.398,0.092,425.160,231.848,20.014,-101.525,32.249,10007.030,71256.081,20160725_065237,479181,90,52959,73
1,KMAF20160727_115250_V06,-8.472,0.161,374.540,363.111,8.376,-101.796,31.658,4187.988,48834.343,20160727_065250,479172,250,50656,180
2,KMAF20160727_115250_V06,-8.472,0.051,128.294,126.685,8.989,-103.105,32.721,4494.568,121984.842,20160727_065250,479172,250,50656,180
3,KMAF20160727_121144_V06,10.428,0.067,28.508,414.490,50.028,-103.617,31.419,25014.071,147322.763,20160727_071144,479176,272,68494,159
4,KMAF20160727_122109_V06,19.845,0.251,459.281,102.557,11.953,-101.338,32.831,5976.254,126840.824,20160727_072109,479181,256,72598,164
5,KMAF20160727_131922_V06,78.061,0.051,40.871,472.366,43.964,-103.548,31.159,21981.844,155609.854,20160727_081922,479183,173,79316,112
4,KMAF20160728_122335_V06,21.628,0.753,468.059,72.283,6.677,-101.290,32.967,3338.654,141508.590,20160728_072335,479179,236,74985,181
4,KMAF20160728_123300_V06,31.044,0.086,467.195,72.311,15.235,-101.295,32.967,7617.393,141241.444,20160728_073300,479180,199,75545,161
1,KMAF20160728_114558_V06,-15.989,0.266,286.180,108.515,10.431,-102.263,32.807,5215.286,95991.628,20160728_064558,479182,188,43126,142
2,KMAF20160728_115523_V06,-6.572,0.169,380.295,124.104,4.706,-101.761,32.736,2353.142,96678.336,20160728_065523,479180,222,65266,177
3,KMAF20160728_115523_V06,-6.572,0.083,391.054,79.835,16.122,-101.702,32.935,8060.917,119125.591,20160728_065523,479180,222,65266,177
1,KMAF20160729_124820_V06,45.724,0.099,433.948,344.675,6.311,-101.482,31.740,3155.739,70600.779,20160729_074820,479183,168,46134,137
3,KMAF20160729_124820_V06,45.724,0.051,42.469,215.555,72.076,-103.556,32.317,36037.815,135511.090,20160729_074820,479183,168,46134,137
1,KMAF20160730_110808_V06,-55.131,0.162,179.697,285.752,8.637,-102.826,32.006,4318.647,60571.982,20160730_060808,479185,70,41839,60
3,KMAF20160730_120611_V06,2.919,0.073,188.591,290.987,11.814,-102.778,31.983,5907.063,55886.466,20160730_070611,479176,79,48207,63
1,KMAF20160731_110516_V06,-58.655,0.062,186.651,294.608,13.136,-102.788,31.966,6567.957,56738.793,20160731_060516,479180,59,23650,44
2,KMAF20160731_112423_V06,-39.538,0.054,187.980,292.692,12.443,-102.781,31.975,6221.437,56128.909,20160731_062423,479180,56,20233,41
1,KMAF20160803_111348_V06,-52.101,0.053,405.564,241.781,10.262,-101.629,32.205,5131.214,60276.756,20160803_061348,479180,122,47593,99
1,KMAF20160804_115413_V06,-12.345,0.065,283.466,311.763,16.913,-102.276,31.890,8456.497,10145.881,20160804_065413,479194,170,26177,148
1,KMAF20160804_115729_V06,-9.078,-1.000,283.466,311.763,22.107,-102.276,31.890,11053.497,10145.881,20160804_065729,479195,147,28646,117
1,KMAF20160804_120113_V06,-5.345,-1.000,283.466,311.763,28.043,-102.276,31.890,14021.497,10145.881,20160804_070113,479181,168,72229,140
1,KMAF20160804_121024_V06,3.839,0.051,294.280,298.967,36.684,-102.219,31.948,18342.052,2906.407,20160804_071024,479177,172,71918,152
2,KMAF20160804_122834_V06,22.005,0.073,418.271,521.144,64.013,-101.570,30.945,32006.622,125392.268,20160804_072834,479176,232,78974,208
1,KMAF20160810_111309_V06,-57.365,0.425,255.690,526.602,9.842,-102.421,30.921,4921.162,115446.658,20160810_061309,479177,271,36365,231
2,KMAF20160811_120624_V06,-4.770,0.193,176.161,296.731,15.540,-102.844,31.956,7769.800,61941.136,20160811_070624,479180,209,41552,167
2,KMAF20160811_121544_V06,4.564,-1.000,176.161,296.731,30.380,-102.844,31.956,15189.800,61941.136,20160811_071544,479173,194,43195,142
2,KMAF20160811_122511_V06,14.014,-1.000,176.161,296.731,45.405,-102.844,31.956,22702.550,61941.136,20160811_072511,479182,166,42809,139
2,KMAF20160811_123435_V06,23.414,0.066,137.719,308.217,71.474,-103.047,31.903,35737.221,81244.448,20160811_073435,479176,166,35756,136
1,KMAF20160811_111326_V06,-57.736,0.126,197.598,283.421,15.260,-102.731,32.017,7629.875,51867.764,20160811_061326,479181,406,31483,239
2,KMAF20160812_120322_V06,-8.456,0.278,330.757,123.017,6.281,-102.025,32.741,3140.663,89817.734,20160812_070322,479175,342,52771,263
3,KMAF20160813_132224_V06,69.926,0.148,511.107,454.671,36.282,-101.081,31.241,18140.896,130852.194,20160813_082224,479193,1089,87934,149
1,KMAF20160815_111753_V06,-55.888,0.059,175.647,295.329,8.272,-102.847,31.963,4136.166,62220.200,20160815_061753,479178,202,50813,175
2,KMAF20160815_115850_V06,-14.938,0.094,281.279,112.415,12.639,-102.289,32.789,6319.485,94258.255,20160815_065850,479187,266,48760,213
3,KMAF20160815_115850_V06,-14.938,0.054,377.042,131.209,10.857,-101.778,32.704,5428.524,92770.949,20160815_065850,479187,266,48760,213
2,KMAF20160816_115114_V06,-23.183,0.174,392.438,65.489,7.177,-101.694,33.000,3588.345,126035.983,20160816_065114,479177,301,41300,240
2,KMAF20160816_120043_V06,-13.700,0.420,393.032,67.172,14.685,-101.691,32.992,7342.380,125363.376,20160816_070043,479180,270,72199,199
5,KMAF20160816_131822_V06,63.950,0.087,284.623,403.064,28.032,-102.270,31.479,14015.898,52102.531,20160816_081822,479180,684,65855,509
6,KMAF20160816_132750_V06,73.417,0.065,49.027,280.149,8.158,-103.517,32.026,4079.043,125878.459,20160816_082750,479175,554,65661,398
4,KMAF20160819_121741_V06,1.343,0.129,275.676,320.694,12.703,-102.317,31.850,6351.364,15967.800,20160819_071741,479196,172,37025,145
2,KMAF20160822_124904_V06,30.821,0.091,54.508,415.724,82.258,-103.480,31.415,41128.864,135700.299,20160822_074904,479179,125,38897,100
2,KMAF20160822_125826_V06,40.188,0.279,55.110,418.995,91.972,-103.476,31.400,45986.219,136134.928,20160822_075826,479175,132,36743,118
2,KMAF20160822_130746_V06,49.521,0.115,56.768,424.640,92.953,-103.467,31.375,46476.580,136653.591,20160822_080746,479180,101,34097,74
2,KMAF20160822_131704_V06,58.821,0.061,60.599,425.823,87.005,-103.447,31.370,43502.399,135226.076,20160822_081704,479181,125,31906,103
1,KMAF20160822_122059_V06,2.738,0.135,13.390,349.011,22.125,-103.701,31.713,11062.257,145385.133,20160822_072059,479176,122,56563,105
4,KMAF20160822_132626_V06,68.188,0.828,422.928,49.442,21.199,-101.531,33.071,10599.274,139544.340,20160822_082626,479179,128,30881,100
9,KMAF20160823_130900_V06,50.123,0.077,274.999,376.329,13.957,-102.321,31.599,6978.512,40159.467,20160823_080900,479208,197,49643,136
5,KMAF20160824_115907_V06,-20.391,0.366,40.694,104.991,59.417,-103.573,32.815,29708.261,162225.419,20160824_065907,479172,12335,164121,1396
2,KMAF20160826_112349_V06,-56.945,0.081,174.834,288.805,8.337,-102.851,31.992,4168.591,62832.750,20160826_062349,479186,923,55487,239
4,KMAF20160826_120109_V06,-19.612,0.054,325.786,180.236,17.076,-102.052,32.483,8537.830,61254.023,20160826_070109,479183,586,50162,161
9,KMAF20160826_122734_V06,6.805,0.057,237.770,147.393,9.338,-102.520,32.631,4668.774,82403.721,20160826_072734,479190,452,43375,172
2,KMAF20160827_120617_V06,-15.104,0.075,321.686,123.958,3.507,-102.073,32.737,1753.540,88686.128,20160827_070617,479178,161,26686,130
2,KMAF20160827_121525_V06,-5.970,0.134,322.918,124.711,15.431,-102.067,32.734,7715.399,88390.548,20160827_071525,479182,203,34209,148
1,KMAF20160827_120617_V06,-15.104,0.597,382.315,127.801,7.295,-101.750,32.719,3647.449,95430.992,20160827_070617,479178,161,26686,130
2,KMAF20160828_122009_V06,-1.860,0.506,324.171,132.269,10.933,-102.060,32.700,5466.396,84731.945,20160828_072009,479185,340,39798,32
2,KMAF20160828_122446_V06,2.756,0.783,324.846,133.020,16.604,-102.056,32.696,8302.060,84409.233,20160828_072446,479180,371,39971,41
2,KMAF20160828_122925_V06,7.406,0.692,325.423,136.572,21.252,-102.053,32.680,10626.055,82696.940,20160828_072925,479185,352,42536,33
2,KMAF20160828_123404_V06,12.056,0.510,327.884,140.845,26.651,-102.040,32.661,13325.267,80789.405,20160828_073404,479174,336,42994,45
2,KMAF20160828_123843_V06,16.706,0.145,328.103,139.782,32.138,-102.039,32.666,16068.766,81332.144,20160828_073843,479180,358,41258,63
2,KMAF20160828_124321_V06,21.340,0.072,327.821,137.704,35.971,-102.041,32.675,17985.505,82331.459,20160828_074321,479183,325,39008,52
4,KMAF20160828_133451_V06,72.840,0.097,183.051,291.034,11.533,-102.808,31.982,5766.312,58646.277,20160828_083451,479186,129,36378,43
7,KMAF20160829_121458_V06,-7.666,0.562,391.335,212.326,9.891,-101.704,32.338,4945.580,63302.376,20160829_071458,479187,1289,88686,209
7,KMAF20160829_121834_V06,-4.066,0.600,391.113,212.631,15.039,-101.705,32.336,7519.717,63116.607,20160829_071834,479198,1232,86509,153
7,KMAF20160829_122215_V06,-0.382,0.181,390.862,213.057,18.898,-101.706,32.334,9448.995,62878.717,20160829_072215,479180,1271,83784,157
7,KMAF20160829_122556_V06,3.301,0.237,392.251,211.568,18.776,-101.699,32.341,9387.913,63895.353,20160829_072556,479189,1250,83468,160
6,KMAF20160829_120717_V06,-15.349,0.060,390.298,208.660,6.537,-101.709,32.354,3268.467,64219.949,20160829_070717,479183,1305,99231,202
6,KMAF20160829_121105_V06,-11.549,0.199,390.511,208.985,11.747,-101.708,32.353,5873.708,64179.401,20160829_071105,479177,1242,94148,179
10,KMAF20160829_122556_V06,3.301,0.063,124.555,411.254,13.192,-103.112,31.438,6595.788,103872.854,20160829_072556,479189,1250,83468,160
21,KMAF20160829_133246_V06,70.134,0.064,335.119,391.683,17.739,-102.004,31.530,8869.497,49089.567,20160829_083246,479190,765,79625,145
3,KMAF20160830_121444_V06,-8.519,0.168,440.012,348.048,19.787,-101.450,31.725,9893.715,74013.575,20160830_071444,479185,1907,53248,183
2,KMAF20160901_112731_V06,-56.971,0.166,430.678,184.782,11.303,-101.494,32.461,5651.619,87109.037,20160901_062731,479191,501,68056,117
12,KMAF20160901_120402_V06,-20.455,0.066,433.002,340.801,16.426,-101.487,31.757,8212.860,69559.856,20160901_070402,479190,423,51227,101
12,KMAF20160901_120730_V06,-16.988,0.154,433.956,342.215,13.987,-101.482,31.751,6993.401,70225.305,20160901_070730,479190,414,50258,148
15,KMAF20160901_121421_V06,-10.138,0.063,304.622,279.400,9.200,-102.164,32.036,4599.842,10555.896,20160901_071421,479188,431,49094,162
1,KMAF20160902_120922_V06,-15.737,0.209,378.658,127.193,6.996,-101.769,32.722,3497.986,94933.364,20160902_070922,479180,213,37455,122
2,KMAF20160902_120922_V06,-15.737,0.062,281.879,321.884,12.732,-102.285,31.845,6366.199,14206.134,20160902_070922,479180,213,37455,122
2,KMAF20160907_122943_V06,1.555,0.111,279.365,324.662,19.480,-102.298,31.832,9739.788,16078.007,20160907_072943,479186,359,27947,161
7,KMAF20160907_131228_V06,44.305,0.400,125.793,115.998,20.170,-103.119,32.770,10085.022,126693.293,20160907_081228,479203,416,23691,153
1,KMAF20160908_121402_V06,-14.736,0.324,321.546,122.575,4.862,-102.074,32.743,2430.973,89364.078,20160908_071402,479182,172,35334,148
1,KMAF20160908_122309_V06,-5.619,0.051,323.088,123.506,16.030,-102.066,32.739,8014.756,88998.868,20160908_072309,479178,174,37406,134
1,KMAF20160908_123212_V06,3.431,0.858,326.375,108.357,27.929,-102.048,32.807,13964.269,96724.531,20160908_073212,479170,202,39713,160
1,KMAF20160908_124123_V06,12.614,0.290,333.130,105.399,36.159,-102.012,32.821,18079.291,98700.348,20160908_074123,479180,147,41398,118
1,KMAF20160909_113730_V06,-51.877,0.059,433.836,343.187,6.257,-101.483,31.747,3128.307,70315.964,20160909_063730,479182,139,46090,121
1,KMAF20160909_114854_V06,-40.477,0.118,434.067,342.948,5.292,-101.481,31.748,2645.838,70389.189,20160909_064854,479186,147,47352,129
13,KMAF20160910_130537_V06,35.633,0.060,76.860,180.235,2.790,-103.376,32.478,1394.931,126624.525,20160910_080537,479193,4504,167533,167
3,KMAF20160911_120251_V06,-27.740,0.599,394.703,66.614,8.525,-101.682,32.995,4262.489,125934.080,20160911_070251,479184,140,41256,122
3,KMAF20160911_121214_V06,-18.357,0.231,396.829,66.173,16.674,-101.671,32.997,8337.101,126541.379,20160911_071214,479172,222,50182,203
6,KMAF20160911_122348_V06,-6.790,0.130,180.292,293.880,13.071,-102.822,31.969,6535.374,59932.001,20160911_072348,479175,103,84078,88
7,KMAF20160911_123301_V06,2.427,0.354,166.155,377.468,4.941,-102.894,31.592,2470.701,77323.742,20160911_073301,479175,122,94191,90
10,KMAF20160911_131026_V06,39.843,0.112,27.908,183.215,52.385,-103.636,32.462,26192.696,148048.119,20160911_081026,479183,120,82822,73
1,KMAF20160912_113134_V06,-59.629,0.078,180.275,290.144,8.836,-102.822,31.986,4417.879,60065.221,20160912_063134,479173,126,51428,100
3,KMAF20160913_121739_V06,-14.152,0.438,320.106,116.814,6.593,-102.082,32.769,3296.280,92143.161,20160913_071739,479197,124,58684,101
3,KMAF20160913_122218_V06,-9.502,0.582,320.352,115.664,11.784,-102.080,32.774,5891.829,92728.043,20160913_072218,479199,134,75312,108
3,KMAF20160913_122658_V06,-4.835,0.469,321.912,114.168,13.935,-102.072,32.781,6967.456,93559.589,20160913_072658,479201,125,73445,87
3,KMAF20160913_123138_V06,-0.169,0.545,324.489,111.814,15.368,-102.058,32.792,7684.039,94886.284,20160913_073138,479196,162,64054,121
4,KMAF20160913_121739_V06,-14.152,0.062,229.438,93.103,78.967,-102.566,32.876,39483.727,109299.165,20160913_071739,479197,124,58684,101
5,KMAF20160913_123138_V06,-0.169,0.059,278.231,320.008,20.406,-102.304,31.853,10202.957,14783.478,20160913_073138,479196,162,64054,121
1,KMAF20160914_113406_V06,-58.308,0.054,186.218,290.598,12.122,-102.791,31.984,6061.249,57084.861,20160914_063406,479184,165,47729,130
2,KMAF20160914_120730_V06,-24.908,0.108,182.308,291.081,10.107,-102.812,31.982,5053.604,59014.643,20160914_070730,479183,178,34030,130
4,KMAF20160914_123131_V06,-0.892,0.287,276.076,319.987,19.652,-102.315,31.853,9825.916,15587.232,20160914_073131,479194,186,49982,144
3,KMAF20160915_123627_V06,3.435,0.318,280.407,325.460,17.877,-102.292,31.828,8938.480,16063.158,20160915_073627,479191,2055,85417,153
14,KMAF20160916_133356_V06,60.311,0.080,217.783,316.129,14.525,-102.623,31.870,7262.289,41891.811,20160916_083356,479184,965,97001,208
4,KMAF20160918_125401_V06,19.177,0.075,26.174,249.268,32.285,-103.640,32.164,16142.328,139243.178,20160918_075401,479175,61,46099,46
4,KMAF20160918_130241_V06,27.844,0.550,26.525,253.778,38.327,-103.638,32.143,19163.630,138676.594,20160918_080241,479174,58,46787,41
4,KMAF20160918_131130_V06,36.660,0.222,32.936,222.520,58.813,-103.606,32.285,29406.502,139038.257,20160918_081130,479178,73,48456,61
4,KMAF20160918_132047_V06,45.944,0.163,36.240,219.146,62.896,-103.589,32.300,31447.835,137937.116,20160918_082047,479178,98,47451,59
4,KMAF20160918_132959_V06,55.144,0.189,37.378,228.617,62.135,-103.582,32.258,31067.300,136075.280,20160918_082959,479177,45,49586,36
4,KMAF20160918_133907_V06,64.277,-1.000,39.022,234.605,62.893,-103.573,32.231,31446.376,134523.432,20160918_083907,479182,61,51409,40
4,KMAF20160918_134812_V06,73.360,0.179,40.389,244.717,58.972,-103.565,32.185,29486.003,132715.917,20160918_084812,479179,57,53392,41
3,KMAF20160918_122443_V06,-10.123,0.489,320.353,125.327,7.056,-102.080,32.731,3528.145,87927.343,20160918_072443,479175,58,41235,47
3,KMAF20160918_123343_V06,-1.123,0.053,320.546,125.741,17.389,-102.079,32.729,8694.333,87732.843,20160918_073343,479173,80,47664,50
1,KMAF20160918_114817_V06,-46.556,0.138,433.857,343.319,6.224,-101.483,31.746,3112.064,70345.902,20160918_064817,479181,75,47805,48
1,KMAF20160919_122428_V06,-10.984,0.456,315.916,124.008,5.870,-102.104,32.737,2934.849,88355.003,20160919_072428,479180,188,94302,132
3,KMAF20160919_123346_V06,-1.684,0.165,186.876,295.643,15.993,-102.787,31.962,7996.527,56603.896,20160919_073346,479176,169,107205,135
3,KMAF20160922_123809_V06,0.853,0.066,181.778,293.022,13.725,-102.814,31.973,6862.274,59213.960,20160922_073809,479174,212,19769,177
3,KMAF20160922_124737_V06,10.320,0.071,181.868,293.457,21.051,-102.814,31.971,10525.594,59156.786,20160922_074737,479176,152,13774,127
1,KMAF20160922_122842_V06,-8.597,0.336,314.030,125.146,3.016,-102.114,32.732,1507.790,87707.821,20160922_072842,479181,144,35409,109
4,KMAF20160922_131559_V06,38.686,0.053,21.510,432.866,33.623,-103.652,31.336,16811.516,154280.731,20160922_081559,479178,203,10344,155
8,KMAF20160925_123357_V06,-5.217,0.384,327.558,148.495,4.818,-102.042,32.626,2409.210,76995.357,20160925_073357,479198,325,145177,82
8,KMAF20160925_123729_V06,-1.684,0.188,327.525,148.557,10.019,-102.042,32.626,5009.646,76961.870,20160925_073729,479192,403,142944,88
22,KMAF20160925_135219_V06,73.150,0.299,442.156,345.125,14.192,-101.439,31.738,7095.781,74573.307,20160925_085219,479179,520,95795,106
22,KMAF20160925_135605_V06,76.916,0.127,442.697,345.544,20.114,-101.436,31.736,10056.952,74894.337,20160925_085605,479174,847,93958,138
3,KMAF20160925_120700_V06,-32.167,0.053,72.891,124.367,16.645,-103.400,32.729,8322.517,143549.205,20160925_070700,479173,421,112237,74
7,KMAF20160925_123025_V06,-8.750,0.111,262.967,504.105,18.733,-102.383,31.023,9366.633,103718.789,20160925_073025,479189,281,146831,76
10,KMAF20160925_123357_V06,-5.217,0.103,395.815,196.385,5.516,-101.680,32.410,2758.114,70562.787,20160925_073357,479198,325,145177,82
11,KMAF20160925_124102_V06,1.866,0.064,310.999,132.539,6.191,-102.130,32.698,3095.341,83910.977,20160925_074102,479211,378,139384,79
6,KMAF20160926_122650_V06,-12.963,0.051,196.454,103.835,29.469,-102.742,32.827,14734.678,110908.151,20160926_072650,479198,219,95596,120
6,KMAF20160926_123158_V06,-7.830,0.268,195.441,103.913,35.851,-102.747,32.826,17925.555,111110.963,20160926_073158,479193,273,102905,132
6,KMAF20160926_123706_V06,-2.697,0.261,183.759,100.858,30.750,-102.810,32.840,15375.128,115292.543,20160926_073706,479195,276,108320,131
6,KMAF20160926_124216_V06,2.470,0.326,182.725,100.885,35.404,-102.815,32.840,17702.164,115542.316,20160926_074216,479195,336,114293,147
6,KMAF20160926_124724_V06,7.603,0.323,177.417,98.660,31.327,-102.844,32.849,15663.336,117860.384,20160926_074724,479192,256,120276,113
6,KMAF20160926_125232_V06,12.737,0.209,176.812,98.551,37.492,-102.847,32.850,18746.247,118064.372,20160926_075232,479198,271,126092,120
10,KMAF20160926_124216_V06,2.470,0.138,372.130,365.052,12.578,-101.809,31.649,6288.996,48565.572,20160926_074216,479195,336,114293,147
10,KMAF20160926_124724_V06,7.603,0.083,372.306,364.868,19.274,-101.808,31.650,9636.761,48569.550,20160926_074724,479192,256,120276,113
10,KMAF20160926_125232_V06,12.737,0.348,371.463,364.488,16.725,-101.812,31.652,8362.535,48128.828,20160926_075232,479198,271,126092,120
10,KMAF20160926_125741_V06,17.887,-1.000,371.463,364.488,24.914,-101.812,31.652,12456.785,48128.828,20160926_075741,479198,215,129627,120
10,KMAF20160926_130250_V06,23.037,0.149,364.092,357.400,14.009,-101.851,31.684,7004.616,43019.168,20160926_080250,479195,263,132922,132
11,KMAF20160926_124216_V06,2.470,0.075,469.027,362.372,13.144,-101.298,31.659,6572.241,90083.866,20160926_074216,479195,336,114293,147
24,KMAF20160926_132402_V06,44.237,0.077,444.212,358.978,14.460,-101.428,31.675,7229.780,77903.153,20160926_082402,479197,187,138333,90
27,KMAF20160926_132922_V06,49.570,0.059,353.103,347.229,15.031,-101.909,31.730,7515.675,35533.395,20160926_082922,479191,272,139161,137
2,KMAF20160927_124259_V06,2.554,0.392,388.874,211.943,16.948,-101.717,32.340,8473.785,62555.427,20160927_074259,479187,298,57336,189
2,KMAF20160927_124809_V06,7.720,0.424,389.135,210.798,23.903,-101.715,32.345,11951.599,63051.815,20160927_074809,479194,281,56313,168
2,KMAF20160927_125319_V06,12.887,0.123,392.133,209.095,21.176,-101.700,32.352,10588.089,64715.147,20160927_075319,479183,335,53431,186
3,KMAF20160927_124259_V06,2.554,0.051,401.097,91.423,28.954,-101.649,32.883,14476.944,115893.247,20160927_074259,479187,298,57336,189
5,KMAF20160927_130339_V06,23.220,0.070,242.845,79.142,30.358,-102.494,32.939,15178.993,114066.629,20160927_080339,479202,263,50545,174
2,KMAF20160928_123716_V06,-3.800,0.598,333.226,161.217,13.446,-102.012,32.569,6723.099,71352.277,20160928_073716,479178,492,76392,376
2,KMAF20160928_124642_V06,5.634,0.610,333.391,161.172,20.899,-102.011,32.569,10449.468,71393.650,20160928_074642,479180,414,88547,314
2,KMAF20160928_125608_V06,15.067,0.186,336.200,166.439,23.994,-101.996,32.545,11996.968,69190.124,20160928_075608,479177,404,87056,306
1,KMAF20160928_115016_V06,-50.800,0.105,237.026,559.981,6.642,-102.518,30.771,3321.239,133749.725,20160928_065016,479177,455,49831,356
3,KMAF20160928_123716_V06,-3.800,0.271,397.236,215.418,15.633,-101.673,32.324,7816.624,64438.110,20160928_073716,479178,492,76392,376
1,KMAF20160929_121538_V06,-26.073,0.074,329.069,123.867,36.817,-102.034,32.737,18408.394,89257.717,20160929_071538,479171,205,40777,177
1,KMAF20160930_124109_V06,-1.201,0.746,319.158,121.534,10.100,-102.087,32.748,5049.809,89745.859,20160930_074109,479179,221,61774,183
2,KMAF20160930_124109_V06,-1.201,0.381,331.514,148.329,12.428,-102.021,32.627,6214.035,77455.129,20160930_074109,479179,221,61774,183
3,KMAF20160930_130006_V06,17.749,0.128,20.057,430.286,17.584,-103.660,31.347,8792.114,154388.013,20160930_080006,479177,258,60837,198
1,KMAF20161004_122757_V06,-17.018,0.133,336.149,144.010,1.680,-101.996,32.647,839.939,80061.732,20161004_072757,479185,339,62854,136
2,KMAF20161004_122757_V06,-17.018,0.091,337.925,143.135,1.648,-101.987,32.650,824.226,80692.437,20161004_072757,479185,339,62854,136
3,KMAF20161004_124122_V06,-3.602,0.091,185.349,531.115,12.638,-102.788,30.900,6318.765,128995.392,20161004_074122,479183,389,68618,151
4,KMAF20161004_124442_V06,-0.268,0.056,348.304,128.508,20.265,-101.931,32.716,10132.484,89082.555,20161004_074442,479185,361,66960,159
5,KMAF20161004_125508_V06,10.165,0.147,368.013,130.772,25.836,-101.826,32.706,12918.179,91191.981,20161004_075508,479206,394,65373,136
6,KMAF20161004_135603_V06,71.082,0.059,102.876,201.859,16.957,-103.236,32.382,8478.251,110101.424,20161004_085603,479186,389,84115,277
1,KMAF20161005_123101_V06,-14.617,0.078,335.335,151.138,2.083,-102.001,32.614,1041.588,76499.156,20161005_073101,479187,106,62004,88
3,KMAF20161007_124846_V06,1.788,0.830,318.141,164.955,13.725,-102.092,32.552,6862.671,68128.795,20161007_074846,479177,398,66837,185
3,KMAF20161007_125218_V06,5.322,0.322,318.106,165.625,18.831,-102.093,32.549,9415.398,67794.443,20161007_075218,479183,362,65054,177
3,KMAF20161007_125553_V06,8.905,0.237,315.668,168.763,21.496,-102.105,32.535,10747.804,66084.404,20161007_075553,479193,417,63779,174
3,KMAF20161007_125925_V06,12.438,0.317,314.329,172.033,22.276,-102.113,32.520,11137.821,64383.316,20161007_075925,479191,372,62798,168
4,KMAF20161007_125553_V06,8.905,0.468,389.220,219.510,12.149,-101.715,32.305,6074.383,60081.047,20161007_075553,479193,417,63779,174
5,KMAF20161007_135417_V06,67.305,0.068,314.164,167.329,2.175,-102.113,32.542,1087.498,66712.642,20161007_085417,479207,590,49986,146
3,KMAF20161008_123627_V06,-11.208,0.127,388.594,201.355,6.356,-101.718,32.387,3177.780,66294.373,20161008_073627,479185,88,37860,62
3,KMAF20161008_124558_V06,-1.691,0.886,392.543,205.498,12.054,-101.697,32.368,6026.925,66133.895,20161008_074558,479181,93,33810,80
3,KMAF20161008_125528_V06,7.809,0.889,396.363,211.239,16.436,-101.677,32.343,8218.077,65506.046,20161008_075528,479180,72,29490,55
6,KMAF20161008_124558_V06,-1.691,0.066,334.176,142.488,17.023,-102.007,32.653,8511.517,80588.445,20161008_074558,479181,93,33810,80
6,KMAF20161008_125528_V06,7.809,0.553,336.038,143.856,24.819,-101.997,32.647,12409.586,80124.506,20161008_075528,479180,72,29490,55
6,KMAF20161008_130458_V06,17.309,0.060,336.030,140.175,28.634,-101.997,32.664,14316.909,81918.115,20161008_080458,479181,101,26818,72
5,KMAF20161008_124558_V06,-1.691,0.077,353.144,196.880,2.025,-101.906,32.408,1012.421,58004.428,20161008_074558,479181,93,33810,80
5,KMAF20161008_125528_V06,7.809,0.204,352.888,199.735,10.983,-101.908,32.395,5491.738,56679.252,20161008_075528,479180,72,29490,55
1,KMAF20161008_121730_V06,-30.158,0.051,28.326,430.644,44.957,-103.616,31.346,22478.291,150727.208,20161008_071730,479174,61,35951,48
2,KMAF20161008_122658_V06,-20.691,0.075,404.346,427.676,20.027,-101.640,31.366,10013.340,82445.814,20161008_072658,479177,54,37658,39
2,KMAF20161009_121849_V06,-29.526,0.206,26.515,146.200,39.554,-103.646,32.628,19776.836,156882.312,20161009_071849,479177,54,46286,25
2,KMAF20161009_122343_V06,-24.626,0.220,27.660,145.229,45.967,-103.640,32.633,22983.259,156623.020,20161009_072343,479184,57,44201,29
3,KMAF20161009_123822_V06,-9.976,0.117,275.113,310.307,14.604,-102.320,31.897,7302.246,13468.508,20161009_073822,479176,82,22388,37
4,KMAF20161009_124316_V06,-5.076,0.068,397.501,198.608,1.953,-101.671,32.399,976.292,70332.708,20161009_074316,479187,91,22287,45
1,KMAF20161010_115210_V06,-56.866,0.230,434.517,344.357,5.315,-101.479,31.741,2657.629,70820.816,20161010_065210,479180,129,63225,107
1,KMAF20161010_120139_V06,-47.383,0.079,434.421,344.422,13.293,-101.480,31.741,6646.674,70785.312,20161010_070139,479180,106,61445,84
6,KMAF20161010_123937_V06,-9.416,0.291,403.881,190.725,2.666,-101.637,32.435,1332.779,75386.071,20161010_073937,479171,190,26708,147
6,KMAF20161010_124906_V06,0.067,0.090,405.043,192.071,13.641,-101.630,32.429,6820.487,75303.696,20161010_074906,479181,192,20628,158
4,KMAF20161010_121108_V06,-37.899,0.111,497.425,81.853,7.211,-101.134,32.923,3605.309,147109.627,20161010_071108,479177,114,59252,85
8,KMAF20161010_123937_V06,-9.416,0.113,401.379,191.853,2.678,-101.650,32.430,1339.123,74117.195,20161010_073937,479171,190,26708,147
12,KMAF20161010_123937_V06,-9.416,0.050,330.207,130.330,15.134,-102.028,32.708,7566.814,86169.168,20161010_073937,479171,190,26708,147
2,KMAF20161011_123951_V06,-9.878,0.310,320.560,127.035,6.890,-102.079,32.723,3445.145,87091.486,20161011_073951,479184,243,50572,197
2,KMAF20161011_124922_V06,-0.361,0.523,322.219,129.459,18.160,-102.070,32.712,9079.760,85991.246,20161011_074922,479176,225,38382,182
2,KMAF20161011_125851_V06,9.122,0.954,332.128,131.398,23.467,-102.018,32.703,11733.548,85817.745,20161011_075851,479170,220,27026,179
2,KMAF20161011_130823_V06,18.656,0.060,346.585,134.095,31.548,-101.941,32.691,15774.118,86160.536,20161011_080823,479182,212,22195,158
1,KMAF20161011_123951_V06,-9.878,0.327,358.697,197.159,2.876,-101.877,32.407,1437.763,59206.516,20161011_073951,479184,243,50572,197
1,KMAF20161012_123609_V06,-14.278,0.866,326.960,135.898,5.931,-102.045,32.683,2965.401,83151.007,20161012_073609,479182,166,62832,141
1,KMAF20161012_124538_V06,-4.795,0.099,328.620,135.379,17.018,-102.036,32.685,8509.099,83545.330,20161012_074538,479186,172,65218,137
3,KMAF20161012_123609_V06,-14.278,0.298,404.045,193.958,3.249,-101.636,32.420,1624.428,74280.533,20161012_073609,479182,166,62832,141
3,KMAF20161012_124538_V06,-4.795,0.067,408.961,193.998,14.949,-101.610,32.420,7474.469,76008.133,20161012_074538,479186,172,65218,137
2,KMAF20161012_123609_V06,-14.278,0.649,349.385,132.980,17.706,-101.926,32.696,8853.119,87084.184,20161012_073609,479182,166,62832,141
7,KMAF20161012_125508_V06,4.705,0.771,428.962,201.543,10.762,-101.504,32.385,5381.119,81124.948,20161012_075508,479175,180,61594,129
2,KMAF20161015_124241_V06,-9.881,0.336,360.284,183.258,1.986,-101.868,32.469,992.859,65694.054,20161015_074241,479183,97,53079,84
8,KMAF20161016_124155_V06,-11.372,0.110,400.257,194.594,5.880,-101.656,32.417,2940.239,72735.776,20161016_074155,479172,331,87595,266
8,KMAF20161016_125131_V06,-1.772,0.059,406.908,197.642,18.146,-101.621,32.404,9072.943,74004.145,20161016_075131,479174,246,84210,193
1,KMAF20161016_120339_V06,-49.639,0.094,30.481,124.853,12.718,-103.626,32.725,6358.850,160714.833,20161016_070339,479180,251,92297,210
2,KMAF20161016_120339_V06,-49.639,0.079,55.004,107.938,6.654,-103.497,32.803,3326.751,155652.453,20161016_070339,479180,251,92297,210
3,KMAF20161016_121310_V06,-40.122,0.104,398.524,75.870,15.942,-101.662,32.953,7971.073,122414.509,20161016_071310,479177,452,88950,356
4,KMAF20161016_124155_V06,-11.372,0.552,354.712,193.709,2.422,-101.898,32.422,1210.987,59772.976,20161016_074155,479172,331,87595,266
6,KMAF20161016_124155_V06,-11.372,0.235,403.614,76.577,15.878,-101.635,32.949,7938.980,123140.063,20161016_074155,479172,331,87595,266
9,KMAF20161016_124155_V06,-11.372,0.075,354.363,153.104,33.357,-101.899,32.605,16678.600,78316.315,20161016_074155,479172,331,87595,266
11,KMAF20161016_130106_V06,7.811,0.109,320.048,70.043,16.315,-102.082,32.980,8157.326,115414.814,20161016_080106,479176,318,79062,217
12,KMAF20161016_132014_V06,26.944,0.486,379.832,126.587,6.368,-101.763,32.725,3184.147,95453.332,20161016_082014,479182,347,71979,264
13,KMAF20161016_133923_V06,46.094,0.065,399.567,76.535,19.162,-101.657,32.950,9581.009,122321.351,20161016_083923,479177,420,64929,331
2,KMAF20161017_122818_V06,-25.719,0.060,266.371,115.834,57.412,-102.368,32.774,28706.242,93605.463,20161017_072818,479174,1514,79874,1207
1,KMAF20161018_124210_V06,-12.590,0.248,345.166,196.491,4.612,-101.949,32.410,2306.217,56467.055,20161018_074210,479186,902,63504,646
1,KMAF20161020_123915_V06,-17.001,0.081,397.123,213.636,1.902,-101.673,32.332,951.107,64983.938,20161020_073915,479179,200,41839,152
2,KMAF20161020_124406_V06,-12.151,0.150,317.781,144.255,2.720,-102.094,32.646,1360.214,78378.216,20161020_074406,479182,169,42853,132
1,KMAF20161021_120049_V06,-56.192,0.076,187.233,290.933,11.660,-102.785,31.983,5829.981,56565.337,20161021_070049,479176,138,36869,108
1,KMAF20161022_125229_V06,-5.290,0.115,433.112,344.191,6.003,-101.486,31.742,3001.446,70128.037,20161022_075229,479180,90,13335,66
2,KMAF20161022_133052_V06,33.094,0.149,186.192,291.657,12.160,-102.791,31.980,6079.750,57056.596,20161022_083052,479181,99,10368,68
1,KMAF20161026_120108_V06,-59.766,0.073,433.414,344.477,6.496,-101.485,31.741,3248.249,70316.025,20161026_070108,479174,123,54963,94
1,KMAF20161026_121042_V06,-50.200,0.098,433.213,344.463,14.476,-101.486,31.741,7238.197,70218.709,20161026_071042,479180,136,53478,97
6,KMAF20161026_134625_V06,45.517,0.098,432.289,344.431,4.797,-101.491,31.741,2398.426,69775.546,20161026_084625,479182,141,34759,112
6,KMAF20161026_135600_V06,55.100,0.075,432.438,344.314,12.803,-101.490,31.742,6401.475,69827.593,20161026_085600,479181,130,36182,104
3,KMAF20161026_124857_V06,-11.950,0.275,290.223,323.732,23.420,-102.241,31.836,11709.822,12833.555,20161026_074857,479180,160,48905,126
3,KMAF20161026_125831_V06,-2.383,0.119,274.604,323.560,16.752,-102.323,31.837,8375.759,17320.604,20161026_075831,479180,156,36892,120
1,KMAF20161027_125811_V06,-3.515,0.727,378.164,204.080,6.268,-101.774,32.375,3134.144,61867.445,20161027_075811,479184,108,49717,96
5,KMAF20161027_130745_V06,6.052,0.195,386.727,214.026,2.828,-101.728,32.330,1413.773,61059.472,20161027_080745,479187,125,45996,121
1,KMAF20161028_120947_V06,-52.720,0.256,182.378,290.695,9.037,-102.811,31.984,4518.585,58994.551,20161028_070947,479174,93,41171,77
1,KMAF20161028_121918_V06,-43.203,0.086,182.854,290.628,16.267,-102.809,31.984,8133.407,58759.993,20161028_071918,479175,110,38242,98
2,KMAF20161028_125722_V06,-5.137,0.126,283.813,328.243,18.633,-102.274,31.816,9316.666,16276.559,20161028_075722,479175,142,29509,117
1,KMAF20161030_122155_V06,-42.216,0.065,255.219,527.214,9.485,-102.423,30.918,4742.394,115792.526,20161030_072155,479178,454,57599,386
2,KMAF20161030_122155_V06,-42.216,0.055,175.129,288.233,8.069,-102.850,31.995,4034.595,62711.871,20161030_072155,479178,454,57599,386
3,KMAF20161030_124104_V06,-23.066,0.308,342.385,124.192,5.697,-101.963,32.736,2848.694,90422.360,20161030_074104,479181,700,58426,623
4,KMAF20161030_125247_V06,-11.349,0.080,276.681,108.088,5.156,-102.313,32.809,2578.213,96661.614,20161030_075247,479182,521,54271,439
5,KMAF20161030_130218_V06,-1.832,0.063,393.416,72.369,16.208,-101.689,32.969,8103.870,123026.965,20161030_080218,479180,559,50956,455
1,KMAF20161031_120837_V06,-56.339,0.154,433.702,344.526,6.437,-101.483,31.741,3218.401,70460.535,20161031_070837,479182,173,35917,126
3,KMAF20161031_125623_V06,-8.573,0.107,227.398,220.239,4.751,-102.574,32.302,2375.372,53927.962,20161031_075623,479182,167,24631,144
7,KMAF20161101_132355_V06,18.131,0.269,436.058,178.065,4.995,-101.465,32.491,2497.318,91350.679,20161101_082355,479183,459,62589,344
7,KMAF20161101_133327_V06,27.664,0.081,436.997,175.524,17.404,-101.460,32.502,8701.816,92550.556,20161101_083327,479179,526,60931,414
5,KMAF20161101_125517_V06,-10.502,0.143,308.334,533.402,12.835,-102.145,30.891,6417.552,116775.551,20161101_075517,479175,257,76874,188
10,KMAF20161101_133327_V06,27.664,0.154,316.061,79.626,10.887,-102.103,32.937,5443.657,110479.148,20161101_083327,479179,526,60931,414
1,KMAF20161102_130730_V06,0.879,0.171,277.084,324.077,15.983,-102.310,31.835,7991.482,16619.800,20161102_080730,479175,176,63327,131
4,KMAF20161104_131826_V06,10.127,0.072,284.789,337.265,24.407,-102.269,31.775,12203.716,20124.841,20161104_081826,479183,150,26971,117
9,KMAF20161105_134734_V06,38.410,0.063,188.422,290.917,14.576,-102.779,31.983,7287.842,55973.772,20161105_084734,479198,282,29852,89
9,KMAF20161105_135110_V06,42.010,-1.000,188.422,290.917,20.300,-102.779,31.983,10149.842,55973.772,20161105_085110,479197,334,28666,114
9,KMAF20161105_135446_V06,45.610,0.177,191.150,287.896,22.327,-102.765,31.997,11163.441,54760.539,20161105_085446,479205,318,26433,109
4,KMAF20161105_124808_V06,-21.023,0.084,187.220,292.154,12.691,-102.786,31.977,6345.531,56526.124,20161105_074808,479199,371,44468,99
6,KMAF20161106_131615_V06,6.239,0.099,274.451,224.299,30.935,-102.324,32.285,15467.728,39947.863,20161106_071615,479199,17155,157096,2822
11,KMAF20161106_141017_V06,60.273,0.078,229.611,107.588,5.613,-102.565,32.810,2806.601,102441.492,20161106_081017,479188,8070,107328,692
2,KMAF20161107_141816_V06,67.397,0.177,183.244,76.886,4.926,-102.813,32.948,2462.940,125908.725,20161107_081816,479180,127,34278,103
2,KMAF20161107_142733_V06,76.681,0.336,186.056,78.451,17.452,-102.798,32.941,8725.973,124566.476,20161107_082733,479179,143,37817,98
2,KMAF20161107_143650_V06,85.964,0.063,189.199,79.192,18.979,-102.781,32.938,9489.263,123524.026,20161107_083650,479176,145,41076,107
1,KMAF20161107_130323_V06,-7.486,0.082,265.031,321.386,8.645,-102.374,31.847,4322.525,20495.023,20161107_070323,479173,137,32172,116
1,KMAF20161107_131245_V06,1.881,0.510,279.767,327.618,23.792,-102.296,31.819,11895.997,17118.267,20161107_071245,479184,169,29591,119
1,KMAF20161108_132327_V06,11.718,0.085,275.980,336.864,21.621,-102.316,31.777,10810.690,21999.556,20161108_072327,479181,167,26678,149
1,KMAF20161109_140115_V06,48.652,0.066,291.668,341.172,9.472,-102.233,31.758,4735.884,21003.564,20161109_080115,479181,178,32728,153
1,KMAF20161113_141859_V06,62.894,0.168,435.023,343.550,5.363,-101.476,31.745,2681.334,70936.428,20161113_081859,479180,42,7542,29
1,KMAF20161114_122245_V06,-54.217,0.090,177.344,290.046,10.995,-102.838,31.987,5497.499,61529.483,20161114_062245,479178,2739,44027,2437
2,KMAF20161114_122245_V06,-54.217,0.060,398.958,78.756,18.689,-101.660,32.940,9344.692,121183.412,20161114_062245,479178,2739,44027,2437
3,KMAF20161114_122245_V06,-54.217,0.056,441.547,351.419,15.695,-101.442,31.709,7847.588,75298.342,20161114_062245,479178,2739,44027,2437
4,KMAF20161114_123218_V06,-44.667,0.145,254.164,526.493,8.772,-102.429,30.922,4386.205,115542.141,20161114_063218,479172,2555,40656,2204
5,KMAF20161114_123218_V06,-44.667,0.051,380.170,126.391,9.273,-101.761,32.725,4636.475,95612.757,20161114_063218,479172,2555,40656,2204
6,KMAF20161114_133134_V06,14.600,0.054,396.812,82.235,22.928,-101.671,32.924,11464.222,119157.864,20161114_073134,479179,2117,18148,1607
7,KMAF20161114_142857_V06,71.983,0.128,440.164,354.250,18.259,-101.450,31.697,9129.669,75148.314,20161114_082857,479184,2396,21822,1926
1,KMAF20161115_122152_V06,-55.980,0.398,184.701,291.069,11.006,-102.799,31.982,5503.119,57822.392,20161115_062152,479180,593,11272,427
1,KMAF20161115_123126_V06,-46.413,0.078,182.495,292.192,18.892,-102.811,31.977,9446.140,58882.128,20161115_063126,479183,573,11188,426
3,KMAF20161115_131156_V06,-5.913,0.051,112.631,188.885,7.345,-103.185,32.440,3672.570,108919.300,20161115_071156,479183,1017,7983,759
3,KMAF20161115_132127_V06,3.603,0.114,109.626,192.257,19.155,-103.201,32.425,9577.748,109374.325,20161115_072127,479181,1098,9833,785
9,KMAF20161116_142112_V06,62.472,0.128,254.334,527.265,8.345,-102.428,30.918,4172.512,115903.761,20161116_082112,479179,1387,15707,1043
9,KMAF20161116_143047_V06,72.056,0.201,255.251,527.290,15.767,-102.423,30.918,7883.383,115826.616,20161116_083047,479179,1136,18368,839
2,KMAF20161116_123350_V06,-44.894,0.114,312.291,134.892,2.371,-102.123,32.688,1185.375,82782.374,20161116_063350,479180,1790,24342,1449
4,KMAF20161116_125302_V06,-25.694,0.161,256.419,525.174,10.216,-102.417,30.928,5108.228,114676.252,20161116_065302,479187,1898,10967,1574
5,KMAF20161116_134302_V06,24.306,0.073,305.645,406.099,23.507,-102.159,31.465,11753.288,53124.286,20161116_074302,479180,1727,14904,1510
6,KMAF20161116_135235_V06,33.856,0.089,182.933,294.769,15.588,-102.808,31.965,7794.168,58591.774,20161116_075235,479180,1795,14859,1505
7,KMAF20161116_141139_V06,52.922,0.185,255.693,527.036,9.332,-102.421,30.919,4666.154,115659.339,20161116_081139,479181,1738,14397,1427
8,KMAF20161116_141139_V06,52.922,0.088,401.215,79.854,18.541,-101.648,32.935,9270.454,121149.351,20161116_081139,479181,1738,14397,1427
10,KMAF20161116_143047_V06,72.056,0.056,201.273,283.624,23.204,-102.711,32.016,11601.936,50037.978,20161116_083047,479179,1136,18368,839
1,KMAF20161117_122642_V06,-52.909,0.097,177.017,291.882,6.287,-102.839,31.978,3143.499,61625.400,20161117_062642,479184,277,21787,223
3,KMAF20161117_123613_V06,-43.392,0.054,433.688,344.396,6.623,-101.483,31.741,3311.598,70433.280,20161117_063613,479180,221,22297,183
6,KMAF20161119_141032_V06,49.161,0.075,179.527,290.342,9.072,-102.826,31.985,4536.207,60429.584,20161119_081032,479179,203,7537,145
6,KMAF20161119_142010_V06,58.795,0.073,181.721,291.689,18.781,-102.815,31.979,9390.260,59285.327,20161119_082010,479192,190,7152,124
3,KMAF20161119_122230_V06,-58.872,0.077,367.752,240.530,6.270,-101.830,32.211,3135.036,45075.094,20161119_062230,479180,128,12258,86
5,KMAF20161119_131250_V06,-8.539,0.058,235.014,220.865,5.410,-102.534,32.300,2705.029,51199.368,20161119_071250,479181,170,7848,113
2,KMAF20161120_123406_V06,-48.153,0.074,179.868,290.832,12.736,-102.824,31.983,6368.118,60240.760,20161120_063406,479183,67,7718,52
2,KMAF20161120_124345_V06,-38.503,0.074,182.901,292.007,19.920,-102.808,31.978,9959.943,58685.861,20161120_064345,479180,87,8525,64
1,KMAF20161120_122428_V06,-57.786,0.064,432.319,344.893,6.548,-101.491,31.739,3274.120,69863.669,20161120_062428,479182,57,6896,35
4,KMAF20161120_132434_V06,2.314,0.133,276.107,320.697,16.419,-102.315,31.850,8209.549,15805.332,20161120_072434,479185,108,5734,76
5,KMAF20161120_132434_V06,2.314,0.070,188.399,291.299,13.214,-102.779,31.981,6607.145,55969.857,20161120_072434,479185,108,5734,76
3,KMAF20161121_123327_V06,-49.682,0.125,339.980,140.956,3.274,-101.976,32.660,1637.154,81995.970,20161121_063327,479178,149,9465,127
7,KMAF20161121_140206_V06,38.968,0.073,179.649,289.614,13.071,-102.826,31.989,6535.521,60399.048,20161121_080206,479187,167,5082,139
3,KMAF20161122_122556_V06,-58.077,0.211,174.766,289.452,4.459,-102.851,31.989,2229.549,62838.764,20161122_062556,479184,255,28851,198
3,KMAF20161122_123530_V06,-48.510,0.050,175.551,289.730,11.980,-102.847,31.988,5989.933,62435.786,20161122_063530,479187,457,27132,404
7,KMAF20161122_124504_V06,-38.943,0.056,445.018,254.374,12.523,-101.420,32.147,6261.410,76012.824,20161122_064504,479182,768,27077,675
8,KMAF20161122_132318_V06,-0.710,0.220,320.587,116.420,18.844,-102.079,32.771,9422.199,92365.191,20161122_072318,479178,566,11575,480
9,KMAF20161122_134429_V06,20.473,0.078,250.696,523.728,7.410,-102.447,30.934,3704.873,114548.292,20161122_074429,479184,609,11451,512
10,KMAF20161122_143227_V06,68.440,0.053,443.652,257.272,10.353,-101.428,32.134,5176.334,74936.095,20161122_083227,479182,647,17223,480
5,KMAF20161123_140657_V06,42.065,0.198,186.422,291.541,13.894,-102.790,31.980,6947.042,56946.523,20161123_080657,479180,178,8047,144
5,KMAF20161123_141635_V06,51.698,0.064,185.025,292.503,21.502,-102.797,31.976,10751.172,57609.597,20161123_081635,479180,176,7569,121
4,KMAF20161123_125945_V06,-25.135,0.059,171.576,302.079,20.584,-102.868,31.932,10292.189,64220.173,20161123_065945,479180,140,6194,117
3,KMAF20161124_124809_V06,-37.607,0.075,182.782,289.740,9.880,-102.809,31.988,4939.869,58832.962,20161124_064809,479182,169,13424,121
3,KMAF20161124_125746_V06,-27.990,0.101,180.861,289.800,18.895,-102.819,31.988,9447.517,59787.149,20161124_065746,479176,155,4951,114
1,KMAF20161124_122854_V06,-56.857,0.123,171.416,286.184,8.642,-102.869,32.004,4321.194,64662.226,20161124_062854,479183,109,10668,66
4,KMAF20161124_131659_V06,-8.773,0.055,295.418,374.483,2.623,-102.213,31.607,1311.306,37311.912,20161124_071659,479180,234,6071,186
5,KMAF20161124_133822_V06,12.610,0.086,326.660,116.937,9.668,-102.047,32.769,4834.026,92496.816,20161124_073822,479180,211,7132,162
1,KMAF20161125_123127_V06,-55.175,0.052,369.225,239.016,7.594,-101.822,32.218,3797.192,46127.878,20161125_063127,479189,81,16253,59
2,KMAF20161126_122859_V06,-58.505,0.287,443.902,439.509,22.316,-101.433,31.312,11158.119,100212.972,20161126_062859,479196,73,11578,49
2,KMAF20161126_123414_V06,-53.255,0.355,445.656,438.743,28.557,-101.424,31.315,14278.705,100579.788,20161126_063414,479190,56,11487,41
10,KMAF20161126_133707_V06,9.629,0.122,276.938,327.248,17.808,-102.311,31.820,8904.053,17848.683,20161126_073707,479193,82,9490,58
1,KMAF20161127_133756_V06,9.587,0.050,320.899,227.557,5.046,-102.078,32.270,2523.129,37698.644,20161127_073756,479176,77,7079,61
2,KMAF20161129_123445_V06,-55.293,0.125,172.765,285.867,8.610,-102.862,32.005,4304.838,64008.627,20161129_063445,479191,294,11377,248
2,KMAF20161129_124423_V06,-45.660,0.086,177.864,288.869,16.038,-102.835,31.992,8019.200,61320.987,20161129_064423,479183,288,13209,223
3,KMAF20161129_123445_V06,-55.293,0.057,366.642,238.069,4.595,-101.835,32.222,2297.356,45487.731,20161129_063445,479191,294,11377,248
1,KMAF20161130_123211_V06,-58.697,0.220,178.789,293.314,8.926,-102.830,31.972,4463.102,60697.749,20161130_063211,479184,396,17159,283
1,KMAF20161201_123950_V06,-51.876,0.363,172.168,285.305,8.624,-102.865,32.008,4311.815,64336.709,20161201_063950,479179,410,10002,322
1,KMAF20161201_124926_V06,-42.276,0.061,175.546,287.976,16.913,-102.847,31.996,8456.700,62516.788,20161201_064926,479178,349,12294,287
4,KMAF20161201_133740_V06,5.957,0.061,180.322,290.666,11.273,-102.822,31.984,5636.271,60020.490,20161201_073740,479174,306,7284,238
6,KMAF20161203_142152_V06,48.527,0.054,25.927,207.446,27.845,-103.645,32.352,13922.529,144639.295,20161203_082152,479177,478,178596,78
1,KMAF20161204_134247_V06,8.645,0.104,274.447,326.888,14.277,-102.324,31.822,7138.680,18546.866,20161204_074247,479182,74,7404,57
1,KMAF20161204_134742_V06,13.561,0.083,275.868,327.776,21.263,-102.316,31.818,10631.486,18397.659,20161204_074742,479182,94,7105,75
1,KMAF20161205_123600_V06,-58.926,0.099,186.213,290.962,12.302,-102.791,31.983,6151.201,57072.926,20161205_063600,479183,344,54092,147
3,KMAF20161205_125046_V06,-44.159,0.081,184.147,294.113,13.716,-102.802,31.968,6857.807,58001.388,20161205_065046,479180,253,58915,115
6,KMAF20161205_132017_V06,-14.643,0.075,445.707,359.868,3.328,-101.421,31.671,1664.200,78763.301,20161205_072017,479186,518,62665,124
7,KMAF20161205_132733_V06,-7.376,0.104,182.198,287.509,10.922,-102.812,31.998,5461.042,59231.152,20161205_072733,479182,455,62770,119
2,KMAF20161206_131250_V06,-22.868,0.085,186.718,291.714,12.881,-102.788,31.979,6440.268,56792.155,20161206_071250,479179,121,2611,98
2,KMAF20161206_132222_V06,-13.335,0.061,184.722,291.510,20.384,-102.799,31.980,10192.190,57795.266,20161206_072222,479175,183,3691,158
1,KMAF20161206_124420_V06,-51.368,0.067,184.214,293.364,12.499,-102.801,31.972,6249.434,57988.190,20161206_064420,479185,181,6802,136
1,KMAF20161207_143634_V06,60.104,0.077,245.205,305.824,19.469,-102.479,31.917,9734.316,27551.782,20161207_083634,479178,162,3248,131
8,KMAF20161208_132435_V06,-12.628,0.173,80.471,153.701,62.157,-103.358,32.598,31078.711,131905.724,20161208_072435,479178,186,347424,132
1,KMAF20161209_132940_V06,-8.277,0.051,273.052,327.125,6.773,-102.331,31.821,3386.681,19117.772,20161209_072940,479172,152,4059,132
2,KMAF20161211_125326_V06,-45.930,0.164,93.331,74.282,6.037,-103.294,32.956,3018.414,153020.153,20161211_065326,479177,65,13004,48
6,KMAF20161211_125326_V06,-45.930,0.058,180.882,292.857,15.877,-102.819,31.974,7938.480,59666.022,20161211_065326,479177,65,13004,48
6,KMAF20161211_130511_V06,-34.180,-1.000,180.882,292.857,34.559,-102.819,31.974,17279.730,59666.022,20161211_070511,479179,55,14488,43
6,KMAF20161211_131444_V06,-24.630,0.074,180.926,295.299,16.587,-102.819,31.963,8293.537,59583.246,20161211_071444,479177,65,9382,49
7,KMAF20161211_131444_V06,-24.630,0.114,245.159,525.808,7.990,-102.476,30.925,3995.028,116186.314,20161211_071444,479177,65,9382,49
9,KMAF20161211_133353_V06,-5.480,0.368,321.482,229.519,5.574,-102.075,32.261,2787.121,36840.871,20161211_073353,479186,93,8334,68
12,KMAF20161211_140241_V06,23.320,0.105,184.007,293.641,15.339,-102.802,31.971,7669.493,58083.360,20161211_080241,479180,180,8787,136
1,KMAF20161212_124527_V06,-54.598,0.059,172.462,290.651,2.748,-102.864,31.984,1373.919,63940.244,20161212_064527,479185,211,10875,110
1,KMAF20161212_125503_V06,-44.998,0.064,172.406,290.740,10.175,-102.864,31.983,5087.658,63964.830,20161212_065503,479173,241,12579,132
4,KMAF20161212_134300_V06,2.952,0.085,318.477,154.266,7.623,-102.090,32.600,3811.459,73450.418,20161212_074300,479180,341,10482,198
4,KMAF20161212_135236_V06,12.552,0.080,320.338,152.482,19.901,-102.081,32.608,9950.420,74456.679,20161212_075236,479181,280,9726,159
5,KMAF20161213_140925_V06,28.702,0.335,392.043,65.720,7.415,-101.696,32.999,3707.329,125855.944,20161213_080925,479176,771,9494,535
5,KMAF20161213_141900_V06,38.285,0.126,392.089,68.522,16.871,-101.696,32.986,8435.682,124561.754,20161213_081900,479185,856,9450,661
1,KMAF20161213_124249_V06,-57.898,0.060,431.160,344.293,6.971,-101.497,31.742,3485.435,69218.640,20161213_064249,479181,879,6748,634
2,KMAF20161213_125227_V06,-48.265,0.057,379.240,127.873,7.404,-101.766,32.719,3701.977,94745.385,20161213_065227,479174,784,7468,646
3,KMAF20161213_133104_V06,-9.648,0.440,257.859,526.010,9.441,-102.409,30.924,4720.287,114952.520,20161213_073104,479185,770,8195,618
4,KMAF20161213_135950_V06,19.118,0.102,255.085,526.022,9.090,-102.424,30.924,4544.911,115220.693,20161213_075950,479179,669,9026,466
4,KMAF20161216_125425_V06,-48.189,0.065,182.906,253.067,3.080,-102.810,32.153,1539.900,63074.811,20161216_065425,479178,609,28053,462
4,KMAF20161216_130616_V06,-36.339,0.141,181.841,277.240,15.648,-102.814,32.044,7824.011,60165.485,20161216_070616,479174,790,30393,601
6,KMAF20161216_131550_V06,-26.773,0.291,401.522,74.154,22.754,-101.646,32.960,11376.850,123807.234,20161216_071550,479179,1226,32829,948
6,KMAF20161216_132519_V06,-17.289,0.690,401.122,76.651,26.137,-101.648,32.949,13068.397,122587.121,20161216_072519,479178,1546,37242,1169
14,KMAF20161216_141249_V06,30.211,0.052,193.953,261.406,17.650,-102.751,32.116,8825.117,56425.706,20161216_081249,479173,1323,42188,1089
14,KMAF20161216_142218_V06,39.694,0.210,194.600,259.922,24.261,-102.747,32.123,12130.614,56381.356,20161216_082218,479176,1552,43864,1305
15,KMAF20161216_142218_V06,39.694,0.375,442.033,175.290,12.909,-101.433,32.503,6454.662,94506.336,20161216_082218,479176,1552,43864,1305
15,KMAF20161216_143153_V06,49.277,0.397,441.128,174.009,19.639,-101.438,32.509,9819.534,94592.330,20161216_083153,479183,1499,41699,1221
17,KMAF20161216_145055_V06,68.311,0.220,446.167,251.269,14.459,-101.414,32.161,7229.645,77038.114,20161216_085055,479176,2038,48895,1780
17,KMAF20161216_150025_V06,77.811,0.133,446.432,251.133,25.732,-101.413,32.161,12866.056,77185.187,20161216_090025,479176,2387,49729,2037
1,KMAF20161216_124447_V06,-57.823,0.289,179.600,291.443,8.951,-102.826,31.980,4475.681,60351.671,20161216_064447,479187,407,27285,296
3,KMAF20161216_125425_V06,-48.189,0.103,184.754,201.790,17.233,-102.801,32.385,8616.610,75708.013,20161216_065425,479178,609,28053,462
7,KMAF20161216_132519_V06,-17.289,0.143,442.628,182.107,6.147,-101.430,32.473,3073.463,92522.364,20161216_072519,479178,1546,37242,1169
10,KMAF20161216_134420_V06,1.727,0.055,295.400,342.565,17.458,-102.213,31.751,8729.002,21406.605,20161216_074420,479189,1075,36364,786
11,KMAF20161216_140320_V06,20.727,0.191,406.988,80.496,15.851,-101.617,32.932,7925.613,122094.490,20161216_080320,479182,1367,42896,1139
12,KMAF20161216_140320_V06,20.727,0.065,105.205,246.640,17.958,-103.222,32.180,8979.237,100985.783,20161216_080320,479182,1367,42896,1139
13,KMAF20161216_140320_V06,20.727,0.060,444.414,253.201,10.687,-101.423,32.152,5343.338,75903.957,20161216_080320,479182,1367,42896,1139
18,KMAF20161216_150025_V06,77.811,0.078,197.398,283.691,25.045,-102.732,32.016,12522.512,51944.955,20161216_090025,479176,2387,49729,2037
19,KMAF20161216_150025_V06,77.811,0.063,119.018,130.263,10.138,-103.154,32.705,5069.063,124061.534,20161216_090025,479176,2387,49729,2037
1,KMAF20161217_125014_V06,-52.964,0.129,255.530,527.521,11.583,-102.421,30.917,5791.481,115912.881,20161217_065014,479177,1249,18331,1048
2,KMAF20161217_130154_V06,-41.298,0.096,191.535,75.667,1.937,-102.769,32.953,968.487,124589.124,20161217_070154,479184,1007,16327,826
3,KMAF20161217_135844_V06,15.536,0.075,398.143,77.810,20.357,-101.664,32.944,10178.432,121450.177,20161217_075844,479178,1001,13863,844
1,KMAF20161220_125927_V06,-45.396,0.079,181.463,288.622,8.729,-102.816,31.993,4364.508,59540.901,20161220_065927,479188,451,3852,309
2,KMAF20161221_131121_V06,-34.002,0.051,383.647,129.675,11.188,-101.743,32.711,5594.112,94878.353,20161221_071121,479173,593,6905,516
4,KMAF20161221_140138_V06,16.281,0.062,440.829,351.526,14.448,-101.446,31.709,7224.031,74979.703,20161221_080138,479180,356,6287,288
5,KMAF20161221_141114_V06,25.881,0.070,181.904,293.928,14.008,-102.814,31.969,7004.181,59125.885,20161221_081114,479175,333,6025,289
1,KMAF20161223_150519_V06,79.023,0.142,280.084,324.811,7.862,-102.294,31.831,3931.099,15907.862,20161223_090519,479180,104,4849,77
1,KMAF20161224_125149_V06,-54.913,0.236,186.755,291.895,13.646,-102.788,31.978,6822.815,56767.133,20161224_065149,479195,155,9196,110
4,KMAF20161224_145432_V06,67.804,0.064,369.025,238.721,6.877,-101.823,32.219,3438.690,46150.930,20161224_085432,479191,262,14466,151
1,KMAF20161226_125322_V06,-54.159,0.155,433.979,342.669,6.444,-101.482,31.749,3222.174,70304.552,20161226_065322,479171,135,5890,39
2,KMAF20161226_125322_V06,-54.159,0.109,367.740,242.423,6.613,-101.830,32.202,3306.644,44451.859,20161226_065322,479171,135,5890,39
3,KMAF20161226_130300_V06,-44.525,0.061,175.111,290.314,8.351,-102.850,31.985,4175.295,62631.893,20161226_070300,479176,158,6964,52
4,KMAF20161227_132544_V06,-22.152,0.345,181.108,316.820,4.838,-102.817,31.866,2418.978,60038.151,20161227_072544,479185,127,12302,85
7,KMAF20161227_135434_V06,6.681,0.242,327.162,146.528,16.252,-102.044,32.635,8125.923,77928.552,20161227_075434,479181,164,13051,110
1,KMAF20161228_125522_V06,-52.852,0.067,179.945,291.257,10.942,-102.824,31.981,5470.881,60186.701,20161228_065522,479185,800,6125,683
1,KMAF20161228_130459_V06,-43.236,0.100,179.330,292.353,18.810,-102.827,31.976,9404.839,60456.189,20161228_070459,479182,779,6024,687
8,KMAF20161230_141835_V06,29.778,0.057,57.494,252.975,22.512,-103.474,32.149,11255.817,123511.385,20161230_081835,479194,176,66997,134
1,KMAF20161231_130334_V06,-45.491,0.112,368.598,306.778,5.373,-101.826,31.912,2686.478,34465.962,20161231_070334,479185,90,16087,78
3,KMAF20161231_133504_V06,-13.991,0.055,193.053,292.141,16.153,-102.755,31.978,8076.687,53617.911,20161231_073504,479174,70,12982,68
