track_id,filename,from_sunrise,det_score,x,y,r,lon,lat,radius,geo_dist,local_time,n_radar_pixels,n_refAbove40_pixels,n_xcorrAbove0.95_pixels,n_xcorrBelow0.95_refAbove40_pixels
13,KMQT20210602_103729_V06,37.281,0.330,27.868,252.508,23.292,-89.329,46.731,11645.870,138122.308,20210602_063729,479171,68,32818,0
13,KMQT20210602_104427_V06,44.247,-1.000,27.868,252.508,34.369,-89.329,46.731,17184.370,138122.308,20210602_064427,479171,64,32239,1
13,KMQT20210602_105124_V06,51.197,0.127,37.805,255.870,23.077,-89.263,46.717,11538.708,132941.493,20210602_065124,479175,55,30989,2
1,KMQT20210605_094557_V06,-12.804,0.080,52.744,75.610,56.902,-89.190,47.529,28451.168,166947.838,20210605_054557,479171,5,49887,2
1,KMQT20210605_095027_V06,-8.304,0.178,54.147,75.869,63.207,-89.181,47.528,31603.388,166341.834,20210605_055027,479170,16,51896,1
1,KMQT20210605_095458_V06,-3.788,0.063,63.532,78.293,64.093,-89.118,47.518,32046.652,162073.495,20210605_055458,479172,23,54796,0
2,KMQT20210605_100836_V06,9.846,0.152,27.152,175.357,31.050,-89.345,47.078,15524.807,149984.934,20210605_060836,479172,49,61587,3
13,KMQT20210606_112257_V06,84.597,0.131,24.873,128.656,32.842,-89.367,47.287,16420.935,162059.736,20210606_072257,479167,47,38957,3
13,KMQT20210606_112733_V06,89.197,0.113,25.377,129.803,39.945,-89.363,47.282,19972.742,161543.444,20210606_072733,479169,62,37974,2
11,KMQT20210606_110040_V06,62.314,0.056,486.883,330.236,31.870,-86.333,46.389,15935.173,94656.440,20210606_070040,479175,50,44466,1
1,KMQT20210607_101934_V06,21.574,0.112,359.714,260.389,8.682,-87.158,46.709,4340.824,35828.830,20210607_061934,479167,2,32747,2
2,KMQT20210608_112110_V06,83.494,0.117,35.901,181.252,61.255,-89.286,47.052,30627.518,144783.755,20210608_072110,479167,24,31992,3
2,KMQT20210608_112531_V06,87.844,0.342,36.031,178.799,68.961,-89.286,47.063,34480.652,145232.123,20210608_072531,479171,62,31855,23
1,KMQT20210608_105417_V06,56.611,0.081,18.119,207.002,20.181,-89.399,46.934,10090.452,148412.974,20210608_065417,479179,1,35145,1
3,KMQT20210611_105344_V06,56.772,0.064,4.513,408.158,6.298,-89.457,46.029,3149.004,157329.853,20210611_065344,479187,48,45741,21
1,KMQT20210613_110941_V06,72.990,0.051,316.383,407.832,27.401,-87.442,46.046,13700.289,54534.679,20210613_070941,479163,0,26310,0
1,KMQT20210614_100816_V06,11.646,0.057,33.895,79.800,48.075,-89.315,47.508,24037.426,172699.315,20210614_060816,479167,1,17759,1
4,KMQT20210617_104755_V06,51.270,0.066,247.407,203.882,38.088,-87.894,46.963,19043.901,54783.125,20210617_064755,479169,2,33407,0
5,KMQT20210621_093619_V06,-20.925,0.064,43.772,167.966,17.477,-89.236,47.113,8738.341,144122.885,20210621_053619,479166,602,250598,38
8,KMQT20210621_103013_V06,32.975,0.138,345.399,101.264,84.151,-87.247,47.425,42075.253,101928.004,20210621_063013,479169,1452,202814,334
5,KMQT20210622_093718_V06,-20.188,0.056,24.445,402.594,22.161,-89.329,46.056,11080.374,147017.132,20210622_053718,479170,1,29970,1
5,KMQT20210622_094415_V06,-13.238,0.068,25.331,401.819,33.116,-89.323,46.059,16558.174,146466.765,20210622_054415,479168,0,32588,0
7,KMQT20210622_101202_V06,14.545,0.159,70.468,400.697,42.568,-89.032,46.068,21284.172,125324.476,20210622_061202,479170,7,47899,5
7,KMQT20210622_101859_V06,21.495,-1.000,70.468,400.697,53.619,-89.032,46.068,26809.422,125324.476,20210622_061859,479164,2,50774,0
7,KMQT20210622_102556_V06,28.445,-1.000,70.468,400.697,64.669,-89.032,46.068,32334.672,125324.476,20210622_062556,479172,2,57096,0
7,KMQT20210622_103252_V06,35.378,0.069,70.883,399.464,62.857,-89.029,46.074,31428.599,124887.485,20210622_063252,479162,0,62743,0
7,KMQT20210622_103948_V06,42.312,0.059,85.256,411.002,55.935,-88.935,46.023,27967.556,120868.078,20210622_063948,479167,1,74397,0
7,KMQT20210622_104645_V06,49.262,0.061,86.664,410.279,64.408,-88.926,46.027,32203.942,120076.753,20210622_064645,479169,2,85212,0
10,KMQT20210622_101859_V06,21.495,0.144,329.952,382.389,20.670,-87.354,46.160,10335.089,43832.095,20210622_061859,479164,2,50774,0
6,KMQT20210623_092231_V06,-35.257,0.191,287.904,58.834,13.643,-87.629,47.616,6821.453,120734.512,20210623_052231,479175,3,53992,3
6,KMQT20210623_092657_V06,-30.823,0.504,287.946,58.580,20.853,-87.628,47.617,10426.609,120860.178,20210623_052657,479170,5,52081,3
5,KMQT20210623_091607_V06,-41.657,0.332,469.113,102.011,37.881,-86.428,47.416,18940.498,130190.970,20210623_051607,479166,1,57287,1
14,KMQT20210623_100300_V06,5.227,0.060,335.008,78.070,19.414,-87.316,47.529,9706.944,112336.958,20210623_060300,479164,11,45287,11
14,KMQT20210624_101458_V06,16.871,0.124,41.986,196.015,74.401,-89.244,46.986,37200.718,139090.057,20210624_061458,479184,5408,232642,133
5,KMQT20210629_095252_V06,-7.397,0.130,261.356,136.755,13.192,-87.804,47.265,6596.094,83878.575,20210629_055252,479173,3,279324,2
20,KMQT20210705_100042_V06,-3.302,0.343,295.070,379.937,16.258,-87.580,46.172,8128.759,40044.404,20210705_060042,479171,3670,56067,142
20,KMQT20210705_100549_V06,1.815,0.078,293.855,384.122,25.307,-87.588,46.153,12653.687,42173.033,20210705_060549,479169,3514,57579,158
11,KMQT20210705_092952_V06,-34.135,0.100,288.227,417.466,16.374,-87.624,46.003,8187.174,59027.455,20210705_052952,479172,3400,42870,116
22,KMQT20210705_100042_V06,-3.302,0.058,43.262,130.791,23.598,-89.245,47.280,11798.774,153741.663,20210705_060042,479171,3670,56067,142
23,KMQT20210705_100549_V06,1.815,0.091,455.679,295.314,15.479,-86.533,46.548,7739.422,77874.516,20210705_060549,479169,3514,57579,158
38,KMQT20210705_104946_V06,45.765,0.051,257.185,99.000,11.235,-87.832,47.435,5617.434,102754.626,20210705_064946,479167,2431,69282,130
42,KMQT20210705_110339_V06,59.648,0.106,165.863,167.859,7.220,-88.432,47.122,3610.142,94146.145,20210705_070339,479166,2096,72835,69
55,KMQT20210705_112755_V06,83.915,0.068,165.002,320.594,20.446,-88.427,46.435,10223.103,68279.726,20210705_072755,479170,3811,90328,151
1,KMQT20210710_111039_V06,62.696,0.347,360.294,475.566,14.682,-87.161,45.741,7340.786,92815.468,20210710_071039,479166,13,34557,13
2,KMQT20210710_111039_V06,62.696,0.120,431.084,528.548,6.255,-86.710,45.500,3127.539,131735.932,20210710_071039,479166,13,34557,13
3,KMQT20210710_111039_V06,62.696,0.117,435.553,504.109,24.719,-86.679,45.610,12359.679,122510.201,20210710_071039,479166,13,34557,13
4,KMQT20210718_103116_V06,15.709,0.077,455.352,308.559,25.391,-86.537,46.488,12695.400,77793.801,20210718_063116,479168,0,28057,0
2,KMQT20210723_093556_V06,-44.996,0.055,430.987,535.502,20.726,-86.711,45.469,10362.761,134739.167,20210723_053556,479173,113,45791,35
6,KMQT20210723_100740_V06,-13.262,0.089,345.879,236.507,14.758,-87.248,46.816,7379.009,39167.372,20210723_060740,479165,68,41059,5
19,KMQT20210724_114146_V06,79.718,0.117,25.816,443.560,38.932,-89.314,45.872,19465.836,154746.879,20210724_074146,479178,9134,224972,733
19,KMQT20210724_114617_V06,84.235,0.057,26.091,440.800,44.868,-89.313,45.884,22433.751,153989.445,20210724_074617,479185,8044,228623,575
1,KMQT20210724_103024_V06,8.351,0.054,24.506,286.639,26.124,-89.345,46.577,13061.832,137908.926,20210724_063024,479193,8511,161123,843
3,KMQT20210727_095133_V06,-33.935,0.207,43.644,397.737,57.382,-89.205,46.079,28691.212,137177.778,20210727_055133,479178,109,49622,37
1,KMQT20210729_104548_V06,17.965,0.086,385.224,339.933,11.693,-86.995,46.350,5846.640,47058.148,20210729_064548,479170,13,20977,5
8,KMQT20210731_102614_V06,-3.992,0.079,19.998,343.912,19.881,-89.366,46.319,9940.719,141712.085,20210731_062614,479176,4930,228533,62
8,KMQT20210731_103211_V06,1.958,0.359,25.103,341.302,31.340,-89.334,46.331,15669.977,138990.975,20210731_063211,479165,5473,231424,87
8,KMQT20210731_103815_V06,8.025,0.241,44.596,303.225,58.105,-89.212,46.505,29052.563,127712.014,20210731_063815,479174,5366,234675,63
21,KMQT20210731_110807_V06,37.892,0.105,106.598,110.151,46.134,-88.829,47.378,23066.765,135505.224,20210731_070807,479171,5291,226361,31
21,KMQT20210731_111405_V06,43.858,0.188,112.265,114.187,51.395,-88.791,47.360,25697.527,132070.976,20210731_071405,479174,4995,222919,47
18,KMQT20210731_110210_V06,31.942,0.078,29.149,432.415,33.323,-89.294,45.922,16661.442,150742.890,20210731_070210,479171,5278,228504,63
29,KMQT20210731_113807_V06,67.892,0.127,419.081,124.935,25.878,-86.761,47.316,12939.011,105863.322,20210731_073807,479165,4664,184810,283
17,KMQT20210809_114335_V06,62.237,0.470,43.612,200.228,51.138,-89.233,46.968,25568.970,137558.223,20210809_074335,479167,75,49254,6
17,KMQT20210809_114812_V06,66.853,0.428,43.775,200.667,56.422,-89.232,46.966,28210.979,137403.026,20210809_074812,479179,47,49969,0
17,KMQT20210809_115242_V06,71.353,-1.000,43.898,201.001,62.013,-89.231,46.964,31006.388,137285.131,20210809_075242,479167,26,48417,0
17,KMQT20210809_120141_V06,80.337,0.173,68.389,188.849,70.919,-89.072,47.021,35459.335,128450.709,20210809_080141,479177,12,45601,0
17,KMQT20210809_120700_V06,85.653,0.301,74.964,189.508,70.887,-89.028,47.019,35443.578,125349.422,20210809_080700,479170,2,44909,0
16,KMQT20210809_113212_V06,50.853,0.068,43.206,179.168,58.410,-89.239,47.062,29205.032,141901.163,20210809_073212,479177,6,49126,3
16,KMQT20210809_113703_V06,55.703,0.303,43.499,178.678,63.685,-89.237,47.064,31842.530,141872.978,20210809_073703,479171,19,49434,1
4,KMQT20210809_100708_V06,-34.213,0.144,408.004,555.098,49.656,-86.859,45.381,24828.192,138509.725,20210809_060708,479174,2,56480,1
4,KMQT20210809_101138_V06,-29.713,0.194,423.202,556.741,40.868,-86.762,45.373,20434.006,142385.803,20210809_061138,479166,2,55506,0
15,KMQT20210809_113212_V06,50.853,0.255,504.304,401.853,25.719,-86.228,46.065,12859.440,114142.600,20210809_073212,479177,6,49126,3
18,KMQT20210809_115242_V06,71.353,0.364,39.854,210.824,47.077,-89.256,46.920,23538.280,137503.077,20210809_075242,479167,26,48417,0
1,KMQT20210812_115150_V06,66.695,0.055,24.038,339.577,31.077,-89.341,46.339,15538.738,139392.653,20210812_075150,479176,2,30244,1
1,KMQT20210820_110332_V06,8.212,0.142,459.974,499.999,22.611,-86.523,45.627,11305.582,128053.973,20210820_070332,479167,1,63441,1
1,KMQT20210820_111028_V06,15.145,-1.000,459.974,499.999,33.635,-86.523,45.627,16817.582,128053.973,20210820_071028,479170,0,68690,0
1,KMQT20210820_111731_V06,22.195,0.116,457.477,503.083,22.820,-86.539,45.613,11410.022,128492.914,20210820_071731,479169,1,67138,1
1,KMQT20210822_111849_V06,20.945,0.141,227.068,350.503,5.067,-88.022,46.303,2533.298,44355.624,20210822_071849,479168,1,28025,1
1,KMQT20210824_101118_V06,-49.123,0.064,21.569,447.180,30.768,-89.341,45.855,15383.976,157468.876,20210824_061118,479171,8,34509,5
1,KMQT20210824_101820_V06,-42.089,0.147,23.477,443.380,38.368,-89.329,45.872,19184.230,155742.446,20210824_061820,479168,2,35221,0
2,KMQT20210824_114935_V06,49.161,0.057,27.711,437.401,37.898,-89.303,45.899,18948.854,152496.217,20210824_074935,479172,3,41585,0
4,KMQT20210829_104745_V06,-19.050,0.066,20.309,175.107,30.398,-89.390,47.078,15198.814,153154.537,20210829_064745,479178,3417,231773,39
4,KMQT20210829_105229_V06,-14.317,0.329,22.413,176.037,39.726,-89.376,47.074,19862.767,152004.508,20210829_065229,479190,3871,223915,32
5,KMQT20210829_105229_V06,-14.317,0.130,20.501,352.281,29.200,-89.362,46.282,14599.780,142173.047,20210829_065229,479190,3871,223915,32
5,KMQT20210829_110152_V06,-4.933,0.079,29.620,351.221,38.191,-89.303,46.287,19095.374,137594.315,20210829_070152,479191,5140,206805,57
6,KMQT20210905_120726_V06,51.703,0.053,145.460,293.676,30.609,-88.556,46.555,15304.713,77334.529,20210905_080726,479171,16,36811,4
4,KMQT20210907_102939_V06,-48.632,0.311,47.983,198.919,75.005,-89.204,46.974,37502.560,135766.392,20210907_062939,479181,15152,301940,3109
4,KMQT20210907_103422_V06,-43.915,0.313,49.021,199.877,81.618,-89.197,46.970,40808.990,135106.592,20210907_063422,479175,17044,304280,3928
4,KMQT20210907_103904_V06,-39.215,0.189,55.664,205.980,84.223,-89.153,46.943,42111.609,130900.690,20210907_063904,479179,18293,302796,4681
4,KMQT20210907_104347_V06,-34.498,0.203,25.623,271.016,44.860,-89.341,46.647,22429.863,137951.825,20210907_064347,479178,18770,297200,5296
4,KMQT20210907_104829_V06,-29.798,0.395,28.770,270.384,53.126,-89.320,46.651,26562.808,136421.042,20210907_064829,479168,17718,293324,4818
4,KMQT20210907_105312_V06,-25.082,0.322,41.053,261.991,61.700,-89.241,46.690,30849.895,130861.014,20210907_065312,479186,17057,290528,4593
3,KMQT20210907_102939_V06,-48.632,0.316,24.184,452.144,17.027,-89.323,45.833,8513.361,157497.848,20210907_062939,479181,15152,301940,3109
3,KMQT20210907_103422_V06,-43.915,0.164,25.170,452.122,25.667,-89.317,45.833,12833.650,157060.998,20210907_063422,479175,17044,304280,3928
12,KMQT20210907_113516_V06,16.985,0.068,66.096,367.548,77.721,-89.064,46.217,38860.458,121730.997,20210907_073516,479185,9292,241904,1759
12,KMQT20210907_113958_V06,21.685,0.069,67.951,367.180,83.310,-89.052,46.219,41654.813,120789.208,20210907_073958,479192,8580,229380,1746
15,KMQT20210907_114910_V06,30.885,0.130,38.580,521.838,41.098,-89.221,45.521,20549.221,171429.583,20210907_074910,479179,6982,221969,1298
15,KMQT20210907_115340_V06,35.385,0.102,40.397,519.806,48.291,-89.210,45.530,24145.480,170079.547,20210907_075340,479177,6966,218519,1120
16,KMQT20210907_114910_V06,30.885,0.094,245.076,254.238,47.912,-87.908,46.736,23956.030,35744.976,20210907_074910,479179,6982,221969,1298
20,KMQT20210907_121203_V06,53.768,0.140,353.217,206.946,21.551,-87.199,46.949,10775.360,53598.218,20210907_081203,479190,4059,185001,498
24,KMQT20210907_122120_V06,63.052,0.498,285.317,399.657,34.334,-87.643,46.083,17166.967,50366.259,20210907_082120,479183,5989,171644,941
27,KMQT20210908_114810_V06,28.609,0.466,383.935,275.057,11.508,-87.000,46.642,5754.208,43781.264,20210908_074810,479171,44,122581,9
27,KMQT20210908_115245_V06,33.192,0.576,384.995,275.373,17.909,-86.993,46.641,8954.723,44245.422,20210908_075245,479172,32,120155,4
1,KMQT20210908_103314_V06,-46.324,0.589,386.728,295.790,22.304,-86.983,46.549,11151.844,43415.304,20210908_063314,479176,557,123039,46
5,KMQT20210908_103819_V06,-41.241,0.065,397.945,416.635,32.213,-86.916,46.005,16106.741,76152.957,20210908_063819,479168,489,124301,62
9,KMQT20210908_104816_V06,-31.291,0.228,308.232,141.159,29.454,-87.494,47.246,14726.833,79527.244,20210908_064816,479173,485,126680,84
10,KMQT20210908_104816_V06,-31.291,0.089,246.734,36.084,21.276,-87.903,47.718,10638.247,134618.751,20210908_064816,479173,485,126680,84
25,KMQT20210908_113420_V06,14.776,0.076,367.554,252.411,16.737,-87.106,46.744,8368.309,41316.666,20210908_073420,479171,83,121262,1
25,KMQT20210908_113856_V06,19.376,-1.000,367.554,252.411,24.051,-87.106,46.744,12025.309,41316.666,20210908_073856,479162,70,118343,2
25,KMQT20210908_114333_V06,23.992,0.097,378.851,264.552,15.568,-87.033,46.689,7784.153,43226.109,20210908_074333,479172,47,122895,2
31,KMQT20210908_120634_V06,47.009,0.207,373.620,165.996,32.462,-87.063,47.133,16231.239,76447.845,20210908_080634,479172,9,116114,4
5,KMQT20210909_120113_V06,40.383,0.251,388.716,228.197,14.015,-86.967,46.853,7007.748,57066.249,20210909_080113,479171,41,34611,3
5,KMQT20210909_120815_V06,47.416,0.347,390.808,228.359,21.298,-86.953,46.852,10648.877,57832.795,20210909_080815,479168,44,34590,3
5,KMQT20210909_121511_V06,54.350,0.663,393.588,226.182,23.903,-86.935,46.861,11951.342,59598.533,20210909_081511,479173,5,34107,2
5,KMQT20210909_122202_V06,61.200,0.667,399.213,232.109,23.386,-86.898,46.835,11692.790,60109.316,20210909_082202,479169,21,33536,6
5,KMQT20210909_122857_V06,68.116,0.572,402.238,240.837,21.312,-86.879,46.795,10656.043,59061.384,20210909_082857,479166,43,33465,5
5,KMQT20210909_123553_V06,75.050,0.429,405.024,244.753,25.440,-86.861,46.778,12720.066,59334.336,20210909_083553,479169,21,33166,2
5,KMQT20210909_124245_V06,81.916,0.211,412.998,258.018,18.259,-86.809,46.718,9129.265,60272.313,20210909_084245,479173,4,33858,1
5,KMQT20210909_124947_V06,88.950,0.082,413.862,250.487,26.517,-86.803,46.751,13258.454,62080.951,20210909_084947,479168,24,33201,1
3,KMQT20210909_112605_V06,5.250,0.127,371.957,179.755,22.045,-87.075,47.071,11022.327,70065.434,20210909_072605,479166,42,37976,0
3,KMQT20210909_113305_V06,12.250,0.055,376.981,181.302,29.472,-87.042,47.064,14735.799,70737.627,20210909_073305,479175,40,36134,0
3,KMQT20210909_114007_V06,19.283,-1.000,381.478,182.687,37.340,-87.012,47.058,18669.901,71416.068,20210909_074007,479167,44,35402,1
3,KMQT20210909_114709_V06,26.316,0.092,387.419,202.288,23.398,-86.974,46.969,11698.921,65554.696,20210909_074709,479173,38,35724,1
1,KMQT20210909_102250_V06,-58.000,0.066,28.848,421.644,51.753,-89.298,45.970,25876.410,148593.907,20210909_062250,479169,0,19050,0
2,KMQT20210911_110537_V06,-17.770,0.055,509.547,281.065,29.406,-86.181,46.608,14703.053,105200.252,20210911_070537,479172,0,27462,0
6,KMQT20210912_123509_V06,70.487,0.352,14.595,310.843,15.831,-89.406,46.467,7915.700,142805.393,20210912_083509,479166,5,30253,5
6,KMQT20210912_124152_V06,77.204,0.239,18.877,307.470,29.957,-89.379,46.483,14978.319,140611.186,20210912_084152,479167,0,29558,0
6,KMQT20210912_124843_V06,84.054,0.644,33.875,308.799,37.150,-89.281,46.478,18574.996,133135.050,20210912_084843,479168,1,29113,1
3,KMQT20210912_111405_V06,-10.579,0.072,360.028,348.419,38.340,-87.159,46.313,19170.073,38560.955,20210912_071405,479171,2,51063,2
3,KMQT20210912_112046_V06,-3.896,0.228,365.019,348.443,48.007,-87.126,46.312,24003.317,40540.661,20210912_072046,479164,0,53562,0
3,KMQT20210912_112733_V06,2.887,0.058,397.279,341.117,54.310,-86.916,46.344,27155.041,52806.067,20210912_072733,479169,0,50871,0
1,KMQT20210913_104337_V06,-42.323,0.063,313.222,400.693,28.984,-87.463,46.078,14492.058,50778.442,20210913_064337,479173,0,35737,0
6,KMQT20210914_112725_V06,0.200,0.052,255.602,404.861,33.629,-87.835,46.059,16814.255,56936.300,20210914_072725,479166,8668,225852,1925
6,KMQT20210917_125003_V06,78.998,0.120,62.147,89.350,66.335,-89.126,47.468,33167.557,158861.109,20210917_085003,479172,57,28980,1
3,KMQT20210919_120554_V06,32.285,0.183,459.577,223.301,2.470,-86.502,46.871,1235.172,88526.239,20210919_080554,479163,0,67778,0
1,KMQT20210925_104545_V06,-55.602,0.432,416.296,321.588,11.401,-86.792,46.432,5700.413,59141.188,20210925_064545,479173,2,45098,0
1,KMQT20210925_105240_V06,-48.685,0.863,417.635,319.546,20.113,-86.783,46.441,10056.561,59623.627,20210925_065240,479171,1,45379,1
1,KMQT20210925_110840_V06,-32.685,0.060,426.969,321.287,22.869,-86.722,46.432,11434.602,64370.800,20210925_070840,479169,110,41357,7
1,KMQT20210927_115002_V06,6.079,0.058,28.844,403.970,52.406,-89.300,46.050,26202.774,145202.856,20210927_075002,479173,5,39059,4
5,KMQT20210928_120630_V06,21.239,0.218,273.674,36.390,33.247,-87.724,47.717,16623.722,132460.507,20210928_080630,479175,91,41787,4
8,KMQT20210928_123412_V06,48.939,0.057,372.363,173.497,28.739,-87.072,47.099,14369.698,72868.690,20210928_083412,479173,16,39940,9
8,KMQT20210928_123849_V06,53.556,0.180,386.163,182.559,18.954,-86.981,47.058,9477.085,72829.442,20210928_083849,479175,21,38518,7
6,KMQT20211002_123544_V06,45.207,0.052,172.837,348.873,8.455,-88.374,46.308,4227.600,68115.605,20211002_083544,479173,580,136746,12
2,KMQT20211008_111645_V06,-41.808,0.070,145.542,264.859,34.018,-88.558,46.685,17009.132,79202.370,20211008_071645,479178,336,172641,26
8,KMQT20211008_123955_V06,41.358,0.115,147.251,237.126,25.786,-88.549,46.810,12893.113,82591.155,20211008_083955,479170,416,117981,59
13,KMQT20211008_131112_V06,72.642,0.082,409.865,195.896,55.943,-86.826,46.997,27971.748,75677.029,20211008_091112,479170,380,98558,67
12,KMQT20211011_130805_V06,65.448,0.378,28.273,448.214,35.879,-89.298,45.851,17939.619,154760.456,20211011_090805,479169,714,113944,54
16,KMQT20211016_124224_V06,32.877,0.112,186.296,321.062,11.401,-88.288,46.434,5700.539,57819.074,20211016_084224,479175,239,46671,56
16,KMQT20211016_124659_V06,37.460,0.149,188.321,321.900,16.844,-88.275,46.430,8422.146,56903.022,20211016_084659,479174,216,47512,68
7,KMQT20211016_121945_V06,10.227,0.119,75.669,269.295,18.045,-89.014,46.660,9022.739,113211.227,20211016_081945,479165,316,41271,134
8,KMQT20211016_122414_V06,14.710,0.101,433.421,229.111,19.619,-86.674,46.847,9809.441,75542.209,20211016_082414,479172,317,42438,143
9,KMQT20211016_122414_V06,14.710,0.059,289.704,173.634,25.044,-87.616,47.099,12521.885,63392.189,20211016_082414,479172,317,42438,143
12,KMQT20211016_123314_V06,23.710,0.194,170.195,307.524,17.281,-88.394,46.494,8640.253,65011.462,20211016_083314,479172,263,44499,99
3,KMQT20211017_122014_V06,9.319,0.373,455.474,168.750,30.105,-86.524,47.117,15052.551,101733.561,20211017_082014,479170,11,32166,10
3,KMQT20211017_122704_V06,16.152,0.586,459.288,170.657,37.888,-86.499,47.108,18943.936,102593.976,20211017_082704,479174,1,31732,1
3,KMQT20211017_123406_V06,23.185,0.644,471.351,178.962,37.394,-86.420,47.070,18697.154,104894.583,20211017_083406,479162,47,30810,1
3,KMQT20211017_124108_V06,30.219,0.495,482.712,187.503,37.107,-86.346,47.031,18553.589,107283.660,20211017_084108,479172,57,29523,13
3,KMQT20211017_124809_V06,37.235,0.382,491.996,197.922,39.638,-86.286,46.983,19819.117,108722.509,20211017_084809,479171,22,28466,0
3,KMQT20211017_130214_V06,51.319,0.544,517.370,215.116,39.870,-86.122,46.904,19935.212,116677.864,20211017_090214,479174,19,27396,0
3,KMQT20211017_130909_V06,58.235,0.068,517.329,211.587,52.669,-86.122,46.920,26334.600,117312.317,20211017_090909,479169,0,27708,0
3,KMQT20211017_131605_V06,65.169,0.071,525.823,221.813,58.540,-86.067,46.873,29270.026,119487.498,20211017_091605,479170,15,27287,2
1,KMQT20211020_120619_V06,-8.801,0.337,27.317,445.805,33.519,-89.304,45.862,16759.407,154608.480,20211020_080619,479170,3,44751,3
1,KMQT20211020_121303_V06,-2.067,0.111,27.951,447.005,40.699,-89.300,45.856,20349.358,154613.440,20211020_081303,479172,2,45606,1
2,KMQT20211020_132032_V06,65.416,0.154,27.129,427.168,33.696,-89.308,45.945,16847.898,150524.469,20211020_092032,479172,1,69953,1
5,KMQT20211023_130031_V06,41.153,0.070,165.995,238.098,13.094,-88.426,46.806,6546.892,73805.821,20211023_090031,479178,159,50490,31
7,KMQT20211023_131425_V06,55.053,0.073,175.722,255.285,11.898,-88.361,46.729,5948.980,66038.695,20211023_091425,479173,237,50975,28
3,KMQT20211024_113302_V06,-47.755,0.254,174.307,293.875,19.244,-88.368,46.556,9621.843,62921.199,20211024_073302,479173,284,65163,61
3,KMQT20211024_113739_V06,-43.138,0.196,173.847,294.864,25.401,-88.371,46.551,12700.261,63128.767,20211024_073739,479174,304,65994,75
3,KMQT20211024_114216_V06,-38.521,0.145,174.781,307.297,17.276,-88.364,46.495,8637.983,62715.885,20211024_074216,479179,331,66465,88
4,KMQT20211024_113739_V06,-43.138,0.118,233.349,232.493,60.411,-87.985,46.834,30205.482,47433.028,20211024_073739,479174,304,65994,75
4,KMQT20211024_114216_V06,-38.521,0.053,233.884,233.999,65.959,-87.982,46.827,32979.399,46710.341,20211024_074216,479179,331,66465,88
4,KMQT20211024_114653_V06,-33.905,0.165,280.295,221.139,15.131,-87.678,46.886,7565.563,40642.829,20211024_074653,479173,439,67378,106
17,KMQT20211024_120946_V06,-11.021,0.222,85.272,342.255,14.610,-88.943,46.333,7304.868,109423.203,20211024_080946,479172,495,65476,134
17,KMQT20211024_121417_V06,-6.505,0.101,85.000,342.708,20.672,-88.944,46.330,10336.189,109600.176,20211024_081417,479171,593,64919,168
32,KMQT20211024_124913_V06,28.429,0.071,531.514,411.056,19.797,-86.053,46.022,9898.582,128386.131,20211024_084913,479169,1112,60402,619
1,KMQT20211026_113833_V06,-45.101,0.125,359.221,306.518,19.123,-87.163,46.501,9561.695,29789.465,20211026_073833,479173,0,48234,0
6,KMQT20211026_132346_V06,60.116,0.405,499.004,254.417,16.808,-86.247,46.729,8404.110,102079.044,20211026_092346,479168,4,41535,3
3,KMQT20211029_122313_V06,-4.758,0.079,24.913,53.785,33.854,-89.378,47.624,16927.166,184590.758,20211029_082313,479175,9,118184,3
7,KMQT20211031_124928_V06,18.592,0.128,375.649,215.176,10.230,-87.052,46.912,5114.937,56828.320,20211031_084928,479170,2,111687,0
7,KMQT20211031_125354_V06,23.025,0.359,376.724,215.656,15.759,-87.045,46.909,7879.526,57010.017,20211031_085354,479173,32,112548,10
7,KMQT20211031_130323_V06,32.508,0.167,382.977,218.262,18.560,-87.004,46.897,9279.871,58237.311,20211031_090323,479175,53,110927,24
7,KMQT20211031_130837_V06,37.742,-1.000,386.209,219.611,20.584,-86.983,46.891,10292.160,58936.902,20211031_090837,479172,50,107736,15
7,KMQT20211031_131313_V06,42.342,0.051,393.665,218.286,18.112,-86.934,46.897,9056.080,62149.509,20211031_091313,479167,42,105184,17
35,KMQT20211102_132121_V06,47.565,0.080,227.113,295.775,30.687,-88.024,46.549,15343.500,36504.500,20211102_092121,479165,87,113417,1
35,KMQT20211102_132628_V06,52.681,0.310,227.802,296.537,37.444,-88.019,46.546,18721.846,36140.567,20211102_092628,479175,81,110985,2
10,KMQT20211102_120442_V06,-29.085,0.069,46.149,268.327,20.987,-89.207,46.662,10493.442,127909.798,20211102_080442,479176,181,113808,1
16,KMQT20211102_122324_V06,-10.385,0.082,224.335,422.453,13.341,-88.037,45.979,6670.666,71972.014,20211102_082324,479174,120,116268,7
16,KMQT20211102_122801_V06,-5.769,0.053,230.950,431.172,8.462,-87.994,45.940,4230.951,74118.398,20211102_082801,479171,112,117090,3
27,KMQT20211102_125235_V06,18.798,0.123,35.321,293.285,31.275,-89.274,46.548,15637.596,132382.151,20211102_085235,479174,185,120245,1
34,KMQT20211102_131636_V06,42.815,0.054,210.390,275.650,45.160,-88.134,46.639,22580.069,46429.541,20211102_091636,479177,63,116851,3
38,KMQT20211102_133134_V06,57.781,0.278,300.821,193.765,16.157,-87.543,47.009,8078.487,53119.078,20211102_093134,479175,48,107623,1
39,KMQT20211102_133134_V06,57.781,0.059,194.331,345.753,30.027,-88.234,46.323,15013.714,57574.645,20211102_093134,479175,48,107623,1
11,KMQT20211103_125444_V06,19.490,0.101,16.446,239.464,18.121,-89.405,46.788,9060.448,144972.101,20211103_085444,479174,4,98854,4
11,KMQT20211103_130358_V06,28.724,0.363,19.702,230.891,32.337,-89.385,46.827,16168.700,144345.926,20211103_090358,479172,6,99163,4
11,KMQT20211103_130834_V06,33.324,0.497,24.223,226.342,33.765,-89.356,46.848,16882.301,142722.381,20211103_090834,479176,14,98432,5
11,KMQT20211103_131311_V06,37.940,0.543,27.240,224.346,34.405,-89.337,46.857,17202.554,141528.450,20211103_091311,479173,15,98543,2
11,KMQT20211103_131743_V06,42.474,0.526,29.620,227.013,36.518,-89.321,46.846,18258.947,140028.859,20211103_091743,479173,6,97874,0
11,KMQT20211103_132221_V06,47.107,0.577,31.987,230.396,38.847,-89.305,46.831,19423.296,138451.902,20211103_092221,479171,6,97259,1
11,KMQT20211103_132659_V06,51.740,0.518,33.828,231.636,40.700,-89.293,46.825,20350.058,137405.745,20211103_092659,479176,6,96868,2
11,KMQT20211103_133137_V06,56.374,0.165,38.063,226.846,44.915,-89.266,46.847,22457.619,135980.196,20211103_093137,479172,13,96264,2
11,KMQT20211103_133615_V06,61.007,0.348,39.892,227.065,48.445,-89.254,46.847,24222.478,135070.267,20211103_093615,479171,11,95027,3
11,KMQT20211103_134052_V06,65.624,0.162,42.306,225.032,49.210,-89.238,46.856,24605.007,134188.505,20211103_094052,479169,3,94563,0
11,KMQT20211103_134530_V06,70.257,0.051,33.131,224.781,43.380,-89.298,46.856,21690.180,138633.637,20211103_094530,479169,9,93669,3
13,KMQT20211103_131743_V06,42.474,0.201,24.574,321.604,27.959,-89.340,46.420,13979.395,138135.891,20211103_091743,479173,6,97874,0
13,KMQT20211103_132221_V06,47.107,0.184,25.043,322.585,34.033,-89.337,46.416,17016.695,137941.253,20211103_092221,479171,6,97259,1
13,KMQT20211103_132659_V06,51.740,0.085,26.219,327.369,34.085,-89.328,46.394,17042.486,137572.942,20211103_092659,479176,6,96868,2
5,KMQT20211106_140017_V06,80.663,0.052,238.070,58.597,8.366,-87.960,47.616,4182.827,124610.228,20211106_100017,479170,31,24067,8
5,KMQT20211106_140454_V06,85.280,-1.000,238.070,58.597,15.706,-87.960,47.616,7853.077,124610.228,20211106_100454,479173,13,24807,3
5,KMQT20211106_140924_V06,89.780,0.052,229.682,64.729,27.254,-88.016,47.588,13626.992,122777.236,20211106_100924,479176,14,25196,0
3,KMQT20211108_120126_V06,-41.102,0.054,384.541,494.644,19.053,-87.006,45.654,9526.577,106105.404,20211108_070126,479174,0,17762,0
1,KMQT20211110_121141_V06,-33.758,0.052,202.537,272.447,6.806,-88.185,46.653,3402.784,50641.144,20211110_071141,479167,0,32030,0
1,KMQT20211116_131611_V06,22.137,0.075,19.212,209.654,33.085,-89.392,46.923,16542.288,147482.320,20211116_081611,479165,5,19868,4
2,KMQT20211117_133619_V06,40.860,0.056,19.209,237.567,25.285,-89.387,46.797,12642.685,143824.119,20211117_083619,479165,0,26257,0
3,KMQT20211118_123244_V06,-24.124,0.474,338.867,421.567,79.332,-87.298,45.984,39665.958,63814.424,20211118_073244,479166,1,147082,1
1,KMQT20211120_120047_V06,-58.846,0.159,25.486,352.893,35.995,-89.329,46.279,17997.498,139781.735,20211120_070047,479172,0,29168,0
1,KMQT20211120_120730_V06,-52.129,0.411,26.827,353.936,42.432,-89.321,46.275,21215.783,139223.586,20211120_070730,479174,0,29876,0
1,KMQT20211120_121413_V06,-45.413,0.077,32.947,393.956,62.197,-89.275,46.095,31098.305,141549.419,20211120_071413,479172,0,28593,0
3,KMQT20211120_122057_V06,-38.679,0.157,34.162,420.641,54.595,-89.264,45.975,27297.638,145965.633,20211120_072057,479174,0,26134,0
3,KMQT20211120_122741_V06,-31.946,0.278,34.741,426.965,62.749,-89.259,45.947,31374.574,147039.372,20211120_072741,479165,9,27685,6
4,KMQT20211120_123424_V06,-25.229,0.059,352.098,399.373,71.165,-87.212,46.084,35582.718,56100.889,20211120_073424,479172,0,33451,0
6,KMQT20211120_131500_V06,15.371,0.063,172.047,555.452,44.070,-88.365,45.379,22034.809,142852.922,20211120_081500,479173,26,17912,22
10,KMQT20211120_141104_V06,71.437,0.150,59.229,149.111,78.534,-89.137,47.199,39267.170,142072.242,20211120_091104,479169,2,28680,1
2,KMQT20211121_123237_V06,-28.381,0.090,21.813,462.984,31.122,-89.337,45.784,15561.090,161207.633,20211121_073237,479167,1,43721,1
2,KMQT20211121_123938_V06,-21.365,0.595,24.599,461.010,40.016,-89.319,45.793,20008.088,159507.256,20211121_073938,479163,0,48061,0
2,KMQT20211121_124641_V06,-14.315,0.622,35.787,452.670,48.990,-89.249,45.832,24494.952,152575.297,20211121_074641,479174,4,44355,4
3,KMQT20211121_131433_V06,13.552,0.103,28.005,222.242,49.808,-89.332,46.867,24904.171,141445.874,20211121_081433,479168,2,41948,2
3,KMQT20211121_132136_V06,20.602,0.424,31.245,224.185,57.283,-89.311,46.859,28641.484,139621.996,20211121_082136,479172,5,48001,5
3,KMQT20211121_132820_V06,27.335,0.177,36.206,225.797,48.246,-89.278,46.852,24122.993,137016.092,20211121_082820,479174,4,52640,4
3,KMQT20211121_133504_V06,34.069,0.147,39.590,224.514,57.208,-89.256,46.858,28603.902,135565.098,20211121_083504,479168,4,57268,3
5,KMQT20211121_141018_V06,69.302,0.104,37.713,221.114,68.818,-89.269,46.873,34409.084,136946.817,20211121_091018,479168,7,88167,6
5,KMQT20211121_141721_V06,76.352,0.121,39.319,222.176,76.954,-89.258,46.868,38476.801,136025.216,20211121_091721,479174,6,98894,4
1,KMQT20211121_121832_V06,-42.465,0.056,45.662,471.267,54.007,-89.183,45.749,27003.380,153313.568,20211121_071832,479173,1,33947,1
3,KMQT20211125_135025_V06,44.079,0.087,68.463,395.440,82.102,-89.045,46.092,41050.770,125217.967,20211125_085025,479167,0,334222,0
6,KMQT20211126_131334_V06,5.932,0.393,359.618,272.677,21.766,-87.159,46.653,10883.091,32790.697,20211126_081334,479173,0,149054,0
6,KMQT20211126_132316_V06,15.632,0.317,359.145,274.995,30.477,-87.162,46.643,15238.443,32106.743,20211126_082316,479172,0,148698,0
6,KMQT20211126_133257_V06,25.316,-1.000,358.700,277.170,39.574,-87.165,46.633,19787.154,31491.806,20211126_083257,479175,2,148154,2
6,KMQT20211126_134239_V06,35.016,0.064,367.028,295.527,28.686,-87.111,46.550,14343.033,33588.352,20211126_084239,479173,0,153058,0
1,KMQT20211126_122506_V06,-42.534,0.653,258.105,258.348,13.168,-87.822,46.718,6584.141,29538.330,20211126_072506,479173,0,135267,0
5,KMQT20211126_130352_V06,-3.768,0.059,243.366,283.601,10.647,-87.918,46.604,5323.381,29480.052,20211126_080352,479174,0,152889,0
1,KMQT20211127_123652_V06,-32.046,0.208,19.692,450.482,27.405,-89.353,45.840,13702.649,159073.128,20211127_073652,479173,0,172097,0
1,KMQT20211127_124634_V06,-22.346,0.321,24.990,454.747,42.175,-89.318,45.821,21087.697,157779.381,20211127_074634,479172,0,175581,0
1,KMQT20211127_130557_V06,-2.963,-1.000,34.940,462.760,71.768,-89.253,45.786,35884.210,155521.109,20211127_080557,479172,2,218679,2
1,KMQT20211127_131539_V06,6.737,0.061,50.170,464.977,55.172,-89.155,45.778,27586.039,149693.568,20211127_081539,479173,0,230106,0
1,KMQT20211127_132521_V06,16.437,0.080,54.351,469.414,65.056,-89.127,45.758,32528.250,149201.516,20211127_082521,479169,0,235131,0
1,KMQT20211127_133501_V06,26.104,-1.000,58.268,473.570,75.238,-89.101,45.740,37618.915,148795.738,20211127_083501,479173,0,250251,0
1,KMQT20211127_134443_V06,35.804,0.056,51.762,439.111,59.300,-89.148,45.894,29650.055,142279.870,20211127_084443,479170,6,265099,6
1,KMQT20211129_124409_V06,-27.263,0.058,27.310,402.834,54.006,-89.310,46.055,27002.878,145717.767,20211129_074409,479171,0,34021,0
1,KMQT20211129_125112_V06,-20.213,0.058,30.342,408.270,66.961,-89.290,46.031,33480.534,145290.825,20211129_075112,479171,1,35790,1
16,KMQT20211130_143525_V06,82.785,0.052,393.054,114.481,13.344,-86.932,47.364,6671.925,103774.205,20211130_093525,479169,12,92450,8
4,KMQT20211201_135208_V06,38.305,0.104,268.040,82.482,28.689,-87.760,47.509,14344.553,109926.645,20211201_085208,479168,0,218247,0
6,KMQT20211201_142020_V06,66.505,0.075,233.399,57.635,34.695,-87.991,47.620,17347.319,125674.763,20211201_092020,479172,3,201633,0
1,KMQT20211203_122026_V06,-55.718,0.233,25.589,391.847,44.922,-89.323,46.104,22461.216,144686.784,20211203_072026,479173,0,26421,0
1,KMQT20211203_122729_V06,-48.668,0.148,25.456,391.853,51.636,-89.324,46.104,25817.901,144750.957,20211203_072729,479168,0,26849,0
1,KMQT20211203_123433_V06,-41.601,0.067,25.301,393.223,48.975,-89.325,46.098,24487.551,145042.930,20211203_073433,479168,0,28631,0
1,KMQT20211203_124136_V06,-34.551,-1.000,25.154,394.343,48.105,-89.325,46.093,24052.646,145293.793,20211203_074136,479170,0,27616,0
1,KMQT20211203_124838_V06,-27.518,-1.000,25.006,395.461,47.238,-89.326,46.088,23618.770,145545.817,20211203_074838,479163,4,29089,0
1,KMQT20211203_130244_V06,-13.418,-1.000,24.711,397.701,45.498,-89.328,46.078,22748.962,146056.302,20211203_080244,479170,12,28120,6
1,KMQT20211203_130947_V06,-6.368,-1.000,24.563,398.822,44.628,-89.329,46.073,22314.057,146314.148,20211203_080947,479175,1,24268,1
1,KMQT20211203_131839_V06,2.499,-1.000,24.377,400.230,43.534,-89.330,46.066,21767.086,146640.884,20211203_081839,479168,2,22851,2
1,KMQT20211203_132523_V06,9.232,-1.000,24.236,401.300,42.703,-89.330,46.061,21351.716,146890.818,20211203_082523,479171,2,23515,2
1,KMQT20211203_133226_V06,16.282,0.131,26.412,393.350,52.401,-89.317,46.097,26200.530,144537.844,20211203_083226,479176,1,23774,1
1,KMQT20211203_133929_V06,23.332,0.063,31.773,389.216,59.216,-89.283,46.117,29608.245,141337.651,20211203_083929,479175,1,24581,1
2,KMQT20211203_124136_V06,-34.551,0.089,21.161,361.513,28.690,-89.356,46.240,14345.161,142771.713,20211203_074136,479170,0,27616,0
2,KMQT20211203_124838_V06,-27.518,0.083,21.578,363.122,37.067,-89.353,46.233,18533.289,142743.707,20211203_074838,479163,4,29089,0
3,KMQT20211206_131358_V06,-5.471,0.058,28.966,421.700,50.726,-89.297,45.970,25362.906,148551.342,20211206_081358,479165,7,220449,3
2,KMQT20211211_131658_V06,-7.343,0.078,39.366,237.789,66.468,-89.255,46.798,33233.788,133977.726,20211211_081658,479166,12,371390,4
4,KMQT20211212_144537_V06,80.434,0.176,255.865,100.535,8.976,-87.841,47.428,4487.972,102144.691,20211212_094537,479176,5,35369,5
3,KMQT20211220_124502_V06,-45.772,0.070,39.059,226.895,67.202,-89.259,46.847,33600.780,135494.132,20211220_074502,479177,0,33021,0
3,KMQT20211220_125159_V06,-38.822,0.106,46.627,232.215,78.463,-89.209,46.824,39231.616,131141.641,20211220_075159,479173,0,34515,0
3,KMQT20211220_130559_V06,-24.822,0.106,71.129,249.006,85.635,-89.046,46.751,42817.703,117241.761,20211220_080559,479169,0,40379,0
4,KMQT20211220_131251_V06,-17.955,0.136,39.506,350.840,62.502,-89.239,46.290,31250.856,132704.298,20211220_081251,479174,0,42474,0
4,KMQT20211220_131954_V06,-10.905,-1.000,39.506,350.840,73.711,-89.239,46.290,36855.606,132704.298,20211220_081954,479172,0,42993,0
4,KMQT20211220_132804_V06,-2.738,0.402,72.001,347.633,87.952,-89.028,46.307,43976.105,116460.716,20211220_082804,479164,0,42918,0
4,KMQT20211220_133506_V06,4.295,0.073,83.509,324.317,107.157,-88.956,46.413,53578.556,108926.078,20211220_083506,479173,0,47769,0
4,KMQT20211220_134210_V06,11.362,-1.000,97.489,305.649,124.840,-88.867,46.498,62419.803,101294.737,20211220_084210,479170,0,53147,0
4,KMQT20211220_134902_V06,18.228,0.057,85.078,285.366,109.081,-88.951,46.588,54540.565,107709.604,20211220_084902,479172,0,54004,0
4,KMQT20211220_140254_V06,32.095,0.074,80.928,264.538,93.215,-88.980,46.682,46607.307,110961.788,20211220_090254,479173,0,68736,0
4,KMQT20211220_140957_V06,39.145,0.057,86.393,297.779,113.749,-88.941,46.533,56874.352,106809.287,20211220_090957,479174,0,75984,0
1,KMQT20211220_123135_V06,-59.222,0.234,27.562,173.787,36.300,-89.342,47.085,18150.003,150126.610,20211220_073135,479167,0,31104,0
1,KMQT20211220_123819_V06,-52.488,0.057,30.248,180.628,48.116,-89.324,47.054,24058.073,147492.127,20211220_073819,479166,0,29904,0
9,KMQT20211220_142403_V06,53.245,0.071,22.800,443.424,30.934,-89.334,45.872,15467.246,156053.061,20211220_092403,479173,0,91714,0
9,KMQT20211220_143106_V06,60.295,0.087,28.103,436.823,44.246,-89.300,45.902,22123.033,152191.281,20211220_093106,479166,0,102495,0
2,KMQT20211220_124502_V06,-45.772,0.074,85.153,93.242,47.095,-88.973,47.452,23547.365,149087.205,20211220_074502,479177,0,33021,0
5,KMQT20211220_131954_V06,-10.905,0.239,53.397,336.363,85.868,-89.150,46.356,42934.010,124634.834,20211220_081954,479172,0,42993,0
5,KMQT20211223_141911_V06,46.943,0.449,34.557,440.929,39.639,-89.258,45.884,19819.664,150267.434,20211223_091911,479168,0,268544,0
5,KMQT20211223_142615_V06,54.010,0.093,37.457,441.957,48.287,-89.239,45.880,24143.253,149231.878,20211223_092615,479172,0,264749,0
8,KMQT20211223_143318_V06,61.060,0.081,21.084,179.471,22.400,-89.384,47.059,11199.795,151922.159,20211223_093318,479172,0,257650,0
8,KMQT20211223_144022_V06,68.126,0.209,24.455,177.659,33.634,-89.362,47.067,16816.861,150741.906,20211223_094022,479174,0,252658,0
6,KMQT20211223_141911_V06,46.943,0.087,39.564,362.607,75.349,-89.237,46.237,37674.683,133927.499,20211223_091911,479168,0,268544,0
