track_id,filename,from_sunrise,det_score,x,y,r,lon,lat,radius,geo_dist,local_time,n_radar_pixels,n_refAbove40_pixels,n_xcorrAbove0.95_pixels,n_xcorrBelow0.95_refAbove40_pixels
1,KLNX20210602_111809_V06,9.318,0.072,242.102,307.924,30.114,-100.925,41.922,15056.934,29219.118,20210602_061809,479172,0,36248,0
2,KLNX20210602_111809_V06,9.318,0.058,325.346,203.035,27.988,-100.422,42.394,13994.213,50111.154,20210602_061809,479172,0,36248,0
1,KLNX20210603_104900_V06,-19.431,0.066,403.070,179.276,8.833,-99.949,42.499,4416.370,79369.021,20210603_054900,479168,5,41779,1
1,KLNX20210603_110309_V06,-5.281,-1.000,403.070,179.276,31.331,-99.949,42.499,15665.620,79369.021,20210603_060309,479175,0,42269,0
1,KLNX20210603_111014_V06,1.802,0.104,410.824,190.429,36.371,-99.902,42.449,18185.476,77922.861,20210603_061014,479173,0,46246,0
2,KLNX20210603_114535_V06,37.152,0.065,426.148,355.724,19.555,-99.818,41.704,9777.323,68953.953,20210603_064535,479172,56,49499,46
1,KLNX20210605_104618_V06,-21.433,0.155,31.587,218.798,31.423,-102.204,42.312,15711.308,140213.558,20210605_054618,479177,1,44501,0
2,KLNX20210605_120349_V06,56.083,0.098,326.890,407.229,31.787,-100.415,41.475,15893.501,55274.763,20210605_070349,479172,6,67906,3
1,KLNX20210606_102638_V06,-40.803,0.103,23.326,232.043,18.130,-102.252,42.251,9064.851,142448.623,20210606_052638,479176,7,32241,7
1,KLNX20210606_103619_V06,-31.120,0.249,26.581,235.498,31.874,-102.232,42.236,15937.170,140462.142,20210606_053619,479173,14,31433,8
1,KLNX20210606_104600_V06,-21.437,0.056,32.364,241.384,35.770,-102.196,42.210,17885.215,136989.675,20210606_054600,479174,9,29002,8
1,KLNX20210606_110523_V06,-2.053,-1.000,43.187,252.436,46.322,-102.130,42.161,23161.053,130590.244,20210606_060523,479175,11,36383,7
1,KLNX20210606_111504_V06,7.630,-1.000,48.594,257.957,51.593,-102.096,42.137,25796.703,127448.744,20210606_061504,479175,8,37549,8
1,KLNX20210606_112446_V06,17.330,0.117,57.994,255.273,60.021,-102.040,42.150,30010.516,123052.486,20210606_062446,479170,7,36748,7
1,KLNX20210606_113428_V06,27.030,0.147,51.266,277.422,73.240,-102.078,42.050,36619.843,124878.278,20210606_063428,479168,10,36879,10
1,KLNX20210606_114409_V06,36.713,0.365,50.765,279.623,78.238,-102.081,42.040,39119.215,125033.385,20210606_064409,479176,7,35969,7
1,KLNX20210606_120333_V06,56.113,0.121,63.368,282.791,89.237,-102.005,42.026,44618.322,118628.386,20210606_070333,479172,10,34973,10
2,KLNX20210606_102638_V06,-40.803,0.103,183.200,111.133,22.072,-101.290,42.806,11036.051,111032.482,20210606_052638,479176,7,32241,7
3,KLNX20210607_103040_V06,-36.508,0.082,398.445,343.688,22.991,-99.984,41.760,11495.705,53851.943,20210607_053040,479171,5,43373,1
3,KLNX20210607_104021_V06,-26.825,0.139,399.561,344.494,30.942,-99.977,41.756,15471.098,54525.398,20210607_054021,479170,0,45385,0
3,KLNX20210607_105003_V06,-17.125,0.548,398.274,337.817,29.277,-99.985,41.786,14638.265,52649.463,20210607_055003,479175,0,41474,0
1,KLNX20210607_102059_V06,-46.191,0.064,164.187,131.704,9.455,-101.405,42.712,4727.264,108130.264,20210607_052059,479175,1,38589,1
2,KLNX20210607_103040_V06,-36.508,0.157,236.987,144.440,31.250,-100.960,42.657,15624.828,83919.118,20210607_053040,479171,5,43373,1
4,KLNX20210607_104021_V06,-26.825,0.099,423.677,72.815,5.274,-99.818,42.978,2636.932,129333.874,20210607_054021,479170,0,45385,0
5,KLNX20210607_110926_V06,2.259,0.087,194.513,117.616,32.065,-101.220,42.777,16032.270,105346.631,20210607_060926,479172,0,50977,0
6,KLNX20210607_113831_V06,31.342,0.058,39.117,155.170,73.912,-102.165,42.599,36956.219,149194.272,20210607_063831,479171,4,58291,3
9,KLNX20210609_111731_V06,10.761,0.146,365.873,216.182,32.910,-100.176,42.334,16455.204,53302.616,20210609_061731,479196,7132,102160,154
1,KLNX20210610_101926_V06,-47.164,0.050,389.747,338.317,20.268,-100.036,41.784,10134.205,48792.169,20210610_051926,479173,7,26353,4
1,KLNX20210610_102908_V06,-37.464,-1.000,389.747,338.317,35.691,-100.036,41.784,17845.705,48792.169,20210610_052908,479172,7,30638,5
1,KLNX20210610_103850_V06,-27.764,0.100,393.709,319.468,35.521,-100.011,41.869,17760.571,47854.768,20210610_053850,479170,2,30879,1
2,KLNX20210613_101625_V06,-49.916,0.059,343.800,83.289,23.336,-100.308,42.933,11667.896,110546.466,20210613_051625,479172,0,35133,0
3,KLNX20210614_103832_V06,-27.779,0.062,393.500,338.919,23.076,-100.013,41.781,11537.851,50638.354,20210614_053832,479179,335,98579,18
3,KLNX20210614_104252_V06,-23.446,0.183,393.080,337.923,28.455,-100.016,41.786,14227.589,50254.678,20210614_054252,479184,378,98741,5
3,KLNX20210614_104713_V06,-19.096,0.150,392.807,335.185,29.467,-100.018,41.798,14733.738,49626.330,20210614_054713,479200,374,99556,8
3,KLNX20210614_105124_V06,-14.912,0.220,392.269,332.449,28.719,-100.021,41.810,14359.409,48903.976,20210614_055124,479192,343,98826,7
3,KLNX20210614_105515_V06,-11.062,0.139,392.644,330.351,30.206,-100.018,41.820,15102.871,48744.367,20210614_055515,479194,253,99445,2
2,KLNX20210615_103004_V06,-36.259,0.060,396.825,333.223,27.283,-99.993,41.807,13641.598,51183.262,20210615_053004,479175,1244,61949,95
1,KLNX20210616_102753_V06,-38.490,0.066,19.851,222.707,27.611,-102.274,42.293,13805.447,145307.817,20210616_052753,479173,43,38961,41
1,KLNX20210616_103735_V06,-28.790,0.164,23.367,217.624,36.524,-102.254,42.316,18261.863,144318.515,20210616_053735,479172,58,34183,38
1,KLNX20210616_104717_V06,-19.090,0.078,26.699,208.271,29.513,-102.235,42.359,14756.678,144141.811,20210616_054717,479174,24,33718,13
3,KLNX20210616_120451_V06,58.476,0.100,435.823,111.135,2.188,-99.746,42.805,1094.196,116316.104,20210616_070451,479171,20,44629,14
1,KLNX20210617_110759_V06,1.529,0.102,300.453,392.098,21.798,-100.573,41.543,10899.237,46049.522,20210617_060759,479170,5,38316,4
1,KLNX20210620_110331_V06,-3.377,0.061,74.037,160.344,78.791,-101.952,42.578,39395.691,132818.583,20210620_060331,479200,0,83676,0
2,KLNX20210620_111031_V06,3.623,0.658,408.347,37.545,22.594,-99.910,43.137,11297.035,141969.941,20210620_061031,479194,1,82238,0
4,KLNX20210621_113934_V06,32.462,0.162,311.426,407.397,2.560,-100.507,41.474,1279.879,54001.383,20210621_063934,479174,3,40958,1
4,KLNX20210621_114406_V06,36.995,0.199,311.423,407.416,8.061,-100.507,41.474,4030.582,54010.921,20210621_064406,479178,1,41258,1
4,KLNX20210621_114838_V06,41.529,0.050,312.620,407.570,11.759,-100.500,41.474,5879.725,54153.925,20210621_064838,479173,0,41132,0
1,KLNX20210623_102403_V06,-43.571,0.086,107.120,55.356,11.906,-101.760,43.053,5952.888,155766.976,20210623_052403,479170,0,50497,0
1,KLNX20210623_103344_V06,-33.888,0.191,102.628,57.050,21.026,-101.787,43.045,10513.111,156508.952,20210623_053344,479172,7,52410,5
2,KLNX20210623_103344_V06,-33.888,0.263,258.703,156.718,21.341,-100.827,42.602,10670.256,74557.479,20210623_053344,479172,7,52410,5
3,KLNX20210623_104325_V06,-24.204,0.081,28.565,217.710,17.028,-102.222,42.316,8514.112,141817.437,20210623_054325,479172,4,42686,4
4,KLNX20210623_111228_V06,4.846,0.114,340.705,409.581,18.412,-100.332,41.464,9206.133,58448.532,20210623_061228,479173,4,42226,2
2,KLNX20210624_114701_V06,39.091,0.058,45.457,343.090,54.530,-102.106,41.754,27264.923,129082.229,20210624_064701,479206,16,97461,2
4,KLNX20210625_102756_V06,-40.328,0.068,321.216,387.262,21.491,-100.449,41.565,10745.373,44902.250,20210625_052756,479195,10624,211278,235
8,KLNX20210625_110344_V06,-4.528,0.140,511.253,496.565,24.995,-99.319,41.066,12497.336,144278.798,20210625_060344,479177,13877,265180,296
1,KLNX20210627_101405_V06,-54.937,0.052,397.649,358.146,5.266,-99.989,41.695,2633.125,56825.001,20210627_051405,479177,6,43607,1
3,KLNX20210628_101035_V06,-58.861,0.051,372.648,110.480,6.543,-100.132,42.810,3271.725,101483.329,20210628_051035,479199,3,58991,1
1,KLNX20210629_101617_V06,-53.613,0.063,307.777,133.653,4.987,-100.528,42.707,2493.740,83264.138,20210629_051617,479173,0,40931,0
1,KLNX20210629_102559_V06,-43.913,0.093,305.670,135.595,13.791,-100.541,42.698,6895.650,82251.440,20210629_052559,479168,0,43488,0
2,KLNX20210629_103540_V06,-34.230,0.054,378.885,368.229,13.952,-100.102,41.650,6975.996,52148.931,20210629_053540,479175,3,47986,2
4,KLNX20210629_112610_V06,16.270,0.081,26.335,282.946,49.698,-102.228,42.023,24849.056,137097.750,20210629_062610,479176,24,60691,20
5,KLNX20210629_114531_V06,35.620,0.082,31.734,424.836,53.006,-102.180,41.385,26503.214,147944.972,20210629_064531,479173,1,65093,1
2,KLNX20210630_102348_V06,-46.577,0.183,395.897,344.953,19.924,-99.999,41.754,9962.040,52955.072,20210630_052348,479177,1,51622,0
2,KLNX20210630_102826_V06,-41.944,0.217,395.989,344.169,25.858,-99.999,41.757,12929.133,52831.946,20210630_052826,479174,0,53082,0
2,KLNX20210630_103306_V06,-37.277,0.185,393.995,339.182,21.812,-100.011,41.780,10906.193,50917.541,20210630_053306,479171,0,53854,0
2,KLNX20210630_103739_V06,-32.727,0.170,394.034,338.967,27.758,-100.010,41.781,13879.114,50894.058,20210630_053739,479174,0,54492,0
2,KLNX20210630_104218_V06,-28.077,0.068,391.804,338.105,23.026,-100.024,41.785,11513.151,49698.942,20210630_054218,479183,0,53369,0
2,KLNX20210630_104657_V06,-23.427,0.052,391.821,339.262,28.377,-100.024,41.780,14188.287,49931.407,20210630_054657,479176,0,48542,0
1,KLNX20210701_102637_V06,-44.268,0.205,299.759,301.812,7.115,-100.577,41.950,3557.526,914.044,20210701_052637,479179,5,44543,3
2,KLNX20210701_103618_V06,-34.585,0.067,393.816,373.223,39.566,-100.013,41.627,19783.016,59504.224,20210701_053618,479178,5,45903,3
3,KLNX20210701_103618_V06,-34.585,0.050,305.540,130.945,14.965,-100.542,42.719,7482.582,84573.049,20210701_053618,479178,5,45903,3
4,KLNX20210701_104559_V06,-24.901,0.059,387.679,328.436,28.087,-100.048,41.829,14043.470,46087.472,20210701_054559,479174,1,41329,1
5,KLNX20210701_114604_V06,35.182,0.073,258.621,132.685,13.658,-100.828,42.711,6829.109,86178.096,20210701_064604,479170,0,67099,0
1,KLNX20210702_103058_V06,-40.453,0.131,373.977,380.797,44.257,-100.132,41.593,22128.521,54773.940,20210702_053058,479173,1,46530,0
25,KLNX20210706_114740_V06,33.855,0.217,406.118,237.149,15.918,-99.933,42.239,7958.874,61666.910,20210706_064740,479183,546,63505,9
25,KLNX20210706_115256_V06,39.121,0.079,407.645,236.885,22.529,-99.924,42.240,11264.302,62391.972,20210706_065256,479166,670,66288,6
25,KLNX20210706_120443_V06,50.905,0.213,412.707,234.327,23.900,-99.893,42.251,11950.021,65222.367,20210706_070443,479179,634,68713,2
25,KLNX20210706_120938_V06,55.821,0.708,414.849,239.646,27.101,-99.880,42.227,13550.485,64870.780,20210706_070938,479173,665,70828,13
25,KLNX20210706_121439_V06,60.838,0.342,424.649,218.922,9.384,-99.820,42.320,4691.906,74348.835,20210706_071439,479175,703,71555,9
13,KLNX20210706_104655_V06,-26.895,0.079,22.569,268.819,24.639,-102.252,42.086,12319.749,139589.059,20210706_054655,479174,439,51789,12
13,KLNX20210706_105211_V06,-21.629,0.098,22.174,269.182,30.449,-102.255,42.084,15224.412,139765.064,20210706_055211,479176,447,43267,0
13,KLNX20210706_110229_V06,-11.329,0.070,22.408,262.472,31.631,-102.254,42.114,15815.701,140058.417,20210706_060229,479180,468,42320,3
21,KLNX20210706_112150_V06,8.021,0.079,388.805,256.417,14.362,-100.039,42.153,7180.962,49461.450,20210706_062150,479180,216,52872,7
21,KLNX20210706_112651_V06,13.038,0.102,389.769,255.392,20.946,-100.033,42.157,10473.157,50120.892,20210706_062651,479173,276,55287,3
21,KLNX20210706_113153_V06,18.071,-1.000,390.551,254.561,27.821,-100.028,42.161,13910.735,50656.029,20210706_063153,479170,368,58100,0
21,KLNX20210706_113709_V06,23.338,0.077,390.190,241.858,23.908,-100.030,42.218,11953.960,53653.380,20210706_063709,479174,505,60210,2
26,KLNX20210706_115256_V06,39.121,0.125,98.057,269.971,23.602,-101.796,42.086,11800.879,102081.501,20210706_065256,479166,670,66288,6
26,KLNX20210706_120443_V06,50.905,0.197,101.221,268.275,29.624,-101.777,42.094,14812.100,100647.567,20210706_070443,479179,634,68713,2
26,KLNX20210706_120938_V06,55.821,0.092,108.260,267.565,22.300,-101.735,42.098,11150.247,97231.982,20210706_070938,479173,665,70828,13
26,KLNX20210706_121439_V06,60.838,-1.000,108.260,267.565,30.277,-101.735,42.098,15138.497,97231.982,20210706_071439,479175,703,71555,9
26,KLNX20210706_121926_V06,65.621,0.062,125.367,276.348,26.065,-101.631,42.059,13032.369,88113.623,20210706_071926,479177,720,72899,10
2,KLNX20210706_101503_V06,-58.762,0.390,271.770,473.198,10.567,-100.744,41.178,5283.568,87741.722,20210706_051503,479171,601,54671,6
10,KLNX20210706_104655_V06,-26.895,0.257,152.779,58.677,9.077,-101.479,43.040,4538.414,141342.364,20210706_054655,479174,439,51789,12
15,KLNX20210706_110229_V06,-11.329,0.072,378.143,296.273,18.131,-100.104,41.974,9065.678,39115.813,20210706_060229,479180,468,42320,3
16,KLNX20210706_110229_V06,-11.329,0.063,339.142,127.301,18.424,-100.337,42.735,9211.971,88539.740,20210706_060229,479180,468,42320,3
18,KLNX20210706_110715_V06,-6.562,0.236,389.175,258.347,15.742,-100.036,42.144,7871.140,49211.771,20210706_060715,479173,317,45072,1
19,KLNX20210706_110715_V06,-6.562,0.115,409.667,329.607,7.996,-99.916,41.823,3998.169,56796.640,20210706_060715,479173,317,45072,1
31,KLNX20210706_121439_V06,60.838,0.063,430.898,295.222,17.208,-99.786,41.977,8603.973,65492.569,20210706_071439,479175,703,71555,9
1,KLNX20210707_102229_V06,-51.987,0.061,421.985,210.865,3.608,-99.836,42.357,1803.764,75540.391,20210707_052229,479175,0,45033,0
2,KLNX20210707_102229_V06,-51.987,0.056,334.990,130.483,1.855,-100.362,42.721,927.654,86545.436,20210707_052229,479175,0,45033,0
3,KLNX20210707_103606_V06,-38.370,0.069,387.346,207.441,15.249,-100.046,42.373,7624.374,63632.956,20210707_053606,479174,13,44355,0
4,KLNX20210707_111020_V06,-4.137,0.065,22.499,260.280,33.359,-102.254,42.124,16679.382,140164.533,20210707_061020,479170,1,56712,1
5,KLNX20210707_111714_V06,2.763,0.053,314.316,500.825,17.227,-100.491,41.054,8613.672,100667.304,20210707_061714,479175,2,62461,0
6,KLNX20210707_113105_V06,16.613,0.177,23.924,241.637,22.992,-102.248,42.208,11496.225,141088.996,20210707_063105,479174,1,63888,1
6,KLNX20210707_113810_V06,23.697,-1.000,23.924,241.637,34.255,-102.248,42.208,17127.475,141088.996,20210707_063810,479171,0,63523,0
6,KLNX20210707_114514_V06,30.763,0.076,36.797,292.732,67.648,-102.164,41.980,33824.001,131651.880,20210707_064514,479174,3,62671,0
8,KLNX20210707_121535_V06,61.113,0.067,27.366,406.890,31.182,-102.208,41.465,15591.244,146419.444,20210707_071535,479173,0,59510,0
9,KLNX20210707_121535_V06,61.113,0.053,42.865,306.317,87.343,-102.126,41.919,43671.574,128606.523,20210707_071535,479173,0,59510,0
15,KLNX20210708_111741_V06,2.533,0.290,411.954,272.712,17.610,-99.899,42.079,8805.092,57615.888,20210708_061741,479183,3833,146051,108
20,KLNX20210708_113457_V06,19.799,0.055,183.315,231.341,22.830,-101.283,42.265,11415.052,67693.042,20210708_063457,479173,4242,145290,53
22,KLNX20210708_114619_V06,31.166,0.065,47.270,203.349,60.503,-102.110,42.383,30251.656,135290.397,20210708_064619,479175,3656,138498,46
23,KLNX20210708_115226_V06,37.283,0.280,225.960,282.791,27.640,-101.023,42.034,13820.160,38006.601,20210708_065226,479171,3500,135257,16
25,KLNX20210708_115226_V06,37.283,0.073,305.941,196.910,71.206,-100.540,42.422,35602.821,51630.577,20210708_065226,479171,3500,135257,16
1,KLNX20210710_102149_V06,-54.760,0.596,342.870,427.207,24.826,-100.320,41.385,12413.002,67118.368,20210710_052149,479197,576,88512,4
1,KLNX20210710_102613_V06,-50.360,0.113,342.817,426.882,31.757,-100.320,41.386,15878.683,66955.645,20210710_052613,479187,422,88076,1
1,KLNX20210710_103050_V06,-45.743,0.485,353.089,435.276,28.013,-100.259,41.348,14006.731,72660.283,20210710_053050,479189,408,88718,6
2,KLNX20210713_102035_V06,-58.280,0.151,413.000,238.006,4.907,-99.891,42.235,2453.518,64444.283,20210713_052035,479189,105,56765,3
2,KLNX20210713_102404_V06,-54.797,0.099,413.653,238.619,10.013,-99.887,42.232,5006.713,64584.522,20210713_052404,479190,150,56225,2
4,KLNX20210713_103806_V06,-40.763,0.062,385.444,344.127,2.780,-100.062,41.758,1390.240,48082.983,20210713_053806,479188,408,60041,1
7,KLNX20210713_120309_V06,44.287,0.054,40.289,446.883,40.199,-102.126,41.286,20099.331,149184.679,20210713_070309,479182,1111,96694,124
13,KLNX20210714_123306_V06,73.438,0.112,178.563,55.122,15.955,-101.321,43.058,7977.541,136667.575,20210714_073306,479190,314,56129,0
13,KLNX20210714_123825_V06,78.755,0.220,181.453,53.868,23.434,-101.303,43.063,11717.137,136596.336,20210714_073825,479185,567,59839,3
8,KLNX20210714_120419_V06,44.655,0.051,26.842,427.187,37.508,-102.208,41.374,18753.887,150658.341,20210714_070419,479192,1089,66317,8
14,KLNX20210714_123306_V06,73.438,0.082,229.786,376.424,11.160,-100.997,41.613,5579.836,51891.116,20210714_073306,479190,314,56129,0
1,KLNX20210716_121537_V06,54.308,0.083,326.012,424.214,45.279,-100.420,41.398,22639.688,63454.427,20210716_071537,479174,0,62957,0
1,KLNX20210720_102504_V06,-59.714,0.127,310.100,124.973,2.615,-100.514,42.746,1307.274,87658.896,20210720_052504,479171,0,47665,0
3,KLNX20210720_104425_V06,-40.364,0.216,248.625,158.735,6.040,-100.889,42.593,3019.857,75158.347,20210720_054425,479174,0,45334,0
4,KLNX20210720_104425_V06,-40.364,0.082,311.553,396.355,28.799,-100.507,41.524,14399.559,48522.420,20210720_054425,479174,0,45334,0
1,KLNX20210721_103246_V06,-52.915,0.069,278.533,118.017,32.865,-100.707,42.777,16432.693,91622.575,20210721_053246,479175,0,47520,0
2,KLNX20210721_110149_V06,-23.865,0.082,245.454,142.685,30.278,-100.908,42.665,15139.114,83251.615,20210721_060149,479174,0,40474,0
8,KLNX20210723_120422_V06,36.849,0.168,246.524,100.867,37.156,-100.903,42.854,18577.774,103093.987,20210723_070422,479172,11,63782,4
8,KLNX20210723_121120_V06,43.816,0.065,249.745,101.897,45.792,-100.883,42.849,22895.802,102188.943,20210723_071120,479172,12,61624,9
8,KLNX20210723_121818_V06,50.782,0.071,265.574,107.725,40.968,-100.786,42.823,20484.049,97666.462,20210723_071818,479171,4,59794,4
1,KLNX20210723_112235_V06,-4.934,0.153,237.733,140.360,29.249,-100.956,42.676,14624.689,85676.873,20210723_062235,479175,9,60614,8
2,KLNX20210723_112235_V06,-4.934,0.111,316.290,159.333,2.207,-100.477,42.591,1103.596,70803.789,20210723_062235,479175,9,60614,8
2,KLNX20210723_112933_V06,2.032,0.057,318.920,124.974,36.497,-100.460,42.746,18248.566,88022.623,20210723_062933,479171,10,66823,3
1,KLNX20210724_110950_V06,-18.619,0.131,434.261,428.331,8.683,-99.773,41.377,4341.490,92863.642,20210724_060950,479172,3,33919,1
1,KLNX20210725_110106_V06,-28.296,0.062,295.051,94.386,8.566,-100.606,42.883,4283.058,102836.722,20210725_060106,479170,599,94842,187
2,KLNX20210725_110533_V06,-23.846,0.084,427.100,351.897,22.257,-99.812,41.722,11128.710,68643.594,20210725_060533,479178,531,92194,172
3,KLNX20210725_112312_V06,-6.196,0.289,429.814,27.581,7.975,-99.778,43.181,3987.713,150883.800,20210725_062312,479171,394,78757,117
1,KLNX20210726_111858_V06,-11.384,0.322,306.328,399.423,27.989,-100.538,41.510,13994.408,49811.928,20210726_061858,479173,0,58554,0
1,KLNX20210727_110820_V06,-22.980,0.421,20.984,221.708,28.294,-102.268,42.298,14146.961,144896.035,20210727_060820,479172,80,48322,45
1,KLNX20210727_111801_V06,-13.297,0.158,21.347,219.259,36.805,-102.266,42.309,18402.301,145057.649,20210727_061801,479174,105,46980,58
1,KLNX20210730_120738_V06,33.382,0.067,26.534,431.014,34.609,-102.210,41.356,17304.464,151614.975,20210730_070738,479175,331,106725,0
2,KLNX20210730_122853_V06,54.632,0.099,33.077,429.835,42.852,-102.171,41.362,21426.046,148412.566,20210730_072853,479179,232,98138,0
5,KLNX20210731_114602_V06,10.788,0.117,277.925,451.372,15.682,-100.708,41.276,7841.133,76486.738,20210731_064602,479186,424,121495,135
5,KLNX20210731_115120_V06,16.088,0.145,279.021,451.643,21.487,-100.701,41.275,10743.372,76543.677,20210731_065120,479173,407,121047,106
1,KLNX20210801_112444_V06,-11.512,0.422,305.853,165.974,7.712,-100.540,42.561,3856.102,67076.705,20210801_062444,479170,3,38783,3
1,KLNX20210802_114254_V06,5.648,0.086,24.251,406.023,37.603,-102.226,41.469,18801.504,147714.629,20210802_064254,479173,1,74502,0
1,KLNX20210803_120017_V06,22.020,0.201,88.364,235.347,76.100,-101.858,42.242,38049.965,110645.345,20210803_070017,479174,1,62075,1
1,KLNX20210803_120958_V06,31.703,0.265,86.354,234.608,82.737,-101.870,42.245,41368.581,111714.635,20210803_070958,479172,7,65463,1
1,KLNX20210803_121938_V06,41.370,0.129,83.779,236.564,81.521,-101.886,42.236,40760.671,112667.018,20210803_071938,479171,3,66158,0
1,KLNX20210804_111025_V06,-28.863,0.062,310.574,175.897,33.207,-100.511,42.516,16603.443,62276.520,20210804_061025,479172,0,27380,0
2,KLNX20210804_113927_V06,0.170,0.159,33.925,328.839,54.716,-102.177,41.817,27357.880,133816.489,20210804_063927,479171,4,39369,1
3,KLNX20210804_113927_V06,0.170,0.086,253.571,503.020,30.470,-100.852,41.043,15234.960,104130.643,20210804_063927,479171,4,39369,1
4,KLNX20210804_120241_V06,23.403,0.133,148.888,37.777,3.723,-101.504,43.134,1861.605,151323.991,20210804_070241,479172,7,60043,2
1,KLNX20210806_115114_V06,9.907,0.073,419.272,181.615,10.026,-99.850,42.488,5012.882,84025.103,20210806_065114,479175,22,56943,10
2,KLNX20210806_120523_V06,24.057,0.056,242.674,220.340,18.148,-100.924,42.316,9073.999,49071.197,20210806_070523,479176,16,56657,16
3,KLNX20210806_121227_V06,31.124,0.087,262.930,156.546,64.550,-100.802,42.603,32274.864,74083.334,20210806_071227,479173,22,54998,11
5,KLNX20210807_111753_V06,-24.471,0.216,170.566,370.740,62.086,-101.353,41.637,31042.891,73751.621,20210807_061753,479170,71,69776,3
5,KLNX20210807_112353_V06,-18.471,0.128,171.154,371.277,71.140,-101.349,41.634,35570.056,73623.453,20210807_062353,479179,130,70283,6
3,KLNX20210807_111152_V06,-30.488,0.063,370.124,307.136,16.881,-100.153,41.925,8440.639,35242.976,20210807_061152,479167,12,66031,2
8,KLNX20210807_112953_V06,-12.471,0.151,297.216,125.940,4.932,-100.593,42.741,2465.988,87041.004,20210807_062953,479172,148,71956,1
9,KLNX20210807_112953_V06,-12.471,0.060,314.265,149.304,14.980,-100.489,42.636,7490.238,75685.010,20210807_062953,479172,148,71956,1
15,KLNX20210807_121751_V06,35.496,0.125,133.631,106.937,28.036,-101.593,42.822,14017.920,127428.390,20210807_071751,479170,490,100629,0
1,KLNX20210808_114258_V06,-0.419,0.076,183.581,325.122,6.535,-101.277,41.843,3267.368,59549.329,20210808_064258,479172,1,68414,0
2,KLNX20210808_115003_V06,6.664,0.051,333.454,422.754,21.811,-100.376,41.405,10905.655,63615.382,20210808_065003,479173,2,74816,2
1,KLNX20210809_105032_V06,-53.886,0.440,339.390,115.926,7.662,-100.335,42.786,3830.925,94120.872,20210809_055032,479175,10,46718,4
1,KLNX20210809_111155_V06,-32.503,0.194,302.733,81.581,23.663,-100.559,42.941,11831.256,109217.886,20210809_061155,479171,13,48914,9
3,KLNX20210809_105032_V06,-53.886,0.187,306.692,156.087,2.420,-100.535,42.606,1210.068,72034.090,20210809_055032,479175,10,46718,4
4,KLNX20210809_105032_V06,-53.886,0.124,309.102,126.746,2.647,-100.520,42.738,1323.280,86746.423,20210809_055032,479175,10,46718,4
5,KLNX20210809_105032_V06,-53.886,0.095,309.022,155.412,2.167,-100.521,42.609,1083.408,72434.585,20210809_055032,479175,10,46718,4
6,KLNX20210809_105032_V06,-53.886,0.072,306.583,128.106,2.382,-100.536,42.732,1191.067,86010.068,20210809_055032,479175,10,46718,4
8,KLNX20210809_123912_V06,54.781,0.058,436.171,59.069,17.229,-99.740,43.039,8614.613,138374.599,20210809_073912,479174,26,74843,24
3,KLNX20210810_115120_V06,5.878,0.071,131.769,377.570,15.440,-101.585,41.604,7720.116,92626.719,20210810_065120,479168,0,71927,0
3,KLNX20210810_120037_V06,15.161,0.118,132.056,376.436,24.995,-101.583,41.609,12497.456,92260.162,20210810_070037,479176,4,75119,3
1,KLNX20210810_114205_V06,-3.372,0.068,448.554,181.799,16.423,-99.672,42.486,8211.590,94920.812,20210810_064205,479172,5,60902,0
2,KLNX20210810_114205_V06,-3.372,0.065,445.210,118.222,17.304,-99.689,42.773,8651.901,116328.383,20210810_064205,479172,5,60902,0
4,KLNX20210810_124705_V06,61.628,0.063,267.936,505.855,14.838,-100.766,41.031,7418.774,104168.399,20210810_074705,479175,2,90331,2
1,KLNX20210812_124401_V06,56.485,0.105,27.226,427.004,47.646,-102.206,41.374,23823.088,150445.558,20210812_074401,479173,2,49383,1
3,KLNX20210815_112052_V06,-29.787,0.073,312.919,167.728,33.333,-100.497,42.553,16666.470,66450.649,20210815_062052,479180,1296,56718,75
7,KLNX20210815_120453_V06,14.230,0.079,105.241,484.128,14.109,-101.735,41.123,7054.746,134009.321,20210815_070453,479184,639,40224,12
10,KLNX20210815_122422_V06,33.713,0.052,31.103,429.695,49.332,-102.183,41.363,24666.040,149270.121,20210815_072422,479178,617,43470,16
15,KLNX20210815_123602_V06,45.380,0.058,127.236,513.503,17.715,-101.602,40.992,8857.301,137323.254,20210815_073602,479197,766,49806,18
26,KLNX20210815_130537_V06,74.963,0.087,218.686,259.879,14.086,-101.068,42.137,7043.146,45336.715,20210815_080537,479196,1390,66204,80
1,KLNX20210816_110920_V06,-42.361,0.054,304.153,169.918,17.397,-100.551,42.543,8698.730,65074.067,20210816_060920,479169,0,47931,0
3,KLNX20210816_112822_V06,-23.328,0.147,177.100,404.046,14.564,-101.312,41.487,7281.898,80513.987,20210816_062822,479173,0,29633,0
5,KLNX20210818_110733_V06,-46.227,0.268,342.310,393.505,39.452,-100.322,41.537,19726.179,51316.291,20210818_060733,479178,7,48923,3
5,KLNX20210821_120222_V06,5.470,0.192,235.148,94.969,8.878,-100.973,42.880,4439.007,107521.387,20210821_070222,479177,5,55891,4
5,KLNX20210821_120927_V06,12.553,0.402,236.758,96.800,18.072,-100.963,42.872,9036.085,106406.895,20210821_070927,479171,1,58632,1
5,KLNX20210821_121627_V06,19.553,0.147,241.989,105.055,24.779,-100.931,42.835,12389.712,101696.424,20210821_071627,479171,3,63628,2
1,KLNX20210821_114813_V06,-8.680,0.744,382.009,236.565,9.025,-100.079,42.242,4512.287,51840.020,20210821_064813,479165,0,45853,0
1,KLNX20210821_120222_V06,5.470,0.149,387.438,238.263,18.475,-100.046,42.234,9237.648,53518.261,20210821_070222,479177,5,55891,4
3,KLNX20210821_114813_V06,-8.680,0.077,307.688,167.812,5.602,-100.529,42.553,2800.858,66205.480,20210821_064813,479165,0,45853,0
3,KLNX20210821_120222_V06,5.470,0.185,308.193,175.807,15.321,-100.526,42.517,7660.558,62231.335,20210821_070222,479177,5,55891,4
2,KLNX20210821_114813_V06,-8.680,0.113,136.591,239.071,8.509,-101.566,42.228,4254.288,87199.101,20210821_064813,479165,0,45853,0
6,KLNX20210821_120222_V06,5.470,0.063,286.309,322.938,13.450,-100.658,41.854,6724.892,13356.749,20210821_070222,479177,5,55891,4
8,KLNX20210821_120222_V06,5.470,0.057,307.583,101.457,2.337,-100.529,42.851,1168.304,99343.726,20210821_070222,479177,5,55891,4
10,KLNX20210821_120927_V06,12.553,0.072,268.833,503.255,15.221,-100.761,41.043,7610.687,102815.364,20210821_070927,479171,1,58632,1
11,KLNX20210821_123030_V06,33.603,0.168,30.447,327.179,28.321,-102.198,41.824,14160.414,135459.797,20210821_073030,479171,8,72989,0
1,KLNX20210825_120235_V06,1.534,0.565,291.514,180.161,11.668,-100.627,42.497,5834.106,60069.427,20210825_070235,479170,111,41068,5
2,KLNX20210825_124004_V06,39.017,0.062,21.405,420.492,30.430,-102.242,41.403,15214.975,151767.772,20210825_074004,479197,9,91974,9
3,KLNX20210826_112642_V06,-35.386,0.456,311.246,136.137,9.127,-100.507,42.695,4563.381,82124.410,20210826_062642,479176,1335,113229,7
8,KLNX20210827_130800_V06,64.877,0.063,397.212,174.771,8.714,-99.984,42.520,4357.185,79266.181,20210827_080800,479197,59,111808,1
8,KLNX20210827_131234_V06,69.444,0.059,397.097,175.195,15.618,-99.985,42.518,7808.953,79063.545,20210827_081234,479187,131,113795,1
8,KLNX20210827_131720_V06,74.210,0.050,400.485,173.764,18.159,-99.964,42.524,9079.404,80673.211,20210827_081720,479182,183,114084,1
2,KLNX20210827_112414_V06,-38.890,0.156,258.420,350.930,19.166,-100.826,41.728,9582.863,32874.095,20210827_062414,479189,1592,74184,66
2,KLNX20210827_112838_V06,-34.490,0.134,259.438,352.282,26.785,-100.820,41.722,13392.339,33085.816,20210827_062838,479175,1470,74582,62
2,KLNX20210827_113406_V06,-29.023,0.177,256.892,342.214,20.681,-100.835,41.767,10340.717,30167.478,20210827_063406,479181,1674,77173,115
7,KLNX20210827_130300_V06,59.877,0.078,433.002,169.481,54.784,-99.766,42.542,27391.842,93172.846,20210827_080300,479176,122,110644,1
4,KLNX20210829_120257_V06,-2.245,0.098,340.090,298.127,30.427,-100.334,41.966,15213.711,20066.748,20210829_070257,479175,0,76021,0
4,KLNX20210829_120736_V06,2.405,0.058,340.630,299.848,36.761,-100.331,41.958,18380.361,20314.980,20210829_070736,479178,1,85424,1
1,KLNX20210829_114845_V06,-16.445,0.071,362.871,249.847,8.051,-100.195,42.183,4025.742,40212.090,20210829_064845,479179,5,53808,3
2,KLNX20210829_115338_V06,-11.562,0.703,308.492,163.679,9.815,-100.524,42.571,4907.700,68292.485,20210829_065338,479172,0,56712,0
5,KLNX20210829_120736_V06,2.405,0.052,313.194,494.677,17.704,-100.497,41.081,8851.820,97561.844,20210829_070736,479178,1,85424,1
1,KLNX20210831_114717_V06,-19.983,0.050,218.623,155.210,36.700,-101.072,42.608,18349.823,83045.552,20210831_064717,479168,6,45498,5
3,KLNX20210831_131918_V06,72.034,0.107,98.162,433.433,24.575,-101.782,41.351,12287.320,120978.337,20210831_081918,479166,28,103970,21
1,KLNX20210901_111121_V06,-56.951,0.063,303.600,296.239,2.594,-100.554,41.975,1297.009,2603.206,20210901_061121,479169,12,47392,12
2,KLNX20210902_115204_V06,-17.269,0.179,40.327,166.004,78.565,-102.157,42.550,39282.650,146103.699,20210902_065204,479200,7374,305923,531
1,KLNX20210903_120027_V06,-9.921,0.077,305.017,170.379,4.679,-100.545,42.541,2339.485,64858.824,20210903_070027,479170,3,55361,0
2,KLNX20210904_121425_V06,3.011,0.743,149.613,379.015,11.270,-101.478,41.599,5635.115,84940.377,20210904_071425,479176,1,51288,1
2,KLNX20210904_122406_V06,12.695,0.852,154.340,382.067,19.030,-101.449,41.585,9514.981,83593.930,20210904_072406,479172,0,50756,0
5,KLNX20210904_130253_V06,51.478,0.072,311.319,324.945,17.811,-100.508,41.845,8905.460,13696.538,20210904_080253,479171,4,50679,4
2,KLNX20210905_120216_V06,-10.173,0.780,310.540,160.234,5.347,-100.512,42.587,2673.641,70081.629,20210905_070216,479193,2188,99831,160
2,KLNX20210905_120620_V06,-6.106,0.635,311.419,160.116,10.166,-100.506,42.587,5083.169,70174.869,20210905_070620,479184,1812,103445,76
2,KLNX20210905_121024_V06,-2.040,-1.000,312.065,160.029,15.424,-100.502,42.588,7711.922,70244.990,20210905_071024,479189,1498,108564,66
2,KLNX20210905_121427_V06,2.010,0.725,318.429,162.756,16.916,-100.464,42.576,8458.042,69237.699,20210905_071427,479189,1266,111353,42
2,KLNX20210905_121818_V06,5.860,0.235,321.139,165.037,18.653,-100.447,42.565,9326.551,68304.367,20210905_071818,479183,1196,112465,61
1,KLNX20210906_120328_V06,-10.007,0.410,308.302,157.309,6.427,-100.525,42.600,3213.261,71466.357,20210906_070328,479170,177,60703,52
1,KLNX20210906_121032_V06,-2.940,0.644,311.721,155.515,13.975,-100.504,42.608,6987.575,72479.996,20210906_071032,479172,18,61773,15
1,KLNX20210906_121717_V06,3.810,0.146,319.843,150.056,20.751,-100.455,42.633,10375.276,75625.641,20210906_071717,479172,79,70045,63
1,KLNX20210906_122422_V06,10.893,0.202,325.026,143.675,32.694,-100.423,42.661,16347.206,79158.032,20210906_072422,479168,55,77665,43
2,KLNX20210906_121032_V06,-2.940,0.051,229.369,365.544,23.218,-101.000,41.662,11609.192,48178.699,20210906_071032,479172,18,61773,15
3,KLNX20210906_122422_V06,10.893,0.085,141.333,32.929,12.708,-101.551,43.156,6354.017,155324.063,20210906_072422,479168,55,77665,43
4,KLNX20210906_125239_V06,39.176,0.075,321.189,423.999,21.346,-100.449,41.399,10673.090,62898.112,20210906_075239,479168,35,83818,13
1,KLNX20210907_120348_V06,-10.708,0.411,305.452,167.943,8.466,-100.543,42.552,4232.800,66084.973,20210907_070348,479173,4,23685,1
1,KLNX20210907_121329_V06,-1.024,0.819,303.482,176.430,13.898,-100.555,42.514,6949.177,61809.272,20210907_071329,479173,1,31487,1
1,KLNX20210907_122312_V06,8.692,0.383,306.895,192.040,21.564,-100.534,42.444,10781.936,54090.172,20210907_072312,479179,1,42219,1
5,KLNX20210907_123253_V06,18.376,0.177,355.969,511.952,14.717,-100.243,41.003,7358.341,109608.655,20210907_073253,479172,0,48512,0
5,KLNX20210907_124234_V06,28.059,0.050,356.433,513.142,25.957,-100.240,40.998,12978.468,110243.024,20210907_074234,479176,1,52833,1
3,KLNX20210907_121329_V06,-1.024,0.287,376.296,545.770,14.665,-100.123,40.850,7332.720,128669.967,20210907_071329,479173,1,31487,1
1,KLNX20210908_120441_V06,-10.858,0.520,305.083,156.567,4.839,-100.545,42.603,2419.712,71761.505,20210908_070441,479175,10,45165,4
1,KLNX20210908_121422_V06,-1.175,0.077,305.986,156.271,13.220,-100.539,42.605,6609.856,71926.960,20210908_071422,479175,2,40046,2
1,KLNX20210908_122404_V06,8.525,0.545,311.483,155.065,16.606,-100.506,42.610,8302.967,72694.387,20210908_072404,479177,9,39555,1
1,KLNX20210908_123345_V06,18.208,0.135,316.744,155.928,27.934,-100.474,42.606,13967.219,72520.714,20210908_073345,479177,2,41126,0
2,KLNX20210908_120441_V06,-10.858,0.280,327.154,421.645,5.686,-100.413,41.410,2842.878,62319.424,20210908_070441,479175,10,45165,4
2,KLNX20210908_121422_V06,-1.175,0.507,330.063,419.658,17.059,-100.396,41.419,8529.576,61688.516,20210908_071422,479175,2,40046,2
2,KLNX20210908_122404_V06,8.525,0.425,334.150,421.382,24.887,-100.372,41.411,12443.535,63047.295,20210908_072404,479177,9,39555,1
7,KLNX20210908_121422_V06,-1.175,0.064,27.230,364.482,29.978,-102.213,41.656,14988.842,140144.075,20210908_071422,479175,2,40046,2
7,KLNX20210908_122404_V06,8.525,0.141,27.668,364.559,40.219,-102.211,41.655,20109.254,139939.806,20210908_072404,479177,9,39555,1
5,KLNX20210908_120441_V06,-10.858,0.062,403.867,166.730,4.911,-99.943,42.556,2455.269,84482.465,20210908_070441,479175,10,45165,4
6,KLNX20210908_121422_V06,-1.175,0.124,200.685,60.113,10.149,-101.185,43.036,5074.615,129816.425,20210908_071422,479175,2,40046,2
1,KLNX20210909_120541_V06,-10.892,0.464,327.233,421.384,5.318,-100.413,41.411,2658.901,62200.800,20210909_070541,479176,8,27963,1
1,KLNX20210909_121522_V06,-1.209,0.490,329.990,420.220,15.103,-100.396,41.416,7551.384,61952.011,20210909_071522,479173,32,30385,19
1,KLNX20210909_122505_V06,8.508,0.801,334.960,420.001,23.802,-100.367,41.417,11901.075,62495.138,20210909_072505,479171,51,31060,26
4,KLNX20210909_121522_V06,-1.209,0.815,301.062,144.751,7.012,-100.569,42.657,3506.119,77626.296,20210909_071522,479173,32,30385,19
4,KLNX20210909_122505_V06,8.508,0.183,303.523,145.972,19.133,-100.554,42.651,9566.664,77034.206,20210909_072505,479171,51,31060,26
3,KLNX20210910_121620_V06,-1.276,0.918,301.331,166.150,5.416,-100.568,42.560,2708.096,66928.236,20210910_071620,479173,134,42692,101
3,KLNX20210910_122602_V06,8.424,0.775,301.652,166.547,9.476,-100.566,42.558,4737.950,66731.656,20210910_072602,479174,76,44326,53
3,KLNX20210910_123544_V06,18.124,0.340,301.753,168.580,26.266,-100.565,42.549,13133.031,65715.960,20210910_073544,479178,125,46910,100
2,KLNX20210910_120638_V06,-10.976,0.164,405.657,168.436,4.237,-99.933,42.548,2118.271,84368.963,20210910_070638,479177,82,41793,46
2,KLNX20210910_121620_V06,-1.276,0.158,406.893,171.893,13.837,-99.925,42.533,6918.722,83422.714,20210910_071620,479173,134,42692,101
2,KLNX20210910_122602_V06,8.424,0.065,403.513,163.690,2.474,-99.945,42.570,1237.232,85579.425,20210910_072602,479174,76,44326,53
1,KLNX20210910_113734_V06,-40.043,0.063,245.993,149.544,79.524,-100.905,42.635,39761.803,79927.872,20210910_063734,479175,197,33992,131
6,KLNX20210910_123544_V06,18.124,0.161,322.905,191.895,4.845,-100.437,42.444,2422.535,55252.605,20210910_073544,479178,125,46910,100
7,KLNX20210910_124525_V06,27.807,0.056,310.556,123.968,2.793,-100.511,42.750,1396.645,88173.949,20210910_074525,479178,45,48521,25
1,KLNX20210911_120733_V06,-11.093,0.377,303.987,161.204,1.936,-100.552,42.583,967.842,69426.457,20210911_070733,479175,1,38921,1
1,KLNX20210911_121716_V06,-1.377,0.909,304.833,166.278,7.462,-100.546,42.560,3731.124,66904.605,20210911_071716,479176,0,43741,0
1,KLNX20210911_122657_V06,8.307,0.141,305.354,168.405,11.963,-100.543,42.550,5981.462,65852.148,20210911_072657,479170,3,46547,0
4,KLNX20210911_121716_V06,-1.377,0.146,25.345,462.049,24.107,-102.213,41.216,12053.417,159448.325,20210911_071716,479176,0,43741,0
5,KLNX20210911_121716_V06,-1.377,0.085,173.794,61.761,2.383,-101.350,43.028,1191.523,134801.716,20210911_071716,479176,0,43741,0
4,KLNX20210912_121708_V06,-2.544,0.710,302.666,165.336,5.525,-100.560,42.564,2762.463,67345.205,20210912_071708,479171,7,49356,7
4,KLNX20210912_122407_V06,4.439,0.925,301.241,168.746,11.596,-100.568,42.549,5797.833,65630.095,20210912_072407,479169,1,58326,0
4,KLNX20210912_123052_V06,11.189,0.948,299.401,172.670,16.558,-100.579,42.531,8278.869,63665.924,20210912_073052,479174,2,64353,2
4,KLNX20210912_123736_V06,17.922,0.913,302.322,174.521,23.831,-100.562,42.523,11915.558,62750.430,20210912_073736,479168,2,67995,0
4,KLNX20210912_124422_V06,24.689,0.763,306.042,174.321,29.930,-100.539,42.523,14965.079,62911.936,20210912_074422,479177,3,72398,1
4,KLNX20210912_125112_V06,31.522,0.459,308.021,173.888,33.901,-100.527,42.525,16950.735,63183.318,20210912_075112,479172,1,76162,1
3,KLNX20210912_121236_V06,-7.078,0.062,375.906,229.683,5.966,-100.116,42.273,2982.765,51735.561,20210912_071236,479173,0,63763,0
3,KLNX20210912_121708_V06,-2.544,0.498,376.778,231.187,11.349,-100.111,42.267,5674.699,51551.058,20210912_071708,479171,7,49356,7
3,KLNX20210912_122407_V06,4.439,0.788,375.492,237.422,14.239,-100.119,42.239,7119.547,49027.971,20210912_072407,479169,1,58326,0
3,KLNX20210912_123052_V06,11.189,0.175,377.637,241.081,16.039,-100.106,42.222,8019.466,48731.545,20210912_073052,479174,2,64353,2
1,KLNX20210912_121236_V06,-7.078,0.110,331.282,425.249,2.590,-100.389,41.394,1295.046,64548.259,20210912_071236,479173,0,63763,0
1,KLNX20210912_121708_V06,-2.544,0.152,331.400,425.559,9.459,-100.388,41.392,4729.406,64712.969,20210912_071708,479171,7,49356,7
1,KLNX20210912_122407_V06,4.439,0.421,335.159,429.035,15.744,-100.366,41.377,7871.884,66869.500,20210912_072407,479169,1,58326,0
11,KLNX20210912_123052_V06,11.189,0.391,163.800,139.241,8.837,-101.407,42.678,4418.633,105349.335,20210912_073052,479174,2,64353,2
11,KLNX20210912_123736_V06,17.922,0.052,163.373,139.966,17.197,-101.409,42.675,8598.543,105211.563,20210912_073736,479168,2,67995,0
6,KLNX20210912_121708_V06,-2.544,0.052,174.884,365.832,2.570,-101.327,41.659,1285.213,70689.369,20210912_071708,479171,7,49356,7
8,KLNX20210912_122407_V06,4.439,0.100,96.366,299.455,16.240,-101.804,41.954,8120.248,101817.496,20210912_072407,479169,1,58326,0
9,KLNX20210912_122407_V06,4.439,0.066,460.532,194.774,26.080,-99.600,42.427,13039.921,95972.481,20210912_072407,479169,1,58326,0
10,KLNX20210912_123052_V06,11.189,0.449,183.267,72.801,13.365,-101.291,42.978,6682.386,127716.409,20210912_073052,479174,2,64353,2
14,KLNX20210912_123052_V06,11.189,0.063,171.447,517.811,8.858,-101.339,40.975,4428.803,126459.057,20210912_073052,479174,2,64353,2
1,KLNX20210913_113809_V06,-42.562,0.125,328.428,408.724,32.837,-100.406,41.468,16418.568,56189.762,20210913_063809,479184,21,73180,0
2,KLNX20210913_113809_V06,-42.562,0.054,25.063,119.537,13.659,-102.255,42.758,6829.559,164436.496,20210913_063809,479184,21,73180,0
4,KLNX20210914_122021_V06,-1.396,0.076,325.358,431.483,8.061,-100.424,41.366,4030.428,66953.135,20210914_072021,479177,5757,198933,301
4,KLNX20210914_122539_V06,3.904,0.357,325.859,431.526,15.141,-100.421,41.366,7570.290,67021.936,20210914_072539,479192,4748,204405,127
4,KLNX20210914_123058_V06,9.220,0.072,326.332,434.915,19.042,-100.419,41.350,9520.909,68730.351,20210914_073058,479193,3422,208682,78
18,KLNX20210914_134708_V06,85.387,0.093,28.862,457.481,33.274,-102.193,41.237,16636.848,156777.017,20210914_084708,479202,3060,177278,1215
18,KLNX20210914_135118_V06,89.554,0.089,30.210,458.073,39.339,-102.185,41.235,19669.319,156343.896,20210914_085118,479201,2860,174330,1152
13,KLNX20210914_132931_V06,67.770,0.153,39.260,381.663,61.982,-102.139,41.579,30991.173,136614.815,20210914_082931,479186,3584,185457,971
17,KLNX20210914_133833_V06,76.804,0.077,340.860,530.355,31.427,-100.333,40.920,15713.437,116975.596,20210914_083833,479184,3400,180028,1089
4,KLNX20210915_125156_V06,29.152,0.110,425.792,43.794,44.064,-99.803,43.108,22032.070,142710.491,20210915_075156,479201,37,51310,0
4,KLNX20210915_130037_V06,37.835,0.186,429.886,44.422,50.022,-99.778,43.105,25010.792,143344.521,20210915_080037,479194,20,50006,0
4,KLNX20210915_130458_V06,42.185,0.255,431.329,47.607,48.256,-99.769,43.091,24128.045,142258.122,20210915_080458,479184,15,49385,0
4,KLNX20210915_130919_V06,46.535,0.287,436.618,51.491,52.176,-99.737,43.073,26087.809,141793.328,20210915_080919,479186,4,47854,1
4,KLNX20210915_131339_V06,50.868,0.121,443.879,56.007,49.381,-99.693,43.053,24690.582,141627.718,20210915_081339,479189,1,46772,0
4,KLNX20210915_131759_V06,55.202,0.055,442.904,54.279,51.397,-99.699,43.060,25698.274,142126.966,20210915_081759,479188,6,46542,0
4,KLNX20210915_132219_V06,59.535,-1.000,444.591,54.735,52.313,-99.688,43.058,26156.390,142356.519,20210915_082219,479183,10,46394,1
4,KLNX20210915_132639_V06,63.868,0.195,453.514,58.523,53.876,-99.634,43.041,26938.229,143071.416,20210915_082639,479182,4,46897,3
4,KLNX20210915_133100_V06,68.218,0.245,452.891,58.030,56.017,-99.638,43.043,28008.274,143112.962,20210915_083100,479184,0,46698,0
2,KLNX20210916_121121_V06,-12.467,0.209,311.691,151.425,4.404,-100.505,42.627,2202.221,74517.172,20210916_071121,479177,3,45527,0
5,KLNX20210916_122102_V06,-2.784,0.079,350.727,389.631,31.070,-100.272,41.554,15535.131,51494.854,20210916_072102,479175,1,51847,1
1,KLNX20210917_121152_V06,-12.987,0.583,301.502,165.947,4.709,-100.567,42.561,2354.641,67030.909,20210917_071152,479186,2,45873,2
1,KLNX20210917_121512_V06,-9.654,0.599,301.828,166.437,8.842,-100.565,42.559,4420.891,66787.702,20210917_071512,479187,3,45482,0
1,KLNX20210917_121833_V06,-6.304,0.785,300.827,169.835,9.490,-100.571,42.544,4745.046,65083.843,20210917_071833,479184,2,45138,1
1,KLNX20210917_122158_V06,-2.887,0.811,299.467,173.739,10.946,-100.579,42.526,5473.124,63131.170,20210917_072158,479186,8,46177,4
1,KLNX20210917_122528_V06,0.613,0.832,298.999,174.533,13.642,-100.582,42.523,6821.199,62735.293,20210917_072528,479193,5,46092,1
1,KLNX20210917_122858_V06,4.113,0.880,302.226,178.376,19.072,-100.562,42.505,9536.066,60822.433,20210917_072858,479189,6,46279,2
1,KLNX20210917_123229_V06,7.629,0.890,303.951,181.306,20.597,-100.552,42.492,10298.397,59379.749,20210917_073229,479178,0,45721,0
1,KLNX20210917_123625_V06,11.563,0.854,303.585,184.169,23.671,-100.554,42.479,11835.661,57943.174,20210917_073625,479182,1,46207,1
1,KLNX20210917_123954_V06,15.046,0.874,302.857,190.831,24.350,-100.558,42.449,12175.181,54603.280,20210917_073954,479188,0,45815,0
1,KLNX20210917_124325_V06,18.563,0.742,303.151,197.561,23.901,-100.557,42.419,11950.497,51243.506,20210917_074325,479181,2,46170,0
1,KLNX20210917_124656_V06,22.079,0.712,301.028,200.208,26.420,-100.570,42.407,13209.831,49898.454,20210917_074656,479196,3,46026,0
1,KLNX20210917_125027_V06,25.596,0.125,299.876,204.738,30.043,-100.577,42.387,15021.585,47631.003,20210917_075027,479188,2,45639,0
14,KLNX20210917_131501_V06,50.163,0.055,413.719,236.723,81.061,-99.887,42.241,40530.312,65069.225,20210917_081501,479184,5,43713,2
14,KLNX20210917_131832_V06,53.679,0.150,412.576,238.666,84.550,-99.894,42.232,42274.811,64100.242,20210917_081832,479199,2,44472,1
4,KLNX20210917_121152_V06,-12.987,0.084,349.487,513.482,29.876,-100.282,40.996,14938.026,109571.208,20210917_071152,479186,2,45873,2
6,KLNX20210918_124908_V06,23.242,0.234,35.738,461.267,43.364,-102.152,41.221,21682.247,154791.633,20210918_074908,479178,0,69850,0
6,KLNX20210918_130831_V06,42.625,0.072,41.406,448.493,55.014,-102.119,41.279,27507.003,149098.008,20210918_080831,479171,0,66555,0
6,KLNX20210918_131814_V06,52.342,-1.000,44.203,442.190,61.005,-102.103,41.307,30502.420,146330.044,20210918_081814,479174,1,63568,1
6,KLNX20210918_132756_V06,62.042,0.063,35.850,433.550,59.710,-102.154,41.346,29855.180,147995.696,20210918_082756,479175,5,60923,5
4,KLNX20210918_122944_V06,3.842,0.137,32.405,278.184,35.362,-102.192,42.045,17681.099,134241.325,20210918_072944,479175,3,63857,0
4,KLNX20210918_123925_V06,13.525,0.131,35.749,275.245,46.081,-102.172,42.058,23040.453,132703.755,20210918_073925,479173,4,67126,4
5,KLNX20210918_123925_V06,13.525,0.123,240.194,501.170,49.981,-100.932,41.052,24990.398,104935.741,20210918_073925,479173,4,67126,4
2,KLNX20210919_123031_V06,3.586,0.127,29.686,242.677,52.325,-102.212,42.204,26162.638,138162.645,20210919_073031,479173,4,44118,3
2,KLNX20210919_124012_V06,13.269,0.124,30.405,237.417,60.717,-102.209,42.228,30358.521,138381.930,20210919_074012,479176,2,51402,1
3,KLNX20210919_124012_V06,13.269,0.212,26.741,176.314,29.581,-102.238,42.503,14790.453,149974.002,20210919_074012,479176,2,51402,1
1,KLNX20210920_123729_V06,9.511,0.060,66.564,421.458,87.033,-101.972,41.402,43516.678,131571.389,20210920_073729,479177,66,172363,0
2,KLNX20210920_124630_V06,18.528,0.192,28.859,511.621,37.579,-102.187,40.994,18789.690,171974.548,20210920_074630,479193,18,184199,3
8,KLNX20210920_134156_V06,73.961,0.094,278.963,185.763,4.922,-100.704,42.472,2460.861,58078.921,20210920_084156,479196,10,138024,4
8,KLNX20210921_123126_V06,2.419,0.897,306.755,172.919,8.369,-100.535,42.530,4184.742,63630.316,20210921_073126,479169,63,83804,1
8,KLNX20210921_123605_V06,7.069,0.903,307.202,175.900,13.669,-100.532,42.516,6834.509,62154.246,20210921_073605,479177,49,80130,1
8,KLNX20210921_124045_V06,11.735,0.901,309.358,181.645,17.918,-100.519,42.491,8959.051,59361.947,20210921_074045,479172,40,75666,3
8,KLNX20210921_124525_V06,16.402,0.820,313.432,184.588,24.200,-100.494,42.477,12100.076,58095.405,20210921_074525,479177,44,73028,2
8,KLNX20210921_125004_V06,21.052,0.481,315.618,188.648,30.462,-100.481,42.459,15231.086,56221.117,20210921_075004,479174,22,69393,3
4,KLNX20210921_122647_V06,-2.231,0.478,179.059,381.484,8.228,-101.301,41.589,4113.848,72914.910,20210921_072647,479174,85,87607,3
4,KLNX20210921_123126_V06,2.419,0.215,179.146,381.523,14.431,-101.301,41.588,7215.629,72890.028,20210921_073126,479169,63,83804,1
14,KLNX20210921_131753_V06,48.869,0.051,398.302,290.787,15.302,-99.983,41.998,7650.780,49366.352,20210921_081753,479179,72,55598,6
1,KLNX20210922_122239_V06,-7.410,0.790,310.077,149.798,7.363,-100.514,42.634,3681.507,75269.839,20210922_072239,479168,4,15802,0
1,KLNX20210922_123221_V06,2.290,0.186,313.425,148.736,22.532,-100.494,42.639,11266.105,75929.091,20210922_073221,479173,0,15458,0
1,KLNX20210922_124203_V06,11.990,0.094,326.477,144.529,30.075,-100.414,42.657,15037.290,78854.747,20210922_074203,479176,2,16947,0
2,KLNX20210922_122239_V06,-7.410,0.394,390.561,218.167,7.759,-100.026,42.325,3879.585,61028.818,20210922_072239,479168,4,15802,0
3,KLNX20210922_122239_V06,-7.410,0.302,177.167,364.251,2.820,-101.313,41.666,1409.801,69311.222,20210922_072239,479168,4,15802,0
1,KLNX20210923_122317_V06,-7.824,0.934,312.082,154.144,5.193,-100.502,42.614,2596.256,73177.588,20210923_072317,479180,0,49436,0
1,KLNX20210923_123259_V06,1.876,0.253,314.640,153.883,16.392,-100.487,42.615,8195.974,73424.376,20210923_073259,479169,1,35413,0
15,KLNX20210924_122844_V06,-3.424,0.403,306.538,167.428,3.336,-100.536,42.555,1668.159,66366.334,20210924_072844,479171,3,114146,2
15,KLNX20210924_123445_V06,2.593,0.759,309.202,172.931,12.300,-100.520,42.530,6150.061,63700.766,20210924_073445,479174,4,115603,3
15,KLNX20210924_124032_V06,8.376,0.769,314.220,189.223,17.592,-100.489,42.456,8796.064,55843.135,20210924_074032,479168,12,117769,5
15,KLNX20210924_124619_V06,14.159,0.168,315.884,204.928,21.112,-100.479,42.386,10556.165,48194.896,20210924_074619,479177,16,119135,7
6,KLNX20210924_115023_V06,-41.774,0.061,431.858,238.117,32.027,-99.777,42.234,16013.508,72828.352,20210924_065023,479170,0,77570,0
6,KLNX20210924_120058_V06,-31.191,0.098,443.398,243.380,39.950,-99.708,42.209,19975.014,77085.823,20210924_070058,479169,4,86627,2
10,KLNX20210924_121212_V06,-19.957,0.076,135.669,234.983,49.653,-101.571,42.246,24826.561,88362.899,20210924_071212,479180,8,104028,6
10,KLNX20210924_121747_V06,-14.374,0.062,138.252,235.007,57.143,-101.556,42.246,28571.410,87158.757,20210924_071747,479171,3,109986,2
11,KLNX20210924_121747_V06,-14.374,0.054,163.266,148.272,69.120,-101.409,42.638,34560.184,102124.389,20210924_071747,479171,3,109986,2
11,KLNX20210924_122308_V06,-9.024,0.286,163.693,149.322,76.107,-101.407,42.633,38053.627,101591.791,20210924_072308,479177,2,111953,0
11,KLNX20210924_122844_V06,-3.424,0.331,196.660,178.518,59.174,-101.204,42.503,29587.011,79745.108,20210924_072844,479171,3,114146,2
23,KLNX20210924_131007_V06,37.959,0.304,388.311,346.309,12.791,-100.045,41.748,6395.599,49858.259,20210924_081007,479171,16,138599,0
23,KLNX20210924_131603_V06,43.893,0.100,389.335,345.811,22.249,-100.039,41.750,11124.569,50198.165,20210924_081603,479180,1,141868,1
8,KLNX20210924_120635_V06,-25.574,0.057,88.351,127.681,13.051,-101.868,42.726,6525.486,136463.698,20210924_070635,479174,4,94391,1
19,KLNX20210924_122844_V06,-3.424,0.115,181.489,386.233,6.718,-101.286,41.567,3359.133,73282.012,20210924_072844,479171,3,114146,2
1,KLNX20210925_122419_V06,-8.894,0.953,320.149,149.953,6.435,-100.453,42.633,3217.663,75697.152,20210925_072419,479176,2,36651,2
1,KLNX20210925_123402_V06,0.823,0.745,323.846,148.754,23.504,-100.430,42.638,11751.926,76557.107,20210925_073402,479180,3,23499,3
1,KLNX20210925_124343_V06,10.506,0.388,343.233,145.418,34.581,-100.312,42.653,17290.731,80257.101,20210925_074343,479177,3,21015,3
5,KLNX20210925_123402_V06,0.823,0.340,217.935,69.097,11.851,-101.079,42.996,5925.295,122526.467,20210925_073402,479180,3,23499,3
5,KLNX20210925_124343_V06,10.506,0.852,226.532,68.787,21.919,-101.026,42.998,10959.526,121302.593,20210925_074343,479177,3,21015,3
2,KLNX20210925_122419_V06,-8.894,0.200,496.352,206.971,10.007,-99.384,42.370,5003.323,108637.816,20210925_072419,479176,2,36651,2
4,KLNX20210925_122419_V06,-8.894,0.105,453.071,202.217,8.948,-99.646,42.394,4473.965,90819.011,20210925_072419,479176,2,36651,2
1,KLNX20210926_122539_V06,-8.617,0.921,316.641,162.941,9.296,-100.474,42.575,4647.942,69032.555,20210926_072539,479172,3,50124,1
1,KLNX20210926_123520_V06,1.066,0.947,323.119,166.305,19.507,-100.435,42.560,9753.709,67839.791,20210926_073520,479171,0,53621,0
1,KLNX20210926_124503_V06,10.783,0.756,332.109,169.639,27.974,-100.380,42.544,13986.871,67128.518,20210926_074503,479169,6,55952,1
1,KLNX20210926_130427_V06,30.183,0.460,354.151,153.419,49.701,-100.246,42.617,24850.738,78131.773,20210926_080427,479175,11,60157,0
2,KLNX20210926_122539_V06,-8.617,0.613,196.269,71.099,4.854,-101.212,42.986,2426.970,125654.043,20210926_072539,479172,3,50124,1
2,KLNX20210926_123520_V06,1.066,0.123,195.865,71.667,12.603,-101.214,42.984,6301.254,125479.396,20210926_073520,479171,0,53621,0
2,KLNX20210926_124503_V06,10.783,0.104,207.645,83.686,20.826,-101.141,42.930,10413.204,117602.145,20210926_074503,479169,6,55952,1
4,KLNX20210926_122539_V06,-8.617,0.306,171.956,133.929,4.875,-101.357,42.703,2437.704,104851.107,20210926_072539,479172,3,50124,1
1,KLNX20210928_134314_V06,66.843,0.169,295.951,304.986,20.189,-100.600,41.935,10094.368,3211.566,20210928_084314,479171,1,16522,0
9,KLNX20210929_130145_V06,24.292,0.069,224.954,258.923,28.910,-101.030,42.142,14454.786,42776.281,20210929_080145,479180,257,53399,12
4,KLNX20210930_125025_V06,11.888,0.236,307.677,188.082,21.312,-100.529,42.462,10655.788,56090.564,20210930_075025,479161,138,133030,6
4,KLNX20210930_130140_V06,23.138,0.181,310.923,200.071,31.148,-100.509,42.408,15573.766,50262.156,20210930_080140,479169,191,131074,5
4,KLNX20210930_130717_V06,28.755,0.143,310.332,206.685,33.345,-100.513,42.378,16672.738,46942.472,20210930_080717,479168,250,130716,2
5,KLNX20210930_134627_V06,67.921,0.231,211.555,398.915,2.051,-101.106,41.511,1025.702,66345.260,20210930_084627,479173,1175,119264,79
5,KLNX20210930_135106_V06,72.571,0.055,212.212,399.974,9.035,-101.102,41.507,4517.336,66523.799,20210930_085106,479172,1184,117585,97
5,KLNX20210930_140025_V06,81.888,-1.000,213.242,401.635,23.205,-101.095,41.499,11602.388,66814.559,20210930_090025,479174,1239,113834,114
5,KLNX20210930_140504_V06,86.538,0.094,222.257,413.723,22.857,-101.041,41.445,11428.321,68878.307,20210930_090504,479173,1169,113332,120
1,KLNX20210930_123856_V06,0.405,0.678,174.841,383.553,10.514,-101.326,41.579,5257.202,75242.575,20210930_073856,479169,39,133314,2
1,KLNX20210930_124448_V06,6.271,0.848,176.864,386.847,15.151,-101.314,41.564,7575.667,75340.761,20210930_074448,479166,70,133354,5
1,KLNX20211001_123923_V06,-0.221,0.898,172.524,376.410,7.870,-101.341,41.611,3934.839,74311.374,20211001_073923,479175,3,45698,0
1,KLNX20211001_124402_V06,4.429,0.838,173.274,377.081,12.073,-101.336,41.608,6036.634,74163.440,20211001_074402,479171,1,44477,1
1,KLNX20211001_124842_V06,9.096,0.339,171.933,379.859,16.650,-101.344,41.596,8325.035,75463.030,20211001_074842,479172,0,43001,0
1,KLNX20211002_123719_V06,-3.367,0.918,309.798,176.808,9.285,-100.516,42.512,4642.433,61790.604,20211002_073719,479171,6,34520,2
1,KLNX20211002_124701_V06,6.333,0.302,313.047,183.307,20.404,-100.496,42.483,10202.187,58709.821,20211002_074701,479178,1,34225,1
2,KLNX20211002_123719_V06,-3.367,0.800,173.561,143.314,5.852,-101.347,42.660,2925.915,100669.676,20211002_073719,479171,6,34520,2
2,KLNX20211002_124701_V06,6.333,0.106,172.949,149.994,19.911,-101.350,42.630,9955.372,98290.124,20211002_074701,479178,1,34225,1
2,KLNX20211003_122903_V06,-12.718,0.705,307.185,160.367,4.709,-100.532,42.586,2354.664,69908.648,20211003_072903,479175,2,42876,1
2,KLNX20211003_123844_V06,-3.035,0.215,307.775,160.195,12.498,-100.528,42.587,6249.241,70010.528,20211003_073844,479170,1,39465,0
2,KLNX20211003_124827_V06,6.682,0.978,317.837,167.039,24.001,-100.467,42.556,12000.397,67076.003,20211003_074827,479172,10,37426,2
2,KLNX20211003_130751_V06,26.082,0.199,324.062,166.217,36.064,-100.429,42.560,18032.031,67964.709,20211003_080751,479171,5,36347,2
1,KLNX20211003_115015_V06,-51.518,0.386,297.692,302.299,8.986,-100.590,41.947,4493.034,1628.854,20211003_065015,479176,1,24822,0
3,KLNX20211004_124954_V06,7.043,0.106,304.877,171.614,15.190,-100.546,42.536,7594.887,64239.318,20211004_074954,479178,1,36693,0
2,KLNX20211006_135033_V06,65.502,0.069,298.377,307.385,15.678,-100.586,41.925,7839.115,3780.468,20211006_085033,479175,3,11225,1
2,KLNX20211006_140956_V06,84.886,0.830,295.306,304.057,25.667,-100.604,41.940,12833.297,3102.123,20211006_090956,479165,3,19248,0
2,KLNX20211007_124337_V06,-2.533,0.074,75.312,310.149,34.043,-101.930,41.904,17021.315,112458.337,20211007_074337,479170,0,20657,0
3,KLNX20211007_140847_V06,82.633,0.157,22.049,439.110,32.844,-102.236,41.319,16421.753,155409.437,20211007_090847,479176,2,24428,0
1,KLNX20211008_124820_V06,1.076,0.117,14.354,170.460,17.610,-102.314,42.528,8804.754,156823.549,20211008_074820,479180,58,59932,30
1,KLNX20211008_125259_V06,5.726,0.310,16.098,169.195,22.938,-102.304,42.534,11468.767,156293.272,20211008_075259,479175,70,59966,33
1,KLNX20211008_130217_V06,15.026,0.111,25.804,167.661,29.953,-102.245,42.541,14976.433,152230.856,20211008_080217,479176,119,61228,57
1,KLNX20211008_130657_V06,19.693,0.209,47.324,151.555,16.711,-102.116,42.616,8355.264,146527.482,20211008_080657,479177,131,61406,61
1,KLNX20211010_124849_V06,-0.669,0.077,184.107,157.331,11.027,-101.282,42.598,5513.699,91904.196,20211010_074849,479168,3,39660,3
1,KLNX20211012_124326_V06,-8.300,0.172,53.537,311.131,61.005,-102.061,41.898,30502.609,123356.968,20211012_074326,479175,2,42876,2
3,KLNX20211013_140737_V06,74.753,0.052,8.396,238.508,11.608,-102.342,42.221,5804.123,149008.454,20211013_090737,479171,7,17140,4
1,KLNX20211014_131042_V06,16.701,0.153,34.301,338.980,35.301,-102.174,41.771,17650.402,134271.341,20211014_081042,479165,3,37130,3
1,KLNX20211014_131748_V06,23.801,-1.000,34.301,338.980,46.590,-102.174,41.771,23294.902,134271.341,20211014_081748,479170,1,37072,1
1,KLNX20211014_132454_V06,30.901,-1.000,34.301,338.980,57.879,-102.174,41.771,28939.402,134271.341,20211014_082454,479169,3,38077,3
1,KLNX20211014_133159_V06,37.984,0.115,49.709,315.875,56.407,-102.083,41.876,28203.528,125397.102,20211014_083159,479171,1,39019,0
1,KLNX20211014_133905_V06,45.084,0.066,57.870,305.064,58.804,-102.035,41.926,29401.880,121091.308,20211014_083905,479173,3,40494,0
1,KLNX20211014_134611_V06,52.184,0.060,64.685,302.022,62.959,-101.995,41.940,31479.661,117661.858,20211014_084611,479174,2,41473,1
1,KLNX20211019_124035_V06,-19.168,0.111,29.125,308.440,47.322,-102.208,41.908,23661.102,135503.408,20211019_074035,479173,0,37410,0
1,KLNX20211019_125016_V06,-9.485,0.387,30.563,271.953,39.959,-102.204,42.073,19979.504,135446.279,20211019_075016,479172,0,25426,0
20,KLNX20211027_142639_V06,77.427,0.084,51.224,102.175,70.666,-102.097,42.838,35333.229,158921.555,20211027_092639,479172,3359,115415,930
20,KLNX20211027_143102_V06,81.810,0.097,51.031,100.348,74.945,-102.099,42.846,37472.705,159567.122,20211027_093102,479172,2964,113997,837
1,KLNX20211027_121518_V06,-53.923,0.073,306.283,372.282,13.567,-100.538,41.632,6783.466,36277.283,20211027_071518,479174,457,204499,5
4,KLNX20211027_123408_V06,-35.090,0.051,29.243,402.645,53.084,-102.197,41.484,26542.149,144780.332,20211027_073408,479178,518,201797,37
15,KLNX20211027_133721_V06,28.127,0.061,85.685,142.499,6.270,-101.883,42.659,3135.235,132982.433,20211027_083721,479176,1468,163175,568
19,KLNX20211027_135106_V06,41.877,0.097,382.816,253.540,22.147,-100.075,42.166,11073.711,47478.916,20211027_085106,479172,1771,143905,521
1,KLNX20211028_130648_V06,-3.629,0.057,334.166,447.825,2.066,-100.372,41.292,1032.999,75861.085,20211028_080648,479172,4,18022,4
1,KLNX20211031_125459_V06,-19.091,0.118,14.477,277.287,16.637,-102.300,42.047,8318.450,143212.605,20211031_075459,479175,4,52364,3
1,KLNX20211031_130417_V06,-9.791,0.063,21.845,283.286,31.493,-102.255,42.021,15746.455,139328.381,20211031_080417,479177,5,42572,3
1,KLNX20211101_125250_V06,-22.464,0.125,24.563,458.894,39.862,-102.218,41.231,19930.912,158991.195,20211101_075250,479167,3,324930,0
1,KLNX20211101_130208_V06,-13.164,0.366,26.478,458.288,47.120,-102.207,41.234,23559.820,158010.530,20211101_080208,479169,0,319171,0
1,KLNX20211101_130647_V06,-8.514,0.123,30.129,460.745,51.557,-102.185,41.223,25778.686,157058.377,20211101_080647,479173,0,316918,0
1,KLNX20211101_131126_V06,-3.864,0.329,45.188,457.378,56.013,-102.096,41.239,28006.361,149747.291,20211101_081126,479168,0,312840,0
1,KLNX20211101_131604_V06,0.770,0.137,50.570,456.502,56.500,-102.064,41.244,28250.246,147231.479,20211101_081604,479170,0,307346,0
5,KLNX20211101_134836_V06,33.303,0.234,37.721,436.954,51.192,-102.142,41.330,25596.161,147941.295,20211101_084836,479177,2,286399,2
1,KLNX20211102_132242_V06,6.177,0.160,207.972,326.372,6.146,-101.130,41.838,3072.990,47866.094,20211102_082242,479172,3,7222,3
3,KLNX20211102_140132_V06,45.010,0.274,279.592,400.803,5.918,-100.698,41.504,2958.805,51423.981,20211102_090132,479175,6,10684,6
1,KLNX20211104_123851_V06,-40.133,0.108,382.708,169.013,8.662,-100.072,42.546,4331.226,77456.910,20211104_073851,479164,3,30556,0
2,KLNX20211104_134644_V06,27.750,0.253,168.042,79.971,8.415,-101.384,42.945,4207.670,128282.509,20211104_084644,479175,2,15038,2
3,KLNX20211104_134644_V06,27.750,0.224,194.736,97.541,17.635,-101.220,42.867,8817.303,114094.627,20211104_084644,479175,2,15038,2
1,KLNX20211105_130956_V06,-10.283,0.703,319.362,160.262,4.957,-100.458,42.587,2478.310,70536.350,20211105_080956,479172,7,41327,7
1,KLNX20211106_131816_V06,-3.184,0.099,329.898,375.586,6.433,-100.396,41.617,3216.366,40642.164,20211106_081816,479167,32,24370,28
2,KLNX20211106_141629_V06,55.032,0.156,150.795,80.498,3.733,-101.490,42.942,1866.646,132705.468,20211106_091629,479174,14,23165,2
4,KLNX20211106_143553_V06,74.432,0.109,294.425,300.375,16.929,-100.609,41.956,8464.390,2793.984,20211106_093553,479176,8,24850,2
2,KLNX20211107_131023_V06,-12.303,0.075,312.730,529.067,13.702,-100.500,40.927,6850.797,114710.102,20211107_071023,479173,18,18930,16
2,KLNX20211107_132006_V06,-2.587,0.091,310.700,529.058,27.003,-100.512,40.927,13501.392,114654.106,20211107_072006,479174,29,23147,27
2,KLNX20211107_132947_V06,7.097,-1.000,308.799,529.051,40.386,-100.524,40.927,20193.135,114609.765,20211107_072947,479176,30,26542,29
2,KLNX20211107_133929_V06,16.797,0.240,306.702,538.328,20.017,-100.536,40.885,10008.278,119211.229,20211107_073929,479174,24,30183,20
1,KLNX20211107_124118_V06,-41.387,0.144,199.973,492.937,6.926,-101.171,41.088,3463.236,108662.174,20211107_064118,479178,2,29893,1
4,KLNX20211107_140834_V06,45.880,0.283,281.881,310.896,31.104,-100.685,41.909,15551.889,10571.317,20211107_080834,479178,97,33337,85
5,KLNX20211107_143741_V06,74.997,0.058,249.231,44.796,8.658,-100.888,43.106,4329.128,130102.489,20211107_083741,479173,53,44501,53
1,KLNX20211109_123601_V06,-49.141,0.095,368.868,231.535,8.292,-100.158,42.265,4146.141,48554.717,20211109_063601,479170,0,47506,0
3,KLNX20211110_123712_V06,-49.192,0.065,61.616,166.410,88.179,-102.027,42.550,44089.737,136632.136,20211110_063712,479170,1,162506,0
4,KLNX20211110_123712_V06,-49.192,0.053,69.303,71.444,66.073,-101.990,42.978,33036.480,162372.077,20211110_063712,479170,1,162506,0
8,KLNX20211110_131708_V06,-9.259,0.055,90.074,114.114,71.915,-101.859,42.787,35957.275,140198.581,20211110_071708,479174,123,169316,4
13,KLNX20211110_134727_V06,21.058,0.053,214.223,257.027,27.382,-101.095,42.150,13690.931,47969.815,20211110_074727,479178,187,189432,6
14,KLNX20211110_140547_V06,39.391,0.064,44.332,121.694,53.535,-102.137,42.750,26767.574,155852.023,20211110_080547,479174,387,201489,38
2,KLNX20211111_123729_V06,-50.141,0.145,434.226,264.902,19.704,-99.764,42.113,9852.177,69369.694,20211111_063729,479172,0,48586,0
2,KLNX20211111_124434_V06,-43.058,0.137,437.397,261.688,33.103,-99.745,42.127,16551.405,71319.202,20211111_064434,479172,0,45996,0
2,KLNX20211111_125139_V06,-35.975,0.071,457.848,263.426,40.690,-99.621,42.118,20344.798,81014.968,20211111_065139,479171,0,41578,0
6,KLNX20211111_134810_V06,20.542,0.066,202.111,102.538,22.119,-101.175,42.845,11059.601,110197.036,20211111_074810,479167,0,26002,0
1,KLNX20211113_123206_V06,-57.983,0.070,297.828,303.148,9.075,-100.589,41.944,4537.495,1912.152,20211113_063206,479169,0,18818,0
1,KLNX20211113_124149_V06,-48.266,0.139,298.063,303.662,17.700,-100.588,41.941,8849.964,2071.421,20211113_064149,479178,0,26761,0
7,KLNX20211113_143534_V06,65.484,0.081,31.616,194.978,37.094,-102.206,42.419,18547.024,144100.489,20211113_083534,479174,0,157108,0
7,KLNX20211113_144028_V06,70.384,0.211,32.760,197.020,42.870,-102.199,42.410,21435.227,143197.429,20211113_084028,479173,0,158932,0
8,KLNX20211113_144537_V06,75.534,0.126,53.643,136.022,59.397,-102.079,42.686,29698.372,147969.987,20211113_084537,479172,0,162424,0
8,KLNX20211113_145116_V06,81.184,0.182,49.807,140.058,64.863,-102.102,42.668,32431.288,148474.154,20211113_085116,479175,0,166062,0
4,KLNX20211113_130112_V06,-28.883,0.070,25.158,309.166,21.568,-102.232,41.905,10783.998,137497.530,20211113_070112,479173,0,41288,0
4,KLNX20211114_124619_V06,-44.991,0.129,451.252,568.169,35.352,-99.680,40.747,17676.235,153941.246,20211114_064619,479176,0,47650,0
4,KLNX20211114_125038_V06,-40.674,0.084,454.137,568.915,40.182,-99.663,40.743,20090.841,154978.727,20211114_065038,479175,0,50692,0
2,KLNX20211114_124200_V06,-49.307,0.066,452.101,564.398,43.422,-99.675,40.764,21710.773,152512.889,20211114_064200,479170,0,46149,0
7,KLNX20211114_131839_V06,-12.657,0.096,52.467,228.679,93.509,-102.076,42.269,46754.581,128801.327,20211114_071839,479172,0,47932,0
1,KLNX20211118_130301_V06,-33.143,0.056,298.790,303.309,17.837,-100.583,41.943,8918.610,1761.540,20211118_070301,479181,0,13760,0
1,KLNX20211118_131243_V06,-23.443,0.114,300.167,303.243,24.331,-100.575,41.943,12165.478,1623.760,20211118_071243,479173,0,10967,0
1,KLNX20211118_132226_V06,-13.726,-1.000,301.463,303.181,31.372,-100.567,41.943,15686.021,1750.816,20211118_072226,479168,0,11253,0
1,KLNX20211118_133207_V06,-4.043,0.148,301.034,305.221,16.084,-100.570,41.934,8042.145,2660.973,20211118_073207,479172,24,11405,24
1,KLNX20211119_140429_V06,27.126,0.130,26.938,432.641,44.038,-102.207,41.349,22019.026,151786.241,20211119_080429,479164,2,21899,2
1,KLNX20211121_141400_V06,34.269,0.093,163.928,117.088,28.534,-101.407,42.778,14266.953,113987.361,20211121_081400,479173,0,23095,0
4,KLNX20211123_133257_V06,-9.120,0.247,337.985,526.078,8.220,-100.350,40.940,4109.966,114623.299,20211123_073257,479170,75,26996,75
4,KLNX20211123_134240_V06,0.597,0.059,339.945,527.731,21.628,-100.339,40.932,10813.782,115604.011,20211123_074240,479173,14,27153,14
2,KLNX20211123_132314_V06,-18.837,0.054,493.065,177.906,6.542,-99.401,42.501,3270.981,114215.870,20211123_072314,479178,0,26952,0
3,KLNX20211123_133257_V06,-9.120,0.355,318.959,156.637,7.004,-100.460,42.603,3501.938,72305.398,20211123_073257,479170,75,26996,75
5,KLNX20211124_140155_V06,18.692,0.301,28.627,369.714,52.998,-102.204,41.632,26498.878,140092.373,20211124_080155,479178,0,17949,0
5,KLNX20211124_141136_V06,28.376,0.499,38.078,359.729,68.500,-102.149,41.678,34249.759,134323.241,20211124_081136,479175,0,19575,0
5,KLNX20211124_142119_V06,38.092,0.112,41.404,340.178,80.809,-102.131,41.766,40404.327,130849.397,20211124_082119,479168,0,20360,0
5,KLNX20211124_143213_V06,48.992,0.213,48.784,371.881,75.368,-102.083,41.624,37684.085,130648.909,20211124_083213,479172,0,25313,0
5,KLNX20211124_144154_V06,58.676,-1.000,54.899,392.158,73.501,-102.044,41.533,36750.320,130926.926,20211124_084154,479176,0,28037,0
5,KLNX20211124_150118_V06,78.076,0.118,39.115,357.411,62.250,-102.143,41.689,31124.924,133563.766,20211124_090118,479171,0,31323,0
5,KLNX20211124_151059_V06,87.759,0.101,48.838,366.209,69.111,-102.083,41.650,34555.335,129871.251,20211124_091059,479173,0,34020,0
1,KLNX20211124_131322_V06,-29.858,0.270,16.250,310.270,25.718,-102.286,41.899,12859.045,141967.691,20211124_071322,479178,0,35103,0
3,KLNX20211124_131322_V06,-29.858,0.051,541.524,487.811,25.939,-99.138,41.103,12969.685,152976.229,20211124_071322,479178,0,35103,0
4,KLNX20211124_132304_V06,-20.158,0.125,294.045,301.691,21.312,-100.612,41.950,10656.109,3095.194,20211124_072304,479173,0,23264,0
2,KLNX20211125_133444_V06,-9.634,0.244,300.469,301.810,8.751,-100.573,41.950,4375.641,934.976,20211125_073444,479174,1,3694,1
2,KLNX20211125_134428_V06,0.099,0.228,301.808,302.376,16.520,-100.565,41.947,8260.099,1492.730,20211125_074428,479170,0,3880,0
1,KLNX20211125_130538_V06,-38.734,0.320,299.403,302.529,6.721,-100.579,41.946,3360.622,1299.254,20211125_070538,479170,0,5560,0
1,KLNX20211127_124817_V06,-58.332,0.416,297.849,303.275,13.632,-100.589,41.943,6815.819,1959.202,20211127_064817,479166,0,22771,0
1,KLNX20211127_130743_V06,-38.899,0.257,298.228,302.416,18.986,-100.587,41.947,9492.988,1498.182,20211127_070743,479174,0,14274,0
1,KLNX20211127_131726_V06,-29.182,0.325,297.641,300.513,11.990,-100.590,41.955,5994.900,1206.964,20211127_071726,479182,0,10791,0
3,KLNX20211127_133651_V06,-9.766,0.162,298.269,298.515,18.314,-100.586,41.964,9156.879,1140.560,20211127_073651,479169,0,13111,0
3,KLNX20211127_134634_V06,-0.049,0.369,296.117,299.381,25.516,-100.599,41.961,12757.805,1966.129,20211127_074634,479165,5,15079,5
3,KLNX20211127_140559_V06,19.368,0.747,297.715,299.428,22.060,-100.590,41.960,11029.781,1177.647,20211127_080559,479174,0,18407,0
1,KLNX20211128_130835_V06,-39.136,0.279,299.815,304.620,16.809,-100.577,41.937,8404.335,2311.754,20211128_070835,479166,0,13609,0
1,KLNX20211128_131818_V06,-29.420,0.409,298.597,305.674,22.638,-100.584,41.932,11319.043,2922.504,20211128_071818,479171,0,11444,0
1,KLNX20211130_130751_V06,-42.032,0.072,20.143,289.232,23.402,-102.265,41.994,11700.767,140032.167,20211130_070751,479162,0,106761,0
1,KLNX20211130_131441_V06,-35.198,0.120,21.441,291.290,31.125,-102.257,41.985,15562.324,139347.674,20211130_071441,479166,0,111062,0
1,KLNX20211130_132135_V06,-28.298,0.142,26.633,294.674,33.064,-102.225,41.970,16531.851,136709.210,20211130_072135,479168,0,111261,0
7,KLNX20211130_141018_V06,20.418,0.064,273.041,462.428,41.364,-100.737,41.226,20682.026,82325.104,20211130_081018,479174,0,114270,0
9,KLNX20211130_142423_V06,34.502,0.056,402.685,326.098,28.851,-99.958,41.839,14425.650,52974.672,20211130_082423,479172,0,85496,0
1,KLNX20211201_132951_V06,-21.088,0.471,384.583,212.425,5.753,-100.063,42.351,2876.419,60876.124,20211201_072951,479172,12,25652,12
2,KLNX20211201_132951_V06,-21.088,0.112,413.185,278.560,6.854,-99.892,42.052,3426.826,57598.818,20211201_072951,479172,12,25652,12
1,KLNX20211203_150658_V06,73.971,0.124,297.534,302.072,24.590,-100.591,41.948,12294.899,1610.454,20211203_090658,479171,0,15295,0
1,KLNX20211203_151641_V06,83.688,0.143,297.770,300.627,34.583,-100.589,41.955,17291.600,1158.089,20211203_091641,479175,0,14994,0
1,KLNX20211205_130928_V06,-45.507,0.184,300.189,303.274,10.580,-100.575,41.943,5289.799,1639.543,20211205_070928,479169,0,6724,0
1,KLNX20211205_131911_V06,-35.790,0.797,300.042,303.221,13.170,-100.576,41.943,6584.848,1610.797,20211205_071911,479174,0,6913,0
3,KLNX20211205_134816_V06,-6.707,0.568,299.530,303.189,9.058,-100.579,41.943,4528.938,1611.913,20211205_074816,479169,4,6123,4
3,KLNX20211205_140741_V06,12.710,0.151,300.265,304.104,18.484,-100.574,41.939,9241.972,2056.278,20211205_080741,479178,0,8369,0
3,KLNX20211205_141723_V06,22.410,0.277,299.623,301.564,14.952,-100.578,41.951,7475.899,804.311,20211205_081723,479178,0,11412,0
3,KLNX20211205_142705_V06,32.110,0.072,299.678,304.789,9.945,-100.578,41.936,4972.496,2400.056,20211205_082705,479173,0,13464,0
1,KLNX20211206_130646_V06,-49.163,0.616,299.618,302.560,7.029,-100.578,41.946,3514.587,1294.374,20211206_070646,479167,0,5729,0
3,KLNX20211206_133354_V06,-22.030,0.214,300.418,302.221,8.929,-100.573,41.948,4464.546,1130.032,20211206_073354,479175,0,4548,0
5,KLNX20211207_142509_V06,28.288,0.055,300.147,302.975,6.417,-100.575,41.944,3208.340,1489.096,20211207_082509,479172,0,7037,0
5,KLNX20211207_143213_V06,35.354,0.581,300.172,302.482,13.225,-100.575,41.947,6612.495,1243.764,20211207_083213,479174,0,6678,0
5,KLNX20211207_143912_V06,42.338,0.071,301.348,301.361,16.002,-100.568,41.952,8000.884,957.801,20211207_083912,479170,0,6697,0
1,KLNX20211207_130247_V06,-54.079,0.138,300.341,302.005,8.481,-100.574,41.949,4240.559,1017.098,20211207_070247,479175,0,5076,0
1,KLNX20211207_130933_V06,-47.312,0.577,300.615,302.041,13.734,-100.572,41.949,6867.024,1066.028,20211207_070933,479169,0,6583,0
1,KLNX20211207_131619_V06,-40.546,0.266,300.187,301.189,9.492,-100.575,41.952,4745.941,601.955,20211207_071619,479170,0,6040,0
1,KLNX20211207_132324_V06,-33.462,0.209,300.402,301.675,15.920,-100.573,41.950,7960.196,861.453,20211207_072324,479172,0,5068,0
3,KLNX20211207_135027_V06,-6.412,0.059,299.774,302.080,10.509,-100.577,41.948,5254.276,1046.228,20211207_075027,479171,5,5696,5
8,KLNX20211207_151955_V06,83.054,0.121,299.100,302.240,7.222,-100.581,41.948,3611.206,1206.863,20211207_091955,479175,0,7797,0
1,KLNX20211208_130109_V06,-56.621,0.098,296.881,303.737,11.972,-100.595,41.941,5986.061,2433.788,20211208_070109,479168,0,13346,0
1,KLNX20211209_130238_V06,-56.021,0.680,298.252,301.880,12.504,-100.586,41.949,6251.797,1283.310,20211209_070238,479175,0,13755,0
1,KLNX20211209_131220_V06,-46.321,0.444,299.547,302.299,18.955,-100.579,41.947,9477.439,1171.751,20211209_071220,479179,0,12302,0
1,KLNX20211209_132203_V06,-36.604,-1.000,300.766,302.694,25.956,-100.571,41.946,12977.995,1400.616,20211209_072203,479177,0,9913,0
1,KLNX20211209_133145_V06,-26.904,0.669,299.221,303.092,10.001,-100.581,41.944,5000.362,1594.255,20211209_073145,479171,0,9052,0
1,KLNX20211209_134128_V06,-17.188,0.557,297.858,302.814,16.317,-100.589,41.945,8158.448,1768.228,20211209_074128,479168,0,9714,0
1,KLNX20211209_140054_V06,2.246,0.145,298.193,303.724,14.157,-100.587,41.941,7078.449,2069.415,20211209_080054,479173,2,5476,2
3,KLNX20211209_132203_V06,-36.604,0.401,300.285,302.692,13.147,-100.574,41.946,6573.502,1353.735,20211209_072203,479177,0,9913,0
2,KLNX20211210_133107_V06,-28.395,0.064,12.828,402.596,19.687,-102.295,41.483,9843.347,152474.287,20211210_073107,479174,0,229310,0
2,KLNX20211210_133555_V06,-23.595,0.069,13.978,402.149,25.913,-102.288,41.485,12956.559,151857.805,20211210_073555,479177,0,229705,0
2,KLNX20211210_134043_V06,-18.795,0.070,19.020,395.478,27.148,-102.259,41.516,13574.132,148379.524,20211210_074043,479170,0,229446,0
6,KLNX20211210_150738_V06,68.122,0.158,40.233,215.167,73.173,-102.152,42.329,36586.487,136633.909,20211210_090738,479170,2,327593,0
1,KLNX20211212_140450_V06,3.691,0.054,429.201,200.097,2.342,-99.791,42.405,1171.051,81660.343,20211212_080450,479173,1,19281,0
1,KLNX20211213_142437_V06,22.701,0.059,300.994,312.133,27.552,-100.570,41.903,13775.997,6086.994,20211213_082437,479172,1,11120,1
1,KLNX20211213_143419_V06,32.401,0.082,288.951,312.317,24.366,-100.642,41.902,12182.762,8273.073,20211213_083419,479176,0,11757,0
1,KLNX20211214_130727_V06,-55.209,0.051,408.521,187.525,4.726,-99.916,42.462,2363.167,78146.509,20211214_070727,479173,36,21692,13
1,KLNX20211215_140558_V06,2.595,0.100,295.881,304.717,15.738,-100.601,41.937,7868.862,3131.137,20211215_080558,479172,0,14806,0
1,KLNX20211215_141541_V06,12.312,0.100,296.964,303.732,23.956,-100.594,41.941,11978.121,2405.582,20211215_081541,479172,2,13470,0
3,KLNX20211215_150414_V06,60.862,0.055,311.359,323.780,18.277,-100.507,41.851,9138.641,13176.744,20211215_090414,479170,0,13654,0
5,KLNX20211217_143945_V06,35.048,0.276,24.958,450.278,29.825,-102.217,41.269,14912.575,156709.485,20211217_083945,479170,0,9726,0
5,KLNX20211217_144928_V06,44.764,0.295,24.979,426.648,39.790,-102.220,41.376,19895.082,151390.366,20211217_084928,479176,0,11406,0
5,KLNX20211217_150853_V06,64.181,0.244,38.196,418.145,48.678,-102.142,41.415,24338.802,143613.463,20211217_090853,479175,2,10727,0
1,KLNX20211217_131219_V06,-52.386,0.491,300.126,303.799,10.563,-100.575,41.941,5281.570,1900.581,20211217_071219,479175,0,13555,0
1,KLNX20211217_132202_V06,-42.669,0.750,300.249,301.994,14.809,-100.574,41.949,7404.454,1004.918,20211217_072202,479173,0,12632,0
1,KLNX20211217_133144_V06,-32.969,0.656,299.635,302.960,8.834,-100.578,41.944,4416.927,1491.049,20211217_073144,479166,0,11061,0
1,KLNX20211217_134128_V06,-23.236,0.415,299.862,302.603,14.880,-100.577,41.946,7439.933,1303.246,20211217_074128,479171,0,9920,0
1,KLNX20211217_140053_V06,-3.819,-1.000,300.288,301.933,28.061,-100.574,41.949,14030.628,977.393,20211217_080053,479182,0,8350,0
1,KLNX20211217_141036_V06,5.898,0.184,299.395,305.049,12.766,-100.579,41.935,6382.946,2542.600,20211217_081036,479173,0,8617,0
6,KLNX20211217_151836_V06,73.898,0.082,311.669,307.946,27.768,-100.505,41.922,13884.190,7058.842,20211217_091836,479170,0,11123,0
3,KLNX20211218_142900_V06,23.681,0.914,299.926,300.998,8.502,-100.576,41.953,4250.793,500.488,20211218_082900,479176,0,3948,0
3,KLNX20211218_143844_V06,33.414,0.789,300.799,300.897,11.000,-100.571,41.954,5499.835,600.425,20211218_083844,479173,0,3909,0
3,KLNX20211218_144827_V06,43.131,-1.000,301.617,300.802,14.265,-100.566,41.954,7132.562,902.594,20211218_084827,479177,0,4206,0
3,KLNX20211218_150751_V06,62.531,0.188,301.192,300.849,13.273,-100.569,41.954,6636.309,731.779,20211218_090751,479175,0,3553,0
1,KLNX20211218_131118_V06,-54.019,0.075,299.182,308.951,2.671,-100.581,41.917,1335.552,4493.978,20211218_071118,479170,0,3915,0
5,KLNX20211218_144827_V06,43.131,0.870,299.949,300.941,8.905,-100.576,41.954,4452.553,470.987,20211218_084827,479177,0,4206,0
1,KLNX20211220_131009_V06,-56.304,0.388,300.067,300.828,8.803,-100.575,41.954,4401.558,415.264,20211220_071009,479172,0,3136,0
2,KLNX20211220_144719_V06,40.863,0.168,297.389,302.657,9.564,-100.592,41.946,4781.765,1862.613,20211220_084719,479170,0,4569,0
1,KLNX20211221_131208_V06,-54.836,0.114,297.832,300.472,9.926,-100.589,41.956,4963.100,1109.382,20211221_071208,479179,0,7440,0
3,KLNX20211223_141429_V06,6.588,0.115,299.232,302.044,18.464,-100.580,41.949,9231.987,1091.660,20211223_081429,479172,0,10180,0
5,KLNX20211224_152409_V06,75.845,0.240,300.090,304.392,12.987,-100.575,41.938,6493.286,2196.356,20211224_092409,479168,0,9360,0
5,KLNX20211224_153352_V06,85.562,0.380,299.311,304.947,19.291,-100.580,41.936,9645.625,2497.595,20211224_093352,479170,0,9811,0
2,KLNX20211224_131750_V06,-50.472,0.318,348.991,235.332,3.164,-100.279,42.248,1581.940,40564.792,20211224_071750,479171,0,8769,0
1,KLNX20211225_132215_V06,-46.428,0.252,25.950,402.832,50.114,-102.217,41.483,25057.220,146353.848,20211225_072215,479168,0,26011,0
1,KLNX20211225_132921_V06,-39.328,0.275,27.112,402.174,58.589,-102.210,41.486,29294.710,145694.531,20211225_072921,479169,0,26386,0
3,KLNX20211225_133628_V06,-32.211,0.289,44.336,317.616,51.702,-102.116,41.868,25850.861,128134.904,20211225_073628,479166,0,25480,0
4,KLNX20211225_152021_V06,71.672,0.142,20.859,340.009,24.286,-102.254,41.765,12143.195,140997.047,20211225_092021,479169,0,36239,0
5,KLNX20211228_140559_V06,-3.592,0.104,299.333,299.768,9.018,-100.580,41.959,4508.835,352.878,20211228_080559,479167,0,18055,0
5,KLNX20211228_141542_V06,6.125,0.063,296.966,301.035,19.499,-100.594,41.953,9749.742,1602.555,20211228_081542,479173,0,18631,0
1,KLNX20211228_131725_V06,-52.158,0.099,23.893,471.836,28.304,-102.221,41.172,14152.239,162605.874,20211228_071725,479165,0,16764,0
2,KLNX20211228_132707_V06,-42.458,0.361,25.250,420.610,33.662,-102.219,41.403,16831.144,150028.650,20211228_072707,479176,0,19849,0
3,KLNX20211228_132707_V06,-42.458,0.259,216.855,223.422,6.670,-101.080,42.301,3334.820,56518.381,20211228_072707,479176,0,19849,0
4,KLNX20211229_152507_V06,75.318,0.412,297.122,299.877,13.921,-100.593,41.958,6960.403,1440.225,20211229_092507,479170,0,13527,0
4,KLNX20211229_153450_V06,85.035,0.435,296.935,299.977,21.953,-100.594,41.958,10976.538,1532.632,20211229_093450,479172,0,15673,0
2,KLNX20211229_133811_V06,-31.615,0.086,28.531,414.725,55.636,-102.200,41.430,27818.197,147357.669,20211229_073811,479173,0,21427,0
3,KLNX20211229_150540_V06,55.868,0.077,29.047,410.200,55.866,-102.197,41.450,27933.033,146252.785,20211229_090540,479174,0,12425,0
3,KLNX20211229_151524_V06,65.601,-1.000,29.047,410.200,71.342,-102.197,41.450,35671.033,146252.785,20211229_091524,479169,0,12372,0
3,KLNX20211229_152507_V06,75.318,0.056,30.288,397.083,58.517,-102.191,41.509,29258.648,143326.144,20211229_092507,479170,0,13527,0
4,KLNX20211231_143955_V06,29.786,0.078,71.639,227.731,85.139,-101.960,42.275,42569.283,119761.840,20211231_083955,479171,0,68397,0
4,KLNX20211231_144939_V06,39.519,0.398,76.454,224.243,98.281,-101.931,42.291,49140.253,118016.817,20211231_084939,479173,0,73206,0
4,KLNX20211231_150904_V06,58.936,0.222,96.760,215.222,113.427,-101.809,42.333,56713.459,110106.693,20211231_090904,479167,5,86159,4
3,KLNX20211231_141044_V06,0.603,0.070,15.140,488.265,23.605,-102.271,41.098,11802.734,170725.803,20211231_081044,479173,0,60028,0
3,KLNX20211231_142028_V06,10.336,0.138,19.735,493.008,37.352,-102.243,41.077,18676.094,170147.199,20211231_082028,479161,0,61209,0
1,KLNX20211231_140102_V06,-9.097,0.091,299.054,300.960,8.111,-100.582,41.953,4055.370,673.828,20211231_080102,479170,0,58988,0
6,KLNX20211231_152830_V06,78.369,0.464,46.697,421.544,61.716,-102.090,41.401,30858.246,140477.066,20211231_092830,479170,0,99458,0
7,KLNX20211231_152830_V06,78.369,0.108,45.430,95.968,59.577,-102.133,42.866,29788.628,163121.820,20211231_092830,479170,0,99458,0
