track_id,filename,from_sunrise,det_score,x,y,r,lon,lat,radius,geo_dist,local_time,n_radar_pixels,n_refAbove40_pixels,n_xcorrAbove0.95_pixels,n_xcorrBelow0.95_refAbove40_pixels
6,KFSX20200601_122759_V06,14.977,0.083,271.011,158.308,17.315,-111.358,35.213,8657.709,72313.746,20200601_052759,479171,0,29498,0
6,KFSX20200601_123503_V06,22.043,-1.000,271.011,158.308,28.551,-111.358,35.213,14275.709,72313.746,20200601_053503,479170,0,29980,0
6,KFSX20200601_124201_V06,29.010,0.117,265.952,176.965,31.552,-111.385,35.129,15776.044,63829.503,20200601_054201,479170,0,30374,0
1,KFSX20200601_111716_V06,-55.740,0.128,213.596,136.864,3.265,-111.673,35.309,1632.738,92302.469,20200601_041716,479177,1,43876,1
3,KFSX20200601_120648_V06,-6.207,0.065,247.944,245.512,12.490,-111.483,34.820,6245.199,37678.822,20200601_050648,479171,1,29264,0
4,KFSX20200601_122055_V06,7.910,0.555,253.755,41.916,16.879,-111.454,35.737,8439.390,131097.169,20200601_052055,479172,0,30008,0
5,KFSX20200601_122055_V06,7.910,0.088,265.757,175.624,31.839,-111.386,35.135,15919.600,64501.857,20200601_052055,479172,0,30008,0
3,KFSX20200602_114536_V06,-27.132,0.175,20.028,206.889,28.758,-112.732,34.984,14379.064,147524.675,20200602_044536,479168,1,58830,1
3,KFSX20200602_115244_V06,-19.998,0.289,21.847,207.260,37.248,-112.722,34.983,18624.095,146603.196,20200602_045244,479171,0,54833,0
3,KFSX20200602_120704_V06,-5.665,0.220,31.027,208.841,50.664,-112.671,34.976,25331.838,142000.182,20200602_050704,479173,0,54927,0
3,KFSX20200602_121413_V06,1.485,0.086,33.182,201.527,52.260,-112.660,35.010,26130.218,142204.703,20200602_051413,479174,0,55357,0
1,KFSX20200602_111659_V06,-55.748,0.065,214.678,136.484,8.999,-111.667,35.311,4499.422,92219.119,20200602_041659,479170,1,52292,0
2,KFSX20200602_113117_V06,-41.448,0.278,20.900,213.261,22.192,-112.726,34.956,11095.877,146134.038,20200602_043117,479176,1,57563,1
5,KFSX20200602_120704_V06,-5.665,0.063,368.932,174.985,58.307,-110.820,35.137,29153.419,71379.885,20200602_050704,479173,0,54927,0
6,KFSX20200602_120704_V06,-5.665,0.061,366.382,242.420,12.582,-110.835,34.833,6291.023,43937.575,20200602_050704,479173,0,54927,0
1,KFSX20200603_112408_V06,-48.351,0.174,247.247,224.562,8.135,-111.487,34.914,4067.350,46026.715,20200603_042408,479171,1,54040,0
1,KFSX20200603_113118_V06,-41.184,0.133,250.794,227.482,16.073,-111.468,34.901,8036.658,43817.823,20200603_043118,479169,0,54272,0
1,KFSX20200603_113829_V06,-34.001,0.062,257.230,233.730,20.286,-111.432,34.873,10142.778,39436.630,20200603_043829,479173,3,52341,0
2,KFSX20200604_123302_V06,20.770,0.699,259.723,260.163,11.006,-111.418,34.754,5502.899,28325.214,20200604_053302,479173,0,57382,0
2,KFSX20200604_124011_V06,27.920,0.391,261.585,259.506,18.801,-111.408,34.757,9400.384,27908.204,20200604_054011,479174,0,58611,0
2,KFSX20200604_124720_V06,35.070,0.143,268.982,258.892,16.138,-111.368,34.760,8068.897,25748.552,20200604_054720,479171,0,58075,0
1,KFSX20200604_112835_V06,-43.680,0.061,225.061,147.905,27.002,-111.610,35.259,13500.881,84777.519,20200604_042835,479173,0,45981,0
6,KFSX20200604_133020_V06,78.070,0.070,301.970,267.637,17.298,-111.188,34.720,8649.162,16211.470,20200604_063020,479178,0,65106,0
1,KFSX20200605_115049_V06,-21.252,0.110,268.983,208.161,16.705,-111.368,34.988,8352.551,48467.491,20200605_045049,479168,0,27937,0
1,KFSX20200605_120509_V06,-6.919,0.100,270.013,201.839,25.587,-111.363,35.017,12793.307,51319.773,20200605_050509,479173,0,26900,0
1,KFSX20200605_121219_V06,0.248,0.315,272.728,193.468,24.175,-111.348,35.054,12087.732,54983.803,20200605_051219,479169,0,30115,0
1,KFSX20200605_121928_V06,7.398,0.075,275.936,188.100,29.187,-111.330,35.079,14593.394,57228.961,20200605_051928,479175,0,34491,0
1,KFSX20200605_122638_V06,14.564,0.116,278.067,180.907,32.001,-111.319,35.111,16000.392,60547.772,20200605_052638,479171,0,38795,0
1,KFSX20200605_123348_V06,21.731,0.054,273.539,173.093,31.860,-111.344,35.146,15929.909,64817.918,20200605_053348,479169,1,41497,1
1,KFSX20200605_124057_V06,28.881,0.251,273.026,177.284,33.797,-111.346,35.127,16898.380,62823.008,20200605_054057,479170,0,43780,0
1,KFSX20200605_124807_V06,36.048,-1.000,271.917,178.370,35.408,-111.352,35.123,17703.787,62414.986,20200605_054807,479173,0,44307,0
1,KFSX20200605_130227_V06,50.381,0.321,263.257,159.646,31.032,-111.400,35.207,15516.134,72541.705,20200605_060227,479172,1,45479,0
1,KFSX20200605_130936_V06,57.531,0.518,263.189,156.145,36.361,-111.400,35.223,18180.681,74245.220,20200605_060936,479174,2,45449,0
1,KFSX20200605_131645_V06,64.681,0.168,259.746,150.611,30.943,-111.419,35.248,15471.329,77358.793,20200605_061645,479171,0,46146,0
2,KFSX20200605_121219_V06,0.248,0.070,262.501,148.009,27.172,-111.404,35.259,13585.854,78274.407,20200605_051219,479169,0,30115,0
1,KFSX20200607_111703_V06,-54.712,0.208,214.988,131.371,7.694,-111.666,35.334,3846.920,94422.730,20200607_041703,479173,0,21294,0
2,KFSX20200607_111703_V06,-54.712,0.057,264.366,255.245,5.064,-111.393,34.776,2532.223,28604.191,20200607_041703,479173,0,21294,0
1,KFSX20200609_120631_V06,-5.047,0.098,214.680,133.039,7.236,-111.667,35.326,3617.800,93748.809,20200609_050631,479172,12,14374,10
1,KFSX20200610_124038_V06,29.128,0.078,214.050,136.857,3.169,-111.671,35.309,1584.494,92199.468,20200610_054038,479173,2,13877,0
1,KFSX20200610_124748_V06,36.295,0.050,214.226,136.573,12.331,-111.670,35.310,6165.561,92284.563,20200610_054748,590413,0,17693,0
1,KFSX20200611_111640_V06,-54.806,0.054,215.804,132.556,5.801,-111.661,35.328,2900.436,93710.104,20200611_041640,479174,0,38289,0
1,KFSX20200611_112350_V06,-47.640,0.066,215.384,135.047,4.730,-111.664,35.317,2365.091,92695.015,20200611_042350,479176,0,36834,0
3,KFSX20200611_121323_V06,1.910,0.128,292.577,153.974,12.163,-111.239,35.233,6081.253,73107.109,20200611_051323,479171,0,28363,0
3,KFSX20200612_120702_V06,-4.434,0.057,232.920,241.711,11.206,-111.565,34.837,5602.797,44433.338,20200612_050702,479173,0,29106,0
3,KFSX20200612_121411_V06,2.716,0.120,240.155,243.884,22.724,-111.525,34.827,11362.126,41019.861,20200612_051411,479172,1,32048,0
7,KFSX20200612_130408_V06,52.666,0.273,268.095,148.846,30.469,-111.374,35.256,15234.684,77242.208,20200612_060408,479173,3,35511,0
7,KFSX20200612_131118_V06,59.832,0.152,268.250,146.424,37.297,-111.373,35.266,18648.300,78411.746,20200612_061118,479175,0,36926,0
7,KFSX20200612_131828_V06,66.999,-1.000,268.389,144.256,44.602,-111.372,35.276,22300.811,79460.066,20200612_061828,479172,0,39622,0
7,KFSX20200612_132538_V06,74.166,0.080,248.626,175.122,29.949,-111.480,35.137,14974.295,67516.027,20200612_062538,479172,1,42672,1
8,KFSX20200612_131118_V06,59.832,0.200,250.101,192.717,31.119,-111.472,35.058,15559.481,59159.660,20200612_061118,479175,0,36926,0
8,KFSX20200612_131828_V06,66.999,0.147,250.152,188.421,37.679,-111.472,35.077,18839.269,61103.923,20200612_061828,479172,0,39622,0
2,KFSX20200612_112404_V06,-47.401,0.081,213.787,136.916,4.677,-111.672,35.309,2338.482,92234.813,20200612_042404,479172,0,31376,0
4,KFSX20200612_121411_V06,2.716,0.052,301.362,146.267,8.268,-111.191,35.267,4134.106,76869.702,20200612_051411,479172,1,32048,0
9,KFSX20200612_132538_V06,74.166,0.099,214.522,136.539,8.382,-111.668,35.310,4190.920,92230.628,20200612_062538,479172,1,42672,1
3,KFSX20200613_112825_V06,-43.072,0.060,232.650,175.380,38.164,-111.568,35.136,19081.831,70827.701,20200613_042825,479173,0,39115,0
3,KFSX20200613_113523_V06,-36.105,0.158,234.413,177.368,44.056,-111.558,35.127,22027.892,69534.839,20200613_043523,479172,0,36573,0
1,KFSX20200613_111412_V06,-57.288,0.062,213.903,136.945,2.987,-111.672,35.308,1493.464,92195.057,20200613_041412,479171,0,39730,0
1,KFSX20200613_112121_V06,-50.138,0.574,229.759,174.998,43.324,-111.584,35.137,21661.922,71692.539,20200613_042121,479172,0,39338,0
4,KFSX20200613_123240_V06,21.178,0.091,290.860,160.331,27.146,-111.249,35.204,13572.926,69983.856,20200613_053240,479175,0,37397,0
5,KFSX20200613_123240_V06,21.178,0.051,415.878,157.148,10.216,-110.562,35.217,5107.819,91970.748,20200613_053240,479175,0,37397,0
2,KFSX20200615_114503_V06,-26.559,0.063,236.009,167.590,43.081,-111.550,35.171,21540.749,73531.008,20200615_044503,479172,0,37632,0
2,KFSX20200615_115213_V06,-19.392,0.443,235.604,168.380,50.072,-111.552,35.167,25036.080,73264.157,20200615_045213,479173,0,35493,0
1,KFSX20200615_113044_V06,-40.875,0.089,240.051,172.534,39.870,-111.527,35.148,19934.858,70429.978,20200615_043044,479171,0,38105,0
1,KFSX20200616_111329_V06,-58.224,0.544,215.182,131.815,7.640,-111.665,35.332,3819.801,94181.032,20200616_041329,479170,0,40259,0
1,KFSX20200616_112037_V06,-51.091,0.087,215.083,132.078,14.453,-111.665,35.330,7226.402,94085.740,20200616_042037,479170,1,41385,1
2,KFSX20200616_120335_V06,-8.124,0.164,216.076,132.362,8.479,-111.660,35.329,4239.508,93736.243,20200616_050335,479174,1,35315,1
1,KFSX20200617_111350_V06,-57.998,0.057,213.380,136.943,3.000,-111.675,35.308,1499.855,92318.181,20200617_041350,479171,0,23657,0
2,KFSX20200618_112217_V06,-49.697,0.142,261.045,210.316,7.836,-111.412,34.978,3917.879,48889.411,20200618_042217,479174,0,35130,0
2,KFSX20200618_112926_V06,-42.547,0.075,261.592,209.463,15.580,-111.409,34.982,7790.122,49173.345,20200618_042926,479172,0,33140,0
2,KFSX20200618_113636_V06,-35.381,0.089,263.261,204.467,17.130,-111.400,35.005,8564.789,51176.848,20200618_043636,479169,0,28350,0
1,KFSX20200618_111507_V06,-56.864,0.115,214.507,133.736,8.679,-111.668,35.323,4339.331,93478.216,20200618_041507,479174,0,36046,0
1,KFSX20200618_112217_V06,-49.697,0.064,214.909,134.593,15.745,-111.666,35.319,7872.748,93005.211,20200618_042217,479174,0,35130,0
5,KFSX20200618_120516_V06,-6.714,0.520,244.856,244.225,8.821,-111.500,34.825,4410.574,39216.490,20200618_050516,479174,0,14499,0
5,KFSX20200618_121224_V06,0.419,-1.000,244.856,244.225,20.163,-111.500,34.825,10081.574,39216.490,20200618_051224,479173,0,14797,0
5,KFSX20200618_121934_V06,7.586,0.081,250.280,250.756,18.093,-111.470,34.796,9046.305,34989.189,20200618_051934,479174,0,15055,0
1,KFSX20200619_111440_V06,-57.488,0.176,216.938,131.601,8.072,-111.655,35.333,4035.803,93884.842,20200619_041440,479173,0,43484,0
1,KFSX20200619_112149_V06,-50.338,0.330,215.942,131.073,14.408,-111.661,35.335,7204.042,94342.553,20200619_042149,479171,0,43807,0
4,KFSX20200620_112212_V06,-50.152,0.071,257.603,222.017,10.245,-111.430,34.926,5122.578,44381.712,20200620_042212,479175,0,42765,0
4,KFSX20200620_112921_V06,-43.002,0.061,258.273,222.687,17.782,-111.427,34.923,8890.853,43927.263,20200620_042921,479173,0,43356,0
1,KFSX20200620_111502_V06,-57.319,0.197,214.416,137.173,8.632,-111.669,35.307,4316.168,91974.632,20200620_041502,479171,0,41138,0
1,KFSX20200620_112212_V06,-50.152,0.161,215.413,133.444,6.784,-111.663,35.324,3392.023,93402.198,20200620_042212,479175,0,42765,0
5,KFSX20200620_115050_V06,-21.519,0.221,257.318,255.189,14.386,-111.431,34.776,7193.171,30942.623,20200620_045050,479172,0,34336,0
6,KFSX20200620_124417_V06,31.931,0.056,215.463,136.841,2.433,-111.663,35.309,1216.551,91879.746,20200620_054417,479173,0,39669,0
1,KFSX20200621_111338_V06,-58.940,0.472,215.045,133.387,5.263,-111.665,35.324,2631.437,93510.821,20200621_041338,479173,0,39641,0
1,KFSX20200621_112247_V06,-49.790,0.264,214.741,132.093,13.483,-111.667,35.330,6741.587,94156.730,20200621_042247,479169,0,40813,0
3,KFSX20200621_112247_V06,-49.790,0.096,258.147,225.015,10.479,-111.427,34.912,5239.330,42937.148,20200621_042247,479169,0,40813,0
4,KFSX20200621_114416_V06,-28.307,0.063,259.988,240.600,26.850,-111.417,34.842,13425.003,35809.737,20200621_044416,479172,0,37279,0
4,KFSX20200621_115126_V06,-21.140,-1.000,259.988,240.600,38.245,-111.417,34.842,19122.503,35809.737,20200621_045126,479172,0,33921,0
4,KFSX20200621_120545_V06,-6.824,0.407,262.655,240.382,27.765,-111.402,34.843,13882.534,35174.146,20200621_050545,479173,0,33865,0
4,KFSX20200622_122505_V06,12.265,0.394,269.755,215.504,17.235,-111.364,34.955,8617.313,44873.100,20200622_052505,479169,0,47163,0
4,KFSX20200622_123214_V06,19.415,0.159,269.038,215.362,25.307,-111.368,34.956,12653.435,45061.591,20200622_053214,479171,0,50093,0
4,KFSX20200622_123924_V06,26.581,0.185,269.945,211.650,32.116,-111.363,34.973,16058.050,46660.977,20200622_053924,479172,0,53736,0
2,KFSX20200622_120336_V06,-9.219,0.127,263.068,226.304,29.233,-111.400,34.906,14616.390,41216.145,20200622_050336,479170,0,42178,0
2,KFSX20200622_121046_V06,-2.052,0.485,264.548,227.354,37.684,-111.392,34.902,18841.751,40417.741,20200622_051046,479175,0,42883,0
1,KFSX20200622_111842_V06,-54.119,0.052,263.438,218.750,10.621,-111.398,34.940,5310.682,44548.859,20200622_041842,479172,3,44169,3
5,KFSX20200622_130803_V06,55.231,0.130,221.714,137.268,13.869,-111.629,35.307,6934.656,90291.744,20200622_060803,479171,0,61683,0
1,KFSX20200623_111852_V06,-54.219,0.368,254.019,224.365,5.521,-111.450,34.915,2760.542,44257.485,20200623_041852,479173,0,47915,0
1,KFSX20200623_112601_V06,-47.069,0.418,254.449,225.917,12.911,-111.448,34.908,6455.690,43483.507,20200623_042601,479171,0,49244,0
1,KFSX20200623_113310_V06,-39.919,0.392,257.139,231.895,11.580,-111.433,34.881,5790.188,40234.616,20200623_043310,479170,0,49494,0
1,KFSX20200623_114931_V06,-23.569,-1.000,257.139,231.895,37.577,-111.433,34.881,18788.438,40234.616,20200623_044931,479170,0,48958,0
1,KFSX20200623_120350_V06,-9.253,0.098,258.646,238.704,30.056,-111.424,34.850,15028.181,36970.794,20200623_050350,479171,0,46745,0
1,KFSX20200624_111739_V06,-55.726,0.363,254.656,224.607,8.651,-111.446,34.914,4325.705,43989.367,20200624_041739,479175,0,49013,0
1,KFSX20200624_112433_V06,-48.826,0.330,255.681,225.471,15.203,-111.441,34.910,7601.636,43355.332,20200624_042433,479172,0,51192,0
1,KFSX20200624_113128_V06,-41.909,0.278,258.280,229.396,15.832,-111.427,34.892,7915.886,41004.540,20200624_043128,479174,0,52760,0
1,KFSX20200624_113827_V06,-34.926,0.258,261.924,235.876,19.541,-111.407,34.863,9770.462,37288.233,20200624_043827,479174,0,52077,0
1,KFSX20200624_114721_V06,-26.026,0.561,263.471,242.318,24.239,-111.398,34.834,12119.345,34138.171,20200624_044721,479172,0,51339,0
1,KFSX20200624_120130_V06,-11.876,0.603,257.447,241.138,28.693,-111.431,34.840,14346.493,36316.566,20200624_050130,479171,0,50289,0
1,KFSX20200625_112714_V06,-46.454,0.081,262.812,190.945,24.427,-111.402,35.066,12213.614,57610.571,20200625_042714,479170,0,27503,0
2,KFSX20200625_121723_V06,3.696,0.050,263.562,176.701,31.348,-111.398,35.130,15673.910,64285.211,20200625_051723,479171,0,25859,0
3,KFSX20200625_124604_V06,32.379,0.100,376.207,127.784,9.703,-110.779,35.350,4851.433,94162.065,20200625_054604,479173,0,36017,0
5,KFSX20200626_120024_V06,-13.620,0.095,268.017,207.613,16.405,-111.373,34.991,8202.564,48883.067,20200626_050024,479176,0,18233,0
5,KFSX20200626_120735_V06,-6.437,0.148,270.719,201.897,28.505,-111.359,35.016,14252.298,51189.870,20200626_050735,479174,0,19658,0
5,KFSX20200626_121445_V06,0.730,-1.000,273.133,196.788,40.506,-111.346,35.040,20252.767,53325.776,20200626_051445,479172,0,20410,0
5,KFSX20200626_122154_V06,7.880,0.059,276.035,181.326,41.518,-111.330,35.109,20759.216,60534.872,20200626_052154,479172,0,22280,0
5,KFSX20200626_122904_V06,15.047,0.057,271.438,176.738,46.499,-111.355,35.130,23249.519,63264.224,20200626_052904,479171,0,23654,0
2,KFSX20200626_113145_V06,-42.270,0.182,261.723,215.297,8.211,-111.408,34.956,4105.484,46475.096,20200626_043145,479173,0,29227,0
2,KFSX20200626_113854_V06,-35.120,0.073,263.257,214.860,16.392,-111.399,34.958,8195.767,46365.103,20200626_043854,479171,0,27853,0
6,KFSX20200626_121445_V06,0.730,0.143,248.762,254.661,13.458,-111.478,34.778,6728.962,34208.979,20200626_051445,479172,0,20410,0
6,KFSX20200626_122154_V06,7.880,0.079,247.516,255.010,21.891,-111.485,34.777,10945.270,34564.193,20200626_052154,479172,0,22280,0
6,KFSX20200626_122904_V06,15.047,0.151,250.244,253.514,14.630,-111.470,34.784,7315.081,34046.538,20200626_052904,479171,0,23654,0
1,KFSX20200626_111725_V06,-56.603,0.203,215.181,137.051,8.399,-111.665,35.308,4199.675,91850.979,20200626_041725,479173,0,30686,0
3,KFSX20200626_113145_V06,-42.270,0.130,439.801,212.961,2.907,-110.433,34.964,1453.522,82340.881,20200626_043145,479173,0,29227,0
1,KFSX20200627_112950_V06,-44.540,0.076,265.787,206.473,15.292,-111.386,34.996,7646.015,49794.351,20200627_042950,479173,0,28352,0
1,KFSX20200627_113650_V06,-37.540,0.129,266.205,206.117,23.204,-111.383,34.997,11601.811,49890.076,20200627_043650,479170,0,27255,0
1,KFSX20200627_114354_V06,-30.473,-1.000,266.582,205.797,31.545,-111.381,34.999,15772.503,49977.303,20200627_044354,479172,0,24123,0
1,KFSX20200627_115058_V06,-23.407,0.081,272.914,188.189,35.987,-111.347,35.078,17993.582,57522.719,20200627_045058,479170,0,18466,0
1,KFSX20200627_120502_V06,-9.340,0.172,283.968,184.771,39.110,-111.286,35.094,19555.073,58169.540,20200627_050502,479172,0,19105,0
1,KFSX20200627_121213_V06,-2.157,0.079,288.507,187.003,39.614,-111.261,35.084,19807.147,56790.203,20200627_051213,479175,0,20255,0
1,KFSX20200627_121922_V06,4.993,-1.000,293.262,187.911,40.551,-111.235,35.080,20275.555,56145.470,20200627_051922,479170,0,19908,0
1,KFSX20200627_122632_V06,12.160,-1.000,298.028,188.822,41.490,-111.209,35.076,20745.055,55597.553,20200627_052632,479175,0,21338,0
1,KFSX20200627_123343_V06,19.343,0.134,306.481,180.783,42.112,-111.163,35.112,21056.050,59696.385,20200627_053343,479175,0,22034,0
2,KFSX20200627_122632_V06,12.160,0.061,308.631,198.161,29.000,-111.151,35.033,14499.989,51102.057,20200627_052632,479175,0,21338,0
1,KFSX20200628_112155_V06,-52.830,0.129,278.396,217.489,20.692,-111.317,34.946,10345.989,42646.475,20200628_042155,479172,0,23000,0
1,KFSX20200628_112907_V06,-45.630,0.271,280.686,217.286,28.992,-111.304,34.947,14495.889,42469.519,20200628_042907,479173,1,22045,1
2,KFSX20200628_113617_V06,-38.463,0.052,269.756,175.335,34.930,-111.364,35.136,17465.139,64140.602,20200628_043617,479172,0,19024,0
2,KFSX20200628_114326_V06,-31.313,0.116,272.695,173.904,41.381,-111.348,35.143,20690.567,64509.057,20200628_044326,479172,0,17362,0
2,KFSX20200628_115037_V06,-24.130,0.051,284.216,169.815,34.765,-111.285,35.161,17382.336,65569.140,20200628_045037,479173,0,15075,0
2,KFSX20200628_120457_V06,-9.797,0.068,288.488,166.001,39.693,-111.262,35.178,19846.740,67246.192,20200628_050457,479172,0,18215,0
2,KFSX20200628_121207_V06,-2.630,0.076,312.158,150.118,28.164,-111.132,35.250,14082.142,75187.063,20200628_051207,479175,1,19349,0
2,KFSX20200628_121917_V06,4.537,0.179,313.351,147.221,34.821,-111.125,35.263,17410.558,76680.380,20200628_051917,479171,0,20885,0
2,KFSX20200628_122627_V06,11.703,0.097,311.533,140.843,28.583,-111.135,35.292,14291.290,79787.283,20200628_052627,479169,0,22177,0
2,KFSX20200628_123327_V06,18.703,0.066,310.675,139.462,35.646,-111.140,35.298,17823.003,80446.235,20200628_053327,479173,0,21659,0
6,KFSX20200628_130918_V06,54.553,0.104,309.766,162.453,43.062,-111.145,35.194,21531.090,68946.542,20200628_060918,479173,0,20610,0
1,KFSX20200629_131829_V06,63.344,0.074,294.256,304.845,9.929,-111.230,34.553,4964.596,3757.244,20200629_061829,479173,0,6824,0
1,KFSX20200629_132528_V06,70.327,0.105,293.918,303.707,18.064,-111.231,34.558,9032.090,3561.436,20200629_062528,479172,1,6713,1
1,KFSX20200630_122243_V06,7.165,0.169,238.984,254.148,17.239,-111.532,34.781,8619.251,38162.035,20200630_052243,479170,2,11725,0
1,KFSX20200630_122953_V06,14.332,0.179,244.321,254.785,14.108,-111.502,34.778,7054.218,35862.782,20200630_052953,479173,8,11868,0
1,KFSX20200701_115117_V06,-24.699,0.060,415.911,157.380,9.671,-110.562,35.216,4835.411,91890.878,20200701_045117,479172,0,25880,0
1,KFSX20200702_115127_V06,-24.981,0.059,256.046,163.492,51.078,-111.440,35.189,25539.103,71704.763,20200702_045127,479171,0,19573,0
2,KFSX20200702_124138_V06,25.202,0.057,303.603,191.916,11.528,-111.179,35.062,5763.912,54071.862,20200702_054138,479171,0,20045,0
1,KFSX20200703_112233_V06,-54.347,0.076,258.077,216.500,5.680,-111.428,34.951,2839.914,46716.832,20200703_042233,479172,0,43445,0
1,KFSX20200703_112924_V06,-47.497,0.393,258.911,216.206,11.549,-111.423,34.952,5774.513,46663.020,20200703_042924,479173,0,42323,0
1,KFSX20200703_113614_V06,-40.664,0.059,255.575,199.611,22.669,-111.442,35.027,11334.745,54889.549,20200703_043614,479175,0,42077,0
1,KFSX20200703_114305_V06,-33.814,-1.000,252.926,185.761,33.016,-111.456,35.089,16508.034,61778.630,20200703_044305,479172,0,40092,0
1,KFSX20200703_114956_V06,-26.964,0.051,251.864,184.499,33.064,-111.462,35.095,16531.793,62565.076,20200703_044956,479173,0,36597,0
1,KFSX20200703_120338_V06,-13.264,0.227,260.955,213.619,31.107,-111.412,34.964,15553.343,47397.636,20200703_050338,479173,0,32354,0
1,KFSX20200703_121029_V06,-6.414,-1.000,264.763,225.636,30.833,-111.391,34.909,15416.335,41144.890,20200703_051029,479172,0,33282,0
1,KFSX20200703_121720_V06,0.436,0.084,257.663,189.385,31.716,-111.430,35.073,15858.238,59219.995,20200703_051720,479171,2,34075,0
10,KFSX20200703_133938_V06,82.736,0.065,435.277,241.564,13.627,-110.459,34.836,6813.721,73679.518,20200703_063938,479171,0,41920,0
1,KFSX20200705_120334_V06,-14.313,0.279,263.425,234.078,24.058,-111.398,34.871,12028.929,37694.179,20200705_050334,479170,0,28341,0
1,KFSX20200705_121043_V06,-7.163,0.133,264.203,235.609,32.127,-111.394,34.864,16063.639,36836.066,20200705_051043,479170,0,29685,0
1,KFSX20200706_114147_V06,-36.612,0.069,258.173,181.791,34.603,-111.428,35.107,17301.502,62695.580,20200706_044147,479175,0,26807,0
1,KFSX20200706_114857_V06,-29.445,0.056,260.659,191.243,29.573,-111.414,35.064,14786.442,57827.103,20200706_044857,479173,0,29995,0
1,KFSX20200707_113851_V06,-40.077,0.190,262.182,173.890,37.867,-111.406,35.143,18933.691,65828.933,20200707_043851,479173,0,23212,0
2,KFSX20200707_120730_V06,-11.427,0.067,250.940,148.576,27.195,-111.468,35.257,13597.403,79586.680,20200707_050730,479175,0,27235,0
3,KFSX20200707_124321_V06,24.423,0.056,374.873,131.255,14.365,-110.787,35.334,7182.262,92304.855,20200707_054321,479173,0,37518,0
2,KFSX20200708_130419_V06,44.844,0.126,333.293,228.003,21.091,-111.016,34.899,10545.513,39661.174,20200708_060419,479168,1,34442,1
1,KFSX20200709_112247_V06,-57.250,0.235,215.785,131.423,8.286,-111.661,35.333,4142.773,94220.676,20200709_042247,479172,0,30863,0
1,KFSX20200709_112956_V06,-50.100,0.056,216.004,131.540,15.432,-111.660,35.333,7715.780,94119.572,20200709_042956,479169,0,30558,0
2,KFSX20200709_121253_V06,-7.150,0.060,265.548,319.885,21.029,-111.386,34.485,10514.297,19889.434,20200709_051253,479172,0,32703,0
1,KFSX20200710_120409_V06,-16.457,0.218,281.706,177.546,45.866,-111.299,35.126,22933.077,61906.301,20200710_050409,479170,0,34385,0
1,KFSX20200710_121119_V06,-9.291,0.348,283.983,180.440,50.449,-111.286,35.113,25224.579,60314.203,20200710_051119,479176,0,34639,0
2,KFSX20200711_113940_V06,-41.529,0.091,441.842,359.369,32.118,-110.428,34.304,16058.825,76882.568,20200711_043940,479170,1,39897,1
2,KFSX20200711_114650_V06,-34.362,0.152,439.678,360.871,39.031,-110.440,34.298,19515.424,76182.625,20200711_044650,479173,0,41083,0
2,KFSX20200711_120110_V06,-20.029,0.086,426.841,371.290,27.980,-110.510,34.251,13990.131,72750.898,20200711_050110,479173,0,43034,0
5,KFSX20200711_124408_V06,22.938,0.069,406.854,333.960,48.788,-110.617,34.420,24394.041,56060.555,20200711_054408,479175,0,50232,0
5,KFSX20200711_125107_V06,29.921,0.083,406.483,337.953,55.286,-110.619,34.402,27642.771,56522.382,20200711_055107,479173,0,52442,0
1,KFSX20200711_112521_V06,-55.845,0.087,214.670,130.761,8.696,-111.668,35.336,4348.127,94766.777,20200711_042521,479174,0,39248,0
3,KFSX20200711_114650_V06,-34.362,0.073,251.966,224.929,7.589,-111.461,34.913,3794.598,44561.405,20200711_044650,479173,0,41083,0
6,KFSX20200711_125107_V06,29.921,0.199,376.715,433.191,33.516,-110.783,33.973,16758.150,76852.414,20200711_055107,479173,0,52442,0
6,KFSX20200711_130500_V06,43.805,0.708,373.699,426.334,29.181,-110.799,34.004,14590.473,73129.840,20200711_060500,479172,1,58705,1
8,KFSX20200711_132538_V06,64.438,0.119,329.161,415.353,27.312,-111.040,34.054,13656.162,59491.150,20200711_062538,479172,0,60446,0
1,KFSX20200712_114949_V06,-31.979,0.074,241.353,223.423,11.991,-111.519,34.919,5995.518,48227.404,20200712_044949,479170,0,54228,0
1,KFSX20200712_120331_V06,-18.279,0.188,244.775,228.794,21.899,-111.500,34.895,10949.447,45055.867,20200712_050331,479173,1,61907,0
1,KFSX20200712_121021_V06,-11.446,0.100,245.893,233.142,23.667,-111.494,34.875,11833.549,43004.551,20200712_051021,479173,0,63105,0
2,KFSX20200712_121713_V06,-4.579,0.202,214.381,132.225,8.292,-111.669,35.330,4145.885,94179.322,20200712_051713,479170,0,61598,0
7,KFSX20200713_124414_V06,21.825,0.071,272.729,234.758,12.643,-111.347,34.868,6321.346,35356.447,20200713_054414,479169,0,58055,0
7,KFSX20200713_125118_V06,28.892,0.226,274.262,233.074,20.945,-111.339,34.876,10472.708,35852.370,20200713_055118,479170,0,59343,0
7,KFSX20200713_130459_V06,42.575,0.226,285.064,228.418,22.328,-111.280,34.897,11164.073,36561.746,20200713_060459,479172,0,58792,0
1,KFSX20200713_112706_V06,-55.308,0.080,214.501,136.901,6.748,-111.668,35.309,3373.899,92074.928,20200713_042706,479175,0,47988,0
1,KFSX20200713_113356_V06,-48.475,0.098,214.846,136.986,14.202,-111.666,35.308,7100.937,91957.718,20200713_043356,479178,0,44626,0
3,KFSX20200713_113726_V06,-44.975,0.138,266.691,221.475,11.592,-111.381,34.928,5796.108,42648.575,20200713_043726,479179,1,43337,1
5,KFSX20200713_120045_V06,-21.658,0.485,274.626,225.585,20.602,-111.337,34.910,10301.100,39311.166,20200713_050045,479184,2,47410,2
6,KFSX20200713_121406_V06,-8.308,0.053,249.728,255.254,11.126,-111.473,34.776,5563.143,33650.682,20200713_051406,479165,1,54691,1
1,KFSX20200714_112351_V06,-59.183,0.053,215.901,134.278,6.696,-111.661,35.320,3348.244,92920.125,20200714_042351,479174,0,28618,0
2,KFSX20200714_122820_V06,5.301,0.056,227.524,304.486,25.861,-111.593,34.554,12930.729,36307.129,20200714_052820,479176,0,42423,0
2,KFSX20200715_122859_V06,5.315,0.129,287.041,156.331,42.647,-111.270,35.222,21323.267,72126.295,20200715_052859,479173,0,37744,0
2,KFSX20200715_123609_V06,12.482,0.161,287.906,154.027,51.897,-111.265,35.232,25948.690,73236.591,20200715_053609,479173,0,38483,0
1,KFSX20200715_113853_V06,-44.785,0.087,258.828,181.128,33.871,-111.424,35.110,16935.354,62900.262,20200715_043853,479171,0,26918,0
3,KFSX20200715_131823_V06,54.715,0.057,213.411,137.254,5.073,-111.674,35.307,2536.419,92173.501,20200715_061823,479169,0,40381,0
1,KFSX20200716_113728_V06,-46.847,0.132,260.153,215.436,6.077,-111.416,34.955,3038.296,46741.058,20200716_043728,479182,0,59948,0
1,KFSX20200716_114048_V06,-43.514,0.078,260.387,215.421,10.678,-111.415,34.955,5338.817,46697.985,20200716_044048,479187,0,58862,0
3,KFSX20200716_115048_V06,-33.514,0.052,266.268,209.069,13.191,-111.383,34.984,6595.367,48493.286,20200716_045048,479170,6,56491,0
2,KFSX20200717_120451_V06,-20.120,0.171,273.711,220.341,18.158,-111.342,34.933,9078.947,41942.379,20200717_050451,479174,1,50377,0
3,KFSX20200717_121842_V06,-6.270,0.066,214.124,131.198,8.757,-111.671,35.334,4378.668,94695.423,20200717_051842,479171,2,51508,0
4,KFSX20200717_122537_V06,0.647,0.054,284.212,170.454,36.295,-111.285,35.158,18147.358,65252.161,20200717_052537,479171,2,54487,0
2,KFSX20200720_115048_V06,-36.190,0.066,267.196,238.404,22.023,-111.378,34.852,11011.438,34893.179,20200720_045048,479173,4,70609,0
2,KFSX20200720_120507_V06,-21.873,0.078,269.910,239.017,31.121,-111.363,34.849,15560.690,34001.349,20200720_050507,479181,0,94933,0
5,KFSX20200721_120346_V06,-23.912,0.089,326.215,137.653,31.518,-111.054,35.306,15758.770,82224.958,20200721_050346,479185,77,124373,3
2,KFSX20200722_114344_V06,-44.641,0.136,265.836,211.052,11.845,-111.385,34.975,5922.485,47641.592,20200722_044344,479188,11,97676,1
2,KFSX20200722_114704_V06,-41.308,0.071,266.013,211.233,16.675,-111.384,34.974,8337.710,47525.652,20200722_044704,479182,16,98026,1
2,KFSX20200722_115023_V06,-37.991,0.122,267.046,211.765,18.762,-111.379,34.972,9380.852,47093.917,20200722_045023,479170,11,97011,1
2,KFSX20200722_115342_V06,-34.675,0.061,270.142,208.561,14.753,-111.362,34.986,7376.364,48095.086,20200722_045342,479179,11,95025,1
2,KFSX20200722_120022_V06,-28.008,0.284,270.837,210.607,22.199,-111.358,34.977,11099.721,47014.992,20200722_050022,479170,9,93338,1
1,KFSX20200722_113704_V06,-51.308,0.198,257.718,256.542,14.785,-111.429,34.770,7392.439,30316.577,20200722_043704,479186,7,99314,0
4,KFSX20200722_123356_V06,5.559,0.169,216.127,130.060,8.009,-111.660,35.339,4004.293,94755.347,20200722_053356,479178,30,90516,1
3,KFSX20200723_114313_V06,-45.860,0.074,357.771,409.189,19.788,-110.885,34.082,9894.087,61765.030,20200723_044313,479181,1219,91936,28
14,KFSX20200723_134202_V06,72.957,0.118,184.738,194.943,17.520,-111.830,35.046,8759.905,77978.390,20200723_064202,479175,231,58932,0
3,KFSX20200724_114656_V06,-42.851,0.082,246.519,221.463,5.690,-111.491,34.928,2844.976,47508.492,20200724_044656,479172,609,76964,14
3,KFSX20200724_115041_V06,-39.101,0.090,246.213,221.448,10.744,-111.493,34.928,5372.124,47601.053,20200724_045041,479175,550,77214,22
3,KFSX20200724_115427_V06,-35.334,0.066,244.552,222.595,8.453,-111.502,34.923,4226.347,47607.966,20200724_045427,479167,480,76783,17
3,KFSX20200724_120205_V06,-27.701,-1.000,244.552,222.595,20.590,-111.502,34.923,10294.847,47607.966,20200724_050205,479173,370,75702,18
3,KFSX20200724_120557_V06,-23.834,0.095,239.930,222.119,9.837,-111.527,34.925,4918.392,49177.730,20200724_050557,479178,370,75810,6
3,KFSX20200724_120947_V06,-20.001,-1.000,239.930,222.119,15.932,-111.527,34.925,7965.892,49177.730,20200724_050947,479179,312,76405,6
3,KFSX20200724_121337_V06,-16.167,0.056,239.501,225.167,12.149,-111.529,34.911,6074.570,48114.593,20200724_051337,479178,283,76251,3
5,KFSX20200725_131052_V06,40.370,0.054,306.054,101.601,23.247,-111.165,35.469,11623.287,99245.696,20200725_061052,479174,0,42535,0
1,KFSX20200726_115006_V06,-41.114,0.304,255.724,220.280,7.086,-111.441,34.934,3542.965,45595.265,20200726_045006,479170,0,30735,0
1,KFSX20200726_120424_V06,-26.814,0.112,255.543,221.177,17.138,-111.442,34.929,8568.933,45247.854,20200726_050424,479175,0,34011,0
1,KFSX20200726_121133_V06,-19.664,0.063,256.357,222.268,16.801,-111.437,34.925,8400.538,44572.917,20200726_051133,479174,0,35477,0
1,KFSX20200726_121843_V06,-12.497,-1.000,256.952,223.200,17.829,-111.434,34.920,8914.287,44021.176,20200726_051843,479173,0,34626,0
1,KFSX20200726_122553_V06,-5.331,-1.000,257.546,224.131,18.856,-111.431,34.916,9428.037,43469.457,20200726_052553,479173,0,33312,0
1,KFSX20200726_123301_V06,1.803,-1.000,258.138,225.059,19.879,-111.427,34.912,9939.397,42920.327,20200726_053301,479174,0,36249,0
1,KFSX20200726_124010_V06,8.953,0.054,254.595,253.900,21.730,-111.446,34.782,10864.814,32352.643,20200726_054010,479171,1,39959,0
1,KFSX20200726_124720_V06,16.119,0.115,243.912,260.373,12.989,-111.505,34.753,6494.663,34337.254,20200726_054720,479172,4,42175,3
4,KFSX20200726_123301_V06,1.803,0.056,238.038,262.072,3.332,-111.537,34.745,1666.172,36324.510,20200726_053301,479174,0,36249,0
5,KFSX20200726_123301_V06,1.803,0.055,216.542,136.011,6.012,-111.657,35.313,3005.903,92002.045,20200726_053301,479174,0,36249,0
1,KFSX20200727_122843_V06,-3.219,0.831,213.642,132.231,8.840,-111.673,35.330,4420.181,94345.080,20200727_052843,479172,1,40598,0
1,KFSX20200727_123552_V06,3.931,0.836,213.673,132.681,12.512,-111.673,35.328,6256.142,94138.269,20200727_053552,479171,0,46311,0
1,KFSX20200729_123445_V06,1.362,0.213,215.704,132.067,9.368,-111.662,35.330,4683.884,93951.321,20200729_053445,479173,0,28246,0
1,KFSX20200729_124155_V06,8.529,0.485,216.071,131.357,15.501,-111.660,35.334,7750.729,94186.852,20200729_054155,479173,0,30007,0
4,KFSX20200730_123022_V06,-3.752,0.331,213.930,131.934,8.385,-111.672,35.331,4192.268,94411.334,20200730_053022,479168,2,45815,0
4,KFSX20200730_123731_V06,3.398,0.716,214.322,132.085,12.420,-111.669,35.330,6209.779,94255.219,20200730_053731,479173,0,50369,0
4,KFSX20200730_124440_V06,10.548,0.202,215.094,132.289,13.284,-111.665,35.329,6641.946,93989.336,20200730_054440,479173,0,54277,0
1,KFSX20200730_114015_V06,-53.869,0.075,215.214,137.876,7.900,-111.664,35.304,3949.837,91477.999,20200730_044015,479175,1,44775,1
3,KFSX20200730_121602_V06,-18.086,0.157,254.587,241.755,23.424,-111.447,34.837,11711.790,36928.244,20200730_051602,479173,0,50886,0
2,KFSX20200731_123343_V06,-1.136,0.596,214.902,130.253,9.382,-111.666,35.339,4690.781,94941.839,20200731_053343,479170,0,54602,0
2,KFSX20200731_124052_V06,6.014,0.578,215.286,129.216,15.194,-111.664,35.343,7597.163,95320.094,20200731_054052,479171,0,59278,0
2,KFSX20200731_124800_V06,13.148,0.326,215.251,129.113,16.448,-111.664,35.344,8223.821,95373.677,20200731_054800,479174,4,60977,2
4,KFSX20200731_132344_V06,48.881,0.108,292.890,155.914,9.120,-111.237,35.224,4559.902,72130.590,20200731_062344,479172,4,65134,0
4,KFSX20200731_133054_V06,56.048,0.235,292.878,156.167,15.643,-111.237,35.223,7821.689,72004.622,20200731_063054,479172,0,65799,0
4,KFSX20200731_133802_V06,63.181,0.249,296.068,155.393,11.676,-111.220,35.226,5838.078,72330.180,20200731_063802,479175,0,66699,0
4,KFSX20200731_134511_V06,70.331,0.089,295.654,155.467,18.249,-111.222,35.226,9124.725,72298.937,20200731_064511,479166,0,67287,0
1,KFSX20200731_114338_V06,-51.219,0.054,214.614,139.074,6.923,-111.668,35.299,3461.576,91087.594,20200731_044338,479169,0,58611,0
3,KFSX20200731_130927_V06,34.598,0.115,292.732,154.354,8.796,-111.238,35.231,4398.148,72913.715,20200731_060927,479170,0,61929,0
5,KFSX20200731_132344_V06,48.881,0.054,177.349,239.033,32.512,-111.869,34.847,16255.806,68484.028,20200731_062344,479172,4,65134,0
1,KFSX20200801_124721_V06,11.762,0.054,183.314,222.048,13.457,-111.837,34.924,6728.481,70164.186,20200801_054721,479171,0,65058,0
1,KFSX20200801_130139_V06,26.062,0.234,182.002,221.355,22.544,-111.844,34.927,11271.991,70902.520,20200801_060139,479172,5,71987,0
1,KFSX20200801_130848_V06,33.212,0.206,185.475,222.859,24.811,-111.825,34.921,12405.490,69041.163,20200801_060848,479172,2,76203,0
3,KFSX20200801_131558_V06,40.379,0.061,222.924,239.703,17.127,-111.620,34.845,8563.648,48929.478,20200801_061558,479173,3,80654,0
1,KFSX20200803_120502_V06,-32.031,0.051,264.948,205.980,13.078,-111.390,34.998,6539.083,50170.803,20200803_050502,479184,1,39390,1
2,KFSX20200803_123436_V06,-2.464,0.127,213.017,131.805,8.642,-111.677,35.332,4320.896,94678.164,20200803_053436,479185,0,46561,0
3,KFSX20200803_135552_V06,78.803,0.193,215.636,129.696,10.089,-111.662,35.341,5044.632,95027.231,20200803_065552,479181,0,41292,0
1,KFSX20200804_124853_V06,11.079,0.059,261.807,242.445,29.377,-111.407,34.834,14688.719,34537.110,20200804_054853,479173,0,46580,0
2,KFSX20200804_131021_V06,32.546,0.067,290.557,208.584,33.093,-111.250,34.986,16546.486,45951.147,20200804_061021,479173,1,45191,0
4,KFSX20200805_120846_V06,-29.779,0.210,260.820,207.281,9.096,-111.413,34.992,4548.044,50328.409,20200805_050846,479173,0,40888,0
4,KFSX20200805_121555_V06,-22.629,0.079,257.812,203.327,21.283,-111.429,35.010,10641.396,52738.907,20200805_051555,479171,1,41518,1
6,KFSX20200805_122304_V06,-15.479,0.153,377.486,198.389,12.880,-110.774,35.032,6439.896,63892.383,20200805_052304,479173,0,40493,0
6,KFSX20200805_123014_V06,-8.312,0.090,378.174,198.993,23.003,-110.770,35.029,11501.688,63862.588,20200805_053014,479174,0,38579,0
11,KFSX20200805_131309_V06,34.604,0.062,271.035,230.797,31.386,-111.357,34.886,15693.056,37510.004,20200805_061309,479170,2,35398,0
11,KFSX20200805_132018_V06,41.754,0.072,273.975,231.803,37.652,-111.341,34.882,18826.097,36497.193,20200805_062018,479173,0,33810,0
1,KFSX20200805_114008_V06,-58.412,0.637,216.186,130.859,9.243,-111.659,35.336,4621.313,94384.198,20200805_044008,479173,0,40068,0
7,KFSX20200805_123014_V06,-8.312,0.251,420.485,166.630,14.685,-110.537,35.174,7342.304,89866.700,20200805_053014,479174,0,38579,0
8,KFSX20200805_124432_V06,5.988,0.292,214.659,131.010,8.482,-111.668,35.335,4241.192,94658.329,20200805_054432,479170,1,38779,0
9,KFSX20200805_125141_V06,13.138,0.285,258.740,247.827,19.427,-111.424,34.809,9713.522,33257.958,20200805_055141,479175,1,41384,0
1,KFSX20200806_131611_V06,36.896,0.154,294.492,187.249,38.646,-111.229,35.083,19322.950,56442.543,20200806_061611,479171,0,29527,0
1,KFSX20200806_132319_V06,44.029,0.198,313.932,176.242,29.273,-111.122,35.132,14636.471,62269.974,20200806_062319,479175,0,28700,0
1,KFSX20200807_130214_V06,22.203,0.156,302.904,202.810,7.834,-111.182,35.012,3917.244,48616.599,20200807_060214,479174,0,40593,0
1,KFSX20200807_130924_V06,29.369,0.246,305.310,201.028,16.293,-111.169,35.021,8146.280,49557.381,20200807_060924,479172,0,40018,0
1,KFSX20200807_131634_V06,36.536,0.212,298.819,198.686,31.025,-111.205,35.031,15512.295,50660.224,20200807_061634,479171,0,39702,0
1,KFSX20200807_132343_V06,43.686,0.121,307.608,192.180,35.375,-111.157,35.060,17687.730,54044.015,20200807_062343,479176,0,37887,0
1,KFSX20200807_133053_V06,50.853,0.089,318.363,186.872,31.531,-111.098,35.084,15765.388,57304.587,20200807_063053,479172,0,35500,0
1,KFSX20200808_115229_V06,-48.291,0.062,415.895,157.118,9.519,-110.562,35.217,4759.628,91987.567,20200808_045229,479170,0,24016,0
1,KFSX20200813_120654_V06,-37.591,0.098,447.440,100.519,16.222,-110.386,35.471,8110.947,124027.256,20200813_050654,479174,0,27284,0
2,KFSX20200813_130122_V06,16.875,0.184,217.477,136.005,14.543,-111.652,35.313,7271.347,91793.743,20200813_060122,479173,0,43454,0
2,KFSX20200815_124713_V06,1.241,0.256,214.534,133.197,9.747,-111.668,35.325,4873.522,93712.033,20200815_054713,479172,0,33891,0
2,KFSX20200815_130453_V06,18.908,0.083,214.985,132.751,20.725,-111.666,35.327,10362.521,93808.029,20200815_060453,479174,0,41239,0
1,KFSX20200815_122045_V06,-25.225,0.050,232.637,136.480,27.669,-111.569,35.311,13834.623,88426.056,20200815_052045,479174,0,37379,0
1,KFSX20200816_124637_V06,-0.099,0.144,212.999,132.000,10.315,-111.677,35.331,5157.581,94595.249,20200816_054637,479173,3,49773,0
1,KFSX20200816_130416_V06,17.551,0.075,217.190,133.798,21.578,-111.654,35.323,10788.872,92844.919,20200816_060416,479171,8,58460,1
1,KFSX20200817_130035_V06,13.128,0.407,215.675,134.625,10.847,-111.662,35.319,5423.584,92816.661,20200817_060035,479184,0,49539,0
1,KFSX20200819_130728_V06,18.536,0.732,214.900,133.037,15.197,-111.666,35.326,7598.341,93700.030,20200819_060728,479174,1,43752,0
1,KFSX20200819_131431_V06,25.586,0.472,216.205,131.419,23.515,-111.659,35.333,11757.696,94129.159,20200819_061431,479170,0,44812,0
1,KFSX20200819_132141_V06,32.753,0.253,218.031,131.941,23.712,-111.649,35.331,11856.028,93491.778,20200819_062141,479174,0,44705,0
1,KFSX20200819_132851_V06,39.920,0.056,219.200,128.557,27.726,-111.643,35.346,13863.053,94764.549,20200819_062851,479171,0,44115,0
3,KFSX20200820_135318_V06,63.635,0.068,254.252,401.806,4.773,-111.446,34.115,2386.541,55805.994,20200820_065318,479178,13,76602,2
3,KFSX20200820_135653_V06,67.218,0.298,254.021,401.679,9.297,-111.448,34.116,4648.409,55795.652,20200820_065653,479187,32,76303,3
2,KFSX20200821_124731_V06,-2.882,0.067,214.066,130.023,9.398,-111.671,35.340,4699.076,95232.322,20200821_054731,479171,0,61487,0
2,KFSX20200821_130125_V06,11.018,0.214,214.735,132.180,15.679,-111.667,35.330,7839.527,94119.101,20200821_060125,479174,2,60532,2
2,KFSX20200822_130606_V06,14.970,0.164,215.271,137.413,16.404,-111.664,35.306,8201.889,91669.982,20200822_060606,479176,0,68990,0
2,KFSX20200822_131316_V06,22.137,0.117,216.678,137.791,25.131,-111.656,35.305,12565.705,91178.854,20200822_061316,479171,0,67939,0
5,KFSX20200823_130141_V06,9.824,0.800,214.449,133.370,15.241,-111.669,35.325,7620.682,93654.402,20200823_060141,479173,19,47034,8
5,KFSX20200823_130831_V06,16.657,0.618,215.485,134.370,22.067,-111.663,35.320,11033.654,92973.358,20200823_060831,479170,8,49744,0
5,KFSX20200823_131530_V06,23.640,0.345,216.488,135.789,22.700,-111.657,35.314,11349.796,92113.288,20200823_061530,479174,4,52090,0
5,KFSX20200823_132229_V06,30.624,0.480,215.827,134.756,25.898,-111.661,35.318,12948.754,92723.534,20200823_062229,479171,0,54790,0
4,KFSX20200824_130441_V06,12.096,0.352,217.050,135.627,14.130,-111.654,35.314,7064.926,92058.452,20200824_060441,479173,2,49473,0
4,KFSX20200824_131151_V06,19.263,0.114,217.335,137.062,24.097,-111.653,35.308,12048.362,91353.992,20200824_061151,479173,3,49766,2
1,KFSX20200824_120015_V06,-52.337,0.121,322.751,134.456,4.716,-111.073,35.320,2358.036,83550.144,20200824_050015,479171,1,51258,0
1,KFSX20200826_130643_V06,12.681,0.669,217.443,134.798,19.659,-111.652,35.318,9829.250,92340.892,20200826_060643,479173,4,56213,0
1,KFSX20200826_131353_V06,19.848,0.341,218.530,134.702,28.163,-111.646,35.319,14081.332,92142.193,20200826_061353,479174,3,56179,0
1,KFSX20200826_132102_V06,26.998,0.131,220.896,133.515,32.632,-111.633,35.324,16315.891,92161.342,20200826_062102,479170,1,55851,0
3,KFSX20200826_130643_V06,12.681,0.051,256.314,253.663,20.432,-111.437,34.783,10215.866,31841.851,20200826_060643,479173,4,56213,0
3,KFSX20200826_131353_V06,19.848,0.093,257.564,252.369,29.289,-111.430,34.789,14644.680,31896.309,20200826_061353,479174,3,56179,0
4,KFSX20200826_132812_V06,34.164,0.128,244.217,332.277,10.239,-111.502,34.429,5119.453,32223.887,20200826_062812,479172,0,55962,0
1,KFSX20200827_130128_V06,6.710,0.831,216.452,132.820,17.228,-111.658,35.327,8613.928,93447.049,20200827_060128,479176,4,55189,1
1,KFSX20200827_130838_V06,13.877,0.678,217.464,133.970,25.399,-111.652,35.322,12699.573,92706.753,20200827_060838,479173,3,55861,0
1,KFSX20200827_131548_V06,21.043,0.271,218.024,134.322,29.842,-111.649,35.320,14921.118,92424.605,20200827_061548,479172,2,56435,0
1,KFSX20200828_130322_V06,7.891,0.158,215.910,137.439,17.021,-111.661,35.306,8510.376,91510.994,20200828_060322,479186,28,68698,1
1,KFSX20200828_130704_V06,11.591,0.075,216.019,137.183,22.656,-111.660,35.307,11327.839,91599.979,20200828_060704,479179,16,69228,0
2,KFSX20200828_132914_V06,33.757,0.072,222.940,157.141,30.410,-111.622,35.218,15205.000,81158.774,20200828_062914,479168,6,70960,2
4,KFSX20200829_130341_V06,7.490,0.078,220.144,136.026,16.936,-111.637,35.313,8467.863,91192.609,20200829_060341,479176,39,89246,1
4,KFSX20200829_130723_V06,11.190,0.062,220.483,135.870,21.715,-111.636,35.313,10857.708,91188.775,20200829_060723,479192,38,90180,4
5,KFSX20200829_130723_V06,11.190,0.146,264.361,263.730,17.847,-111.393,34.738,8923.351,25424.928,20200829_060723,479192,38,90180,4
5,KFSX20200829_131118_V06,15.107,0.197,264.928,263.143,22.468,-111.390,34.740,11234.234,25438.631,20200829_061118,479179,23,90034,2
5,KFSX20200829_131513_V06,19.023,-1.000,265.335,262.722,27.542,-111.388,34.742,13770.849,25452.514,20200829_061513,479179,52,90749,0
5,KFSX20200829_131908_V06,22.940,0.084,274.747,258.651,13.803,-111.336,34.761,6901.516,24225.410,20200829_061908,479184,74,91679,4
3,KFSX20200829_125552_V06,-0.327,0.085,303.201,355.690,37.481,-111.181,34.323,18740.259,27890.718,20200829_055552,479178,50,90469,2
1,KFSX20200903_130351_V06,4.093,0.076,216.289,136.269,13.670,-111.659,35.312,6835.123,91944.704,20200903_060351,479171,6,41875,4
1,KFSX20200904_130351_V06,3.384,0.763,215.615,134.313,8.489,-111.662,35.320,4244.610,92969.104,20200904_060351,479172,1,44222,0
1,KFSX20200904_131241_V06,12.217,0.269,215.115,135.498,17.529,-111.665,35.315,8764.373,92556.006,20200904_061241,479172,0,46691,0
1,KFSX20200905_130624_V06,5.225,0.907,215.656,132.660,8.167,-111.662,35.328,4083.494,93697.220,20200905_060624,479171,0,48312,0
1,KFSX20200905_131513_V06,14.042,0.820,214.182,132.606,11.927,-111.670,35.328,5963.397,94054.980,20200905_061513,479171,0,46879,0
1,KFSX20200905_132403_V06,22.875,0.333,213.025,133.788,13.958,-111.677,35.323,6979.218,93796.484,20200905_062403,479170,0,45241,0
1,KFSX20200906_130848_V06,6.917,0.874,214.896,134.409,9.879,-111.666,35.320,4939.512,93089.930,20200906_060848,479171,0,47348,0
1,KFSX20200914_121407_V06,-53.434,0.051,216.359,136.806,2.530,-111.658,35.309,1264.858,91689.760,20200914_051407,479173,0,33947,0
1,KFSX20200914_122118_V06,-46.250,0.060,216.323,136.966,10.582,-111.658,35.308,5290.758,91626.967,20200914_052118,479173,0,33463,0
1,KFSX20200919_121615_V06,-54.869,0.102,213.503,136.974,3.072,-111.674,35.308,1535.778,92275.626,20200919_051615,479171,0,42983,0
1,KFSX20200919_122325_V06,-47.702,0.107,213.624,136.839,11.362,-111.673,35.309,5681.060,92306.846,20200919_052325,479175,0,41184,0
1,KFSX20200920_121438_V06,-57.204,0.081,219.066,142.824,13.343,-111.643,35.282,6671.700,88394.613,20200920_051438,479173,0,53082,0
1,KFSX20200920_122148_V06,-50.037,0.075,219.276,143.029,20.561,-111.642,35.281,10280.568,88255.466,20200920_052148,479171,0,51532,0
1,KFSX20200920_122857_V06,-42.887,0.182,219.659,143.607,13.168,-111.640,35.279,6583.813,87911.200,20200920_052857,479170,0,50287,0
1,KFSX20200920_123607_V06,-35.720,0.129,219.763,143.716,19.599,-111.639,35.278,9799.585,87838.852,20200920_053607,479175,0,51813,0
1,KFSX20200921_121253_V06,-59.673,0.217,213.463,129.226,8.388,-111.674,35.343,4193.922,95724.191,20200921_051253,479169,1,42928,1
2,KFSX20200921_134601_V06,33.460,0.224,214.425,130.399,8.690,-111.669,35.338,4345.247,94983.509,20200921_064601,479171,0,71293,0
3,KFSX20200921_141441_V06,62.127,0.059,215.080,131.416,8.815,-111.665,35.333,4407.745,94382.113,20200921_071441,479169,2,67803,0
2,KFSX20200922_143801_V06,84.739,0.076,383.383,167.030,22.466,-110.741,35.173,11232.758,78475.893,20200922_073801,479177,52,65735,1
1,KFSX20200923_142257_V06,68.949,0.073,214.950,130.414,7.210,-111.666,35.338,3605.133,94859.037,20200923_072257,479171,1,38544,0
1,KFSX20200925_121959_V06,-55.471,0.194,217.067,135.573,12.538,-111.654,35.315,6269.135,92079.099,20200925_051959,479169,0,37497,0
1,KFSX20200925_122709_V06,-48.304,0.068,217.995,137.784,19.833,-111.649,35.305,9916.455,90882.970,20200925_052709,479170,0,36149,0
2,KFSX20200925_141436_V06,59.146,0.054,214.190,132.163,8.670,-111.670,35.330,4334.793,94250.342,20200925_071436,479172,0,19011,0
2,KFSX20200925_142146_V06,66.312,0.054,214.422,133.841,15.770,-111.669,35.322,7885.078,93450.954,20200925_072146,479174,2,18884,1
1,KFSX20200927_133300_V06,16.082,0.070,215.736,131.088,8.080,-111.662,35.335,4040.188,94381.720,20200927_063300,479171,1,54300,0
2,KFSX20200930_131853_V06,-0.253,0.359,216.669,131.826,8.722,-111.657,35.332,4360.796,93843.759,20200930_061853,479174,0,39814,0
2,KFSX20200930_132602_V06,6.897,0.074,215.972,131.393,16.790,-111.660,35.333,8394.860,94192.504,20200930_062602,479171,0,37561,0
1,KFSX20200930_125013_V06,-28.920,0.066,217.302,129.143,9.456,-111.653,35.344,4727.871,94909.034,20200930_055013,479170,0,57909,0
1,KFSX20201007_132951_V06,5.392,0.157,215.839,132.760,9.242,-111.661,35.327,4621.120,93611.253,20201007_062951,479174,0,23361,0
2,KFSX20201007_142708_V06,62.676,0.081,279.784,299.639,16.202,-111.308,34.576,8100.960,10109.553,20201007_072708,479173,1,20486,0
1,KFSX20201013_132114_V06,-7.993,0.440,214.755,130.817,7.943,-111.667,35.336,3971.313,94722.858,20201013_062114,479176,0,27111,0
1,KFSX20201013_133002_V06,0.807,0.331,214.968,131.326,14.507,-111.666,35.334,7253.727,94447.619,20201013_063002,479171,0,25608,0
1,KFSX20201014_132639_V06,-3.392,0.063,215.677,131.650,8.285,-111.662,35.332,4142.340,94143.426,20201014_062639,479172,0,25416,0
1,KFSX20201016_123419_V06,-57.375,0.147,216.150,134.090,6.524,-111.659,35.321,3261.833,92947.616,20201016_053419,479170,0,59252,0
1,KFSX20201016_124515_V06,-46.442,0.051,216.607,133.553,14.755,-111.657,35.324,7377.455,93084.322,20201016_054515,479176,0,59601,0
3,KFSX20201016_133814_V06,6.542,0.148,215.834,130.800,8.061,-111.661,35.336,4030.701,94488.776,20201016_063814,479172,0,34595,0
1,KFSX20201017_123915_V06,-53.276,0.059,214.804,130.234,8.083,-111.667,35.339,4041.599,94972.058,20201017_053915,479173,0,43099,0
1,KFSX20201017_124805_V06,-44.442,0.364,215.271,129.998,14.350,-111.664,35.340,7175.005,94973.462,20201017_054805,479174,0,42972,0
2,KFSX20201019_133247_V06,-1.429,0.088,215.378,131.936,8.337,-111.664,35.331,4168.348,94083.019,20201019_063247,479174,0,24643,0
2,KFSX20201019_134136_V06,7.388,0.121,214.844,132.462,16.235,-111.667,35.329,8117.473,93968.596,20201019_064136,479175,0,22336,0
2,KFSX20201019_135230_V06,18.288,0.135,213.985,130.514,10.332,-111.671,35.337,5166.206,95031.800,20201019_065230,479174,7,19623,2
1,KFSX20201019_123947_V06,-54.429,0.251,215.164,130.890,8.419,-111.665,35.336,4209.356,94598.506,20201019_053947,479173,1,45795,0
1,KFSX20201020_133437_V06,-0.447,0.104,260.411,259.074,21.500,-111.415,34.759,10750.193,28470.063,20201020_063437,479171,1,29153,1
1,KFSX20201021_123727_V06,-58.472,0.171,214.808,130.948,8.085,-111.667,35.335,4042.322,94652.145,20201021_053727,479072,57,54224,28
1,KFSX20201021_124617_V06,-49.639,0.191,214.575,131.794,14.973,-111.668,35.332,7486.369,94327.512,20201021_054617,479071,25,52109,16
5,KFSX20201021_140541_V06,29.761,0.067,215.657,130.486,9.241,-111.662,35.338,4620.646,94668.726,20201021_070541,479076,66,28037,35
5,KFSX20201021_141430_V06,38.578,0.240,215.117,130.937,15.865,-111.665,35.336,7932.522,94587.898,20201021_071430,479077,65,28271,29
4,KFSX20201021_133913_V06,3.295,0.236,214.748,131.257,8.446,-111.667,35.334,4222.763,94527.950,20201021_063913,479076,70,33534,32
1,KFSX20201022_124529_V06,-51.303,0.104,214.390,132.463,7.875,-111.669,35.329,3937.696,94071.377,20201022_054529,479073,50,47651,29
1,KFSX20201023_124007_V06,-57.539,0.332,215.967,131.629,8.024,-111.660,35.332,4011.795,94088.167,20201023_054007,479074,66,61448,32
1,KFSX20201023_124857_V06,-48.705,0.121,215.035,131.969,15.239,-111.666,35.331,7619.534,94145.568,20201023_054857,479077,37,60347,17
1,KFSX20201024_124400_V06,-54.530,0.529,215.153,129.618,8.938,-111.665,35.341,4468.935,95169.547,20201024_054400,479067,59,47866,0
1,KFSX20201024_130139_V06,-36.880,0.464,216.046,129.946,13.012,-111.660,35.340,6505.793,94824.441,20201024_060139,479079,52,49213,0
1,KFSX20201024_131028_V06,-28.064,0.247,215.785,131.612,8.892,-111.661,35.332,4445.774,94136.507,20201024_061028,479082,53,49929,0
4,KFSX20201024_134546_V06,7.236,0.136,214.777,129.771,10.338,-111.667,35.341,5168.961,95185.266,20201024_064546,479074,52,29581,4
6,KFSX20201025_131033_V06,-28.861,0.084,27.180,359.487,52.465,-112.680,34.297,26232.441,139614.949,20201025_061033,479169,1,79520,1
6,KFSX20201025_131731_V06,-21.895,0.134,30.184,360.280,66.241,-112.664,34.294,33120.707,138233.921,20201025_061731,479170,0,84086,0
6,KFSX20201025_132426_V06,-14.978,0.262,36.437,366.798,73.536,-112.629,34.265,36768.143,135948.248,20201025_062426,479164,2,87148,0
6,KFSX20201025_133121_V06,-8.061,0.502,39.911,385.531,63.451,-112.609,34.181,31725.422,136895.687,20201025_063121,479167,0,86451,0
6,KFSX20201025_133831_V06,-0.895,0.055,43.247,389.730,70.067,-112.591,34.162,35033.691,135990.499,20201025_063831,479170,4,84709,1
16,KFSX20201025_141334_V06,34.155,0.662,215.672,132.887,7.547,-111.662,35.327,3773.365,93592.443,20201025_071334,479167,0,88782,0
16,KFSX20201025_142025_V06,41.005,0.083,215.621,133.643,15.681,-111.662,35.323,7840.533,93266.159,20201025_072025,479170,4,88648,0
16,KFSX20201025_142715_V06,47.839,0.159,214.660,129.862,16.140,-111.668,35.340,8069.800,95170.630,20201025_072715,479167,2,87132,2
1,KFSX20201025_124251_V06,-56.561,0.242,215.262,133.777,8.370,-111.664,35.323,4184.780,93287.824,20201025_054251,479171,0,79846,0
1,KFSX20201025_124942_V06,-49.711,0.249,214.814,132.992,14.881,-111.667,35.326,7440.516,93739.231,20201025_054942,479169,0,77285,0
1,KFSX20201025_130339_V06,-35.761,0.206,215.329,133.063,8.232,-111.664,35.326,4116.096,93590.741,20201025_060339,479171,11,78394,0
1,KFSX20201025_131033_V06,-28.861,0.091,216.157,134.078,16.417,-111.659,35.321,8208.479,92951.336,20201025_061033,479169,1,79520,1
1,KFSX20201025_131731_V06,-21.895,0.182,215.171,136.117,10.977,-111.665,35.312,5488.592,92267.863,20201025_061731,479170,0,84086,0
10,KFSX20201025_133121_V06,-8.061,0.276,214.146,133.827,9.851,-111.670,35.322,4925.678,93520.677,20201025_063121,479167,0,86451,0
10,KFSX20201025_133831_V06,-0.895,0.142,215.779,135.153,17.863,-111.661,35.317,8931.651,92557.713,20201025_063831,479170,4,84709,1
24,KFSX20201025_150129_V06,82.072,0.108,215.119,136.411,8.904,-111.665,35.311,4451.818,92149.637,20201025_080129,479169,1,91125,0
24,KFSX20201025_150820_V06,88.922,0.076,215.153,136.390,15.990,-111.665,35.311,7995.026,92150.946,20201025_080820,479166,6,92052,2
3,KFSX20201025_124942_V06,-49.711,0.055,48.791,383.955,77.863,-112.561,34.188,38931.259,132433.463,20201025_054942,479169,0,77285,0
18,KFSX20201025_141334_V06,34.155,0.115,29.063,476.518,48.599,-112.661,33.770,24299.738,161682.828,20201025_071334,479167,0,88782,0
12,KFSX20201026_140931_V06,29.219,0.056,436.097,143.860,80.299,-110.450,35.276,40149.551,103564.197,20201026_070931,479193,2,135244,1
1,KFSX20201027_124622_V06,-54.823,0.092,214.980,137.323,8.708,-111.666,35.307,4353.859,91777.312,20201027_054622,479172,0,45835,0
1,KFSX20201028_130239_V06,-39.437,0.222,214.701,133.168,6.557,-111.667,35.325,3278.690,93686.999,20201028_060239,479167,0,38372,0
1,KFSX20201029_124937_V06,-53.373,0.341,214.819,131.279,8.068,-111.667,35.334,4034.054,94501.980,20201029_054937,479165,0,53625,0
1,KFSX20201029_130357_V06,-39.040,0.084,215.234,135.594,15.109,-111.664,35.315,7554.620,92486.129,20201029_060357,479172,0,48085,0
4,KFSX20201029_134655_V06,3.927,0.089,213.960,131.512,8.446,-111.671,35.333,4222.782,94592.729,20201029_064655,479174,10,24921,9
4,KFSX20201030_133803_V06,-5.848,0.517,213.943,130.579,8.236,-111.672,35.337,4118.164,95011.968,20201030_063803,479164,3,38433,3
4,KFSX20201030_134513_V06,1.318,0.794,214.201,129.648,11.796,-111.670,35.341,5898.011,95369.532,20201030_064513,479165,4,33967,3
4,KFSX20201030_135222_V06,8.468,0.317,214.790,129.581,9.683,-111.667,35.342,4841.412,95267.291,20201030_065222,479172,2,31229,2
4,KFSX20201030_140642_V06,22.802,0.080,215.634,128.272,18.434,-111.662,35.348,9216.967,95666.510,20201030_070642,479168,0,29488,0
1,KFSX20201030_124753_V06,-56.015,0.255,215.171,131.698,7.320,-111.665,35.332,3660.080,94235.845,20201030_054753,479166,0,53240,0
1,KFSX20201031_124451_V06,-59.962,0.139,214.541,133.018,6.882,-111.668,35.326,3441.219,93789.962,20201031_054451,479163,0,50873,0
1,KFSX20201031_125201_V06,-52.795,0.051,214.511,135.448,13.977,-111.668,35.315,6988.285,92717.043,20201031_055201,479169,0,51719,0
4,KFSX20201031_134745_V06,2.938,0.727,215.142,130.150,8.475,-111.665,35.339,4237.312,94934.100,20201031_064745,479169,4,33615,4
5,KFSX20201031_134745_V06,2.938,0.063,254.549,251.183,15.921,-111.447,34.794,7960.743,33349.774,20201031_064745,479169,4,33615,4
1,KFSX20201101_125026_V06,-55.297,0.360,215.001,131.449,8.505,-111.666,35.333,4252.569,94385.169,20201101_055026,479164,0,52176,0
2,KFSX20201101_134708_V06,1.403,0.345,258.615,250.033,13.830,-111.424,34.799,6915.030,32440.253,20201101_064708,479165,1,30333,1
3,KFSX20201101_142953_V06,44.153,0.113,214.038,137.029,5.474,-111.671,35.308,2737.055,92126.385,20201101_072953,479163,15,24052,15
2,KFSX20201102_124741_V06,-58.971,0.112,213.699,137.001,3.183,-111.673,35.308,1591.299,92217.787,20201102_054741,479169,0,56004,0
2,KFSX20201102_130123_V06,-45.271,0.099,213.750,136.265,10.240,-111.673,35.311,5119.974,92531.079,20201102_060123,479163,0,56326,0
2,KFSX20201102_130814_V06,-38.421,-1.000,213.775,135.909,13.997,-111.672,35.313,6998.352,92683.020,20201102_060814,479165,0,55909,0
2,KFSX20201102_131505_V06,-31.571,0.073,214.891,130.823,8.324,-111.666,35.336,4161.873,94689.437,20201102_061505,479073,25,50368,6
1,KFSX20201102_124741_V06,-58.971,0.225,222.006,42.561,12.634,-111.629,35.734,6316.980,134497.162,20201102_054741,479169,0,56004,0
6,KFSX20201102_134951_V06,3.196,0.074,215.480,131.789,8.307,-111.663,35.332,4153.416,94125.856,20201102_064951,479072,38,32078,10
3,KFSX20201103_125146_V06,-55.816,0.101,214.490,133.112,7.920,-111.669,35.326,3959.984,93759.858,20201103_055146,479074,249,55593,48
6,KFSX20201103_135030_V06,2.917,0.068,273.356,257.871,12.541,-111.344,34.764,6270.691,24923.817,20201103_065030,479067,230,50769,102
9,KFSX20201103_150118_V06,73.717,0.065,97.391,311.487,20.637,-112.302,34.518,10318.552,101467.038,20201103_080118,479078,337,51100,87
9,KFSX20201103_150649_V06,79.234,-1.000,97.391,311.487,29.409,-112.302,34.518,14704.302,101467.038,20201103_080649,479063,233,49949,43
9,KFSX20201103_151208_V06,84.550,0.052,103.815,292.605,19.795,-112.268,34.603,9897.447,98162.329,20201103_081208,479069,171,49608,78
4,KFSX20201104_134229_V06,-6.033,0.146,215.336,131.033,8.462,-111.664,35.335,4230.858,94495.723,20201104_064229,479074,42,35440,16
4,KFSX20201104_135118_V06,2.784,0.185,215.460,130.539,15.585,-111.663,35.337,7792.435,94689.065,20201104_065118,479071,69,32044,25
1,KFSX20201104_124928_V06,-59.049,0.123,215.642,136.656,2.954,-111.662,35.310,1477.011,91920.412,20201104_054928,479070,45,57211,10
1,KFSX20201104_130708_V06,-41.383,-1.000,215.642,136.656,31.044,-111.662,35.310,15522.011,91920.412,20201104_060708,479069,41,58986,11
1,KFSX20201104_131558_V06,-32.549,0.144,215.477,130.598,8.174,-111.663,35.337,4086.967,94658.606,20201104_061558,479070,44,59592,12
1,KFSX20201105_130252_V06,-46.587,0.091,213.613,136.012,2.970,-111.673,35.313,1484.774,92675.092,20201105_060252,479071,52,47712,11
1,KFSX20201106_134657_V06,-3.446,0.074,24.904,324.458,30.298,-112.695,34.455,15148.932,138090.737,20201106_064657,479072,60,22383,24
2,KFSX20201107_140519_V06,13.975,0.414,268.541,256.301,14.999,-111.370,34.771,7499.382,26922.742,20201107_070519,479068,33,76450,28
4,KFSX20201107_140957_V06,18.609,0.073,276.136,168.283,28.612,-111.329,35.168,14305.769,66930.614,20201107_070957,479070,37,74294,8
1,KFSX20201108_130840_V06,-43.624,0.263,214.626,133.357,8.565,-111.668,35.325,4282.743,93619.629,20201108_060840,479067,18,35819,3
1,KFSX20201108_131729_V06,-34.807,0.141,214.603,134.861,15.648,-111.668,35.318,7823.892,92956.179,20201108_061729,479074,19,35628,4
1,KFSX20201108_132619_V06,-25.974,0.052,214.585,133.407,7.045,-111.668,35.324,3522.486,93606.650,20201108_062619,479078,23,33810,2
1,KFSX20201108_133508_V06,-17.157,0.051,214.789,134.004,16.424,-111.667,35.322,8212.061,93294.741,20201108_063508,479076,19,34472,0
4,KFSX20201108_140137_V06,9.326,0.079,331.292,344.461,16.225,-111.028,34.374,8112.494,27184.450,20201108_070137,479073,37,37039,8
5,KFSX20201108_141027_V06,18.159,0.073,214.792,137.249,8.776,-111.667,35.307,4387.875,91853.656,20201108_071027,479072,18,36422,3
7,KFSX20201108_144546_V06,53.476,0.076,214.344,132.376,8.614,-111.669,35.329,4306.904,94120.831,20201108_074546,479074,26,36893,3
6,KFSX20201109_142629_V06,33.240,0.185,269.893,256.542,7.708,-111.363,34.770,3854.012,26434.172,20201109_072629,479068,30,53187,14
6,KFSX20201109_143054_V06,37.657,0.062,270.565,257.225,14.505,-111.359,34.767,7252.676,25962.246,20201109_073054,479077,32,50872,6
1,KFSX20201110_130748_V06,-46.399,0.183,215.059,137.302,8.531,-111.665,35.307,4265.661,91768.068,20201110_060748,479073,60,25548,1
1,KFSX20201110_131637_V06,-37.582,0.065,214.894,137.570,15.951,-111.666,35.306,7975.579,91687.787,20201110_061637,479083,61,25334,7
3,KFSX20201110_140045_V06,6.551,0.112,214.601,134.289,8.409,-111.668,35.320,4204.311,93210.795,20201110_070045,479071,61,20739,2
3,KFSX20201110_140935_V06,15.385,0.083,214.619,135.155,16.066,-111.668,35.316,8032.759,92822.197,20201110_070935,479071,47,20157,7
3,KFSX20201110_141825_V06,24.218,-1.000,214.636,135.958,24.179,-111.668,35.313,12089.278,92461.698,20201110_071825,479069,45,18697,12
3,KFSX20201110_142715_V06,33.051,0.203,214.405,135.816,8.549,-111.669,35.314,4274.529,92578.204,20201110_072715,479074,46,18156,10
3,KFSX20201110_143606_V06,41.901,0.103,215.132,134.068,15.944,-111.665,35.321,7972.171,93188.085,20201110_073606,479070,56,18031,12
1,KFSX20201111_132131_V06,-33.640,0.095,18.839,85.605,21.466,-112.748,35.531,10732.851,176788.436,20201111_062131,479072,64,34048,6
1,KFSX20201111_133021_V06,-24.807,0.070,24.565,85.854,32.229,-112.717,35.530,16114.345,174444.154,20201111_063021,479072,37,27636,7
2,KFSX20201112_135051_V06,-5.266,0.091,213.534,129.472,9.677,-111.674,35.342,4838.495,95598.372,20201112_065051,479077,99,27939,59
2,KFSX20201112_140829_V06,12.367,0.216,214.703,129.622,15.035,-111.667,35.341,7517.309,95268.452,20201112_070829,479074,59,26042,33
1,KFSX20201112_125752_V06,-58.250,0.075,214.957,136.454,10.674,-111.666,35.311,5336.784,92167.784,20201112_055752,479071,90,37486,49
1,KFSX20201113_131722_V06,-39.711,0.174,213.611,135.768,2.346,-111.673,35.314,1172.880,92783.745,20201113_061722,479076,35,39894,22
1,KFSX20201119_131716_V06,-45.575,0.086,416.142,157.987,11.045,-110.561,35.213,5522.736,91728.815,20201119_061716,479070,26,44620,11
1,KFSX20201121_131258_V06,-51.779,0.080,213.881,137.220,2.490,-111.672,35.307,1245.197,92078.528,20201121_061258,479074,16,37738,0
1,KFSX20201123_132408_V06,-42.499,0.096,213.631,136.828,2.405,-111.673,35.309,1202.663,92310.280,20201123_062408,479079,21,41625,2
8,KFSX20201127_134047_V06,-29.549,0.131,263.528,179.234,38.818,-111.398,35.119,19408.821,63076.775,20201127_064047,479073,16,96839,7
8,KFSX20201127_134511_V06,-25.149,-1.000,263.528,179.234,45.814,-111.398,35.119,22906.821,63076.775,20201127_064511,479053,21,97107,11
8,KFSX20201127_134936_V06,-20.732,0.053,263.781,185.158,49.487,-111.397,35.092,24743.486,60209.067,20201127_064936,479083,18,96967,11
2,KFSX20201127_132732_V06,-42.799,0.138,163.125,103.493,29.663,-111.952,35.458,14831.614,119739.036,20201127_062732,479075,13,99003,4
6,KFSX20201127_133622_V06,-33.966,0.072,211.512,51.417,32.038,-111.687,35.694,16018.888,131931.501,20201127_063622,479065,36,98399,23
1,KFSX20201202_131721_V06,-57.413,0.108,213.390,136.825,3.203,-111.674,35.309,1601.349,92367.961,20201202_061721,479076,18,16174,8
1,KFSX20201204_140744_V06,-8.724,0.084,214.497,137.068,3.107,-111.668,35.308,1553.471,92001.914,20201204_070744,479078,13,15736,6
1,KFSX20201206_132550_V06,-52.265,0.067,285.988,292.110,10.358,-111.275,34.610,5178.864,8040.337,20201206_062550,479072,14,12145,4
1,KFSX20201208_151301_V06,53.337,0.078,211.520,136.685,2.865,-111.685,35.310,1432.461,92871.570,20201208_081301,479075,45,15286,22
1,KFSX20201211_144627_V06,24.524,0.251,214.934,135.330,5.970,-111.666,35.316,2985.102,92672.281,20201211_074627,479075,23,47850,10
1,KFSX20201211_150407_V06,42.191,0.253,217.300,136.270,14.046,-111.653,35.312,7022.775,91715.034,20201211_080407,479076,30,49214,9
1,KFSX20201211_151257_V06,51.024,0.126,218.220,137.119,16.142,-111.648,35.308,8070.899,91129.000,20201211_081257,479075,24,48207,8
1,KFSX20201217_133027_V06,-55.437,0.232,215.703,130.455,8.242,-111.662,35.338,4120.819,94672.384,20201217_063027,479078,30,20040,9
1,KFSX20201217_133553_V06,-50.003,0.069,215.873,132.362,14.617,-111.661,35.329,7308.700,93781.347,20201217_063553,479083,39,20522,24
1,KFSX20201219_133109_V06,-55.875,0.074,215.597,135.032,7.477,-111.662,35.317,3738.466,92652.750,20201219_063109,479076,40,16795,9
2,KFSX20201219_144152_V06,14.842,0.057,214.749,132.858,7.235,-111.667,35.327,3617.451,93813.760,20201219_074152,479080,76,16998,3
3,KFSX20201219_152603_V06,59.025,0.082,215.074,136.735,8.388,-111.665,35.309,4193.972,92016.065,20201219_082603,479075,29,16358,3
1,KFSX20201220_133653_V06,-50.673,0.061,214.621,137.114,8.613,-111.668,35.308,4306.381,91952.987,20201220_063653,479076,23,14230,4
1,KFSX20201222_133038_V06,-57.909,0.140,213.873,137.260,8.521,-111.672,35.307,4260.738,92062.595,20201222_063038,479076,48,23197,27
3,KFSX20201222_150746_V06,39.225,0.062,215.507,131.150,8.703,-111.663,35.335,4351.263,94405.371,20201222_080746,479077,54,21813,34
1,KFSX20201223_133339_V06,-55.345,0.053,213.479,137.963,3.526,-111.674,35.304,1762.890,91844.793,20201223_063339,479079,42,22024,20
1,KFSX20201223_134230_V06,-46.495,0.074,213.911,137.580,13.308,-111.672,35.306,6654.112,91912.617,20201223_064230,479076,44,21616,32
4,KFSX20201225_150255_V06,33.100,0.099,27.229,397.871,47.502,-112.677,34.124,23750.996,144898.696,20201225_080255,479074,8,33195,6
6,KFSX20201225_152836_V06,58.783,0.156,26.799,386.232,44.736,-112.680,34.177,22367.800,143243.426,20201225_082836,479075,9,40018,0
1,KFSX20201227_141937_V06,-10.909,0.076,16.878,471.814,17.291,-112.727,33.790,8645.729,165588.598,20201227_071937,479075,23,18394,10
1,KFSX20201227_142802_V06,-2.493,0.078,34.785,437.828,40.023,-112.633,33.945,20011.341,149445.360,20201227_072802,479079,11,23411,0
7,KFSX20201229_143912_V06,8.081,0.087,175.312,87.231,39.467,-111.886,35.531,19733.274,123306.196,20201229_073912,479080,5,32092,0
7,KFSX20201229_144918_V06,18.181,0.055,164.770,86.366,59.064,-111.944,35.535,29531.931,126418.350,20201229_074918,479078,15,37484,1
11,KFSX20201229_151018_V06,39.181,0.179,312.880,341.258,26.479,-111.128,34.388,13239.727,21611.067,20201229_081018,479076,21,48466,4
11,KFSX20201229_152047_V06,49.665,0.057,326.961,347.363,36.876,-111.052,34.361,18438.178,27249.659,20201229_082047,479074,9,53739,1
3,KFSX20201229_141901_V06,-12.102,0.155,222.303,137.584,6.284,-111.625,35.306,3142.221,90021.889,20201229_071901,479079,13,24624,1
4,KFSX20201229_141901_V06,-12.102,0.088,229.176,75.026,19.538,-111.589,35.588,9768.766,117929.396,20201229_071901,479079,13,24624,1
6,KFSX20201229_142907_V06,-2.002,0.059,27.026,327.104,15.454,-112.684,34.443,7727.083,137158.021,20201229_072907,479079,16,27985,3
1,KFSX20201231_134031_V06,-51.076,0.055,213.592,136.694,3.515,-111.673,35.310,1757.622,92378.384,20201231_064031,479078,36,19984,27
3,KFSX20201231_150429_V06,32.891,0.111,31.610,49.346,33.905,-112.681,35.695,16952.305,183616.795,20201231_080429,479081,44,19685,30
