track_id,filename,from_sunrise,det_score,x,y,r,lon,lat,radius,geo_dist,local_time,n_radar_pixels,n_refAbove40_pixels,n_xcorrAbove0.95_pixels,n_xcorrBelow0.95_refAbove40_pixels
1,KRGX20160601_125517_V06,23.666,0.058,339.600,411.510,32.327,-119.232,39.252,16163.544,59166.341,20160601_055517,479180,0,41874,0
1,KRGX20160601_130459_V06,33.366,0.085,331.486,410.649,39.040,-119.279,39.256,19520.051,57520.564,20160601_060459,479170,0,40238,0
4,KRGX20160605_124035_V06,10.272,0.167,223.546,391.690,16.079,-119.905,39.340,8039.658,59691.573,20160605_054035,479187,38,60325,2
4,KRGX20160605_124447_V06,14.472,0.052,223.262,391.374,21.744,-119.906,39.342,10871.868,59661.362,20160605_054447,479176,29,59444,1
1,KRGX20160610_113001_V06,-59.382,0.115,223.020,389.758,2.907,-119.908,39.349,1453.278,59123.569,20160610_043001,479170,0,61129,0
1,KRGX20160611_122100_V06,-8.312,0.057,286.148,344.863,8.718,-119.542,39.552,4358.852,23476.426,20160611_052100,479175,0,12405,0
1,KRGX20160615_120542_V06,-23.576,0.102,43.759,120.930,77.000,-120.974,40.551,38500.130,156305.131,20160615_050542,479175,0,23091,0
1,KRGX20160615_121524_V06,-13.876,0.071,51.231,116.982,86.692,-120.930,40.569,43345.769,154419.492,20160615_051524,479173,0,22669,0
1,KRGX20160615_122507_V06,-4.160,0.052,42.935,143.170,73.362,-120.976,40.451,36680.820,150564.287,20160615_052507,479181,0,19531,0
1,KRGX20160616_121749_V06,-11.528,0.157,27.688,159.936,50.136,-121.064,40.374,25067.997,153110.904,20160616_051749,479177,0,11879,0
1,KRGX20160616_122731_V06,-1.828,0.368,27.045,145.699,53.703,-121.070,40.438,26851.312,156774.557,20160616_052731,479165,0,12389,0
1,KRGX20160616_123714_V06,7.888,0.383,32.870,131.719,53.544,-121.037,40.501,26771.834,157858.176,20160616_053714,479172,0,12586,0
1,KRGX20160616_124657_V06,17.605,0.058,39.720,148.171,68.564,-120.995,40.428,34281.752,150663.195,20160616_054657,479173,0,11925,0
1,KRGX20160626_130252_V06,31.208,0.090,231.321,382.789,13.846,-119.860,39.381,6923.197,53783.694,20160626_060252,479169,0,50236,0
1,KRGX20160713_120844_V06,-32.629,0.090,255.770,248.725,5.874,-119.720,39.985,2936.893,33858.099,20160713_050844,479176,0,33922,0
1,KRGX20160714_134441_V06,62.579,0.069,333.623,406.537,31.951,-119.266,39.274,15975.393,55858.573,20160714_064441,479167,0,58639,0
1,KRGX20160725_121102_V06,-40.064,0.184,230.189,381.773,13.278,-119.866,39.385,6638.939,53759.518,20160725_051102,479181,0,38320,0
1,KRGX20160804_135001_V06,49.853,0.112,300.348,369.850,29.236,-119.459,39.440,14618.071,34925.436,20160804_065001,479171,0,40217,0
1,KRGX20160804_135347_V06,53.620,-1.000,300.348,369.850,35.225,-119.459,39.440,17612.571,34925.436,20160804_065347,479168,0,40124,0
1,KRGX20160804_140118_V06,61.136,0.228,299.376,367.224,27.630,-119.465,39.451,13815.157,33613.659,20160804_070118,479175,0,38679,0
1,KRGX20160804_140504_V06,64.903,0.182,301.203,356.676,21.885,-119.454,39.499,10942.289,28344.621,20160804_070504,479189,0,38696,0
1,KRGX20160810_132225_V06,16.634,0.123,272.790,183.675,18.092,-119.621,40.278,9046.236,59732.446,20160810_062225,479169,0,26830,0
1,KRGX20160811_130405_V06,-2.640,0.078,288.262,147.854,11.856,-119.530,40.439,5927.910,76299.173,20160811_060405,479171,0,27587,0
2,KRGX20160811_133318_V06,26.576,0.079,277.508,199.849,30.311,-119.593,40.205,15155.598,51322.934,20160811_063318,479178,0,26436,0
2,KRGX20160813_131430_V06,5.893,0.345,283.714,385.440,13.575,-119.556,39.369,6787.302,43489.428,20160813_061430,479178,0,53143,0
2,KRGX20160813_132413_V06,15.610,0.427,283.983,384.337,21.523,-119.554,39.374,10761.388,42922.279,20160813_062413,479172,0,54690,0
2,KRGX20160813_133356_V06,25.326,0.150,285.213,384.732,21.629,-119.547,39.373,10814.347,43006.451,20160813_063356,479175,0,54945,0
2,KRGX20160813_134340_V06,35.060,0.095,282.886,391.684,28.303,-119.560,39.341,14151.678,46633.619,20160813_064340,479169,0,56680,0
2,KRGX20160813_140309_V06,54.543,0.116,286.279,394.939,33.754,-119.541,39.327,16876.922,47962.497,20160813_070309,479173,0,58118,0
2,KRGX20160813_141252_V06,64.260,0.067,290.761,396.234,35.015,-119.515,39.321,17507.393,48338.111,20160813_071252,479169,0,57377,0
1,KRGX20160813_130446_V06,-3.840,0.071,208.990,166.230,21.633,-119.997,40.355,10816.660,80896.933,20160813_060446,479170,0,44750,0
1,KRGX20160813_131430_V06,5.893,0.160,210.015,166.114,35.118,-119.991,40.356,17559.010,80657.703,20160813_061430,479178,0,53143,0
1,KRGX20160813_132413_V06,15.610,0.228,212.281,171.342,41.485,-119.977,40.332,20742.521,77858.036,20160813_062413,479172,0,54690,0
3,KRGX20160813_134340_V06,35.060,0.051,295.523,142.571,31.833,-119.488,40.463,15916.405,78746.368,20160813_064340,479169,0,56680,0
1,KRGX20160816_131330_V06,2.067,0.211,277.022,386.091,13.915,-119.594,39.366,6957.579,44552.230,20160816_061330,479174,0,47137,0
2,KRGX20160817_131034_V06,-1.807,0.739,319.310,155.856,40.235,-119.347,40.403,20117.516,72715.851,20160817_061034,479173,0,45487,0
2,KRGX20160817_132018_V06,7.926,0.470,321.575,154.102,47.843,-119.334,40.411,23921.333,73742.469,20160817_062018,479170,0,49813,0
2,KRGX20160817_133000_V06,17.626,0.237,319.376,154.123,42.296,-119.347,40.411,21148.083,73579.071,20160817_063000,479167,0,52760,0
4,KRGX20160817_133000_V06,17.626,0.190,369.931,127.932,33.133,-119.048,40.528,16566.441,92868.041,20160817_063000,479167,0,52760,0
4,KRGX20160817_133944_V06,27.359,0.084,372.449,129.085,41.034,-119.034,40.523,20517.228,92818.028,20160817_063944,479175,0,53789,0
1,KRGX20160817_122158_V06,-50.407,0.091,224.987,381.621,8.781,-119.896,39.386,4390.451,55427.625,20160817_052158,479166,0,36411,0
5,KRGX20160818_131149_V06,-1.498,0.055,279.606,144.114,5.655,-119.581,40.456,2827.408,78607.103,20160818_061149,479187,0,45161,0
5,KRGX20160818_131609_V06,2.835,0.057,279.551,144.570,11.549,-119.582,40.454,5774.664,78384.948,20160818_061609,479179,0,48388,0
5,KRGX20160818_132026_V06,7.118,-1.000,279.510,144.911,17.614,-119.582,40.452,8807.053,78218.558,20160818_062026,479177,0,49958,0
5,KRGX20160818_132444_V06,11.418,-1.000,279.468,145.253,23.702,-119.582,40.451,11851.241,78051.544,20160818_062444,479174,0,49944,0
5,KRGX20160818_132903_V06,15.735,0.235,286.064,160.213,22.963,-119.543,40.384,11481.479,70240.186,20160818_062903,479175,0,49863,0
5,KRGX20160818_133321_V06,20.035,-1.000,288.648,166.335,26.342,-119.528,40.356,13170.944,67073.194,20160818_063321,479171,0,50620,0
5,KRGX20160818_133738_V06,24.318,-1.000,291.221,172.433,29.708,-119.513,40.329,14853.861,63934.174,20160818_063738,479166,0,49483,0
5,KRGX20160818_134156_V06,28.618,-1.000,293.805,178.556,33.087,-119.498,40.301,16543.326,60801.144,20160818_064156,479188,0,48926,0
5,KRGX20160818_134615_V06,32.935,-1.000,296.398,184.702,36.479,-119.482,40.273,18239.339,57677.306,20160818_064615,479161,0,49204,0
5,KRGX20160818_135033_V06,37.235,-1.000,298.982,190.824,39.858,-119.467,40.246,19928.804,54590.421,20160818_065033,479176,1,48285,1
5,KRGX20160818_135450_V06,41.518,-1.000,301.555,196.922,43.223,-119.452,40.218,21611.721,51544.640,20160818_065450,479164,2,48827,0
5,KRGX20160818_140326_V06,50.118,0.055,272.394,182.406,40.217,-119.623,40.284,20108.481,60395.327,20160818_070326,479170,4,47422,1
8,KRGX20160818_143330_V06,80.185,0.354,307.558,164.997,16.535,-119.417,40.362,8267.395,67607.265,20160818_073330,479175,0,44947,0
8,KRGX20160818_143747_V06,84.468,0.136,307.962,165.779,22.505,-119.414,40.359,11252.303,67228.521,20160818_073747,479178,0,44820,0
8,KRGX20160818_144204_V06,88.752,0.135,309.163,167.697,24.295,-119.407,40.350,12147.401,66309.846,20160818_074204,479174,0,45761,0
2,KRGX20160818_130313_V06,-10.098,0.243,300.239,161.932,26.023,-119.460,40.376,13011.719,69033.917,20160818_060313,479177,0,35995,0
2,KRGX20160818_130732_V06,-5.782,0.563,302.217,162.402,32.107,-119.448,40.374,16053.475,68807.725,20160818_060732,479177,0,40894,0
2,KRGX20160818_131149_V06,-1.498,-1.000,303.702,162.755,38.332,-119.439,40.372,19166.000,68647.351,20160818_061149,479187,0,45161,0
2,KRGX20160818_131609_V06,2.835,0.093,286.069,168.336,15.811,-119.543,40.347,7905.254,66199.426,20160818_061609,479179,0,48388,0
7,KRGX20160818_142455_V06,71.602,0.077,291.247,180.644,34.179,-119.513,40.292,17089.741,59838.413,20160818_072455,479194,1,45328,0
7,KRGX20160818_142912_V06,75.885,0.066,292.167,179.926,39.310,-119.507,40.295,19655.159,60164.604,20160818_072912,479176,1,45386,1
3,KRGX20160819_134932_V06,35.278,0.057,258.384,98.486,18.198,-119.707,40.661,9099.232,102883.403,20160819_064932,479171,0,43026,0
3,KRGX20160819_140857_V06,54.695,0.557,263.481,103.916,25.634,-119.677,40.637,12817.225,99727.918,20160819_070857,479172,0,36402,0
3,KRGX20160819_141840_V06,64.411,0.066,268.644,112.900,21.981,-119.646,40.597,10990.372,94854.556,20160819_071840,479169,1,34036,1
1,KRGX20160819_131040_V06,-3.589,0.583,302.405,435.061,10.480,-119.447,39.146,5239.798,67541.176,20160819_061040,479169,0,43330,0
1,KRGX20160820_131324_V06,-1.796,0.309,313.462,155.745,34.728,-119.382,40.404,17364.124,72440.981,20160820_061324,479161,0,55568,0
10,KRGX20160821_132824_V06,12.265,0.066,302.965,147.836,16.952,-119.444,40.439,8476.017,76096.563,20160821_062824,479169,0,57684,0
10,KRGX20160821_133808_V06,21.998,-1.000,302.965,147.836,32.428,-119.444,40.439,16214.017,76096.563,20160821_063808,479167,0,63018,0
10,KRGX20160821_134750_V06,31.698,-1.000,302.965,147.836,47.851,-119.444,40.439,23925.517,76096.563,20160821_064750,479164,11,66295,0
10,KRGX20160821_140717_V06,51.148,-1.000,302.965,147.836,78.777,-119.444,40.439,39388.267,76096.563,20160821_070717,479176,10,70915,0
10,KRGX20160821_141029_V06,54.348,-1.000,302.965,147.836,83.865,-119.444,40.439,41932.267,76096.563,20160821_071029,479184,12,71463,0
10,KRGX20160821_141341_V06,57.548,0.247,292.916,153.272,77.877,-119.503,40.415,38938.683,73449.359,20160821_071341,479173,24,71031,0
10,KRGX20160821_141654_V06,60.765,0.169,294.222,157.590,76.820,-119.495,40.395,38410.066,71263.568,20160821_071654,479162,17,72163,0
10,KRGX20160821_142007_V06,63.982,0.062,301.618,160.645,71.999,-119.452,40.382,35999.622,69681.951,20160821_072007,479176,17,73397,0
10,KRGX20160821_142318_V06,67.165,0.071,303.921,161.215,73.936,-119.438,40.379,36968.208,69420.251,20160821_072318,479169,19,73515,0
10,KRGX20160821_142630_V06,70.365,-1.000,307.261,162.865,73.859,-119.418,40.372,36929.483,68663.612,20160821_072630,479176,30,74002,0
10,KRGX20160821_142941_V06,73.548,0.076,309.113,169.683,74.471,-119.407,40.341,37235.501,65317.530,20160821_072941,479176,44,76240,0
14,KRGX20160821_143917_V06,83.148,0.098,329.254,172.902,70.666,-119.289,40.326,35333.149,65210.553,20160821_073917,479168,79,78516,0
14,KRGX20160821_144229_V06,86.348,0.150,329.168,172.100,75.700,-119.290,40.330,37850.171,65592.034,20160821_074229,479173,61,77702,1
14,KRGX20160821_144540_V06,89.532,0.153,327.506,169.867,79.541,-119.299,40.340,39770.389,66504.042,20160821_074540,479170,35,78384,0
7,KRGX20160821_130856_V06,-7.202,0.058,331.488,175.155,46.370,-119.276,40.316,23184.925,64377.332,20160821_060856,479175,6,41111,0
7,KRGX20160821_131839_V06,2.515,0.072,335.811,174.202,56.581,-119.250,40.320,28290.265,65398.195,20160821_061839,479173,0,49942,0
1,KRGX20160821_123943_V06,-36.418,0.220,310.636,421.687,5.813,-119.400,39.206,2906.487,61075.305,20160821_053943,479171,0,45469,0
11,KRGX20160821_142630_V06,70.365,0.272,314.697,168.826,66.396,-119.375,40.345,33197.880,65997.572,20160821_072630,479176,30,74002,0
8,KRGX20160822_141218_V06,55.226,0.405,358.054,396.106,7.925,-119.125,39.321,3962.481,56139.899,20160822_071218,479174,1,78548,1
8,KRGX20160822_141604_V06,58.992,0.362,357.202,396.442,12.855,-119.129,39.319,6427.270,56064.980,20160822_071604,479168,0,78796,0
1,KRGX20160825_130443_V06,-15.172,0.340,306.924,162.516,28.715,-119.420,40.373,14357.586,68828.950,20160825_060443,479175,0,24786,0
1,KRGX20160825_131428_V06,-5.422,0.112,305.933,157.009,38.274,-119.426,40.398,19136.956,71556.954,20160825_061428,479166,0,33056,0
1,KRGX20160825_132413_V06,4.328,-1.000,305.001,151.829,48.186,-119.432,40.421,24092.763,74127.750,20160825_062413,479172,1,35489,0
1,KRGX20160825_133356_V06,14.044,-1.000,304.072,146.666,58.063,-119.437,40.445,29031.628,76693.869,20160825_063356,479165,0,33276,0
1,KRGX20160825_134341_V06,23.794,0.138,319.705,144.860,54.109,-119.345,40.453,27054.325,78193.134,20160825_064341,479178,0,31711,0
1,KRGX20160825_140310_V06,43.278,0.065,333.028,151.267,61.656,-119.267,40.424,30828.236,76177.757,20160825_070310,479169,0,30851,0
1,KRGX20160825_141255_V06,53.028,-1.000,339.653,154.108,65.457,-119.228,40.411,32728.378,75592.466,20160825_071255,479174,0,31331,0
1,KRGX20160825_142240_V06,62.778,0.266,360.233,166.222,47.941,-119.107,40.356,23970.451,73356.101,20160825_072240,479180,1,32373,0
1,KRGX20160825_143223_V06,72.494,-1.000,360.233,166.222,63.390,-119.107,40.356,31695.201,73356.101,20160825_073223,479170,1,32622,1
1,KRGX20160825_144208_V06,82.244,0.078,357.711,167.612,61.935,-119.121,40.350,30967.659,72210.003,20160825_074208,479185,0,33499,0
2,KRGX20160825_132413_V06,4.328,0.107,308.821,157.690,31.722,-119.409,40.395,15860.767,71291.755,20160825_062413,479172,1,35489,0
2,KRGX20160825_133356_V06,14.044,0.296,311.941,154.534,42.817,-119.391,40.409,21408.694,72977.600,20160825_063356,479165,0,33276,0
1,KRGX20160826_132100_V06,0.174,0.060,223.185,375.176,15.382,-119.907,39.415,7691.015,53740.093,20160826_062100,479170,0,29052,0
2,KRGX20160826_140942_V06,48.874,0.387,305.132,91.393,21.523,-119.431,40.694,10761.497,104335.176,20160826_070942,479173,0,35587,0
1,KRGX20160827_133848_V06,17.037,0.100,346.250,173.989,55.480,-119.189,40.321,27740.128,67115.460,20160827_063848,479176,0,48215,0
2,KRGX20160827_133848_V06,17.037,0.054,405.103,154.908,45.313,-118.842,40.406,22656.597,89580.024,20160827_063848,479176,0,48215,0
1,KRGX20160828_131542_V06,-6.999,0.758,290.809,138.887,6.172,-119.515,40.480,3086.002,80687.397,20160828_061542,479164,1,29715,1
1,KRGX20160828_132525_V06,2.718,0.077,290.286,138.291,16.457,-119.518,40.482,8228.632,81000.311,20160828_062525,479175,1,34447,0
1,KRGX20160828_133509_V06,12.451,0.150,287.400,136.631,21.664,-119.535,40.490,10831.790,81927.185,20160828_063509,479174,1,35239,1
1,KRGX20160907_132112_V06,-10.821,0.224,294.410,289.993,17.427,-119.494,39.799,8713.589,5731.049,20160907_062112,479169,2,31448,1
1,KRGX20160907_133057_V06,-1.071,0.414,291.324,287.535,22.604,-119.512,39.810,11302.159,7593.433,20160907_063057,479169,0,36392,0
1,KRGX20160907_134040_V06,8.646,0.174,286.871,281.186,17.319,-119.538,39.839,8659.332,11471.173,20160907_064040,479173,0,36214,0
1,KRGX20160908_133405_V06,1.134,0.128,267.984,82.029,13.720,-119.651,40.736,6859.785,110154.881,20160908_063405,479181,0,47712,0
2,KRGX20160908_140318_V06,30.350,0.061,262.990,244.531,34.645,-119.678,40.004,17322.693,33341.043,20160908_070318,479173,1,63154,1
1,KRGX20160909_133031_V06,-3.361,0.666,277.679,174.711,4.958,-119.592,40.318,2479.034,63630.764,20160909_063031,479168,0,57363,0
1,KRGX20160909_134015_V06,6.372,0.228,277.634,177.087,15.796,-119.593,40.308,7898.197,62465.852,20160909_064015,479176,0,55400,0
2,KRGX20160909_133031_V06,-3.361,0.195,304.293,431.816,12.535,-119.436,39.161,6267.683,65943.110,20160909_063031,479168,0,57363,0
6,KRGX20160909_135000_V06,16.122,0.208,188.036,272.466,16.942,-120.116,39.876,8471.056,57650.162,20160909_065000,479173,0,57093,0
7,KRGX20160909_135000_V06,16.122,0.101,315.946,145.343,37.800,-119.367,40.451,18899.860,77738.431,20160909_065000,479173,0,57093,0
8,KRGX20160909_143841_V06,64.805,0.055,313.556,180.914,22.721,-119.381,40.290,11360.710,59927.562,20160909_073841,479168,2,65195,1
1,KRGX20160910_132726_V06,-7.373,0.109,296.157,311.642,17.199,-119.484,39.702,8599.533,6129.738,20160910_062726,479169,0,36178,0
2,KRGX20160910_134655_V06,12.110,0.091,229.315,379.026,19.909,-119.871,39.398,9954.273,53012.731,20160910_064655,479171,0,59973,0
1,KRGX20160911_133341_V06,-2.051,0.500,300.553,306.658,22.500,-119.458,39.724,11249.859,3340.357,20160911_063341,479179,1,41526,0
1,KRGX20160911_134325_V06,7.682,0.103,300.935,305.222,34.783,-119.456,39.731,17391.463,2652.549,20160911_064325,479183,0,50170,0
3,KRGX20160911_133341_V06,-2.051,0.065,256.717,248.964,24.876,-119.714,39.984,12437.866,33459.219,20160911_063341,479179,1,41526,0
1,KRGX20160917_140300_V06,21.687,0.055,247.673,260.834,22.303,-119.767,39.930,11151.346,32680.545,20160917_070300,479166,1,35512,0
2,KRGX20160917_140300_V06,21.687,0.052,173.621,241.198,30.930,-120.201,40.017,15465.120,69694.369,20160917_070300,479166,1,35512,0
1,KRGX20160918_132850_V06,-13.413,0.073,289.243,303.712,23.485,-119.524,39.737,11742.710,5689.754,20160918_062850,479175,0,25799,0
1,KRGX20160918_133834_V06,-3.680,0.490,294.729,299.098,29.810,-119.492,39.758,14905.081,2673.852,20160918_063834,479167,0,32699,0
1,KRGX20160918_134818_V06,6.054,0.159,299.553,296.245,34.113,-119.464,39.771,17056.581,1890.873,20160918_064818,479167,0,36039,0
2,KRGX20160918_133834_V06,-3.680,0.088,306.888,429.391,17.436,-119.421,39.171,8718.073,64787.338,20160918_063834,479167,0,32699,0
2,KRGX20160918_134818_V06,6.054,0.105,306.085,431.110,30.331,-119.426,39.164,15165.573,65625.366,20160918_064818,479167,0,36039,0
3,KRGX20160918_133834_V06,-3.680,0.064,254.298,245.726,22.668,-119.729,39.998,11333.923,35476.762,20160918_063834,479167,0,32699,0
4,KRGX20160918_134818_V06,6.054,0.316,298.077,360.641,20.346,-119.472,39.481,10172.777,30335.522,20160918_064818,479167,0,36039,0
13,KRGX20160921_141751_V06,32.791,0.615,397.344,222.128,17.609,-118.890,40.103,8804.459,62329.698,20160921_071751,479180,0,103554,0
13,KRGX20160921_142144_V06,36.674,0.616,398.923,218.630,21.946,-118.881,40.119,10972.881,64044.667,20160921_072144,479184,0,102919,0
4,KRGX20160921_132111_V06,-23.876,0.179,292.856,437.533,17.443,-119.502,39.135,8721.407,68859.153,20160921_062111,479174,23,106556,0
7,KRGX20160921_134236_V06,-2.459,0.154,320.619,375.241,21.839,-119.341,39.415,10919.714,39007.402,20160921_064236,479179,3,106461,0
15,KRGX20160921_142144_V06,36.674,0.153,328.740,399.322,14.247,-119.295,39.307,7123.388,51698.403,20160921_072144,479184,0,102919,0
5,KRGX20160922_151018_V06,84.298,0.096,35.145,43.198,37.578,-121.033,40.900,18788.881,184455.560,20160922_081018,479180,2,39984,0
5,KRGX20160922_151329_V06,87.482,0.125,35.566,43.576,42.227,-121.030,40.898,21113.382,184172.870,20160922_081329,479186,0,40905,0
1,KRGX20160924_133550_V06,-12.062,0.171,183.546,334.156,6.025,-120.139,39.598,3012.522,60679.683,20160924_063550,479173,0,29038,0
1,KRGX20160924_134533_V06,-2.345,0.250,183.937,334.188,13.226,-120.137,39.598,6612.933,60496.505,20160924_064533,479171,2,30584,2
3,KRGX20160924_150903_V06,81.155,0.263,182.996,335.762,10.154,-120.142,39.591,5076.839,61173.460,20160924_080903,479176,4,29525,2
1,KRGX20160927_140828_V06,17.707,0.109,104.760,205.026,32.268,-120.607,40.176,16134.129,108557.418,20160927_070828,479171,1,55858,1
2,KRGX20160927_141811_V06,27.424,0.059,127.520,86.872,13.271,-120.482,40.709,6635.305,137088.467,20160927_071811,479171,0,55568,0
1,KRGX20160928_134443_V06,-7.004,0.066,273.786,529.041,9.513,-119.612,38.723,4756.417,115268.352,20160928_064443,479168,0,42284,0
1,KRGX20160928_135427_V06,2.729,0.069,275.869,532.799,21.808,-119.600,38.706,10903.991,117023.180,20160928_065427,479172,0,54624,0
2,KRGX20160928_135427_V06,2.729,0.094,223.969,424.103,15.259,-119.901,39.194,7629.280,72770.840,20160928_065427,479172,0,54624,0
2,KRGX20160928_140409_V06,12.429,0.206,225.159,425.463,25.180,-119.894,39.188,12589.838,73044.749,20160928_070409,479173,0,59454,0
2,KRGX20160928_141352_V06,22.146,0.068,229.136,424.552,19.676,-119.871,39.193,9838.127,71649.979,20160928_071352,479170,0,61341,0
3,KRGX20160928_141352_V06,22.146,0.071,296.166,370.727,16.517,-119.483,39.436,8258.652,35415.312,20160928_071352,479170,0,61341,0
5,KRGX20160929_141003_V06,17.364,0.124,351.552,405.623,20.111,-119.162,39.278,10055.567,58766.278,20160929_071003,479176,0,42115,0
1,KRGX20160930_143430_V06,40.845,0.064,231.308,383.571,15.990,-119.860,39.377,7995.081,54089.513,20160930_073430,479180,0,22116,0
4,KRGX20161003_133518_V06,-21.286,0.067,28.644,258.250,29.566,-121.048,39.931,14782.997,137274.464,20161003_063518,479183,0,26799,0
4,KRGX20161003_133830_V06,-18.086,-1.000,28.644,258.250,34.654,-121.048,39.931,17326.997,137274.464,20161003_063830,479168,0,26745,0
4,KRGX20161003_134143_V06,-14.870,0.374,27.666,263.470,34.866,-121.054,39.908,17433.231,137386.348,20161003_064143,479171,0,26988,0
4,KRGX20161003_134456_V06,-11.653,0.646,31.019,272.719,33.020,-121.033,39.866,16510.083,135180.541,20161003_064456,479170,0,22666,0
4,KRGX20161003_140423_V06,7.797,-1.000,41.648,315.226,30.334,-120.967,39.676,15166.856,129399.933,20161003_070423,479177,0,24354,0
4,KRGX20161003_141407_V06,17.530,0.091,29.017,285.601,32.925,-121.043,39.808,16462.394,135682.743,20161003_071407,479170,0,27155,0
4,KRGX20161003_142351_V06,27.264,0.108,37.507,282.614,50.251,-120.994,39.822,25125.344,131534.213,20161003_072351,479171,0,31231,0
4,KRGX20161003_143335_V06,36.997,-1.000,44.522,280.469,64.975,-120.953,39.833,32487.562,128111.566,20161003_073335,479181,0,37663,0
4,KRGX20161003_143648_V06,40.214,0.068,27.607,283.820,46.446,-121.052,39.816,23222.893,136436.399,20161003_073648,479196,0,39085,0
4,KRGX20161003_144000_V06,43.414,0.097,28.660,284.292,51.476,-121.046,39.814,25737.944,135897.115,20161003_074000,479167,1,41002,0
9,KRGX20161003_144623_V06,49.797,0.057,38.410,297.658,52.006,-120.987,39.755,26002.972,130800.250,20161003_074623,479178,0,43991,0
9,KRGX20161003_144936_V06,53.014,0.099,38.965,298.769,56.939,-120.984,39.750,28469.462,130519.046,20161003_074936,479171,0,44547,0
9,KRGX20161003_145446_V06,58.180,0.085,46.925,309.203,61.377,-120.937,39.703,30688.275,126621.208,20161003_075446,479159,0,45953,0
9,KRGX20161003_150108_V06,64.547,0.097,60.226,313.759,64.499,-120.859,39.684,32249.410,120084.344,20161003_080108,479181,1,45829,1
10,KRGX20161003_150108_V06,64.547,0.058,27.570,498.669,33.187,-121.030,38.849,16593.681,168587.803,20161003_080108,479181,1,45829,1
10,KRGX20161003_150421_V06,67.764,0.103,28.508,499.676,37.950,-121.025,38.844,18974.818,168507.179,20161003_080421,479193,0,45496,0
5,KRGX20161003_140423_V06,7.797,0.113,42.104,185.576,74.460,-120.977,40.260,37229.767,141070.221,20161003_070423,479177,0,24354,0
6,KRGX20161003_140423_V06,7.797,0.071,27.441,444.507,25.313,-121.036,39.093,12656.700,154248.827,20161003_070423,479177,0,24354,0
7,KRGX20161003_143335_V06,36.997,0.129,299.545,302.211,23.560,-119.464,39.744,11780.121,1128.797,20161003_073335,479181,0,37663,0
7,KRGX20161013_133423_V06,-32.258,0.053,280.050,421.804,30.899,-119.577,39.206,15449.675,61713.580,20161013_063423,479173,0,104312,0
11,KRGX20161013_134414_V06,-22.408,0.111,310.494,419.375,24.601,-119.400,39.217,12300.476,59917.489,20161013_064414,479188,0,98527,0
29,KRGX20161013_150214_V06,55.592,0.094,32.674,91.304,39.033,-121.042,40.683,19516.617,169571.010,20161013_080214,479068,0,69744,0
6,KRGX20161014_151734_V06,69.893,0.077,354.228,191.046,7.020,-119.142,40.244,3509.865,60851.770,20161014_081734,479169,3,134439,0
4,KRGX20161016_132639_V06,-43.104,0.085,333.212,313.594,22.493,-119.268,39.693,11246.559,17943.152,20161016_062639,479195,116,84336,15
4,KRGX20161016_133020_V06,-39.420,0.293,333.931,313.242,27.766,-119.263,39.694,13883.191,18211.572,20161016_063020,479175,91,85156,12
8,KRGX20161016_142144_V06,11.980,0.058,435.812,389.276,26.982,-118.673,39.349,13491.209,81263.711,20161016_072144,479191,379,100385,43
8,KRGX20161016_142524_V06,15.646,0.413,436.449,387.668,31.594,-118.670,39.357,15797.053,81092.553,20161016_072524,479181,46,100370,1
8,KRGX20161016_142903_V06,19.296,0.072,451.696,375.293,24.400,-118.580,39.412,12200.073,84676.932,20161016_072903,479167,1,98183,0
14,KRGX20161016_144720_V06,37.580,0.159,287.999,169.389,45.894,-119.532,40.342,22946.768,65580.435,20161016_074720,479179,7,95967,0
14,KRGX20161016_145101_V06,41.263,0.328,289.421,169.806,49.705,-119.523,40.340,24852.320,65311.688,20161016_075101,479187,1,94425,0
14,KRGX20161016_145440_V06,44.913,0.202,299.575,167.662,42.270,-119.464,40.350,21135.113,66169.530,20161016_075440,479171,0,93664,0
24,KRGX20161016_152018_V06,70.546,0.125,288.304,187.351,19.836,-119.530,40.261,9917.976,56627.030,20161016_082018,479172,2,95867,0
24,KRGX20161016_152357_V06,74.196,0.103,288.972,187.063,26.007,-119.526,40.263,13003.688,56737.222,20161016_082357,479175,0,98373,0
26,KRGX20161016_153115_V06,81.496,0.311,453.575,410.211,38.258,-118.571,39.254,19128.992,94514.121,20161016_083115,479173,1,99157,0
26,KRGX20161016_153456_V06,85.180,0.413,454.979,407.624,42.984,-118.563,39.266,21492.158,94341.771,20161016_083456,479199,0,98032,0
2,KRGX20161016_131921_V06,-50.404,0.100,250.959,539.513,54.400,-119.743,38.675,27199.867,122241.168,20161016_061921,479184,75,88574,6
3,KRGX20161016_132300_V06,-46.754,0.071,311.302,191.207,39.315,-119.395,40.244,19657.719,54689.268,20161016_062300,479193,57,85823,3
11,KRGX20161016_144341_V06,33.930,0.106,418.326,252.240,10.584,-118.769,39.967,5291.862,63800.726,20161016_074341,479174,0,95256,0
12,KRGX20161016_144341_V06,33.930,0.099,278.827,170.465,54.024,-119.586,40.337,27012.058,65627.062,20161016_074341,479174,0,95256,0
13,KRGX20161016_144341_V06,33.930,0.070,259.417,392.362,26.108,-119.696,39.338,13053.759,50442.408,20161016_074341,479174,0,95256,0
19,KRGX20161016_145440_V06,44.913,0.055,288.968,379.255,37.057,-119.525,39.397,18528.711,40009.608,20161016_075440,479171,0,93664,0
19,KRGX20161016_150159_V06,52.230,-1.000,288.968,379.255,48.691,-119.525,39.397,24345.461,40009.608,20161016_080159,479174,0,90616,0
19,KRGX20161016_150539_V06,55.896,0.066,308.941,367.549,28.861,-119.409,39.450,14430.567,34068.841,20161016_080539,479169,1,91076,0
19,KRGX20161016_150920_V06,59.580,0.426,326.791,356.159,29.176,-119.305,39.501,14588.036,31111.171,20161016_080920,479185,1,90248,0
3,KRGX20161024_132814_V06,-50.071,0.133,288.628,540.472,36.887,-119.526,38.671,18443.352,120370.544,20161024_062814,479177,1,120229,0
3,KRGX20161024_133139_V06,-46.654,0.117,289.805,539.040,41.248,-119.520,38.678,20623.813,119628.600,20161024_063139,479175,0,117239,0
3,KRGX20161024_133504_V06,-43.237,-1.000,290.582,538.094,45.972,-119.515,38.682,22986.169,119139.959,20161024_063504,479174,13,113530,0
3,KRGX20161024_133843_V06,-39.587,0.150,284.169,568.075,29.589,-119.552,38.547,14794.296,134270.893,20161024_063843,479175,43,110969,1
3,KRGX20161024_134208_V06,-36.171,0.132,283.716,566.161,35.042,-119.555,38.555,17520.778,133329.214,20161024_064208,479174,42,109774,0
3,KRGX20161024_134534_V06,-32.737,0.225,286.850,544.947,38.101,-119.537,38.651,19050.274,122649.709,20161024_064534,479170,61,109147,0
3,KRGX20161024_134900_V06,-29.304,0.088,285.702,543.785,43.602,-119.543,38.656,21800.820,122102.063,20161024_064900,479179,32,109892,0
11,KRGX20161024_134534_V06,-32.737,0.058,28.536,351.840,48.359,-121.039,39.510,24179.661,138184.738,20161024_064534,479170,61,109147,0
1,KRGX20161026_132601_V06,-54.482,0.069,223.897,382.200,9.957,-119.903,39.383,4978.584,56010.214,20161026_062601,479176,0,24117,0
1,KRGX20161027_135036_V06,-31.003,0.078,27.920,311.737,31.218,-121.047,39.690,15608.820,136166.365,20161027_065036,479171,1,33210,0
2,KRGX20161027_135348_V06,-27.803,0.061,202.212,354.836,20.140,-120.030,39.506,10069.944,56056.817,20161027_065348,479181,0,31979,0
8,KRGX20161028_152827_V06,65.737,0.094,251.835,324.897,14.153,-119.742,39.642,7076.408,27109.783,20161028_082827,479174,5082,238329,394
5,KRGX20161030_140040_V06,-24.280,0.083,541.896,420.809,44.329,-118.061,39.202,22164.349,135192.993,20161030_070040,479184,119,146530,1
12,KRGX20161030_142927_V06,4.504,0.097,102.608,465.401,30.726,-120.600,39.004,15362.980,128764.399,20161030_072927,479185,106,131132,7
15,KRGX20161030_143742_V06,12.754,0.184,109.112,428.415,28.485,-120.566,39.171,14242.258,115031.001,20161030_073742,479191,79,134781,2
24,KRGX20161030_151255_V06,47.970,0.063,214.790,62.262,25.249,-119.966,40.824,12624.523,126273.741,20161030_081255,479177,0,128137,0
26,KRGX20161030_151919_V06,54.370,0.055,292.331,188.550,6.237,-119.506,40.256,3118.568,55856.691,20161030_081919,479175,0,128995,0
6,KRGX20161101_144927_V06,22.254,0.056,382.245,368.951,14.864,-118.983,39.443,7431.816,53662.270,20161101_074927,479172,0,66258,0
3,KRGX20161103_150840_V06,39.207,0.420,481.324,413.673,16.616,-118.411,39.237,8308.245,107004.798,20161103_080840,479168,0,12448,0
3,KRGX20161103_152023_V06,50.924,0.109,482.134,411.409,26.062,-118.406,39.248,13031.223,106752.885,20161103_082023,479167,0,11786,0
3,KRGX20161103_153007_V06,60.657,0.061,479.704,411.128,29.595,-118.420,39.249,14797.419,105644.431,20161103_083007,479169,0,11133,0
4,KRGX20161103_150840_V06,39.207,0.116,478.357,340.578,6.831,-118.423,39.567,3415.442,91457.064,20161103_080840,479168,0,12448,0
9,KRGX20161123_160236_V06,70.561,0.057,68.273,389.084,77.652,-120.805,39.345,38825.844,124130.182,20161123_080236,479172,1,80035,0
9,KRGX20161123_160748_V06,75.761,0.100,69.548,389.741,83.229,-120.798,39.342,41614.500,123654.199,20161123_080748,479175,0,81937,0
9,KRGX20161123_161101_V06,78.978,0.173,84.730,392.199,76.192,-120.710,39.332,38096.134,117091.829,20161123_081101,479188,0,81186,0
9,KRGX20161123_161414_V06,82.194,0.265,97.758,385.749,67.703,-120.634,39.362,33851.513,109834.679,20161123_081414,479168,2,80777,1
2,KRGX20161125_153246_V06,38.573,0.075,25.289,468.590,44.047,-121.046,38.984,22023.737,161158.662,20161125_073246,479170,0,19930,0
2,KRGX20161125_154230_V06,48.306,0.157,30.213,451.832,57.353,-121.020,39.060,28676.648,154788.491,20161125_074230,479178,0,20425,0
1,KRGX20161125_144404_V06,-10.127,0.119,45.790,189.450,72.457,-120.955,40.242,36228.401,138603.800,20161125_064404,479181,0,14272,0
4,KRGX20161127_145553_V06,-0.423,0.058,323.218,547.051,31.033,-119.328,38.641,15516.652,124069.921,20161127_065553,479181,1,103729,0
2,KRGX20161129_141531_V06,-42.853,0.054,227.695,383.863,15.220,-119.881,39.376,7610.134,55364.678,20161129_061531,479173,0,10237,0
3,KRGX20161129_150410_V06,5.797,0.068,231.419,388.943,17.365,-119.859,39.353,8682.257,56156.730,20161129_070410,479184,2,9065,2
4,KRGX20161129_161527_V06,77.080,0.328,527.015,419.073,46.726,-118.147,39.210,23363.060,128173.977,20161129_081527,479180,0,21629,0
4,KRGX20161129_161839_V06,80.280,0.145,524.910,439.034,42.615,-118.161,39.121,21307.434,132206.993,20161129_081839,479195,0,21557,0
9,KRGX20161130_144428_V06,-14.914,0.050,78.806,134.533,22.183,-120.766,40.492,11091.568,138117.648,20161130_064428,479163,0,59180,0
9,KRGX20161130_144741_V06,-11.697,0.054,78.862,134.779,26.887,-120.765,40.491,13443.749,138021.507,20161130_064741,479167,0,61672,0
10,KRGX20161130_144741_V06,-11.697,0.363,320.479,75.446,17.287,-119.340,40.765,8643.665,112742.933,20161130_064741,479167,0,61672,0
10,KRGX20161130_145053_V06,-8.497,0.561,320.665,75.437,21.288,-119.339,40.765,10643.915,112756.109,20161130_065053,479184,0,63032,0
13,KRGX20161130_145406_V06,-5.280,0.097,191.176,189.921,23.854,-120.101,40.248,11926.762,77395.045,20161130_065406,479185,0,65206,0
13,KRGX20161130_150030_V06,1.120,0.099,194.792,190.665,30.278,-120.079,40.245,15139.078,75866.448,20161130_070030,479172,0,69406,0
13,KRGX20161130_150343_V06,4.336,0.074,206.659,191.193,25.376,-120.010,40.243,12687.948,71679.111,20161130_070343,479178,0,71269,0
13,KRGX20161130_150655_V06,7.536,0.146,207.654,191.685,29.343,-120.004,40.241,14671.575,71168.995,20161130_070655,479177,0,73760,0
13,KRGX20161130_151008_V06,10.753,0.088,218.314,195.999,21.146,-119.941,40.222,10572.929,66122.547,20161130_071008,479171,1,75064,1
13,KRGX20161130_151320_V06,13.953,0.061,219.190,196.040,25.979,-119.936,40.221,12989.507,65836.610,20161130_071320,479175,0,76283,0
3,KRGX20161130_141539_V06,-43.730,0.063,341.345,27.792,17.317,-119.215,40.980,8658.615,137664.837,20161130_061539,479191,0,43855,0
15,KRGX20161130_150343_V06,4.336,0.128,252.242,100.543,21.243,-119.743,40.652,10621.521,102547.428,20161130_070343,479178,0,71269,0
19,KRGX20161130_151632_V06,17.153,0.124,127.692,144.663,30.132,-120.477,40.449,15065.949,115995.048,20161130_071632,479181,0,77228,0
19,KRGX20161130_151946_V06,20.386,-1.000,127.692,144.663,35.273,-120.477,40.449,17636.449,115995.048,20161130_071946,479182,0,78099,0
19,KRGX20161130_152259_V06,23.603,0.172,146.151,144.452,28.051,-120.368,40.451,14025.568,109390.105,20161130_072259,479176,0,79161,0
22,KRGX20161130_151946_V06,20.386,0.190,262.349,136.149,21.500,-119.683,40.492,10749.830,84060.366,20161130_071946,479182,0,78099,0
1,KRGX20161201_150248_V06,2.424,0.059,11.257,220.432,12.486,-121.154,40.100,6242.767,149752.642,20161201_070248,479172,0,25944,0
4,KRGX20161201_153158_V06,31.591,0.161,510.214,329.628,13.064,-118.237,39.614,6532.051,106145.654,20161201_073158,479169,50,26438,46
5,KRGX20161202_162030_V06,79.145,0.063,505.513,423.546,8.907,-118.272,39.192,4453.300,119894.941,20161202_082030,479176,13,22302,10
5,KRGX20161202_162342_V06,82.345,0.404,504.938,424.951,14.382,-118.275,39.185,7190.753,120012.847,20161202_082342,479173,16,21911,12
3,KRGX20161206_161349_V06,68.727,0.228,303.093,299.263,26.353,-119.443,39.757,13176.659,1589.863,20161206_081349,479166,0,22672,0
2,KRGX20161208_141227_V06,-54.384,0.070,313.074,409.900,33.680,-119.385,39.259,16840.246,55337.660,20161208_061227,479167,2,46578,0
3,KRGX20161208_141227_V06,-54.384,0.060,282.623,65.506,17.345,-119.564,40.810,8672.440,117568.312,20161208_061227,479167,2,46578,0
3,KRGX20161208_141540_V06,-51.167,-1.000,282.623,65.506,22.459,-119.564,40.810,11229.690,117568.312,20161208_061540,479167,0,44166,0
3,KRGX20161208_141853_V06,-47.951,0.085,286.345,56.236,34.372,-119.542,40.852,17186.171,122073.269,20161208_061853,479176,0,44465,0
8,KRGX20161208_142204_V06,-44.767,0.057,336.909,91.534,47.072,-119.243,40.693,23536.186,105853.864,20161208_062204,479189,0,43352,0
15,KRGX20161208_150526_V06,-1.401,0.145,485.679,90.009,39.037,-118.363,40.695,19518.661,140154.528,20161208_070526,479182,0,41465,0
17,KRGX20161208_150526_V06,-1.401,0.064,524.792,99.368,34.299,-118.132,40.650,17149.323,150652.427,20161208_070526,479182,0,41465,0
19,KRGX20161208_151503_V06,8.216,0.123,321.412,355.174,27.555,-119.337,39.506,13777.529,29591.723,20161208_071503,479176,1,39493,0
22,KRGX20161208_153414_V06,27.399,0.057,392.282,292.468,19.700,-118.922,39.787,9849.869,46294.319,20161208_073414,479170,0,35670,0
23,KRGX20161208_155505_V06,48.249,0.192,121.300,315.974,25.310,-120.503,39.678,12655.190,89706.141,20161208_075505,479186,4,35005,3
29,KRGX20161208_162039_V06,73.816,0.066,231.797,373.732,20.603,-119.857,39.421,10301.502,50219.672,20161208_082039,479180,3,35810,1
1,KRGX20161209_152130_V06,13.827,0.054,27.747,470.778,33.012,-121.032,38.974,16506.020,160691.495,20161209_072130,479173,1,46537,0
1,KRGX20161213_150103_V06,-9.732,0.095,23.615,484.012,32.553,-121.054,38.914,16276.310,166018.839,20161213_070103,479172,0,11428,0
2,KRGX20161213_162832_V06,77.751,0.077,26.536,417.051,40.326,-121.044,39.216,20163.246,148730.715,20161213_082832,479174,4,17386,4
2,KRGX20161214_141700_V06,-54.495,0.051,80.564,107.900,20.007,-120.758,40.612,10003.606,145820.611,20161214_061700,479185,0,58545,0
9,KRGX20161214_154012_V06,28.705,0.176,22.394,135.443,28.124,-121.098,40.484,14062.023,161356.947,20161214_074012,479180,1,43003,0
9,KRGX20161214_154324_V06,31.905,-1.000,22.394,135.443,33.212,-121.098,40.484,16606.023,161356.947,20161214_074324,479178,0,42066,0
9,KRGX20161214_154636_V06,35.105,0.171,36.169,129.581,29.982,-121.018,40.511,14990.909,157042.696,20161214_074636,479174,0,41777,0
2,KRGX20161215_150401_V06,-8.163,0.054,91.886,228.846,114.126,-120.681,40.068,57062.901,109971.024,20161215_070401,479176,2,86732,1
2,KRGX20161215_150713_V06,-4.963,0.081,91.763,228.854,118.075,-120.682,40.068,59037.301,110027.628,20161215_070713,479168,1,85193,1
1,KRGX20161215_142538_V06,-46.547,0.072,469.903,527.683,15.082,-118.484,38.725,7541.140,142044.502,20161215_062538,479178,0,86234,0
5,KRGX20161216_145025_V06,-22.420,0.077,348.932,374.622,14.033,-119.177,39.418,7016.569,44617.225,20161216_065025,479162,0,51047,0
6,KRGX20161223_160415_V06,47.653,0.242,22.852,477.998,27.605,-121.059,38.941,13802.502,164692.343,20161223_080415,479176,3,194461,3
8,KRGX20161224_150556_V06,-11.073,0.128,32.020,373.332,21.671,-121.017,39.413,10835.542,138916.105,20161224_070556,479172,2,83348,2
