track_id,filename,from_sunrise,det_score,x,y,r,lon,lat,radius,geo_dist,local_time,n_radar_pixels,n_refAbove40_pixels,n_xcorrAbove0.95_pixels,n_xcorrBelow0.95_refAbove40_pixels
9,KCYS20210601_115950_V06,31.056,0.281,328.694,11.797,20.714,-104.632,42.449,10357.151,144813.851,20210601_055950,479176,307,66560,241
9,KCYS20210601_120509_V06,36.373,0.496,330.711,12.922,26.932,-104.619,42.444,13466.063,144357.863,20210601_060509,479172,298,69139,247
9,KCYS20210601_121037_V06,41.839,0.271,339.083,19.571,28.385,-104.569,42.414,14192.449,141569.579,20210601_061037,479177,323,72694,255
9,KCYS20210601_121634_V06,47.789,0.342,347.173,25.049,28.514,-104.520,42.389,14256.833,139484.039,20210601_061634,479170,320,75426,250
9,KCYS20210601_122238_V06,53.856,0.226,357.135,28.357,29.860,-104.459,42.374,14930.159,138793.084,20210601_062238,479177,342,78519,266
9,KCYS20210601_122812_V06,59.423,0.215,364.870,35.186,29.650,-104.413,42.343,14824.900,136322.034,20210601_062812,479176,340,82598,302
9,KCYS20210601_123402_V06,65.256,-1.000,373.286,41.311,29.856,-104.362,42.316,14927.829,134434.951,20210601_063402,479174,463,84348,342
9,KCYS20210601_124340_V06,74.889,0.123,388.908,69.469,52.195,-104.268,42.188,26097.467,123540.599,20210601_064340,479182,440,89698,320
9,KCYS20210601_125136_V06,82.823,0.062,396.075,75.354,58.932,-104.225,42.162,29465.761,122164.177,20210601_065136,479177,417,90328,336
12,KCYS20210601_121634_V06,47.789,0.090,40.912,360.826,41.747,-106.343,40.868,20873.398,133066.001,20210601_061634,479170,320,75426,250
12,KCYS20210601_122238_V06,53.856,0.050,42.082,356.403,52.550,-106.336,40.888,26274.965,132006.515,20210601_062238,479177,342,78519,266
12,KCYS20210601_122812_V06,59.423,0.061,45.299,366.071,52.367,-106.316,40.845,26183.612,131565.450,20210601_062812,479176,340,82598,302
12,KCYS20210601_123402_V06,65.256,0.087,46.786,380.745,52.165,-106.306,40.779,26082.528,132888.367,20210601_063402,479174,463,84348,342
12,KCYS20210601_124340_V06,74.889,0.370,47.037,393.416,53.148,-106.303,40.722,26573.920,134830.303,20210601_064340,479182,440,89698,320
12,KCYS20210601_125136_V06,82.823,0.242,52.622,399.073,54.777,-106.270,40.697,27388.527,133239.843,20210601_065136,479177,417,90328,336
12,KCYS20210601_125742_V06,88.923,0.196,54.961,415.294,55.213,-106.254,40.624,27606.536,135404.105,20210601_065742,479181,438,91427,354
13,KCYS20210601_121634_V06,47.789,0.087,30.984,76.658,29.930,-106.433,42.146,14965.055,174822.246,20210601_061634,479170,320,75426,250
13,KCYS20210601_122238_V06,53.856,0.148,32.825,79.003,36.914,-106.422,42.136,18457.242,173365.327,20210601_062238,479177,342,78519,266
13,KCYS20210601_122812_V06,59.423,0.180,36.589,91.725,36.372,-106.398,42.079,18185.971,167901.439,20210601_062812,479176,340,82598,302
15,KCYS20210601_122238_V06,53.856,0.253,24.782,291.515,30.512,-106.446,41.178,15256.234,137674.244,20210601_062238,479177,342,78519,266
15,KCYS20210601_122812_V06,59.423,0.076,25.522,293.402,36.761,-106.442,41.170,18380.308,137278.410,20210601_062812,479176,340,82598,302
15,KCYS20210601_123402_V06,65.256,0.236,27.394,294.615,38.367,-106.430,41.165,19183.307,136329.353,20210601_063402,479174,463,84348,342
5,KCYS20210601_111502_V06,-13.744,0.062,201.775,198.940,13.070,-105.395,41.605,6534.986,70464.901,20210601_051502,479179,428,60993,293
1,KCYS20210604_103031_V06,-57.114,0.061,155.023,416.658,4.774,-105.663,40.623,2386.921,93042.145,20210604_043031,479169,329,39233,260
1,KCYS20210612_102935_V06,-56.479,0.259,433.559,340.726,8.892,-104.013,40.966,4446.060,69814.961,20210612_042935,479171,168,32661,134
2,KCYS20210612_102935_V06,-56.479,0.077,245.570,327.014,10.429,-105.130,41.030,5214.514,30382.175,20210612_042935,479171,168,32661,134
4,KCYS20210612_121500_V06,48.938,0.058,432.241,341.289,8.853,-104.021,40.963,4426.315,69268.155,20210612_061500,479171,303,22479,247
1,KCYS20210614_103708_V06,-48.872,0.105,433.844,342.306,8.741,-104.011,40.959,4370.640,70185.445,20210614_043708,479177,222,40095,185
1,KCYS20210614_104643_V06,-39.288,0.051,428.147,347.120,20.447,-104.045,40.937,10223.330,68267.742,20210614_044643,479170,275,34218,214
1,KCYS20210615_110531_V06,-20.509,0.110,472.320,395.108,48.037,-103.786,40.719,24018.461,98412.102,20210615_050531,479177,657,60720,579
2,KCYS20210615_110531_V06,-20.509,0.086,247.721,327.891,14.534,-105.117,41.026,7266.901,29626.885,20210615_050531,479177,657,60720,579
3,KCYS20210615_111427_V06,-11.576,0.167,459.169,498.663,12.486,-103.871,40.254,6243.197,127281.100,20210615_051427,479174,863,60735,718
4,KCYS20210615_111857_V06,-7.076,0.202,270.815,532.796,9.356,-104.977,40.104,4677.980,117309.026,20210615_051857,479180,596,62315,478
6,KCYS20210615_112755_V06,1.891,0.059,436.510,503.203,34.768,-104.004,40.234,17383.881,122399.407,20210615_052755,479175,776,64763,649
7,KCYS20210615_120400_V06,37.974,0.065,428.895,364.790,9.687,-104.042,40.858,4843.426,72131.411,20210615_060400,479179,1055,59838,855
8,KCYS20210615_124953_V06,83.857,0.096,430.098,363.455,14.005,-104.035,40.864,7002.272,72374.185,20210615_064953,479172,978,59419,778
1,KCYS20210617_103136_V06,-54.565,0.068,110.155,422.854,2.936,-105.927,40.593,1467.982,113064.291,20210617_043136,479179,429,40828,363
2,KCYS20210617_111935_V06,-6.582,0.080,435.867,356.621,19.861,-104.000,40.894,9930.590,73596.667,20210617_051935,479176,476,31525,371
1,KCYS20210618_102859_V06,-57.300,0.423,429.051,363.193,11.354,-104.041,40.865,5677.126,71846.301,20210618_042859,479177,405,56687,344
2,KCYS20210618_110655_V06,-19.366,0.165,222.072,273.913,9.283,-105.271,41.268,4641.331,41089.341,20210618_050655,479178,396,37001,328
4,KCYS20210619_111214_V06,-14.199,0.054,354.831,427.404,31.750,-104.482,40.578,15875.187,69351.002,20210619_051214,479177,323,48142,235
4,KCYS20210619_112150_V06,-4.599,0.060,351.099,422.336,39.153,-104.504,40.601,19576.434,66289.550,20210619_052150,479173,433,48157,327
1,KCYS20210619_103348_V06,-52.632,0.130,249.114,331.941,15.021,-105.109,41.008,7510.256,30040.118,20210619_043348,479167,180,47885,142
2,KCYS20210619_110238_V06,-23.799,0.177,337.406,510.264,13.128,-104.586,40.205,6563.852,106782.590,20210619_050238,479173,295,46905,215
3,KCYS20210619_110238_V06,-23.799,0.079,326.771,497.693,8.408,-104.649,40.262,4204.184,99748.888,20210619_050238,479173,295,46905,215
6,KCYS20210619_113126_V06,5.001,0.102,398.064,528.154,44.503,-104.231,40.123,22251.488,124167.956,20210619_053126,479172,402,52865,304
7,KCYS20210619_124717_V06,80.851,0.140,425.119,447.056,20.397,-104.068,40.487,10198.463,96540.517,20210619_064717,479168,522,69478,386
1,KCYS20210622_120112_V06,34.134,0.116,428.783,365.081,10.375,-104.042,40.856,5187.273,72146.696,20210622_060112,479175,425,36270,346
1,KCYS20210622_120547_V06,38.717,0.490,428.777,364.725,15.406,-104.042,40.858,7703.059,72063.810,20210622_060547,479170,589,35209,458
3,KCYS20210624_120339_V06,36.009,0.092,279.468,194.240,66.355,-104.929,41.628,33177.254,53867.425,20210624_060339,479179,392,92696,259
14,KCYS20210626_121649_V06,48.484,0.054,262.612,238.751,6.235,-105.030,41.427,3117.588,35879.311,20210626_061649,479177,396,29852,293
18,KCYS20210626_123418_V06,65.967,0.050,109.903,43.854,16.218,-105.959,42.299,8109.109,159489.580,20210626_063418,479171,297,31687,241
20,KCYS20210626_124717_V06,78.951,0.137,177.529,326.792,23.216,-105.534,41.029,11607.899,62683.405,20210626_064717,479183,368,33052,283
4,KCYS20210627_120432_V06,35.812,0.073,218.150,308.907,21.664,-105.293,41.111,10832.237,41166.619,20210627_060432,479172,440,19999,360
1,KCYS20210628_103600_V06,-53.138,0.059,188.147,419.770,2.280,-105.467,40.611,1140.072,81938.957,20210628_043600,479178,305,50415,270
2,KCYS20210628_110447_V06,-24.355,0.060,446.430,5.343,12.358,-103.916,42.475,6178.772,164517.875,20210628_050447,479171,340,25873,272
1,KCYS20210629_111744_V06,-11.849,0.095,185.409,167.875,6.343,-105.495,41.745,3171.469,87447.121,20210629_051744,479180,256,15762,196
1,KCYS20210702_120244_V06,31.658,0.252,315.560,235.815,6.419,-104.713,41.441,3209.660,33021.924,20210702_060244,479173,258,52153,216
4,KCYS20210702_122155_V06,50.841,0.053,247.584,333.239,15.625,-105.118,41.002,7812.403,31033.247,20210702_062155,479174,317,55142,244
1,KCYS20210703_105000_V06,-41.624,0.137,240.696,329.478,11.607,-105.159,41.019,5803.438,33113.059,20210703_045000,479174,367,41278,292
1,KCYS20210704_111331_V06,-18.681,0.414,27.903,165.035,36.689,-106.442,41.748,18344.448,151865.353,20210704_051331,479174,289,43922,214
1,KCYS20210704_112305_V06,-9.114,0.146,37.494,169.121,48.693,-106.384,41.730,24346.415,146661.557,20210704_052305,479176,314,50412,287
2,KCYS20210704_112305_V06,-9.114,0.065,435.202,355.082,17.167,-104.004,40.901,8583.496,72996.057,20210704_052305,479176,314,50412,287
1,KCYS20210707_104945_V06,-44.307,0.052,245.763,326.929,13.491,-105.129,41.030,6745.481,30277.222,20210707_044945,479172,300,61655,253
5,KCYS20210708_112332_V06,-11.187,0.113,297.488,502.472,8.031,-104.821,40.240,4015.646,101243.615,20210708_052332,479178,478,44220,374
5,KCYS20210708_113307_V06,-1.604,0.075,317.525,510.484,18.363,-104.703,40.204,9181.712,105606.080,20210708_053307,479174,469,45279,347
6,KCYS20210708_113307_V06,-1.604,0.556,32.019,376.916,32.962,-106.394,40.795,16481.102,139400.587,20210708_053307,479174,469,45279,347
6,KCYS20210708_114241_V06,7.963,0.128,38.972,374.820,47.188,-106.353,40.805,23594.091,135769.540,20210708_054241,479176,451,43013,376
10,KCYS20210708_123033_V06,55.830,0.487,29.003,175.936,45.956,-106.434,41.699,22977.758,149023.038,20210708_063033,479172,468,38728,400
10,KCYS20210708_124007_V06,65.396,0.163,33.380,174.704,56.680,-106.408,41.705,28339.968,147296.691,20210708_064007,479171,465,35390,382
8,KCYS20210708_114241_V06,7.963,0.107,249.899,114.961,35.043,-105.108,41.985,17521.551,95851.108,20210708_054241,479176,451,43013,376
9,KCYS20210708_120149_V06,27.096,0.146,30.555,206.271,41.004,-106.421,41.563,20501.961,142640.840,20210708_060149,479176,501,41852,393
1,KCYS20210710_111710_V06,-18.943,0.152,251.638,319.534,18.385,-105.094,41.064,9192.442,26079.104,20210710_051710,479178,259,36422,198
1,KCYS20210711_104109_V06,-55.684,0.080,156.849,416.089,3.381,-105.652,40.626,1690.363,92153.064,20210711_044109,479174,284,29807,248
1,KCYS20210714_104315_V06,-55.863,0.078,235.545,328.018,2.819,-105.189,41.025,1409.433,35140.665,20210714_044315,479173,186,35094,132
1,KCYS20210717_120326_V06,21.897,0.061,181.437,112.680,20.279,-105.522,41.993,10139.727,110844.486,20210717_060326,479176,283,57168,214
2,KCYS20210720_110237_V06,-41.468,0.656,428.449,364.982,12.057,-104.044,40.857,6028.702,71975.383,20210720_050237,479171,648,44673,554
2,KCYS20210720_110713_V06,-36.868,0.097,428.423,364.845,17.483,-104.045,40.857,8741.270,71933.056,20210720_050713,479178,573,44631,435
1,KCYS20210720_104836_V06,-55.485,0.053,111.151,422.378,3.127,-105.922,40.596,1563.251,112516.793,20210720_044836,479175,376,38191,319
4,KCYS20210720_124824_V06,64.315,0.052,435.112,509.159,18.061,-104.013,40.207,9030.543,124501.907,20210720_064824,479178,522,50684,363
5,KCYS20210720_125300_V06,68.915,0.051,404.797,414.628,22.224,-104.187,40.634,11112.194,77656.179,20210720_065300,479181,530,50443,398
1,KCYS20210721_104605_V06,-58.875,0.771,392.280,259.850,10.909,-104.255,41.331,5454.403,50318.091,20210721_044605,479180,504,53084,422
1,KCYS20210721_110517_V06,-39.675,0.312,391.051,260.474,18.327,-104.262,41.329,9163.500,49630.149,20210721_050517,479172,406,69958,307
3,KCYS20210721_104605_V06,-58.875,0.057,406.358,185.390,8.362,-104.168,41.666,4180.847,78178.361,20210721_044605,479180,504,53084,422
2,KCYS20210725_113252_V06,-15.694,0.154,27.479,446.966,28.356,-106.413,40.479,14178.164,154811.862,20210725_053252,479171,391,39287,282
2,KCYS20210725_113729_V06,-11.077,-1.000,27.479,446.966,35.697,-106.413,40.479,17848.414,154811.862,20210725_053729,479171,344,43026,250
2,KCYS20210725_114707_V06,-1.444,0.080,31.074,434.051,36.426,-106.393,40.537,18213.037,150242.031,20210725_054707,479174,258,47550,205
4,KCYS20210725_123511_V06,46.623,0.058,349.354,426.394,8.197,-104.515,40.582,4098.633,67844.248,20210725_063511,479172,241,48621,195
4,KCYS20210725_124447_V06,56.223,-1.000,349.354,426.394,23.461,-104.515,40.582,11730.633,67844.248,20210725_064447,479175,284,49151,223
4,KCYS20210725_130402_V06,75.473,0.062,417.075,434.271,34.292,-104.115,40.545,17145.933,89072.080,20210725_070402,479177,368,48721,263
1,KCYS20210727_110127_V06,-48.968,0.244,157.532,414.768,5.091,-105.648,40.632,2545.345,91472.701,20210727_050127,479172,299,45446,223
1,KCYS20210728_113513_V06,-16.142,0.091,248.976,325.529,16.504,-105.110,41.037,8251.835,28527.119,20210728_053513,479174,352,47959,267
6,KCYS20210729_123103_V06,38.743,0.142,422.193,237.033,14.418,-104.075,41.433,7209.137,68731.370,20210729_063103,479172,343,45576,291
6,KCYS20210729_124038_V06,48.326,0.100,414.914,230.151,30.791,-104.118,41.464,15395.295,67238.679,20210729_064038,479176,392,46363,318
2,KCYS20210730_121504_V06,21.804,0.050,393.858,156.841,41.605,-104.241,41.795,20802.456,85592.000,20210730_061504,479174,368,40018,312
2,KCYS20210730_122439_V06,31.388,0.440,400.515,145.392,57.602,-104.201,41.846,28801.169,92204.892,20210730_062439,479176,352,41208,275
2,KCYS20210730_123417_V06,41.021,0.298,398.778,145.226,63.145,-104.211,41.847,31572.591,91804.267,20210730_063417,479177,384,39821,329
2,KCYS20210730_124353_V06,50.621,0.178,400.141,143.370,67.971,-104.203,41.856,33985.443,92953.036,20210730_064353,479174,460,38728,379
3,KCYS20210730_122439_V06,31.388,0.142,399.322,217.904,31.647,-104.211,41.520,15823.391,64429.389,20210730_062439,479176,352,41208,275
14,KCYS20210731_121737_V06,23.392,0.071,432.963,52.375,8.296,-104.000,42.264,4148.037,140532.423,20210731_061737,479198,516,150604,357
14,KCYS20210731_122100_V06,26.776,-1.000,432.963,52.375,13.676,-104.000,42.264,6837.787,140532.423,20210731_062100,479186,439,148432,306
14,KCYS20210731_122423_V06,30.159,0.442,429.863,56.304,10.215,-104.019,42.246,5107.746,138068.870,20210731_062423,479199,440,148615,273
25,KCYS20210731_124830_V06,54.276,0.081,266.886,21.176,17.341,-105.007,42.407,8670.723,140391.852,20210731_064830,479190,435,130620,304
26,KCYS20210731_124830_V06,54.276,0.058,419.804,69.766,12.787,-104.081,42.186,6393.734,129769.686,20210731_064830,479190,435,130620,304
1,KCYS20210801_120321_V06,8.158,0.277,434.140,341.845,10.520,-104.009,40.961,5259.893,70257.838,20210801_060321,479176,334,36350,254
3,KCYS20210802_120417_V06,8.118,0.052,413.248,198.243,27.582,-104.127,41.608,13791.080,76124.281,20210802_060417,479170,321,52177,228
3,KCYS20210802_121357_V06,17.784,0.066,415.093,195.009,39.170,-104.116,41.623,19585.009,77893.234,20210802_061357,479175,293,46449,205
3,KCYS20210802_122336_V06,27.434,0.073,412.193,194.113,39.032,-104.133,41.627,19516.231,77135.127,20210802_062336,479168,255,42312,202
1,KCYS20210802_111606_V06,-40.066,0.074,384.842,287.306,2.828,-104.300,41.208,1413.872,42893.032,20210802_051606,479171,277,30102,232
1,KCYS20210803_122733_V06,30.406,0.236,369.666,260.262,38.014,-104.390,41.330,19007.046,40101.426,20210803_062733,479173,455,55636,357
3,KCYS20210806_121906_V06,18.995,0.105,141.936,238.408,60.460,-105.752,41.425,30230.200,84820.014,20210806_061906,479173,624,54975,444
3,KCYS20210806_122342_V06,23.595,0.204,140.987,241.697,66.293,-105.757,41.411,33146.743,84682.343,20210806_062342,479180,531,54011,401
3,KCYS20210806_122818_V06,28.195,0.116,149.233,249.827,66.085,-105.707,41.374,33042.365,79448.213,20210806_062818,479169,481,53398,366
2,KCYS20210806_121429_V06,14.379,0.071,137.228,221.797,69.854,-105.781,41.500,34926.933,90291.944,20210806_061429,479171,581,54334,442
5,KCYS20210806_122342_V06,23.595,0.173,344.418,127.438,54.510,-104.538,41.928,27254.807,89093.409,20210806_062342,479180,531,54011,401
4,KCYS20210807_120807_V06,7.018,0.100,379.993,347.590,16.530,-104.331,40.937,8265.057,46539.469,20210807_060807,479172,444,36029,349
4,KCYS20210807_121745_V06,16.651,0.237,381.307,346.945,25.293,-104.323,40.940,12646.682,46943.134,20210807_061745,479173,445,37938,371
3,KCYS20210807_113948_V06,-21.299,0.066,248.310,337.833,20.913,-105.113,40.981,10456.579,32028.047,20210807_053948,479178,331,37153,261
1,KCYS20210809_113313_V06,-29.877,0.059,380.897,220.111,68.798,-104.322,41.511,34398.838,56847.762,20210809_053313,479170,411,33716,364
1,KCYS20210809_114018_V06,-22.794,0.054,375.218,220.831,75.573,-104.356,41.507,37786.437,54602.104,20210809_054018,479175,441,33934,360
1,KCYS20210810_120641_V06,2.589,0.598,412.951,163.177,6.843,-104.127,41.766,3421.665,88710.741,20210810_060641,479174,497,34533,386
2,KCYS20210810_121617_V06,12.189,0.053,366.914,193.016,38.972,-104.405,41.633,19486.115,63093.123,20210810_061617,479172,441,34569,371
3,KCYS20210810_130413_V06,60.122,0.058,233.382,361.597,70.652,-105.201,40.874,35326.107,45365.450,20210810_070413,479177,578,39323,475
4,KCYS20210810_131348_V06,69.706,0.514,428.055,363.447,8.870,-104.047,40.864,4435.169,71455.453,20210810_071348,479176,499,37568,406
1,KCYS20210811_114739_V06,-17.446,0.094,335.301,417.922,36.478,-104.598,40.621,18238.865,61546.315,20210811_054739,479172,380,24413,307
1,KCYS20210812_121540_V06,9.567,0.069,346.795,421.931,28.157,-104.530,40.603,14078.678,65301.006,20210812_061540,479173,444,30112,362
15,KCYS20210815_123106_V06,21.988,0.070,193.764,106.668,7.087,-105.447,42.021,3543.556,110298.776,20210815_063106,479173,777,60236,269
15,KCYS20210815_123620_V06,27.221,0.068,193.497,107.110,13.662,-105.449,42.019,6830.993,110169.825,20210815_063620,479182,841,61037,257
1,KCYS20210815_110924_V06,-59.712,0.056,243.148,503.700,3.256,-105.140,40.234,1628.074,105742.546,20210815_050924,479171,565,74863,270
2,KCYS20210815_111529_V06,-53.629,0.201,307.572,391.827,21.791,-104.761,40.738,10895.386,46069.459,20210815_051529,479176,460,73706,252
6,KCYS20210815_113332_V06,-35.579,0.098,280.225,478.114,11.084,-104.922,40.350,5542.089,89604.098,20210815_053332,479175,581,70118,266
11,KCYS20210815_120905_V06,-0.029,0.117,490.078,487.907,23.730,-103.688,40.300,11864.755,133640.022,20210815_060905,479182,441,57078,189
16,KCYS20210815_123106_V06,21.988,0.058,192.482,98.300,8.170,-105.456,42.058,4084.997,114283.862,20210815_063106,479173,777,60236,269
18,KCYS20210815_124134_V06,32.454,0.060,235.803,433.439,8.738,-105.185,40.551,4369.249,74039.319,20210815_064134,479179,912,60589,275
5,KCYS20210818_123541_V06,23.559,0.155,277.632,141.824,4.576,-104.941,41.864,2288.155,79875.080,20210818_063541,479184,482,47634,383
5,KCYS20210818_124005_V06,27.959,0.386,277.508,141.929,9.680,-104.942,41.863,4839.895,79831.454,20210818_064005,479176,504,47462,380
5,KCYS20210818_124431_V06,32.392,-1.000,277.412,142.011,15.273,-104.942,41.863,7636.542,79797.938,20210818_064431,479172,502,37959,398
5,KCYS20210818_130344_V06,51.609,0.057,294.240,125.566,33.680,-104.841,41.937,16840.063,87264.456,20210818_070344,479176,445,38059,354
1,KCYS20210818_113704_V06,-35.058,0.062,436.606,518.995,17.503,-104.004,40.163,8751.501,129054.047,20210818_053704,479169,582,38666,461
3,KCYS20210818_121718_V06,5.175,0.051,259.464,411.671,24.584,-105.046,40.649,12291.960,59400.291,20210818_061718,479174,606,33154,498
4,KCYS20210818_123116_V06,19.142,0.132,279.078,141.622,6.145,-104.932,41.865,3072.441,79876.734,20210818_063116,479181,450,47197,346
9,KCYS20210818_124431_V06,32.392,0.073,368.108,399.304,2.002,-104.403,40.704,1000.866,60207.777,20210818_064431,479172,502,37959,398
2,KCYS20210820_120740_V06,-6.464,0.079,25.156,452.184,33.196,-106.426,40.455,16597.906,157082.050,20210820_060740,479174,2675,65311,1019
2,KCYS20210820_121206_V06,-2.031,0.143,22.060,434.866,24.780,-106.446,40.533,12390.228,154466.291,20210820_061206,479170,2491,60302,934
2,KCYS20210820_121631_V06,2.386,-1.000,22.060,434.866,31.803,-106.446,40.533,15901.478,154466.291,20210820_061631,479180,2334,54996,907
2,KCYS20210820_122102_V06,6.903,0.060,23.787,427.371,24.976,-106.437,40.567,12488.173,152083.015,20210820_062102,479181,2288,50276,857
1,KCYS20210822_112954_V06,-46.234,0.071,314.703,23.738,24.707,-104.717,42.396,12353.554,138326.449,20210822_052954,479179,304,53918,246
1,KCYS20210822_113412_V06,-41.934,0.134,316.484,23.339,29.802,-104.706,42.397,14900.796,138575.673,20210822_053412,479186,353,52673,256
4,KCYS20210822_131921_V06,63.216,0.065,134.222,414.006,32.203,-105.786,40.634,16101.295,100597.955,20210822_071921,479177,515,48099,358
2,KCYS20210823_123916_V06,22.132,0.074,224.875,421.950,47.966,-105.250,40.602,23982.845,71616.352,20210823_063916,479178,322,85531,242
2,KCYS20210823_124852_V06,31.732,0.211,226.447,425.036,59.016,-105.241,40.588,29507.753,72533.021,20210823_064852,479175,313,87615,242
1,KCYS20210823_121028_V06,-6.668,0.089,410.015,198.437,24.065,-104.146,41.607,12032.597,74863.888,20210823_061028,479174,226,73667,188
3,KCYS20210823_133654_V06,79.765,0.067,21.452,84.958,24.993,-106.490,42.108,12496.446,175948.906,20210823_073654,479169,417,83070,335
4,KCYS20210823_133654_V06,79.765,0.059,271.052,408.164,29.420,-104.977,40.665,14710.108,55985.592,20210823_073654,479169,417,83070,335
1,KCYS20210824_133402_V06,75.899,0.062,392.096,117.925,35.818,-104.251,41.970,17909.039,102021.045,20210824_073402,479175,491,59763,429
7,KCYS20210825_120808_V06,-11.001,0.599,371.418,225.121,14.213,-104.379,41.488,7106.434,51738.193,20210825_060808,479178,1374,64077,188
7,KCYS20210825_121328_V06,-5.668,0.054,370.656,225.314,20.973,-104.383,41.487,10486.368,51405.874,20210825_061328,479175,1271,72530,202
10,KCYS20210825_132637_V06,67.482,0.052,447.098,201.494,14.059,-103.924,41.592,7029.579,88517.246,20210825_072637,479178,829,66925,136
3,KCYS20210826_113126_V06,-48.700,0.105,329.126,107.762,58.652,-104.630,42.017,29325.783,97215.934,20210826_053126,479186,483,58499,276
3,KCYS20210826_113556_V06,-44.200,0.113,328.940,109.527,64.186,-104.631,42.009,32093.004,96329.756,20210826_053556,479186,483,60090,243
5,KCYS20210826_123058_V06,10.833,0.062,244.485,571.959,16.640,-105.131,39.927,8319.994,138783.587,20210826_063058,479175,739,72312,398
6,KCYS20210826_132052_V06,60.733,0.127,391.903,123.036,77.330,-104.252,41.947,38664.906,99702.370,20210826_072052,479170,1211,64780,543
5,KCYS20210828_123455_V06,12.787,0.064,367.481,195.507,32.378,-104.401,41.622,16188.927,62194.206,20210828_063455,479180,295,69720,246
5,KCYS20210828_123933_V06,17.420,-1.000,367.481,195.507,39.745,-104.401,41.622,19872.427,62194.206,20210828_063933,479179,320,73058,240
5,KCYS20210828_124411_V06,22.053,-1.000,367.481,195.507,47.112,-104.401,41.622,23555.927,62194.206,20210828_064411,479183,359,75483,286
5,KCYS20210828_124849_V06,26.687,0.114,367.776,200.397,50.023,-104.400,41.600,25011.390,60238.003,20210828_064849,479176,372,76740,293
5,KCYS20210828_125328_V06,31.337,0.154,365.424,204.215,52.617,-104.414,41.583,26308.337,57998.177,20210828_065328,479175,343,77475,262
5,KCYS20210828_130244_V06,40.603,0.175,365.445,206.775,55.814,-104.414,41.571,27907.150,56951.779,20210828_070244,479171,387,78185,288
5,KCYS20210828_130722_V06,45.237,0.178,377.058,205.105,52.275,-104.344,41.578,26137.564,61120.974,20210828_070722,479172,345,76882,261
5,KCYS20210828_131201_V06,49.887,0.237,405.509,200.652,26.430,-104.173,41.597,13214.767,72460.486,20210828_071201,479170,322,76574,257
2,KCYS20210828_121115_V06,-10.880,0.174,410.309,216.166,25.403,-104.145,41.527,12701.427,69275.233,20210828_061115,479172,262,37427,217
2,KCYS20210828_122054_V06,-1.230,0.098,410.012,216.525,34.396,-104.147,41.526,17198.072,69048.639,20210828_062054,479177,390,39971,346
2,KCYS20210828_123030_V06,8.370,0.145,403.494,208.653,47.067,-104.186,41.562,23533.550,69020.509,20210828_063030,479174,257,65297,200
7,KCYS20210828_130244_V06,40.603,0.061,276.294,116.362,8.889,-104.949,41.979,4444.736,92581.048,20210828_070244,479171,387,78185,288
7,KCYS20210828_130722_V06,45.237,-1.000,276.294,116.362,16.256,-104.949,41.979,8128.236,92581.048,20210828_070722,479172,345,76882,261
7,KCYS20210828_131201_V06,49.887,0.089,277.822,107.893,24.964,-104.940,42.017,12482.161,96691.286,20210828_071201,479170,322,76574,257
7,KCYS20210828_131640_V06,54.537,0.078,295.780,117.382,12.893,-104.832,41.974,6446.320,91333.351,20210828_071640,479180,330,75972,230
7,KCYS20210828_132317_V06,61.153,0.114,293.772,113.815,24.700,-104.844,41.990,12349.765,93144.441,20210828_072317,479176,333,74116,269
3,KCYS20210828_121115_V06,-10.880,0.123,360.062,191.025,14.356,-104.446,41.642,7178.009,62215.388,20210828_061115,479172,262,37427,217
6,KCYS20210828_130244_V06,40.603,0.301,286.350,130.771,17.365,-104.888,41.914,8682.705,84889.175,20210828_070244,479171,387,78185,288
8,KCYS20210828_130244_V06,40.603,0.059,323.837,80.709,8.964,-104.662,42.139,4482.010,110291.191,20210828_070244,479171,387,78185,288
11,KCYS20210828_133714_V06,75.103,0.109,370.884,212.605,46.502,-104.381,41.545,23250.950,56263.607,20210828_073714,479172,398,70995,298
1,KCYS20210829_121335_V06,-9.544,0.164,408.681,216.030,15.311,-104.155,41.528,7655.540,68670.428,20210829_061335,479174,189,31276,158
1,KCYS20210829_122313_V06,0.089,0.099,408.488,204.553,32.673,-104.156,41.580,16336.642,72249.330,20210829_062313,479172,313,31840,231
2,KCYS20210829_122313_V06,0.089,0.101,460.800,151.783,5.785,-103.838,41.815,2892.399,109344.422,20210829_062313,479172,313,31840,231
1,KCYS20210830_120908_V06,-14.992,0.052,433.959,356.321,17.215,-104.011,40.896,8607.412,72658.620,20210830_060908,479180,509,61380,344
17,KCYS20210902_131614_V06,49.119,0.070,226.496,445.894,42.428,-105.240,40.494,21213.852,81682.080,20210902_071614,479173,340,62914,284
17,KCYS20210902_132316_V06,56.152,0.273,226.997,442.083,53.379,-105.237,40.511,26689.456,79870.099,20210902_072316,479169,402,60394,287
17,KCYS20210902_133018_V06,63.185,-1.000,227.443,438.684,64.355,-105.234,40.527,32177.596,78258.552,20210902_073018,479171,345,59299,288
17,KCYS20210902_133721_V06,70.235,0.305,233.998,430.373,64.015,-105.196,40.564,32007.719,73064.101,20210902_073721,479178,346,58128,276
16,KCYS20210902_131614_V06,49.119,0.078,242.087,141.441,59.326,-105.155,41.865,29662.951,84402.177,20210902_071614,479173,340,62914,284
16,KCYS20210902_132316_V06,56.152,-1.000,242.087,141.441,70.509,-105.155,41.865,35254.451,84402.177,20210902_072316,479169,402,60394,287
16,KCYS20210902_133018_V06,63.185,0.063,244.718,158.099,68.359,-105.139,41.790,34179.465,76144.318,20210902_073018,479171,345,59299,288
12,KCYS20210902_124804_V06,20.952,0.372,233.450,223.800,17.968,-105.205,41.494,8984.018,50584.977,20210902_064804,479176,339,67604,244
18,KCYS20210902_133018_V06,63.185,0.311,241.158,442.597,46.728,-105.153,40.509,23363.972,77130.194,20210902_073018,479171,345,59299,288
13,KCYS20210903_123849_V06,10.706,0.064,297.775,428.419,45.431,-104.819,40.574,22715.673,64219.048,20210903_063849,479173,359,86085,202
2,KCYS20210904_122927_V06,0.344,0.098,299.399,374.632,12.668,-104.810,40.816,6334.057,37317.310,20210904_062927,479178,312,45203,251
2,KCYS20210904_123630_V06,7.394,-1.000,299.399,374.632,23.878,-104.810,40.816,11938.807,37317.310,20210904_063630,479173,308,47656,231
2,KCYS20210904_124332_V06,14.427,0.064,300.515,378.739,30.883,-104.803,40.797,15441.345,39370.378,20210904_064332,479171,289,48429,222
2,KCYS20210904_125034_V06,21.460,-1.000,301.362,381.854,38.897,-104.798,40.783,19448.365,40932.730,20210904_065034,479173,372,47262,271
2,KCYS20210904_130438_V06,35.527,-1.000,303.054,388.084,54.925,-104.788,40.755,27462.405,44068.603,20210904_070438,479176,520,47387,403
2,KCYS20210904_131140_V06,42.560,0.205,302.974,387.271,50.766,-104.788,40.759,25383.106,43661.032,20210904_071140,479171,442,55442,314
1,KCYS20210904_113653_V06,-52.223,0.171,425.901,364.758,8.448,-104.060,40.858,4224.043,70789.329,20210904_053653,479179,737,53157,599
3,KCYS20210904_130438_V06,35.527,0.088,247.982,178.750,58.519,-105.119,41.697,29259.706,65968.712,20210904_070438,479176,520,47387,403
1,KCYS20210907_122507_V06,-6.976,0.072,433.135,510.883,31.774,-104.024,40.200,15887.163,124696.242,20210907_062507,479173,446,35826,328
1,KCYS20210907_123443_V06,2.624,0.291,435.144,511.703,39.328,-104.013,40.196,19664.096,125580.497,20210907_063443,479177,516,38905,450
1,KCYS20210907_124420_V06,12.241,0.060,445.278,512.273,31.203,-103.953,40.193,15601.675,128613.244,20210907_064420,479176,394,40140,342
1,KCYS20210910_114410_V06,-50.911,0.094,262.764,309.233,8.578,-105.028,41.110,4289.055,19181.877,20210910_054410,479170,223,52305,162
2,KCYS20210910_123353_V06,-1.194,0.076,335.431,438.591,17.364,-104.597,40.528,8682.058,71524.207,20210910_063353,479175,411,55359,303
4,KCYS20210911_131146_V06,35.694,0.193,261.044,362.189,35.026,-105.037,40.872,17513.136,36691.347,20210911_071146,479172,369,47145,293
4,KCYS20210911_131852_V06,42.794,0.486,263.840,364.314,41.590,-105.021,40.862,20795.099,36891.241,20210911_071852,479171,326,49151,248
4,KCYS20210911_132559_V06,49.911,0.116,272.781,368.304,41.876,-104.967,40.844,20937.804,36763.942,20210911_072559,479173,348,49895,273
1,KCYS20210911_114019_V06,-55.756,0.050,160.072,417.748,2.818,-105.633,40.619,1409.008,91439.124,20210911_054019,479174,221,40664,163
2,KCYS20210911_122234_V06,-13.506,0.540,276.570,24.178,26.122,-104.948,42.394,13061.121,138407.875,20210911_062234,479173,359,34321,303
3,KCYS20210911_122922_V06,-6.706,0.079,254.729,300.176,63.179,-105.076,41.151,31589.699,22635.897,20210911_062922,479173,293,32352,207
5,KCYS20210911_134015_V06,64.177,0.093,372.008,193.303,48.923,-104.374,41.631,24461.735,64361.327,20210911_074015,479174,367,50060,299
6,KCYS20210911_134015_V06,64.177,0.051,233.549,209.389,20.525,-105.204,41.559,10262.373,56182.975,20210911_074015,479174,367,50060,299
6,KCYS20210912_130945_V06,32.682,0.439,302.008,419.066,26.398,-104.794,40.616,13198.795,59541.642,20210912_070945,479174,302,73724,228
6,KCYS20210912_131648_V06,39.732,0.108,300.832,418.270,33.815,-104.801,40.619,16907.501,59136.332,20210912_071648,479170,341,76274,236
7,KCYS20210912_132350_V06,46.766,0.051,448.383,384.667,29.900,-103.927,40.767,14950.134,85419.456,20210912_072350,479173,370,77903,277
7,KCYS20210912_133052_V06,53.799,0.074,451.072,381.335,36.653,-103.911,40.782,18326.403,85787.809,20210912_073052,479172,302,82717,200
8,KCYS20210912_133052_V06,53.799,0.329,36.763,346.745,42.038,-106.369,40.931,21019.226,133677.751,20210912_073052,479172,302,82717,200
8,KCYS20210912_133632_V06,59.466,0.365,38.329,347.018,47.985,-106.360,40.930,23992.335,132930.679,20210912_073632,479169,288,84336,211
3,KCYS20210912_123432_V06,-2.534,0.127,231.573,417.326,43.159,-105.210,40.623,21579.334,67911.051,20210912_063432,479171,274,71121,214
4,KCYS20210912_124837_V06,11.549,0.088,367.161,413.250,34.741,-104.409,40.641,17370.630,65833.593,20210912_064837,479172,338,70569,265
5,KCYS20210912_130241_V06,25.616,0.095,214.816,407.458,35.670,-105.310,40.667,17835.001,68562.911,20210912_070241,479171,287,70852,229
1,KCYS20210913_115054_V06,-47.163,0.192,163.002,235.074,63.863,-105.626,41.441,31931.362,75802.228,20210913_055054,479181,685,104874,186
1,KCYS20210913_120034_V06,-37.496,0.291,166.171,240.971,73.480,-105.606,41.415,36740.072,73134.468,20210913_060034,479186,747,111618,203
1,KCYS20210913_120523_V06,-32.680,0.115,169.320,255.117,65.959,-105.587,41.351,32979.549,69086.280,20210913_060523,479173,1155,115719,258
1,KCYS20210913_121011_V06,-27.880,-1.000,169.320,255.117,73.591,-105.587,41.351,36795.549,69086.280,20210913_061011,479175,1583,119538,391
1,KCYS20210913_121519_V06,-22.746,0.079,202.511,241.913,74.895,-105.389,41.412,37447.746,56740.971,20210913_061519,479174,2265,124123,627
1,KCYS20210913_122012_V06,-17.863,0.138,231.125,220.391,71.899,-105.219,41.510,35949.650,52634.168,20210913_062012,479175,3678,126637,1084
1,KCYS20210914_114944_V06,-49.325,0.314,38.516,508.140,42.876,-106.342,40.204,21438.076,167104.642,20210914_054944,479171,559,56900,265
1,KCYS20210914_115419_V06,-44.742,0.157,45.154,479.131,60.288,-106.306,40.336,30144.085,155751.723,20210914_055419,479181,481,57981,272
1,KCYS20210915_133956_V06,59.879,0.066,367.279,171.067,75.009,-104.402,41.732,37504.448,72715.533,20210915_073956,479177,546,56020,455
1,KCYS20210916_132009_V06,39.099,0.075,261.401,412.968,36.797,-105.034,40.643,18398.335,59689.997,20210916_072009,479177,596,41535,476
1,KCYS20210917_134312_V06,61.151,0.157,279.932,170.165,7.190,-104.927,41.736,3595.169,65688.454,20210917_074312,479172,280,22019,203
2,KCYS20210917_134312_V06,61.151,0.091,328.848,358.491,25.673,-104.635,40.888,12836.676,32608.850,20210917_074312,479172,280,22019,203
1,KCYS20210919_115207_V06,-51.931,0.057,431.150,336.357,8.653,-104.027,40.986,4326.460,68047.813,20210919_055207,479178,426,64720,348
5,KCYS20210920_132043_V06,35.667,0.154,279.185,109.900,32.496,-104.932,42.008,16248.095,95617.873,20210920_072043,479172,463,35493,397
5,KCYS20210920_132726_V06,42.384,-1.000,279.185,109.900,43.176,-104.932,42.008,21587.845,95617.873,20210920_072726,479172,501,35141,415
5,KCYS20210920_133409_V06,49.100,0.104,297.653,122.066,32.432,-104.820,41.953,16216.179,88974.658,20210920_073409,479172,464,35188,393
12,KCYS20210920_134733_V06,62.500,0.109,295.622,166.200,15.298,-104.832,41.754,7648.918,66935.877,20210920_074733,479175,516,35154,411
15,KCYS20210920_140800_V06,82.950,0.119,189.740,79.313,35.126,-105.473,42.144,17562.773,123349.248,20210920_080800,479178,440,35915,368
1,KCYS20210924_131213_V06,23.138,0.135,283.225,577.435,13.128,-104.904,39.903,6563.920,138971.049,20210924_071213,479173,417,50295,343
1,KCYS20210924_131915_V06,30.171,0.095,282.552,577.369,22.557,-104.908,39.903,11278.700,138958.411,20210924_071915,479172,491,51188,420
1,KCYS20210925_123240_V06,-17.426,0.071,258.506,316.124,24.739,-105.053,41.079,12369.604,22258.387,20210925_063240,479173,377,70765,310
2,KCYS20210925_124645_V06,-3.343,0.088,411.300,222.794,19.051,-104.140,41.498,9525.589,67728.168,20210925_064645,479173,402,69230,332
1,KCYS20210926_123428_V06,-16.643,0.066,306.971,245.662,17.040,-104.764,41.397,8520.103,27391.427,20210926_063428,479170,379,61910,301
2,KCYS20210926_124832_V06,-2.577,0.083,368.290,227.066,15.230,-104.397,41.480,7614.780,49957.234,20210926_064832,479172,407,61935,322
3,KCYS20210926_124832_V06,-2.577,0.055,346.910,242.612,23.422,-104.526,41.410,11711.128,37060.411,20210926_064832,479172,407,61935,322
5,KCYS20210926_132344_V06,32.623,0.135,342.474,518.284,34.451,-104.557,40.169,17225.460,111188.856,20210926_072344,479167,558,60639,459
1,KCYS20210927_125028_V06,-1.664,0.160,308.664,360.538,26.545,-104.755,40.879,13272.499,30577.432,20210927_065028,479173,466,38845,357
1,KCYS20210927_130439_V06,12.519,0.053,315.566,363.426,20.908,-104.714,40.866,10453.995,32654.090,20210927_070439,479180,374,41017,310
2,KCYS20210927_130439_V06,12.519,0.163,208.003,357.948,60.958,-105.352,40.890,30478.861,54363.488,20210927_070439,479180,374,41017,310
4,KCYS20210927_132601_V06,33.886,0.055,214.590,365.934,70.712,-105.313,40.854,35355.804,53949.516,20210927_072601,479174,525,40893,404
14,KCYS20210928_141044_V06,77.578,0.086,51.411,407.417,49.195,-106.276,40.659,24597.561,135401.947,20210928_081044,479170,439,37238,347
14,KCYS20210928_141731_V06,84.362,0.467,49.014,409.890,54.887,-106.290,40.648,27443.680,136994.216,20210928_081731,479173,411,35236,357
2,KCYS20210928_121233_V06,-40.605,0.055,41.064,430.444,13.923,-106.335,40.554,6961.661,144968.386,20210928_061233,479171,332,52474,270
8,KCYS20210928_132212_V06,29.045,0.100,26.570,443.941,35.972,-106.419,40.492,17985.764,154501.822,20210928_072212,479175,397,51791,336
9,KCYS20210928_132914_V06,36.078,0.088,323.945,425.950,27.178,-104.665,40.585,13589.216,64102.813,20210928_072914,479178,458,50895,367
11,KCYS20210928_135013_V06,57.062,0.055,297.078,141.976,31.102,-104.824,41.863,15550.831,79025.471,20210928_075013,479170,443,42210,346
15,KCYS20210928_141044_V06,77.578,0.050,512.693,529.251,29.276,-103.559,40.113,14638.004,156360.429,20210928_081044,479170,439,37238,347
1,KCYS20210929_120141_V06,-52.500,0.558,384.060,251.536,8.858,-104.304,41.369,4428.982,48514.928,20210929_060141,479181,824,141187,380
4,KCYS20210929_121053_V06,-43.300,0.102,195.236,178.920,18.102,-105.435,41.695,9051.157,80055.931,20210929_061053,479181,870,141772,407
9,KCYS20210929_131258_V06,18.784,0.059,26.282,399.766,44.341,-106.425,40.691,22170.624,145666.558,20210929_071258,479179,947,130671,465
10,KCYS20210929_132254_V06,28.717,0.114,22.493,217.836,31.523,-106.468,41.510,15761.507,144707.722,20210929_072254,479186,963,127732,469
2,KCYS20210930_130512_V06,9.985,0.070,166.059,379.089,25.055,-105.600,40.793,12527.699,77774.289,20210930_070512,479168,334,21302,284
2,KCYS20210930_131207_V06,16.901,0.659,166.105,376.294,31.501,-105.600,40.806,15750.452,77053.109,20210930_071207,479174,440,19791,361
2,KCYS20210930_131903_V06,23.835,0.497,161.569,371.256,25.851,-105.627,40.828,12925.301,77846.814,20210930_071903,479174,377,19636,298
2,KCYS20210930_132559_V06,30.768,0.443,160.190,368.858,31.021,-105.635,40.839,15510.627,77923.590,20210930_072559,479176,404,18949,322
2,KCYS20210930_133251_V06,37.635,0.411,155.794,363.424,23.578,-105.661,40.863,11788.893,78768.604,20210930_073251,479173,395,18901,335
2,KCYS20210930_133953_V06,44.668,0.265,156.533,362.577,31.983,-105.657,40.867,15991.416,78260.050,20210930_073953,479170,413,18786,336
3,KCYS20210930_131207_V06,16.901,0.050,202.678,423.299,29.310,-105.381,40.595,14655.212,78540.128,20210930_071207,479174,440,19791,361
2,KCYS20211002_130553_V06,8.591,0.676,311.196,506.825,20.060,-104.740,40.221,10030.144,103563.785,20211002_070553,479170,417,39729,359
2,KCYS20211002_131253_V06,15.591,0.065,309.475,507.094,30.758,-104.750,40.219,15379.066,103655.438,20211002_071253,479172,455,37655,371
1,KCYS20211002_125150_V06,-5.459,0.086,437.655,357.238,20.957,-103.989,40.891,10478.678,74540.426,20211002_065150,479180,428,45144,329
1,KCYS20211004_130504_V06,5.680,0.070,323.954,412.716,39.954,-104.665,40.644,19976.767,57616.504,20211004_070504,479174,554,44811,485
3,KCYS20211005_134503_V06,44.609,0.070,259.975,537.400,31.729,-105.041,40.083,15864.684,120375.064,20211005_074503,479172,366,40049,270
3,KCYS20211005_135205_V06,51.643,0.076,262.444,535.787,40.174,-105.026,40.090,20087.112,119379.439,20211005_075205,479173,402,40495,321
2,KCYS20211005_124852_V06,-11.574,0.059,436.049,343.173,13.069,-103.998,40.955,6534.586,71367.273,20211005_064852,479172,343,50314,273
15,KCYS20211009_133326_V06,28.730,0.059,20.222,248.194,21.320,-106.478,41.373,10659.817,142266.989,20211009_073326,479173,594,78004,457
15,KCYS20211009_134026_V06,35.730,0.160,21.527,244.330,29.894,-106.471,41.391,14946.947,141991.689,20211009_074026,479171,557,79340,458
15,KCYS20211009_134726_V06,42.730,-1.000,22.689,240.888,38.747,-106.464,41.406,19373.482,141770.678,20211009_074726,479172,449,78179,379
15,KCYS20211009_140129_V06,56.780,0.279,37.752,257.125,50.147,-106.373,41.334,25073.654,132864.710,20211009_080129,479173,457,77970,363
15,KCYS20211009_140829_V06,63.780,0.151,43.340,254.823,53.671,-106.339,41.345,26835.690,130303.022,20211009_080829,479173,593,74603,489
15,KCYS20211009_141532_V06,70.830,0.161,47.483,248.655,56.231,-106.315,41.373,28115.664,128841.887,20211009_081532,479175,614,71891,508
5,KCYS20211009_123106_V06,-33.604,0.055,367.286,123.019,38.271,-104.400,41.948,19135.628,94669.920,20211009_063106,479172,425,101774,335
14,KCYS20211009_131924_V06,14.696,0.119,36.729,115.829,49.538,-106.394,41.970,24768.875,160647.861,20211009_071924,479172,559,81628,433
1,KCYS20211011_120752_V06,-58.997,0.131,148.569,409.591,2.730,-105.701,40.655,1364.792,93463.324,20211011_060752,479169,267,38553,181
2,KCYS20211012_121857_V06,-49.001,0.051,120.041,276.875,24.171,-105.880,41.251,12085.600,90719.292,20211012_061857,479182,453,70217,353
1,KCYS20211018_122652_V06,-47.710,0.057,155.998,414.867,3.063,-105.657,40.632,1531.481,92101.622,20211018_062652,479167,415,36038,359
3,KCYS20211024_134035_V06,19.194,0.183,52.917,408.901,67.619,-106.267,40.652,33809.296,135008.524,20211024_074035,479177,392,32333,310
3,KCYS20211024_134737_V06,26.227,0.104,57.706,404.959,77.051,-106.239,40.670,38525.517,132025.361,20211024_074737,479172,400,33756,313
1,KCYS20211025_123058_V06,-51.577,0.154,156.533,415.844,2.828,-105.654,40.627,1413.958,92198.914,20211025_063058,479174,332,13394,258
1,KCYS20211026_143851_V06,75.148,0.110,171.238,204.643,12.747,-105.578,41.579,6373.304,80113.680,20211026_083851,479173,420,17960,344
1,KCYS20211030_142939_V06,61.263,0.337,424.744,251.144,51.409,-104.061,41.369,25704.395,66985.157,20211030_082939,479172,449,22411,375
1,KCYS20211030_143639_V06,68.263,0.525,423.223,253.039,59.351,-104.070,41.361,29675.250,65934.072,20211030_083639,479171,451,22449,395
1,KCYS20211030_144340_V06,75.279,0.622,423.949,274.862,57.190,-104.067,41.263,28595.185,63236.407,20211030_084340,479174,446,22487,374
1,KCYS20211030_145041_V06,82.296,0.625,421.746,282.480,57.996,-104.080,41.229,28997.895,61500.269,20211030_085041,479173,517,20564,405
2,KCYS20211031_131359_V06,-15.586,0.152,20.535,411.608,21.337,-106.458,40.638,10668.346,150463.621,20211031_071359,479172,305,152086,249
2,KCYS20211031_132100_V06,-8.569,0.150,22.470,417.210,32.647,-106.446,40.612,16323.418,150632.657,20211031_072100,479171,323,151800,250
4,KCYS20211031_134203_V06,12.481,0.119,22.478,162.309,24.043,-106.475,41.760,12021.320,154901.088,20211031_074203,479170,336,143398,286
4,KCYS20211031_134903_V06,19.481,0.199,24.628,161.068,33.265,-106.462,41.766,16632.627,154217.223,20211031_074903,479169,338,144709,264
1,KCYS20211031_123152_V06,-57.703,0.071,157.684,417.496,3.038,-105.647,40.620,1518.940,92275.523,20211031_063152,479174,320,164344,229
8,KCYS20211031_140306_V06,33.531,0.238,257.399,106.845,7.285,-105.063,42.021,3642.546,98898.346,20211031_080306,479171,303,152445,226
12,KCYS20211031_143812_V06,68.631,0.151,265.564,314.236,18.125,-105.011,41.088,9062.656,18631.489,20211031_083812,479174,347,163961,268
29,KCYS20211101_144536_V06,74.845,0.091,48.529,368.388,73.224,-106.297,40.834,36611.771,130301.958,20211101_084536,479173,331,173341,252
29,KCYS20211101_145013_V06,79.461,0.185,48.959,369.758,78.635,-106.294,40.828,39317.746,130276.410,20211101_085013,479171,424,174210,285
29,KCYS20211101_145504_V06,84.311,0.165,54.576,369.097,81.654,-106.261,40.832,40826.940,127482.419,20211101_085504,479173,379,173718,264
1,KCYS20211101_124636_V06,-44.155,0.334,263.869,349.435,30.199,-105.021,40.929,15099.463,30615.820,20211101_064636,479172,306,145204,239
4,KCYS20211101_124636_V06,-44.155,0.061,476.191,363.872,38.574,-103.761,40.860,19286.762,93705.306,20211101_064636,479172,306,145204,239
10,KCYS20211101_132147_V06,-8.972,0.119,195.761,269.294,24.743,-105.428,41.289,12371.746,54334.018,20211101_072147,479172,305,155190,228
14,KCYS20211101_134252_V06,12.111,0.059,27.350,116.260,35.779,-106.451,41.967,17889.349,164391.721,20211101_074252,479175,354,171786,294
20,KCYS20211101_140824_V06,37.645,0.121,202.069,371.404,21.420,-105.387,40.829,10709.993,60598.901,20211101_080824,479178,351,163150,254
1,KCYS20211102_130132_V06,-30.412,0.882,323.266,419.209,12.647,-104.669,40.615,6323.633,60729.151,20211102_070132,479169,341,206109,280
1,KCYS20211102_130834_V06,-23.378,0.817,326.725,421.597,18.859,-104.648,40.604,9429.304,62249.496,20211102_070834,479174,357,209717,274
1,KCYS20211102_131536_V06,-16.345,0.178,332.446,425.745,22.157,-104.614,40.586,11078.676,64931.820,20211102_071536,479171,377,209587,269
10,KCYS20211102_141153_V06,39.938,0.502,304.964,384.485,14.412,-104.777,40.772,7206.188,42315.244,20211102_081153,479172,298,203562,246
10,KCYS20211102_141856_V06,46.988,0.280,307.257,384.324,21.173,-104.763,40.772,10586.676,42318.040,20211102_081856,479179,295,204523,235
10,KCYS20211102_142557_V06,54.005,0.067,311.769,387.083,25.639,-104.736,40.760,12819.311,43937.274,20211102_082557,479175,267,192792,209
7,KCYS20211102_133642_V06,4.755,0.117,25.909,462.713,30.595,-106.421,40.408,15297.674,159374.627,20211102_073642,479175,312,213934,248
7,KCYS20211102_134344_V06,11.788,-1.000,25.909,462.713,41.778,-106.421,40.408,20889.174,159374.627,20211102_074344,479170,338,214365,297
7,KCYS20211102_135047_V06,18.838,0.103,29.033,458.222,35.827,-106.403,40.428,17913.500,156889.246,20211102_075047,479173,361,213196,282
9,KCYS20211102_135047_V06,18.838,0.060,294.219,386.495,13.911,-104.840,40.763,6955.734,43344.078,20211102_075047,479173,361,213196,282
12,KCYS20211102_143300_V06,61.055,0.085,376.736,419.110,20.597,-104.353,40.615,10298.681,70844.345,20211102_083300,479173,343,189643,256
3,KCYS20211103_134309_V06,10.012,0.062,416.516,206.686,2.645,-104.108,41.570,1322.430,74638.205,20211103_074309,479171,416,18993,353
1,KCYS20211107_131820_V06,-19.597,0.060,434.497,341.703,8.875,-104.007,40.961,4437.630,70406.887,20211107_061820,479170,511,15592,396
9,KCYS20211110_134931_V06,7.985,0.050,278.257,83.223,22.202,-104.938,42.128,11101.210,108932.187,20211110_064931,479175,465,43801,372
1,KCYS20211113_124529_V06,-59.639,0.169,39.831,193.646,49.125,-106.367,41.620,24562.466,140533.747,20211113_054529,479173,357,23793,308
1,KCYS20211113_125215_V06,-52.873,0.100,40.962,194.135,56.067,-106.360,41.618,28033.622,139918.089,20211113_055215,479174,421,25247,356
2,KCYS20211113_124529_V06,-59.639,0.053,155.085,437.831,7.894,-105.661,40.528,3947.058,99997.188,20211113_054529,479173,357,23793,308
2,KCYS20211113_125215_V06,-52.873,0.056,154.984,437.410,14.935,-105.662,40.530,7467.597,99888.730,20211113_055215,479174,421,25247,356
6,KCYS20211113_145023_V06,65.261,0.050,274.552,161.120,27.808,-104.959,41.777,13904.072,70596.287,20211113_075023,479174,394,40160,345
2,KCYS20211114_133148_V06,-14.515,0.096,24.576,303.047,32.630,-106.446,41.127,16314.960,137720.508,20211114_063148,479172,438,48897,356
2,KCYS20211114_133850_V06,-7.481,0.068,26.916,306.179,46.870,-106.432,41.113,23435.061,136576.933,20211114_063850,479172,450,52303,367
3,KCYS20211114_133850_V06,-7.481,0.318,369.418,242.472,27.204,-104.391,41.410,13601.986,45078.555,20211114_063850,479172,450,52303,367
6,KCYS20211114_142759_V06,41.669,0.138,348.642,283.649,14.820,-104.516,41.225,7410.133,25658.229,20211114_072759,479171,459,40805,386
1,KCYS20211115_124903_V06,-58.453,0.061,429.893,341.276,6.547,-104.035,40.964,3273.304,68146.600,20211115_054903,479167,280,29313,225
1,KCYS20211119_130909_V06,-43.059,0.151,201.974,286.969,8.799,-105.391,41.209,4399.483,49444.219,20211119_060909,479172,436,49690,338
1,KCYS20211120_133127_V06,-21.920,0.058,36.411,67.537,42.371,-106.402,42.187,21185.486,175725.809,20211120_063127,479169,336,41776,257
1,KCYS20211120_133829_V06,-14.887,0.288,42.371,64.812,52.769,-106.366,42.200,26384.440,174417.762,20211120_063829,479170,389,41695,336
1,KCYS20211120_134530_V06,-7.870,0.081,57.547,71.994,60.559,-106.273,42.169,30279.377,166410.796,20211120_064530,479171,424,40503,341
4,KCYS20211120_141337_V06,20.246,0.136,49.092,108.897,52.370,-106.320,42.002,26185.242,157698.556,20211120_071337,479178,600,55072,459
2,KCYS20211129_130537_V06,-57.777,0.055,245.346,204.895,8.447,-105.134,41.580,4223.433,54845.306,20211129_060537,479170,404,11153,323
1,KCYS20211206_135149_V06,-18.558,0.053,24.219,355.136,51.092,-106.442,40.892,25546.171,140619.358,20211206_065149,479171,494,11864,402
1,KCYS20211208_131612_V06,-55.985,0.054,157.646,417.210,3.296,-105.647,40.621,1647.900,92199.214,20211208_061612,479171,506,16360,390
1,KCYS20211209_132248_V06,-50.254,0.053,28.864,162.055,37.261,-106.436,41.761,18630.402,152104.797,20211209_062248,479172,407,55302,319
3,KCYS20211209_143302_V06,19.980,0.078,202.415,120.236,15.502,-105.395,41.960,7750.946,102271.614,20211209_073302,479174,451,61568,385
1,KCYS20211211_134746_V06,-26.948,0.057,283.862,273.330,5.998,-104.902,41.272,2999.016,15586.153,20211211_064746,479172,235,10310,205
1,KCYS20211215_132547_V06,-51.924,0.062,56.436,382.644,70.495,-106.249,40.771,35247.566,128601.580,20211215_062547,479175,322,47111,278
1,KCYS20211215_133249_V06,-44.891,0.122,57.392,380.642,78.810,-106.243,40.780,39404.818,127829.933,20211215_063249,479172,325,50168,289
1,KCYS20211215_133950_V06,-37.874,0.119,66.482,373.708,77.692,-106.190,40.812,38845.776,122437.117,20211215_063950,479173,329,53563,267
2,KCYS20211215_140755_V06,-9.791,0.056,25.769,200.501,44.563,-106.451,41.588,22281.656,145861.622,20211215_070755,479174,296,62546,237
2,KCYS20211215_141455_V06,-2.791,0.123,27.716,202.713,54.770,-106.439,41.578,27385.013,144571.050,20211215_071455,479172,322,64919,275
3,KCYS20211216_143823_V06,20.001,0.062,21.608,244.514,18.716,-106.470,41.390,9357.825,141933.917,20211216_073823,479171,466,13566,354
3,KCYS20211216_144523_V06,27.001,0.079,24.098,248.256,31.090,-106.455,41.373,15544.839,140356.133,20211216_074523,479171,443,15226,341
4,KCYS20211216_152731_V06,69.135,0.057,26.958,247.344,45.149,-106.438,41.377,22574.429,139036.684,20211216_082731,479170,579,17431,432
1,KCYS20211218_140320_V06,-16.305,0.071,300.564,356.475,14.190,-104.803,40.898,7095.068,28238.881,20211218_070320,479171,377,17478,312
1,KCYS20211223_133056_V06,-51.277,0.088,41.980,115.723,51.200,-106.363,41.971,25599.937,158534.251,20211223_063056,479175,386,42711,317
3,KCYS20211225_141947_V06,-3.215,0.078,346.430,219.209,80.734,-104.528,41.515,40367.130,46591.107,20211225_071947,479170,381,169502,323
3,KCYS20211225_142437_V06,1.618,-1.000,346.430,219.209,88.419,-104.528,41.515,44209.630,46591.107,20211225_072437,479178,420,164196,342
3,KCYS20211225_142911_V06,6.185,0.106,364.593,206.442,83.291,-104.419,41.572,41645.634,56844.909,20211225_072911,479186,324,157492,296
10,KCYS20211225_152500_V06,62.001,0.081,28.574,170.660,32.326,-106.437,41.723,16162.821,150333.596,20211225_082500,479180,371,167409,266
5,KCYS20211226_142014_V06,-3.106,0.099,245.051,35.359,18.620,-105.139,42.343,9310.171,135142.696,20211226_072014,479170,357,87650,291
11,KCYS20211226_153033_V06,67.210,0.124,397.749,183.671,25.205,-104.219,41.674,12602.459,75972.583,20211226_083033,479173,354,70149,270
12,KCYS20211226_153033_V06,67.210,0.107,311.595,137.270,22.408,-104.736,41.885,11203.758,81571.355,20211226_083033,479173,354,70149,270
2,KCYS20211231_140037_V06,-23.880,0.139,106.679,272.970,117.695,-105.960,41.268,58847.332,97600.629,20211231_070037,479174,307,130797,260
5,KCYS20211231_143544_V06,11.237,0.076,171.324,211.088,31.993,-105.577,41.550,15996.572,78202.961,20211231_073544,479169,278,112869,219
11,KCYS20211231_152648_V06,62.304,0.068,375.536,504.599,17.642,-104.362,40.230,8820.855,109048.726,20211231_082648,479171,345,124913,283
