track_id,filename,from_sunrise,det_score,x,y,r,lon,lat,radius,geo_dist,local_time,n_radar_pixels,n_refAbove40_pixels,n_xcorrAbove0.95_pixels,n_xcorrBelow0.95_refAbove40_pixels
2,KGJX20190601_110250_V06,-46.179,0.111,380.743,288.696,13.550,-107.746,39.112,6774.956,40765.047,20190601_050250,479177,0,35150,0
2,KGJX20190601_110931_V06,-39.496,0.786,380.457,289.415,21.895,-107.748,39.109,10947.563,40575.156,20190601_050931,479176,0,34386,0
2,KGJX20190601_111556_V06,-33.079,0.312,385.210,288.692,22.991,-107.720,39.112,11495.644,42978.530,20190601_051556,479172,0,33680,0
8,KGJX20190601_122036_V06,31.588,0.652,227.430,195.195,12.492,-108.635,39.533,6246.168,63738.785,20190601_062036,479175,1,24734,0
8,KGJX20190601_122617_V06,37.271,0.596,226.633,195.308,21.041,-108.640,39.533,10520.376,63920.088,20190601_062617,479177,0,26926,0
8,KGJX20190601_123158_V06,42.954,-1.000,225.961,195.404,29.666,-108.644,39.532,14832.814,64074.554,20190601_063158,479172,0,28566,0
8,KGJX20190601_123737_V06,48.604,0.067,227.681,183.294,28.725,-108.634,39.587,14362.678,68648.179,20190601_063737,479176,0,28835,0
1,KGJX20190601_110250_V06,-46.179,0.764,351.458,406.464,21.082,-107.918,38.582,10541.098,59123.815,20190601_050250,479177,0,35150,0
1,KGJX20190601_110931_V06,-39.496,0.253,351.815,402.641,29.025,-107.916,38.600,14512.333,57489.124,20190601_050931,479176,0,34386,0
5,KGJX20190601_120914_V06,20.221,0.110,350.587,229.484,33.524,-107.920,39.379,16761.913,43392.319,20190601_060914,479175,0,21140,0
7,KGJX20190601_121454_V06,25.888,0.116,294.598,164.627,23.927,-108.245,39.672,11963.329,67740.301,20190601_061454,479173,0,22616,0
7,KGJX20190601_122036_V06,31.588,-1.000,294.598,164.627,32.990,-108.245,39.672,16494.829,67740.301,20190601_062036,479175,1,24734,0
7,KGJX20190601_122617_V06,37.271,0.191,301.297,149.859,28.900,-108.205,39.738,14449.810,75073.266,20190601_062617,479177,0,26926,0
10,KGJX20190601_122036_V06,31.588,0.147,233.740,154.361,28.312,-108.599,39.717,14155.909,80001.745,20190601_062036,479175,1,24734,0
13,KGJX20190601_123158_V06,42.954,0.184,232.347,187.130,17.884,-108.607,39.570,8941.948,65796.253,20190601_063158,479172,0,28566,0
9,KGJX20190602_130103_V06,72.421,0.098,25.688,430.322,38.354,-109.785,38.465,19177.094,151847.710,20190602_070103,479171,0,29520,0
9,KGJX20190602_130620_V06,77.704,0.127,26.259,427.202,44.946,-109.782,38.479,22473.128,150926.007,20190602_070620,479177,1,28034,1
9,KGJX20190602_131138_V06,83.004,0.065,29.993,420.340,49.354,-109.761,38.510,24676.866,147805.275,20190602_071138,479180,0,27304,0
9,KGJX20190602_131657_V06,88.321,0.068,31.284,412.119,49.435,-109.754,38.547,24717.554,145584.236,20190602_071657,479174,0,26701,0
1,KGJX20190602_111628_V06,-32.163,0.365,254.192,445.232,28.037,-108.475,38.408,14018.273,76142.633,20190602_051628,479172,0,41302,0
1,KGJX20190602_112201_V06,-26.613,0.057,254.955,442.681,33.903,-108.471,38.419,16951.679,74811.003,20190602_052201,479170,1,40642,1
3,KGJX20190602_114939_V06,1.021,0.083,30.639,152.094,42.308,-109.784,39.718,21153.757,153648.443,20190602_054939,479171,0,36824,0
3,KGJX20190602_120041_V06,12.054,0.082,34.711,148.278,53.827,-109.760,39.735,26913.579,152805.135,20190602_060041,479178,0,34582,0
3,KGJX20190602_120614_V06,17.604,0.205,41.624,123.126,45.502,-109.723,39.849,22751.196,156559.024,20190602_060614,479176,0,32863,0
5,KGJX20190602_121144_V06,23.104,0.305,200.326,203.838,26.750,-108.792,39.494,13374.987,69249.619,20190602_061144,479173,0,32004,0
5,KGJX20190602_121715_V06,28.621,0.190,201.745,204.247,33.977,-108.784,39.492,16988.569,68597.628,20190602_061715,479175,0,30723,0
6,KGJX20190602_124432_V06,55.904,0.139,224.568,162.256,39.485,-108.653,39.682,19742.622,78522.829,20190602_064432,479178,0,29386,0
10,KGJX20190602_130103_V06,72.421,0.061,246.271,77.747,26.855,-108.528,40.063,13427.340,114327.429,20190602_070103,479171,0,29520,0
11,KGJX20190602_130103_V06,72.421,0.056,141.099,159.041,29.539,-109.139,39.693,14769.611,106206.345,20190602_070103,479171,0,29520,0
7,KGJX20190603_115129_V06,3.206,0.118,258.867,185.463,28.719,-108.452,39.578,14359.514,60849.521,20190603_055129,479164,15,32239,0
1,KGJX20190604_111358_V06,-33.990,0.203,313.643,331.679,12.637,-108.134,38.920,6318.501,17245.802,20190604_051358,479171,0,14542,0
2,KGJX20190604_120212_V06,14.243,0.130,296.259,307.554,20.684,-108.235,39.028,10342.030,4214.720,20190604_060212,479173,0,6824,0
1,KGJX20190605_120522_V06,17.699,0.087,301.816,304.282,13.117,-108.203,39.043,6558.460,2325.453,20190605_060522,479173,0,8352,0
2,KGJX20190605_122442_V06,37.033,0.087,352.275,227.484,11.433,-107.910,39.388,5716.297,44696.682,20190605_062442,479171,0,12430,0
1,KGJX20190608_123739_V06,50.664,0.055,285.139,330.031,27.761,-108.299,38.927,13880.436,16753.633,20190608_063739,479177,0,13902,0
1,KGJX20190608_124222_V06,55.380,0.060,300.605,307.857,20.144,-108.210,39.027,10072.163,3940.205,20190608_064222,479180,1,14495,1
1,KGJX20190609_104938_V06,-57.188,0.064,349.329,233.067,6.356,-107.927,39.363,3178.249,41573.137,20190609_044938,479170,0,11830,0
1,KGJX20190611_110616_V06,-40.318,0.299,358.675,289.913,8.718,-107.874,39.107,4358.994,29767.831,20190611_050616,479174,0,24135,0
5,KGJX20190611_130225_V06,75.832,0.060,304.796,296.639,27.742,-108.185,39.077,13871.170,2928.176,20190611_070225,479174,0,9921,0
1,KGJX20190612_110354_V06,-42.613,0.180,347.957,233.549,7.590,-107.935,39.361,3795.120,40974.557,20190612_050354,479173,0,20443,0
1,KGJX20190612_111333_V06,-32.963,0.072,351.128,232.211,17.177,-107.916,39.367,8588.254,42454.154,20190612_051333,479172,0,15302,0
1,KGJX20190613_110113_V06,-45.255,0.816,351.283,230.421,6.226,-107.915,39.375,3113.136,43218.025,20190613_050113,479173,0,34920,0
1,KGJX20190613_111053_V06,-35.588,0.262,350.740,230.725,13.264,-107.919,39.374,6632.141,42934.722,20190613_051053,479173,0,30131,0
4,KGJX20190613_110113_V06,-45.255,0.102,419.966,243.427,3.012,-107.518,39.315,1505.878,66318.152,20190613_050113,479173,0,34920,0
7,KGJX20190613_111053_V06,-35.588,0.155,376.827,285.713,8.410,-107.769,39.126,4205.109,39072.267,20190613_051053,479173,0,30131,0
1,KGJX20190614_104711_V06,-59.278,0.086,351.053,232.371,7.794,-107.917,39.366,3896.832,42367.584,20190614_044711,479178,0,40449,0
2,KGJX20190614_111636_V06,-29.861,0.055,351.141,232.955,10.839,-107.916,39.364,5419.586,42161.731,20190614_051636,479174,1,30927,1
1,KGJX20190615_110231_V06,-43.964,0.119,318.719,371.150,15.778,-108.105,38.742,7889.236,36785.786,20190615_050231,479180,0,17441,0
3,KGJX20190616_110945_V06,-36.780,0.152,386.623,163.667,17.348,-107.708,39.675,8674.118,80762.505,20190616_050945,479172,9,44259,0
3,KGJX20190616_111531_V06,-31.014,0.060,386.112,163.954,26.626,-107.711,39.674,13313.055,80504.286,20190616_051531,479173,10,41595,0
3,KGJX20190616_112112_V06,-25.330,0.553,392.346,164.929,23.287,-107.675,39.669,11643.341,81810.703,20190616_052112,479175,5,39529,0
3,KGJX20190616_112652_V06,-19.664,0.087,393.217,167.752,31.958,-107.670,39.657,15978.914,80899.723,20190616_052652,479171,0,37198,0
4,KGJX20190616_110945_V06,-36.780,0.062,31.544,529.780,29.873,-109.742,38.017,14936.695,176682.922,20190616_050945,479172,9,44259,0
15,KGJX20190616_112652_V06,-19.664,0.057,326.848,416.724,17.937,-108.059,38.536,8968.584,59886.040,20190616_052652,479171,0,37198,0
16,KGJX20190616_112652_V06,-19.664,0.057,374.038,290.012,8.176,-107.785,39.106,4088.017,37354.161,20190616_052652,479171,0,37198,0
10,KGJX20190617_120209_V06,15.540,0.228,25.521,431.475,46.186,-109.785,38.459,23093.201,152171.385,20190617_060209,479171,13,94309,0
10,KGJX20190617_120650_V06,20.223,0.160,25.584,427.716,51.451,-109.785,38.476,25725.365,151340.062,20190617_060650,479176,28,95006,0
11,KGJX20190617_120209_V06,15.540,0.186,231.387,227.999,14.071,-108.611,39.386,7035.456,49728.804,20190617_060209,479171,13,94309,0
11,KGJX20190617_120650_V06,20.223,0.118,228.127,229.987,19.607,-108.630,39.377,9803.733,50168.463,20190617_060650,479176,28,95006,0
11,KGJX20190617_121132_V06,24.923,-1.000,225.559,231.553,25.575,-108.645,39.370,12787.716,50563.010,20190617_061132,479176,26,94686,0
11,KGJX20190617_121616_V06,29.656,0.076,223.218,236.852,15.125,-108.658,39.346,7562.330,49707.208,20190617_061616,479173,31,94717,1
17,KGJX20190617_122540_V06,39.056,0.079,187.745,357.612,8.971,-108.859,38.801,4485.310,63087.979,20190617_062540,479173,27,92272,0
17,KGJX20190617_123022_V06,43.756,0.071,188.910,357.633,14.638,-108.852,38.801,7319.209,62574.824,20190617_063022,479174,14,92131,0
17,KGJX20190617_123520_V06,48.723,0.278,193.186,355.916,11.026,-108.828,38.809,5513.052,60282.556,20190617_063520,479175,11,92623,0
3,KGJX20190617_113640_V06,-9.944,0.107,455.180,210.638,32.404,-107.311,39.461,16201.996,89535.370,20190617_053640,479172,2,85089,0
20,KGJX20190617_125012_V06,63.590,0.051,27.944,396.239,40.736,-109.775,38.618,20368.198,144288.420,20190617_065012,479171,22,94757,1
20,KGJX20190617_130022_V06,73.756,-1.000,27.944,396.239,56.901,-109.775,38.618,28450.698,144288.420,20190617_070022,479176,56,94775,0
20,KGJX20190617_130520_V06,78.723,0.066,35.236,364.574,67.385,-109.736,38.761,33692.673,136262.135,20190617_070520,479172,86,93441,3
1,KGJX20190618_104700_V06,-59.720,0.296,350.238,232.080,6.252,-107.922,39.368,3125.988,42240.332,20190618_044700,479170,1,56076,0
1,KGJX20190618_105312_V06,-53.520,0.386,349.957,231.694,11.814,-107.923,39.369,5906.773,42312.524,20190618_045312,479174,18,55080,1
7,KGJX20190618_124026_V06,53.713,0.055,68.447,79.295,57.973,-109.570,40.048,28986.492,159943.339,20190618_064026,479183,0,46915,0
7,KGJX20190618_124638_V06,59.913,0.181,69.475,78.846,63.852,-109.564,40.050,31926.091,159727.106,20190618_064638,479178,0,50167,0
7,KGJX20190618_125250_V06,66.113,0.056,73.471,84.401,49.113,-109.540,40.026,24556.629,156363.896,20190618_065250,479175,1,51820,0
7,KGJX20190618_130508_V06,78.413,0.166,75.928,89.585,57.695,-109.525,40.002,28847.726,153690.335,20190618_070508,479165,4,56114,1
11,KGJX20190618_130508_V06,78.413,0.051,241.242,238.132,15.689,-108.554,39.340,7844.587,42662.029,20190618_070508,479165,4,56114,1
11,KGJX20190618_131112_V06,84.480,0.146,242.479,237.365,23.046,-108.547,39.344,11523.231,42520.077,20190618_071112,479182,0,58581,0
9,KGJX20190618_130508_V06,78.413,0.284,38.353,152.158,30.182,-109.739,39.718,15090.957,150263.732,20190618_070508,479165,4,56114,1
10,KGJX20190618_130508_V06,78.413,0.054,387.780,196.177,31.420,-107.703,39.529,15709.999,67979.036,20190618_070508,479165,4,56114,1
1,KGJX20190619_122520_V06,38.474,0.448,301.806,304.330,24.376,-108.203,39.043,12187.828,2345.781,20190619_062520,479172,0,12268,0
1,KGJX20190619_123500_V06,48.141,0.071,302.387,304.856,33.702,-108.199,39.040,16851.059,2705.536,20190619_063500,479172,0,11869,0
1,KGJX20190620_110151_V06,-45.178,0.173,352.098,226.562,10.831,-107.911,39.393,5415.264,45020.279,20190620_050151,479171,0,33000,0
1,KGJX20190620_111130_V06,-35.528,0.077,351.011,231.708,7.087,-107.917,39.369,3543.549,42620.046,20190620_051130,479172,0,26886,0
2,KGJX20190620_111130_V06,-35.528,0.202,310.173,211.018,5.208,-108.154,39.463,2604.218,44780.822,20190620_051130,479172,0,26886,0
3,KGJX20190621_105254_V06,-54.325,0.064,255.036,248.960,18.142,-108.474,39.292,9070.763,34010.430,20190621_045254,479172,251,139732,28
7,KGJX20190621_111504_V06,-32.158,0.238,389.213,275.362,13.218,-107.697,39.172,6609.009,46276.311,20190621_051504,479179,31,131151,2
5,KGJX20190622_124650_V06,59.382,0.150,351.425,239.394,14.750,-107.915,39.335,7375.046,39741.537,20190622_064650,479175,3,16543,3
5,KGJX20190622_125223_V06,64.932,0.087,351.769,236.026,23.289,-107.913,39.350,11644.414,41147.997,20190622_065223,479176,2,14698,2
2,KGJX20190622_112743_V06,-19.734,0.065,196.589,361.575,11.683,-108.808,38.783,5841.551,60177.271,20190622_052743,479190,3,42971,3
6,KGJX20190622_124650_V06,59.382,0.101,199.982,379.254,26.349,-108.788,38.704,13174.597,63806.165,20190622_064650,479175,3,16543,3
5,KGJX20190623_122019_V06,32.611,0.072,255.024,314.102,20.507,-108.473,38.998,10253.698,23567.466,20190623_062019,479175,0,34594,0
1,KGJX20190624_111239_V06,-35.337,0.101,344.182,292.579,5.211,-107.958,39.095,2605.476,22400.318,20190624_051239,479169,0,14441,0
3,KGJX20190624_121038_V06,22.646,0.105,301.904,311.712,13.897,-108.202,39.009,6948.471,5932.683,20190624_061038,479172,0,6835,0
1,KGJX20190625_104934_V06,-58.730,0.375,350.294,231.194,6.483,-107.921,39.372,3241.257,42613.742,20190625_044934,479169,0,39765,0
1,KGJX20190625_110856_V06,-39.364,0.085,351.253,231.584,13.056,-107.916,39.370,6528.059,42742.417,20190625_050856,479169,0,30752,0
1,KGJX20190625_111837_V06,-29.680,-1.000,351.726,231.776,16.534,-107.913,39.369,8266.796,42807.901,20190625_051837,479174,0,22300,0
1,KGJX20190625_112818_V06,-19.997,-1.000,352.198,231.968,20.011,-107.910,39.368,10005.532,42874.800,20190625_052818,479174,1,17010,0
1,KGJX20190625_113759_V06,-10.314,-1.000,352.670,232.160,23.489,-107.907,39.367,11744.268,42943.108,20190625_053759,479174,0,14987,0
1,KGJX20190625_114741_V06,-0.614,-1.000,353.143,232.352,26.972,-107.905,39.366,13485.997,43012.940,20190625_054741,479171,0,13938,0
1,KGJX20190625_120706_V06,18.803,0.067,324.879,296.033,27.170,-108.069,39.080,13585.067,12596.539,20190625_060706,479174,0,8417,0
3,KGJX20190625_112818_V06,-19.997,0.297,351.702,231.442,5.916,-107.913,39.371,2957.901,42933.865,20190625_052818,479174,1,17010,0
4,KGJX20190625_112818_V06,-19.997,0.178,344.120,37.025,48.708,-107.954,40.246,24353.897,133325.102,20190625_052818,479174,1,17010,0
4,KGJX20190625_113759_V06,-10.314,-1.000,344.120,37.025,64.104,-107.954,40.246,32052.147,133325.102,20190625_053759,479174,0,14987,0
4,KGJX20190625_114741_V06,-0.614,0.199,384.270,35.333,47.621,-107.718,40.253,23810.703,138879.349,20190625_054741,479171,0,13938,0
1,KGJX20190626_111201_V06,-36.617,0.064,336.460,297.858,8.397,-108.002,39.072,4198.463,18261.532,20190626_051201,479174,0,21664,0
2,KGJX20190626_122920_V06,40.700,0.122,327.456,328.094,37.191,-108.055,38.936,18595.562,19641.129,20190626_062920,479172,0,8066,0
3,KGJX20190626_124840_V06,60.033,0.063,284.429,333.466,28.074,-108.303,38.911,14037.132,18455.743,20190626_064840,479172,0,9857,0
8,KGJX20190627_122847_V06,39.787,0.101,303.677,305.594,19.684,-108.192,39.037,9842.155,3347.392,20190627_062847,479171,0,5601,0
8,KGJX20190627_123827_V06,49.454,0.159,305.705,303.530,26.105,-108.180,39.046,13052.622,3354.329,20190627_063827,479173,0,5160,0
8,KGJX20190627_124808_V06,59.137,0.411,307.364,300.910,14.430,-108.171,39.058,7214.756,3709.832,20190627_064808,479173,0,5378,0
8,KGJX20190627_130729_V06,78.487,0.149,309.009,300.996,22.516,-108.161,39.058,11257.900,4531.883,20190627_070729,479171,0,5733,0
1,KGJX20190627_110143_V06,-47.279,0.102,361.105,286.552,2.667,-107.860,39.122,1333.588,31283.617,20190627_050143,479170,0,31829,0
2,KGJX20190627_110143_V06,-47.279,0.086,358.159,245.849,15.816,-107.876,39.306,7907.837,39732.910,20190627_050143,479170,0,31829,0
6,KGJX20190627_112105_V06,-27.913,0.106,368.736,286.738,5.553,-107.816,39.121,2776.718,35002.092,20190627_052105,479171,0,17291,0
1,KGJX20190628_113928_V06,-9.918,0.067,318.724,312.501,30.404,-108.105,39.006,15201.862,11257.143,20190628_053928,479170,0,13103,0
2,KGJX20190628_124713_V06,57.832,0.071,351.072,230.491,8.226,-107.917,39.375,4113.216,43127.355,20190628_064713,479168,0,7938,0
9,KGJX20190630_115306_V06,2.862,0.128,329.958,448.416,8.435,-108.042,38.394,4217.524,75704.461,20190630_055306,479173,28,52988,0
9,KGJX20190630_120456_V06,14.696,0.122,331.441,445.460,20.404,-108.033,38.407,10201.811,74409.508,20190630_060456,479172,7,49716,1
9,KGJX20190630_121109_V06,20.912,0.157,327.666,443.337,25.499,-108.055,38.417,12749.743,72991.042,20190630_061109,479174,4,47749,0
9,KGJX20190630_121721_V06,27.112,0.134,334.394,439.087,21.853,-108.016,38.436,10926.586,71638.413,20190630_061721,479175,9,45800,0
9,KGJX20190630_122316_V06,33.029,0.053,333.774,437.158,30.058,-108.020,38.444,15028.956,70627.355,20190630_062316,479170,5,43669,1
9,KGJX20190630_122911_V06,38.946,-1.000,333.244,435.510,38.439,-108.023,38.452,19219.318,69764.287,20190630_062911,479170,1,41834,1
9,KGJX20190630_123507_V06,44.879,0.157,335.553,425.519,28.848,-108.009,38.497,14424.170,65228.310,20190630_063507,479173,0,41753,0
16,KGJX20190630_122316_V06,33.029,0.069,171.119,186.607,25.802,-108.963,39.570,12901.070,85831.622,20190630_062316,479170,5,43669,1
16,KGJX20190630_122911_V06,38.946,0.144,173.463,184.048,32.158,-108.949,39.582,16079.247,85814.503,20190630_062911,479170,1,41834,1
3,KGJX20190630_112301_V06,-27.221,0.151,282.065,281.246,17.288,-108.317,39.147,8644.218,12974.546,20190630_052301,479183,8,57368,0
4,KGJX20190630_112913_V06,-21.021,0.249,397.051,131.631,16.529,-107.646,39.819,8264.393,97168.844,20190630_052913,479180,7,55571,0
13,KGJX20190630_121109_V06,20.912,0.096,293.484,42.350,36.269,-108.251,40.223,18134.296,128866.051,20190630_061109,479174,4,47749,0
14,KGJX20190630_121109_V06,20.912,0.079,392.053,509.441,22.492,-107.688,38.118,11246.243,114388.779,20190630_061109,479174,4,47749,0
18,KGJX20190630_122911_V06,38.946,0.101,29.127,199.512,41.457,-109.788,39.504,20728.355,144455.979,20190630_062911,479170,1,41834,1
23,KGJX20190630_124703_V06,56.812,0.051,404.582,119.308,26.291,-107.602,39.874,13145.721,104387.730,20190630_064703,479174,1,44003,0
1,KGJX20190701_105050_V06,-59.867,0.062,360.047,285.213,2.816,-107.866,39.128,1408.005,30920.701,20190701_045050,479168,2,39649,2
1,KGJX20190701_110259_V06,-47.717,0.148,360.347,285.319,9.741,-107.864,39.128,4870.262,31053.365,20190701_050259,479176,0,38127,0
4,KGJX20190701_112122_V06,-29.334,0.061,349.377,231.367,10.503,-107.927,39.371,5251.614,42274.619,20190701_052122,479176,0,24236,0
5,KGJX20190701_112727_V06,-23.251,0.052,299.356,322.366,25.489,-108.217,38.961,12744.452,11187.553,20190701_052727,479173,2,19956,2
4,KGJX20190702_121008_V06,18.946,0.052,297.857,382.921,16.839,-108.225,38.689,8419.563,41474.172,20190702_061008,479181,376,83353,6
1,KGJX20190703_122507_V06,33.421,0.092,333.014,294.432,26.678,-108.022,39.087,13338.886,16740.136,20190703_062507,479175,0,9302,0
1,KGJX20190704_111345_V06,-38.477,0.060,369.231,115.389,38.552,-107.808,39.893,19275.806,98582.896,20190704_051345,479172,0,28699,0
2,KGJX20190705_110007_V06,-52.663,0.102,348.605,233.064,3.458,-107.931,39.363,1728.752,41360.777,20190705_050007,479173,0,41939,0
2,KGJX20190705_110947_V06,-42.996,0.082,348.661,232.502,11.412,-107.931,39.366,5705.834,41605.190,20190705_050947,479170,0,39041,0
1,KGJX20190706_110755_V06,-45.435,0.080,351.742,231.584,7.121,-107.913,39.370,3560.486,42889.304,20190706_050755,479173,0,44382,0
1,KGJX20190706_111734_V06,-35.785,0.104,352.361,230.941,15.240,-107.909,39.373,7620.146,43332.431,20190706_051734,479169,0,41434,0
2,KGJX20190706_123454_V06,41.548,0.053,302.462,307.225,25.934,-108.199,39.030,12966.816,3816.430,20190706_063454,479171,0,14720,0
2,KGJX20190706_124435_V06,51.231,0.059,298.365,312.480,32.316,-108.222,39.006,16157.767,6293.188,20190706_064435,479174,0,14885,0
2,KGJX20190706_130354_V06,70.548,0.078,288.325,317.292,22.404,-108.280,38.984,11202.168,10432.253,20190706_070354,479170,0,15335,0
1,KGJX20190707_131038_V06,76.688,0.251,298.994,327.930,27.426,-108.219,38.936,13712.923,13974.075,20190707_071038,479173,0,17168,0
13,KGJX20190708_131545_V06,81.193,0.283,222.686,423.608,21.434,-108.656,38.505,10716.930,72897.767,20190708_071545,479169,239,121559,4
13,KGJX20190708_132255_V06,88.360,0.448,224.877,423.386,28.728,-108.644,38.506,14363.815,72228.119,20190708_072255,479175,208,126293,1
2,KGJX20190708_110621_V06,-48.207,0.051,176.611,421.002,8.212,-108.920,38.515,4106.037,86409.643,20190708_050621,479178,6,114889,0
8,KGJX20190708_123947_V06,45.227,0.085,322.401,183.235,34.184,-108.083,39.588,17091.896,59447.084,20190708_063947,479172,43,119927,1
10,KGJX20190708_124659_V06,52.427,0.051,204.071,374.521,24.761,-108.765,38.725,12380.655,60736.539,20190708_064659,479173,105,120065,2
12,KGJX20190708_131545_V06,81.193,0.329,424.418,268.812,27.416,-107.493,39.200,13708.061,64133.728,20190708_071545,479169,239,121559,4
14,KGJX20190708_131545_V06,81.193,0.094,193.826,219.473,24.400,-108.830,39.423,12200.249,66628.516,20190708_071545,479169,239,121559,4
1,KGJX20190709_110449_V06,-50.370,0.074,348.354,233.773,4.799,-107.933,39.360,2399.570,41000.559,20190709_050449,479170,1,41350,1
1,KGJX20190709_111143_V06,-43.470,0.071,348.838,233.382,12.063,-107.930,39.362,6031.258,41300.939,20190709_051143,479173,1,38875,1
3,KGJX20190709_113258_V06,-22.220,0.464,343.634,293.809,8.056,-107.961,39.090,4028.061,22035.411,20190709_053258,479174,1,24854,1
1,KGJX20190710_110611_V06,-49.652,0.582,352.103,230.416,8.152,-107.911,39.375,4076.023,43464.558,20190710_050611,479169,0,38597,0
1,KGJX20190710_111551_V06,-39.985,0.090,352.690,230.547,15.898,-107.907,39.375,7949.026,43588.646,20190710_051551,479168,0,38513,0
4,KGJX20190710_122329_V06,27.648,0.103,310.446,303.854,24.501,-108.153,39.045,12250.408,5567.087,20190710_062329,479172,0,14967,0
1,KGJX20190711_110154_V06,-54.601,0.306,351.793,230.642,7.256,-107.913,39.374,3627.861,43280.984,20190711_050154,479174,0,35590,0
1,KGJX20190711_111134_V06,-44.934,0.087,351.841,231.151,14.414,-107.912,39.372,7206.822,43092.018,20190711_051134,479170,0,34061,0
1,KGJX20190711_112113_V06,-35.284,0.052,353.980,227.578,11.598,-107.900,39.388,5798.790,45163.217,20190711_052113,479172,0,31024,0
3,KGJX20190711_115014_V06,-6.267,0.080,321.093,417.279,46.132,-108.092,38.534,23065.859,59580.150,20190711_055014,479173,0,24638,0
1,KGJX20190712_110313_V06,-53.966,0.628,349.406,231.292,6.455,-107.926,39.371,3227.409,42313.434,20190712_050313,479172,1,38010,1
1,KGJX20190712_110924_V06,-47.782,0.343,349.611,231.056,12.467,-107.925,39.372,6233.685,42469.238,20190712_050924,479177,2,38564,2
1,KGJX20190712_111536_V06,-41.582,-1.000,349.788,230.851,19.016,-107.924,39.373,9507.771,42604.275,20190712_051536,479177,3,37764,3
1,KGJX20190712_112148_V06,-35.382,0.128,352.169,233.677,8.869,-107.910,39.361,4434.692,42190.812,20190712_052148,479165,1,36255,1
9,KGJX20190712_110924_V06,-47.782,0.051,361.307,286.086,2.260,-107.859,39.124,1130.020,31433.011,20190712_050924,479177,2,38564,2
9,KGJX20190712_111536_V06,-41.582,0.078,361.365,286.225,9.171,-107.858,39.124,4585.502,31445.883,20190712_051536,479177,3,37764,3
5,KGJX20190712_110924_V06,-47.782,0.177,227.035,76.157,27.360,-108.641,40.070,13680.037,117717.690,20190712_050924,479177,2,38564,2
6,KGJX20190712_110924_V06,-47.782,0.089,273.736,66.563,14.040,-108.367,40.113,7019.924,117455.047,20190712_050924,479177,2,38564,2
13,KGJX20190712_120506_V06,7.918,0.052,373.995,123.195,49.334,-107.781,39.858,24667.103,95832.052,20190712_060506,479173,3,34541,3
1,KGJX20190713_114613_V06,-11.663,0.054,33.475,199.608,43.001,-109.763,39.504,21500.500,142402.752,20190713_054613,479172,1,29880,1
2,KGJX20190713_130453_V06,67.003,0.480,368.383,281.670,7.757,-107.818,39.144,3878.475,35398.773,20190713_070453,479170,2,36469,1
5,KGJX20190714_114916_V06,-9.326,0.088,398.080,109.576,22.568,-107.639,39.918,11283.775,107099.351,20190714_054916,479175,7,87054,1
9,KGJX20190714_120730_V06,8.907,0.074,247.164,398.239,30.109,-108.516,38.619,15054.346,55773.298,20190714_060730,479177,2,69496,2
9,KGJX20190714_121336_V06,15.007,-1.000,247.164,398.239,39.808,-108.516,38.619,19903.846,55773.298,20190714_061336,479176,1,67631,1
9,KGJX20190714_121946_V06,21.174,0.091,258.969,390.874,29.964,-108.449,38.653,14982.126,49853.772,20190714_061946,479171,1,64496,1
12,KGJX20190714_122557_V06,27.357,0.280,203.127,388.981,22.611,-108.770,38.660,11305.376,65768.365,20190714_062557,479173,0,60530,0
1,KGJX20190715_131322_V06,74.046,0.094,24.764,359.420,24.216,-109.797,38.784,12108.083,140788.532,20190715_071322,479181,2,45491,1
6,KGJX20190716_121043_V06,10.655,0.099,61.094,306.060,28.125,-109.593,39.027,14062.283,119491.321,20190716_061043,479179,3,38599,2
6,KGJX20190716_121533_V06,15.488,0.198,62.473,305.641,34.024,-109.585,39.029,17012.178,118797.052,20190716_061533,479177,18,38852,5
6,KGJX20190716_122020_V06,20.271,0.105,66.762,304.180,35.454,-109.560,39.036,17726.899,116637.562,20190716_062020,479183,25,39053,3
2,KGJX20190716_115132_V06,-8.529,0.057,252.770,200.314,33.116,-108.488,39.511,16557.941,55154.392,20190716_055132,479169,10,38751,0
3,KGJX20190716_120108_V06,1.071,0.054,349.046,202.221,27.764,-107.928,39.502,13882.111,54695.367,20190716_060108,479188,6,38036,4
5,KGJX20190716_120108_V06,1.071,0.052,19.161,436.895,18.093,-109.821,38.434,9046.652,156213.685,20190716_060108,479188,6,38036,4
8,KGJX20190716_130621_V06,66.288,0.079,36.557,330.677,29.395,-109.732,38.914,14697.515,132611.451,20190716_070621,479180,15,47068,1
1,KGJX20190718_110630_V06,-55.085,0.311,351.019,230.299,5.992,-107.917,39.376,2995.861,43189.121,20190718_050630,479172,0,32504,0
1,KGJX20190718_111609_V06,-45.435,0.058,350.300,230.416,14.599,-107.921,39.375,7299.719,42930.273,20190718_051609,479172,0,30531,0
3,KGJX20190718_131203_V06,70.465,0.090,361.560,241.538,15.263,-107.856,39.325,7631.645,42448.220,20190718_071203,479173,0,35361,0
5,KGJX20190720_123505_V06,31.927,0.060,15.936,207.840,17.401,-109.864,39.466,8700.407,149319.773,20190720_063505,479171,26,86531,0
5,KGJX20190720_124110_V06,38.011,0.097,17.742,205.862,25.248,-109.853,39.475,12623.844,148771.537,20190720_064110,479177,7,88195,0
5,KGJX20190720_124719_V06,44.161,0.100,23.081,195.689,27.226,-109.823,39.521,13613.040,147956.982,20190720_064719,479179,8,89843,0
1,KGJX20190720_111452_V06,-48.289,0.053,352.555,230.845,8.766,-107.908,39.373,4382.885,43429.303,20190720_051452,479176,7,69699,0
1,KGJX20190721_110712_V06,-56.759,0.113,310.502,333.422,7.999,-108.153,38.912,3999.699,17516.760,20190721_050712,479174,0,18874,0
1,KGJX20190721_111651_V06,-47.109,0.058,311.725,333.563,17.483,-108.145,38.911,8741.605,17776.048,20190721_051651,479172,0,18532,0
3,KGJX20190721_122428_V06,20.508,0.505,355.355,292.080,6.895,-107.893,39.097,3447.250,27959.566,20190721_062428,479175,0,12964,0
3,KGJX20190721_123406_V06,30.141,0.254,356.131,291.811,14.410,-107.889,39.099,7204.950,28362.737,20190721_063406,479171,0,13948,0
3,KGJX20190721_124345_V06,39.791,0.071,357.564,291.589,8.340,-107.880,39.100,4169.804,29087.400,20190721_064345,479173,0,15575,0
4,KGJX20190723_130042_V06,55.105,0.058,355.253,231.085,11.953,-107.892,39.372,5976.562,44164.915,20190723_070042,479170,0,19367,0
2,KGJX20190724_111156_V06,-54.494,0.072,118.538,344.271,5.738,-109.258,38.858,2868.985,93392.064,20190724_051156,479173,0,24555,0
3,KGJX20190724_121302_V06,6.606,0.110,209.183,327.676,8.940,-108.737,38.936,4469.782,47470.149,20190724_061302,479169,0,19903,0
6,KGJX20190725_120946_V06,2.498,0.059,451.550,55.976,45.812,-107.324,40.158,22906.139,143627.367,20190725_060946,479179,53,128412,14
7,KGJX20190725_121648_V06,9.531,0.072,22.529,413.031,17.883,-109.804,38.542,8941.287,149804.904,20190725_061648,479169,26,127829,4
3,KGJX20190726_132935_V06,81.465,0.171,205.609,408.450,16.313,-108.755,38.572,8156.384,71887.046,20190726_072935,479176,0,17070,0
10,KGJX20190727_131133_V06,62.574,0.283,323.581,386.865,13.877,-108.078,38.671,6938.560,45004.309,20190727_071133,479173,0,17223,0
10,KGJX20190727_131835_V06,69.607,0.178,324.522,386.936,23.828,-108.072,38.671,11913.991,45164.184,20190727_071835,479175,0,18207,0
10,KGJX20190727_132538_V06,76.657,0.198,336.051,386.086,19.776,-108.006,38.674,9887.936,46665.192,20190727_072538,479172,1,18645,1
10,KGJX20190727_133238_V06,83.657,0.286,339.661,385.578,26.700,-107.985,38.677,13350.147,47160.961,20190727_073238,479172,1,19470,1
1,KGJX20190728_122148_V06,11.959,0.052,301.540,342.593,28.874,-108.204,38.870,14436.991,21310.357,20190728_062148,479168,0,18498,0
1,KGJX20190803_111939_V06,-55.497,0.115,308.908,332.301,7.445,-108.162,38.917,3722.416,16753.641,20190803_051939,479172,0,17354,0
1,KGJX20190806_130045_V06,42.899,0.074,349.938,230.792,7.299,-107.923,39.374,3649.326,42671.695,20190806_070045,479172,0,42318,0
1,KGJX20190806_131025_V06,52.566,0.158,351.917,229.241,16.844,-107.912,39.381,8422.146,43880.893,20190806_071025,479171,0,43395,0
5,KGJX20190807_121420_V06,-4.424,0.131,23.146,280.074,31.787,-109.814,39.141,15893.639,138785.068,20190807_061420,479172,0,31723,0
5,KGJX20190807_122401_V06,5.260,0.083,24.281,275.705,39.745,-109.808,39.161,19872.375,138393.729,20190807_062401,479173,0,31110,0
2,KGJX20190807_112603_V06,-52.707,0.161,508.031,176.896,11.723,-107.002,39.610,5861.740,120863.232,20190807_052603,479173,0,30460,0
3,KGJX20190807_112603_V06,-52.707,0.111,442.598,226.529,13.284,-107.385,39.390,6641.762,80206.268,20190807_052603,479173,0,30460,0
4,KGJX20190807_114522_V06,-33.390,0.112,203.620,216.753,18.275,-108.773,39.436,9137.306,63677.270,20190807_054522,479175,0,29693,0
6,KGJX20190807_130238_V06,43.876,0.107,235.917,335.342,41.678,-108.582,38.902,20839.222,36591.096,20190807_070238,479171,0,33149,0
7,KGJX20190807_130238_V06,43.876,0.105,15.316,342.926,19.042,-109.853,38.857,9521.211,143950.989,20190807_070238,479171,0,33149,0
3,KGJX20190808_112433_V06,-55.115,0.069,331.729,71.257,6.699,-108.027,40.092,3349.316,115466.368,20190808_052433,479179,0,23710,0
2,KGJX20190809_122436_V06,4.026,0.055,138.067,321.161,21.706,-109.147,38.963,10853.153,81654.970,20190809_062436,479178,0,23861,0
2,KGJX20190810_122951_V06,8.366,0.596,305.659,305.536,22.105,-108.180,39.037,11052.475,3958.132,20190810_062951,479172,0,14092,0
2,KGJX20190810_123930_V06,18.016,0.587,305.948,305.674,27.886,-108.179,39.037,13943.141,4110.359,20190810_063930,479172,0,13618,0
1,KGJX20190810_121033_V06,-10.934,0.102,352.745,221.132,17.134,-107.907,39.417,8567.005,47440.019,20190810_061033,479175,0,16365,0
3,KGJX20190810_134122_V06,79.883,0.252,295.640,322.141,11.929,-108.238,38.962,5964.371,11283.334,20190810_074122,479175,0,20723,0
4,KGJX20190811_112942_V06,-52.695,0.053,185.697,377.223,16.445,-108.870,38.713,8222.715,68971.966,20190811_052942,479178,100,57477,0
4,KGJX20190811_113651_V06,-45.545,-1.000,185.697,377.223,27.814,-108.870,38.713,13906.965,68971.966,20190811_053651,479178,208,59162,1
4,KGJX20190811_114401_V06,-38.378,0.126,189.802,373.627,16.772,-108.847,38.729,8386.206,66265.759,20190811_054401,479172,111,59053,1
1,KGJX20190813_121858_V06,-5.251,0.063,399.925,100.623,19.887,-107.628,39.959,9943.428,111508.014,20190813_061858,479171,0,28862,0
1,KGJX20190813_122837_V06,4.399,0.137,409.819,99.536,17.611,-107.570,39.963,8805.283,114287.058,20190813_062837,479172,0,29340,0
1,KGJX20190814_133111_V06,66.054,0.096,242.618,326.412,43.391,-108.544,38.943,21695.631,31584.417,20190814_073111,479177,0,30539,0
2,KGJX20190817_123456_V06,7.068,0.063,313.612,272.701,16.322,-108.134,39.185,8161.137,15252.384,20190817_063456,479179,13,37974,2
3,KGJX20190817_124542_V06,17.834,0.087,206.270,385.042,13.779,-108.752,38.678,6889.441,63279.974,20190817_064542,479169,9,37302,4
4,KGJX20190817_134245_V06,74.884,0.059,220.792,380.078,42.479,-108.668,38.701,21239.502,56317.089,20190817_074245,479174,1,45225,1
1,KGJX20190818_122955_V06,1.140,0.063,279.102,325.940,27.097,-108.334,38.945,13548.635,16655.338,20190818_062955,479172,0,31923,0
1,KGJX20190819_132437_V06,54.928,0.063,215.516,400.281,34.009,-108.698,38.610,17004.395,65562.692,20190819_072437,479172,0,32082,0
3,KGJX20190822_122539_V06,-6.770,0.089,306.969,289.788,9.796,-108.173,39.108,4898.209,6181.576,20190822_062539,479176,0,27341,0
4,KGJX20190822_132615_V06,53.830,0.071,230.814,302.137,11.506,-108.613,39.052,5752.752,34609.518,20190822_072615,479176,0,21561,0
1,KGJX20190823_132520_V06,52.004,0.123,351.857,226.948,13.406,-107.912,39.391,6703.224,44793.513,20190823_072520,479172,1,59683,1
3,KGJX20190823_135113_V06,77.888,0.115,27.865,99.212,34.785,-109.805,39.956,17392.675,169095.502,20190823_075113,479171,2,54844,0
1,KGJX20190825_130553_V06,30.737,0.132,366.780,226.002,25.212,-107.825,39.395,12605.774,49837.840,20190825_070553,479172,0,34734,0
1,KGJX20190826_130301_V06,26.963,0.666,274.783,306.262,12.292,-108.359,39.034,6145.779,12991.375,20190826_070301,479171,0,21858,0
1,KGJX20190827_125253_V06,15.922,0.503,364.878,280.965,16.244,-107.838,39.147,8122.139,33806.280,20190827_065253,479171,0,22756,0
9,KGJX20190830_133319_V06,53.640,0.071,293.231,103.309,27.833,-108.253,39.948,13916.451,98403.702,20190830_073319,479178,18,61374,3
1,KGJX20190903_124045_V06,-2.535,0.078,30.233,501.636,40.403,-109.752,38.144,20201.714,168397.734,20190903_064045,479172,0,46679,0
1,KGJX20190904_115453_V06,-49.301,0.314,398.711,216.247,14.857,-107.640,39.438,7428.497,64727.422,20190904_055453,479170,16,74486,0
1,KGJX20190904_120414_V06,-39.951,0.058,402.251,215.569,24.620,-107.619,39.441,12309.978,66302.020,20190904_060414,479177,13,72170,0
2,KGJX20190904_120855_V06,-35.267,0.343,383.970,288.334,14.199,-107.728,39.114,7099.442,42388.430,20190904_060855,479174,16,70473,0
4,KGJX20190904_130032_V06,16.349,0.072,326.859,407.177,31.885,-108.059,38.579,15942.617,55245.617,20190904_070032,479171,9,79612,0
2,KGJX20190906_140955_V06,83.937,0.080,345.880,66.542,26.499,-107.944,40.113,13249.557,118961.974,20190906_080955,479177,1,33401,0
1,KGJX20190908_130341_V06,15.911,0.063,312.580,292.146,28.556,-108.140,39.098,14278.156,7415.098,20190908_070341,479171,0,51830,0
3,KGJX20190908_133309_V06,45.377,0.056,26.077,478.846,39.544,-109.778,38.246,19771.946,163569.202,20190908_073309,479175,7,51708,1
2,KGJX20190910_141324_V06,83.837,0.064,360.493,240.589,30.414,-107.862,39.329,15206.890,42394.331,20190910_081324,479172,0,41334,0
2,KGJX20190910_141918_V06,89.737,0.080,361.691,237.916,36.375,-107.855,39.341,18187.370,43761.203,20190910_081918,479177,0,42224,0
7,KGJX20190911_135001_V06,59.558,0.073,39.072,199.279,58.961,-109.730,39.506,29480.606,139846.393,20190911_075001,479180,801,91932,4
7,KGJX20190911_135416_V06,63.808,0.102,40.160,198.088,65.207,-109.724,39.511,32603.616,139555.339,20190911_075416,479184,887,93600,3
1,KGJX20190915_124803_V06,-5.993,0.109,377.708,150.435,14.263,-107.760,39.735,7131.683,84273.764,20190915_064803,479172,0,27797,0
4,KGJX20190917_120611_V06,-49.657,0.080,430.543,407.597,15.772,-107.464,38.575,7886.127,84585.444,20190917_060611,479172,1,44676,1
6,KGJX20190917_131356_V06,18.093,0.114,40.639,199.039,54.281,-109.721,39.507,27140.434,139159.344,20190917_071356,479172,0,36260,0
1,KGJX20190918_132020_V06,23.592,0.056,301.878,305.361,14.396,-108.202,39.038,7198.051,2839.930,20190918_072020,479170,0,10720,0
1,KGJX20190919_120358_V06,-53.677,0.052,352.353,232.658,10.247,-107.909,39.365,5123.257,42649.055,20190919_060358,479173,0,19252,0
1,KGJX20190922_121000_V06,-50.364,0.053,350.435,227.107,10.980,-107.920,39.390,5490.189,44319.912,20190922_061000,479173,0,35188,0
3,KGJX20190922_140555_V06,65.552,0.104,349.444,231.194,6.899,-107.926,39.372,3449.631,42364.339,20190922_080555,479171,0,11743,0
1,KGJX20190923_121405_V06,-47.193,0.094,352.866,228.579,10.812,-107.906,39.383,5406.002,44429.185,20190923_061405,479169,0,23195,0
2,KGJX20190923_140958_V06,68.691,0.158,351.052,229.889,8.637,-107.917,39.378,4318.371,43364.286,20190923_080958,479171,0,5449,0
1,KGJX20190924_124040_V06,-21.524,0.066,111.521,427.935,19.539,-109.293,38.481,9769.463,113898.524,20190924_064040,479174,0,32324,0
2,KGJX20190924_131915_V06,17.059,0.073,367.497,299.826,23.770,-107.823,39.062,11884.892,33748.677,20190924_071915,479171,0,56917,0
1,KGJX20190927_120631_V06,-58.437,0.055,355.227,252.552,22.057,-107.893,39.275,11028.717,36405.165,20190927_060631,479172,0,48277,0
1,KGJX20190928_121955_V06,-45.965,0.130,352.951,227.527,11.605,-107.906,39.388,5802.425,44877.992,20190928_061955,479175,1,48776,1
5,KGJX20190929_130602_V06,-0.779,0.060,148.064,382.187,16.579,-109.086,38.689,8289.370,86370.305,20190929_070602,479176,28,49957,9
14,KGJX20190929_141444_V06,67.921,0.139,289.470,340.947,29.368,-108.274,38.878,14684.235,21139.561,20190929_081444,479181,15,50747,15
14,KGJX20190929_141918_V06,72.488,0.096,293.515,334.264,19.072,-108.250,38.908,9535.994,17435.977,20190929_081918,479170,21,50736,21
27,KGJX20190930_143233_V06,84.804,0.066,210.557,147.054,28.339,-108.735,39.750,14169.622,88589.438,20190930_083233,479170,4,83887,4
27,KGJX20190930_143712_V06,89.454,0.060,212.734,145.019,34.263,-108.722,39.759,17131.301,88930.591,20190930_083712,479177,1,82176,1
4,KGJX20190930_123019_V06,-37.430,0.145,262.476,403.238,29.822,-108.428,38.597,14910.900,54923.270,20190930_063019,479176,81,86842,0
1,KGJX20191001_121237_V06,-56.068,0.096,214.444,287.927,7.402,-108.708,39.116,3701.109,43201.724,20191001_061237,479172,0,26190,0
2,KGJX20191001_133931_V06,30.832,0.074,372.861,206.092,36.033,-107.790,39.484,18016.693,59429.304,20191001_073931,479169,0,23261,0
1,KGJX20191002_131531_V06,5.891,0.312,350.498,230.791,8.494,-107.920,39.374,4246.758,42836.965,20191002_071531,479171,0,9214,0
1,KGJX20191002_132510_V06,15.541,0.059,351.157,231.558,16.245,-107.916,39.370,8122.519,42724.094,20191002_072510,479172,0,10160,0
1,KGJX20191002_133449_V06,25.191,-1.000,351.777,232.279,24.456,-107.913,39.367,12228.057,42623.250,20191002_073449,479169,0,9254,0
1,KGJX20191002_134428_V06,34.841,0.060,350.828,231.822,9.541,-107.918,39.369,4770.435,42519.918,20191002_074428,479172,0,8344,0
1,KGJX20191002_140346_V06,54.141,0.054,350.564,232.068,15.191,-107.920,39.368,7595.535,42342.546,20191002_080346,479176,0,6697,0
1,KGJX20191002_141324_V06,63.774,0.111,351.825,230.027,10.656,-107.912,39.377,5328.148,43537.686,20191002_081324,479175,0,6817,0
1,KGJX20191002_142304_V06,73.441,0.065,350.276,232.387,9.055,-107.921,39.366,4527.451,42128.275,20191002_082304,479169,0,7608,0
6,KGJX20191004_130910_V06,-2.354,0.080,390.227,416.206,10.486,-107.696,38.538,5242.878,73560.550,20191004_070910,479173,2,26797,2
2,KGJX20191005_131614_V06,3.760,0.103,350.410,231.017,7.240,-107.921,39.373,3619.812,42719.419,20191005_071614,479173,0,12506,0
2,KGJX20191005_132553_V06,13.410,0.118,350.647,231.268,15.216,-107.919,39.371,7607.877,42688.471,20191005_072553,479172,0,14734,0
2,KGJX20191005_133533_V06,23.077,-1.000,350.871,231.504,23.652,-107.918,39.370,11826.193,42659.965,20191005_073533,479172,0,15929,0
2,KGJX20191005_134512_V06,32.727,0.465,351.607,231.584,8.720,-107.914,39.370,4360.241,42848.537,20191005_074512,479172,0,13166,0
5,KGJX20191005_141410_V06,61.693,0.061,350.240,232.108,8.563,-107.922,39.368,4281.525,42229.696,20191005_081410,479172,0,10856,0
5,KGJX20191005_142350_V06,71.360,0.281,350.349,232.413,15.431,-107.921,39.366,7715.720,42139.663,20191005_082350,479175,0,9397,0
1,KGJX20191005_122757_V06,-44.523,0.052,353.573,227.033,12.446,-107.902,39.390,6222.950,45261.306,20191005_062757,479173,0,29585,0
1,KGJX20191006_133913_V06,25.786,0.071,350.869,230.682,7.140,-107.918,39.374,3570.099,42989.954,20191006_073913,479173,0,9238,0
1,KGJX20191006_134851_V06,35.419,0.068,350.999,230.380,15.778,-107.917,39.375,7889.225,43150.478,20191006_074851,479170,0,9655,0
1,KGJX20191006_140811_V06,54.753,0.147,351.161,232.258,8.430,-107.916,39.367,4214.939,42445.146,20191006_080811,479172,0,8536,0
1,KGJX20191006_141750_V06,64.403,0.061,350.763,232.454,16.022,-107.919,39.366,8010.986,42247.291,20191006_081750,479171,0,8409,0
2,KGJX20191006_140811_V06,54.753,0.681,307.400,301.527,14.167,-108.170,39.055,7083.466,3777.993,20191006_080811,479172,0,8536,0
2,KGJX20191007_141218_V06,57.908,0.334,352.014,229.668,8.959,-107.911,39.379,4479.649,43738.129,20191007_081218,479176,1,5800,1
2,KGJX20191007_142158_V06,67.575,0.140,351.560,231.032,15.991,-107.914,39.372,7995.460,43055.213,20191007_082158,479170,0,6191,0
1,KGJX20191007_134320_V06,28.941,0.063,350.762,230.517,8.004,-107.919,39.375,4001.968,43025.064,20191007_074320,479172,0,8208,0
2,KGJX20191008_141610_V06,60.809,0.248,351.435,231.371,8.555,-107.915,39.371,4277.603,42882.153,20191008_081610,479172,0,33623,0
2,KGJX20191008_142549_V06,70.459,0.183,351.497,231.444,15.941,-107.914,39.371,7970.559,42871.366,20191008_082549,479174,0,34046,0
1,KGJX20191008_132756_V06,12.575,0.125,350.732,232.231,8.931,-107.919,39.367,4465.290,42327.397,20191008_072756,479171,0,31009,0
1,KGJX20191009_122345_V06,-52.579,0.457,351.481,229.171,9.192,-107.914,39.381,4596.176,43780.937,20191009_062345,479174,0,33714,0
1,KGJX20191009_123323_V06,-42.945,0.137,351.450,229.614,16.071,-107.914,39.379,8035.525,43592.655,20191009_063323,479173,0,31851,0
2,KGJX20191010_123738_V06,-39.671,0.091,59.265,431.312,67.034,-109.592,38.463,33517.040,137109.724,20191010_063738,479170,0,115359,0
1,KGJX20191011_122712_V06,-51.084,0.056,348.826,232.043,7.154,-107.930,39.368,3576.797,41839.350,20191011_062712,479172,0,14120,0
1,KGJX20191011_123652_V06,-41.418,0.050,349.322,231.264,15.618,-107.927,39.371,7809.129,42300.550,20191011_063652,479170,1,14261,0
2,KGJX20191011_141846_V06,60.482,0.053,349.816,229.975,8.890,-107.924,39.377,4445.091,42968.280,20191011_081846,479174,0,10037,0
2,KGJX20191011_142552_V06,67.582,-1.000,349.816,229.975,20.179,-107.924,39.377,10089.591,42968.280,20191011_082552,479172,0,9619,0
2,KGJX20191011_143252_V06,74.582,0.052,349.703,230.637,8.898,-107.925,39.374,4449.196,42666.302,20191011_083252,479175,0,10187,0
1,KGJX20191013_134909_V06,28.889,0.062,349.921,230.556,7.232,-107.923,39.375,3616.016,42762.523,20191013_074909,479173,0,9311,0
1,KGJX20191013_140314_V06,42.973,0.057,350.038,231.084,14.100,-107.923,39.372,7050.166,42582.853,20191013_080314,479175,0,9472,0
4,KGJX20191014_140951_V06,48.593,0.220,351.173,229.906,8.131,-107.916,39.378,4065.338,43393.130,20191014_080951,479170,0,4027,0
4,KGJX20191014_141931_V06,58.260,0.102,351.178,230.165,15.414,-107.916,39.376,7706.946,43289.999,20191014_081931,479172,0,4199,0
1,KGJX20191014_123319_V06,-47.940,0.130,354.225,233.026,12.971,-107.898,39.363,6485.313,43087.033,20191014_063319,479171,0,14841,0
3,KGJX20191014_140012_V06,38.943,0.140,350.877,231.637,9.060,-107.918,39.370,4529.961,42608.430,20191014_080012,479174,0,3954,0
1,KGJX20191016_140859_V06,45.718,0.407,350.165,230.845,7.707,-107.922,39.373,3853.645,42716.866,20191016_080859,479174,0,5277,0
1,KGJX20191016_141838_V06,55.368,-1.000,350.165,230.845,23.051,-107.922,39.373,11525.395,42716.866,20191016_081838,479168,0,5437,0
1,KGJX20191016_142817_V06,65.018,0.486,350.850,229.946,8.531,-107.918,39.377,4265.427,43281.633,20191016_082817,479173,0,5683,0
3,KGJX20191018_125017_V06,-35.015,0.087,35.871,155.384,49.721,-109.753,39.703,24860.344,150563.806,20191018_065017,479168,1,220365,0
3,KGJX20191018_130039_V06,-24.648,0.182,36.081,155.511,55.803,-109.752,39.703,27901.464,150441.373,20191018_070039,479179,6,215937,0
3,KGJX20191018_130606_V06,-19.198,0.196,34.130,163.478,53.643,-109.762,39.667,26821.355,149436.317,20191018_070606,479178,0,214126,0
10,KGJX20191018_141821_V06,53.052,0.072,39.138,196.336,58.844,-109.730,39.519,29422.047,140352.444,20191018_081821,479172,0,223360,0
10,KGJX20191018_142426_V06,59.135,0.076,39.743,199.474,65.618,-109.726,39.505,32809.190,139498.268,20191018_082426,479180,0,223410,0
10,KGJX20191018_143030_V06,65.202,0.050,40.226,203.414,77.801,-109.723,39.487,38900.361,138574.165,20191018_083030,479174,2,226547,1
1,KGJX20191018_123523_V06,-49.915,0.060,18.666,337.163,23.515,-109.834,38.884,11757.711,141889.168,20191018_063523,479176,1,221934,1
2,KGJX20191018_124519_V06,-39.981,0.065,295.237,321.611,16.333,-108.241,38.965,8166.588,11064.973,20191018_064519,479169,0,223032,0
6,KGJX20191018_133618_V06,11.002,0.115,219.873,120.850,57.546,-108.681,39.868,28772.774,98126.114,20191018_073618,479174,0,219968,0
1,KGJX20191019_141422_V06,48.044,0.053,353.274,228.021,10.045,-107.904,39.386,5022.617,44774.412,20191019_081422,479174,0,4788,0
1,KGJX20191022_130931_V06,-19.917,0.073,352.165,227.561,10.694,-107.910,39.388,5347.004,44633.245,20191022_070931,479173,0,10262,0
3,KGJX20191024_133239_V06,1.112,0.290,356.531,290.550,28.224,-107.886,39.104,14112.114,28657.795,20191024_073239,479169,0,41940,0
3,KGJX20191024_134220_V06,10.795,0.820,351.263,289.210,31.697,-107.917,39.110,15848.314,26193.101,20191024_074220,479171,0,41212,0
3,KGJX20191024_140142_V06,30.162,0.427,361.363,298.131,45.335,-107.859,39.070,22667.735,30695.538,20191024_080142,479175,0,39710,0
3,KGJX20191024_141122_V06,39.829,0.239,349.262,291.779,36.760,-107.928,39.099,18380.070,24971.521,20191024_081122,479173,0,41224,0
2,KGJX20191026_133548_V06,2.135,0.152,350.835,230.767,7.119,-107.918,39.374,3559.452,42945.826,20191026_073548,479172,0,12020,0
3,KGJX20191029_130239_V06,-34.244,0.092,215.261,258.701,11.113,-108.704,39.247,5556.660,47133.753,20191029_070239,479171,0,156879,0
7,KGJX20191029_134125_V06,4.523,0.057,180.662,312.260,9.199,-108.902,39.005,4599.346,59982.961,20191029_074125,479172,0,189209,0
8,KGJX20191029_134125_V06,4.523,0.050,218.550,377.988,14.934,-108.681,38.710,7466.784,56383.326,20191029_074125,479172,0,189209,0
1,KGJX20191101_130013_V06,-39.947,0.074,352.322,226.472,10.982,-107.909,39.393,5490.936,45122.080,20191101_070013,479170,0,6883,0
1,KGJX20191101_130953_V06,-30.280,0.103,352.691,228.245,17.793,-107.907,39.385,8896.324,44511.741,20191101_070953,479171,0,7004,0
2,KGJX20191101_134834_V06,8.403,0.393,351.815,228.880,8.314,-107.912,39.382,4157.101,43996.417,20191101_074834,479171,0,5874,0
1,KGJX20191102_124422_V06,-56.894,0.120,349.330,233.480,4.613,-107.927,39.361,2306.370,41407.497,20191102_064422,479168,0,7771,0
1,KGJX20191102_130541_V06,-35.577,-1.000,349.330,233.480,38.506,-107.927,39.361,19253.120,41407.497,20191102_070541,479170,0,8311,0
1,KGJX20191102_131522_V06,-25.894,0.487,351.720,228.425,9.219,-107.913,39.384,4609.314,44153.208,20191102_071522,479172,0,8724,0
3,KGJX20191103_142807_V06,45.755,0.054,350.863,230.887,7.613,-107.918,39.373,3806.606,42905.883,20191103_072807,479171,0,8736,0
3,KGJX20191106_144103_V06,55.370,0.130,351.865,232.447,8.991,-107.912,39.366,4495.590,42583.327,20191106_074103,479174,0,5543,0
1,KGJX20191107_124727_V06,-59.340,0.064,352.320,226.638,10.275,-107.909,39.392,5137.581,45053.866,20191107_054727,479170,0,7208,0
1,KGJX20191108_130119_V06,-46.585,0.079,303.452,309.737,4.541,-108.193,39.018,2270.409,5165.424,20191108_060119,479173,0,5653,0
3,KGJX20191108_140857_V06,21.048,0.097,351.602,229.767,7.729,-107.914,39.378,3864.532,43575.856,20191108_070857,479170,0,3910,0
1,KGJX20191110_130927_V06,-40.678,0.077,297.634,317.344,19.693,-108.227,38.984,9846.596,8752.163,20191110_060927,479173,0,9854,0
1,KGJX20191110_131906_V06,-31.028,0.135,301.530,316.901,29.206,-108.204,38.986,14603.086,8484.912,20191110_061906,479170,0,10786,0
1,KGJX20191112_130836_V06,-43.756,0.102,350.854,232.222,8.273,-107.918,39.367,4136.341,42367.536,20191112_060836,479170,0,5552,0
1,KGJX20191112_131816_V06,-34.090,0.421,350.825,232.052,13.993,-107.918,39.368,6996.737,42426.899,20191112_061816,479174,1,6643,0
1,KGJX20191112_132757_V06,-24.406,0.084,350.364,230.607,6.910,-107.921,39.374,3455.082,42871.810,20191112_062757,479173,0,6860,0
2,KGJX20191112_132757_V06,-24.406,0.133,302.718,302.291,9.507,-108.197,39.052,4753.525,1777.602,20191112_062757,479173,0,6860,0
2,KGJX20191112_133737_V06,-14.740,0.150,303.015,302.313,17.164,-108.196,39.052,8581.898,1899.746,20191112_063737,479170,1,6576,1
2,KGJX20191112_134717_V06,-5.073,0.100,303.562,303.588,10.640,-108.192,39.046,5320.061,2527.976,20191112_064717,479174,0,6173,0
1,KGJX20191114_130907_V06,-45.465,0.346,350.646,230.041,8.947,-107.919,39.377,4473.438,43183.432,20191114_060907,479172,0,4808,0
1,KGJX20191114_131847_V06,-35.799,0.293,350.638,230.206,15.453,-107.919,39.376,7726.610,43114.198,20191114_061847,479171,0,5260,0
1,KGJX20191114_132826_V06,-26.149,-1.000,350.630,230.361,22.482,-107.919,39.375,11241.108,43049.296,20191114_062826,479171,0,4981,0
1,KGJX20191114_133806_V06,-16.482,0.081,350.348,232.394,8.911,-107.921,39.366,4455.330,42146.878,20191114_063806,479172,0,4011,0
1,KGJX20191114_134746_V06,-6.815,0.352,351.704,230.323,15.956,-107.913,39.376,7977.796,43382.533,20191114_064746,479171,0,4231,0
4,KGJX20191114_132826_V06,-26.149,0.059,350.497,231.824,10.388,-107.920,39.369,5193.836,42420.172,20191114_062826,479171,0,4981,0
6,KGJX20191114_142624_V06,31.818,0.088,350.605,228.426,11.819,-107.919,39.384,5909.729,43828.149,20191114_072624,479172,1,3256,0
7,KGJX20191114_150503_V06,70.468,0.215,351.357,231.808,10.100,-107.915,39.369,5050.209,42683.801,20191114_080503,479174,0,4165,0
1,KGJX20191115_131332_V06,-42.159,0.669,351.471,230.405,7.090,-107.914,39.375,3544.971,43280.318,20191115_061332,479171,0,9490,0
1,KGJX20191115_132311_V06,-32.509,0.462,351.553,230.760,13.560,-107.914,39.374,6779.839,43162.361,20191115_062311,479167,0,9322,0
4,KGJX20191115_140100_V06,5.307,0.143,351.356,230.592,7.476,-107.915,39.374,3737.843,43170.967,20191115_070100,479172,0,7612,0
4,KGJX20191115_141039_V06,14.957,0.080,351.931,230.252,15.415,-107.912,39.376,7707.724,43478.717,20191115_071039,479171,0,6784,0
5,KGJX20191115_142018_V06,24.607,0.083,62.700,190.462,68.963,-109.593,39.547,34481.277,130680.870,20191115_072018,479173,1,5863,1
1,KGJX20191116_130643_V06,-50.085,0.435,351.016,231.732,8.745,-107.917,39.369,4372.383,42612.128,20191116_060643,479175,2,14680,1
1,KGJX20191116_131622_V06,-40.435,0.165,351.048,231.664,15.859,-107.917,39.370,7929.434,42648.666,20191116_061622,479173,0,11098,0
4,KGJX20191116_134521_V06,-11.451,0.221,351.392,231.398,9.134,-107.915,39.371,4566.921,42858.405,20191116_064521,479171,1,10203,0
4,KGJX20191116_140441_V06,7.882,0.253,350.586,231.258,13.978,-107.920,39.371,6988.763,42674.644,20191116_070441,479173,1,11383,1
1,KGJX20191117_130130_V06,-56.407,0.175,351.194,232.041,9.327,-107.916,39.368,4663.296,42541.831,20191117_060130,479173,0,10829,0
3,KGJX20191117_142826_V06,30.526,0.087,351.390,228.017,10.859,-107.915,39.386,5429.268,44222.337,20191117_072826,479173,0,7640,0
3,KGJX20191117_143806_V06,40.193,0.059,351.736,230.643,8.678,-107.913,39.374,4339.123,43263.902,20191117_073806,479174,0,7802,0
1,KGJX20191118_130556_V06,-53.077,0.457,352.026,232.466,9.020,-107.911,39.366,4510.105,42624.969,20191118_060556,479171,0,4613,0
1,KGJX20191118_131536_V06,-43.410,0.590,351.133,232.064,13.370,-107.916,39.368,6685.138,42514.451,20191118_061536,479172,0,4582,0
1,KGJX20191118_132515_V06,-33.760,0.264,351.919,231.053,9.046,-107.912,39.372,4523.144,43154.421,20191118_062515,479170,0,5266,0
7,KGJX20191118_143253_V06,33.873,0.067,348.707,231.876,7.596,-107.930,39.369,3798.008,41872.451,20191118_073253,479173,0,4971,0
7,KGJX20191118_144233_V06,43.540,0.051,349.868,230.746,16.173,-107.924,39.374,8086.644,42670.049,20191118_074233,479171,1,4632,0
5,KGJX20191118_140354_V06,4.890,0.060,351.697,228.851,10.702,-107.913,39.382,5351.017,43974.012,20191118_070354,479172,0,4669,0
5,KGJX20191118_141334_V06,14.556,-1.000,351.697,228.851,26.072,-107.913,39.382,13036.017,43974.012,20191118_071334,479172,0,4151,0
5,KGJX20191118_142313_V06,24.206,0.068,350.048,231.349,8.584,-107.923,39.371,4291.893,42478.606,20191118_072313,479171,0,4226,0
1,KGJX20191119_130019_V06,-59.793,0.125,350.467,231.294,8.060,-107.920,39.371,4029.839,42624.952,20191119_060019,479172,0,19419,0
1,KGJX20191119_130957_V06,-50.159,0.091,351.047,231.897,16.038,-107.917,39.369,8018.985,42555.279,20191119_060957,479174,0,18869,0
4,KGJX20191119_144630_V06,46.391,0.066,350.312,232.097,9.394,-107.921,39.368,4696.972,42255.300,20191119_074630,479172,0,17996,0
13,KGJX20191120_143433_V06,33.346,0.090,31.117,97.788,44.038,-109.787,39.962,22018.965,168216.732,20191120_073433,479178,0,105442,0
14,KGJX20191120_143433_V06,33.346,0.084,190.996,254.087,16.728,-108.845,39.267,8364.151,59139.575,20191120_073433,479178,0,105442,0
19,KGJX20191120_152345_V06,82.546,0.184,351.470,414.083,34.082,-107.918,38.548,17040.972,62578.047,20191120_082345,479176,0,177604,0
20,KGJX20191120_152345_V06,82.546,0.086,168.871,211.116,23.346,-108.975,39.460,11672.754,79207.093,20191120_082345,479176,0,177604,0
1,KGJX20191121_132215_V06,-40.043,0.056,41.375,191.701,80.712,-109.717,39.540,40355.888,140192.304,20191121_062215,479171,0,307292,0
2,KGJX20191121_132215_V06,-40.043,0.055,33.670,436.507,49.106,-109.738,38.437,24552.757,149637.755,20191121_062215,479171,0,307292,0
3,KGJX20191121_142300_V06,20.707,0.068,25.899,248.893,39.045,-109.802,39.282,19522.495,139412.406,20191121_072300,479181,0,186203,0
1,KGJX20191123_131200_V06,-52.453,0.098,350.546,232.795,8.200,-107.920,39.365,4099.907,42045.928,20191123_061200,479170,0,11814,0
3,KGJX20191123_140020_V06,-4.120,0.057,112.041,426.471,20.896,-109.290,38.488,10448.183,113273.467,20191123_070020,479172,0,14166,0
6,KGJX20191123_141941_V06,15.230,0.096,351.098,230.678,8.797,-107.917,39.374,4398.273,43059.816,20191123_071941,479172,0,14375,0
7,KGJX20191123_142922_V06,24.914,0.057,109.381,427.535,23.211,-109.305,38.483,11605.379,114674.316,20191123_072922,479171,0,12967,0
9,KGJX20191123_150803_V06,63.597,0.112,111.953,427.076,21.273,-109.291,38.485,10636.317,113479.259,20191123_080803,479173,0,10399,0
1,KGJX20191124_130739_V06,-57.872,0.350,352.740,229.366,9.091,-107.907,39.380,4545.395,44075.540,20191124_060739,479172,0,5342,0
1,KGJX20191124_131719_V06,-48.205,0.322,351.776,229.606,15.020,-107.913,39.379,7510.229,43692.280,20191124_061719,479170,0,6548,0
1,KGJX20191124_132658_V06,-38.555,0.184,351.041,231.465,8.387,-107.917,39.371,4193.645,42726.445,20191124_062658,479174,0,6421,0
1,KGJX20191124_133638_V06,-28.888,0.051,350.969,230.651,16.058,-107.917,39.374,8029.009,43032.519,20191124_063638,479171,0,6455,0
5,KGJX20191124_144415_V06,38.728,0.157,350.535,231.889,8.693,-107.920,39.369,4346.691,42405.382,20191124_074415,479175,0,5282,0
5,KGJX20191124_150335_V06,58.062,0.108,351.464,232.268,14.781,-107.914,39.367,7390.595,42532.911,20191124_080335,479171,0,5380,0
5,KGJX20191124_151315_V06,67.728,0.157,350.625,232.269,9.762,-107.919,39.367,4881.004,42280.123,20191124_081315,479174,0,5765,0
6,KGJX20191124_150335_V06,58.062,0.051,299.107,302.799,5.784,-108.218,39.050,2891.899,1468.815,20191124_080335,479171,0,5380,0
6,KGJX20191125_151827_V06,71.868,0.087,26.992,292.800,36.096,-109.791,39.084,18048.159,136551.329,20191125_081827,479171,0,89584,0
6,KGJX20191125_152806_V06,81.518,0.057,29.702,304.444,53.990,-109.774,39.032,26995.104,135167.128,20191125_082806,479173,0,98431,0
7,KGJX20191129_140134_V06,-9.153,0.057,349.211,71.699,37.717,-107.925,40.090,18858.509,116772.345,20191129_070134,479176,1,162348,1
7,KGJX20191129_140630_V06,-4.219,-1.000,349.211,71.699,45.561,-107.925,40.090,22780.509,116772.345,20191129_070630,479181,0,177630,0
7,KGJX20191129_141140_V06,0.947,0.130,316.041,83.790,31.972,-108.119,40.036,15986.115,108401.965,20191129_071140,479172,0,196113,0
14,KGJX20191129_150629_V06,55.764,0.058,25.975,457.467,37.694,-109.780,38.342,18847.115,158023.390,20191129_080629,479176,1,226739,1
16,KGJX20191129_151803_V06,67.331,0.098,545.498,242.594,34.923,-106.790,39.312,17461.308,126060.193,20191129_081803,479175,0,201570,0
17,KGJX20191129_152300_V06,72.281,0.109,33.333,415.272,53.087,-109.742,38.533,26543.739,145257.553,20191129_082300,479173,0,189410,0
1,KGJX20191201_131344_V06,-58.979,0.444,350.555,231.126,8.500,-107.920,39.372,4250.042,42718.434,20191201_061344,479172,0,7287,0
1,KGJX20191201_132325_V06,-49.296,0.365,350.808,229.951,14.958,-107.918,39.377,7478.998,43267.484,20191201_062325,479173,0,7185,0
1,KGJX20191201_133306_V06,-39.612,0.276,350.788,230.450,8.680,-107.918,39.375,4340.088,43060.083,20191201_063306,479173,0,7827,0
6,KGJX20191201_141149_V06,-0.896,0.064,350.044,229.237,9.298,-107.923,39.381,4649.021,43335.257,20191201_071149,479173,0,7996,0
6,KGJX20191201_142130_V06,8.788,0.137,350.292,229.958,16.149,-107.921,39.377,8074.679,43113.919,20191201_072130,479171,0,7834,0
6,KGJX20191201_143111_V06,18.471,0.112,350.109,231.464,8.347,-107.922,39.371,4173.622,42450.192,20191201_073111,479169,0,5931,0
6,KGJX20191201_144051_V06,28.138,0.100,350.405,231.115,15.972,-107.921,39.372,7986.079,42678.502,20191201_074051,479174,0,5191,0
6,KGJX20191201_150013_V06,47.504,0.067,350.768,231.951,8.755,-107.919,39.368,4377.426,42450.125,20191201_080013,479170,0,4372,0
2,KGJX20191201_131344_V06,-58.979,0.221,302.973,302.575,10.045,-108.196,39.051,5022.568,1966.565,20191201_061344,479172,0,7287,0
8,KGJX20191201_143111_V06,18.471,0.075,300.886,305.580,9.378,-108.208,39.037,4689.148,2824.970,20191201_073111,479169,0,5931,0
1,KGJX20191203_141330_V06,-1.145,0.211,351.344,230.972,8.886,-107.915,39.373,4443.111,43014.591,20191203_071330,479173,0,12913,0
2,KGJX20191203_151130_V06,56.855,0.061,353.671,226.335,12.177,-107.902,39.394,6088.600,45571.972,20191203_081130,479173,0,4366,0
2,KGJX20191203_152111_V06,66.538,-1.000,353.671,226.335,27.574,-107.902,39.394,13786.850,45571.972,20191203_082111,479172,0,4090,0
2,KGJX20191203_153051_V06,76.205,0.061,350.489,231.299,7.563,-107.920,39.371,3781.353,42629.104,20191203_083051,479171,0,3982,0
1,KGJX20191204_131812_V06,-57.387,0.099,350.427,235.839,8.482,-107.921,39.351,4240.952,40802.934,20191204_061812,479171,0,54047,0
28,KGJX20191205_150952_V06,53.356,0.059,23.297,283.797,23.720,-109.813,39.124,11859.913,138588.351,20191205_080952,479174,0,149025,0
28,KGJX20191205_151521_V06,58.840,0.059,23.717,282.997,30.587,-109.811,39.128,15293.348,138402.922,20191205_081521,479168,0,150411,0
32,KGJX20191205_152620_V06,69.823,0.056,52.464,476.477,23.848,-109.627,38.259,11924.241,152001.791,20191205_082620,479176,1,148795,0
32,KGJX20191205_153150_V06,75.323,0.127,53.098,475.342,31.064,-109.624,38.264,15531.941,151414.455,20191205_083150,479174,0,147252,0
8,KGJX20191205_134208_V06,-34.377,0.061,24.239,303.147,24.017,-109.806,39.037,12008.746,137889.591,20191205_064208,479173,0,158024,0
12,KGJX20191205_141220_V06,-4.177,0.096,377.505,478.556,28.985,-107.770,38.257,14492.274,97325.948,20191205_071220,479172,0,152755,0
1,KGJX20191206_132222_V06,-55.049,0.226,351.165,229.132,8.762,-107.916,39.381,4381.233,43703.895,20191206_062222,479180,0,7378,0
7,KGJX20191209_153318_V06,73.290,0.534,344.253,180.692,14.558,-107.955,39.599,7278.908,63625.143,20191209_083318,479171,0,81846,0
1,KGJX20191210_132735_V06,-53.248,0.063,351.008,231.891,7.152,-107.917,39.369,3575.836,42546.220,20191210_062735,479174,0,20511,0
1,KGJX20191210_133715_V06,-43.582,0.288,350.602,231.560,14.413,-107.919,39.370,7206.501,42557.788,20191210_063715,479175,0,22463,0
3,KGJX20191210_143512_V06,14.368,0.053,350.935,229.389,8.528,-107.917,39.380,4264.004,43532.282,20191210_073512,479174,0,19539,0
3,KGJX20191210_144453_V06,24.052,0.053,351.024,229.486,16.666,-107.917,39.379,8333.040,43519.108,20191210_074453,479170,0,18844,0
1,KGJX20191211_132330_V06,-58.131,0.334,351.248,231.904,8.891,-107.916,39.369,4445.343,42612.909,20191211_062330,479170,0,9633,0
1,KGJX20191211_133310_V06,-48.464,0.150,350.953,232.018,16.011,-107.917,39.368,8005.608,42478.547,20191211_063310,479174,0,11021,0
6,KGJX20191211_153107_V06,69.486,0.130,350.009,231.428,7.253,-107.923,39.371,3626.610,42435.082,20191211_083107,479166,0,11530,0
5,KGJX20191214_153536_V06,71.716,0.085,391.928,271.386,30.577,-107.681,39.190,15288.677,48139.050,20191214_083536,479173,0,94799,0
3,KGJX20191215_133017_V06,-54.301,0.071,168.210,307.098,8.722,-108.974,39.028,4360.968,65990.334,20191215_063017,479174,0,102092,0
1,KGJX20191217_133014_V06,-55.672,0.485,350.716,232.043,8.584,-107.919,39.368,4291.832,42397.904,20191217_063014,479169,0,6822,0
1,KGJX20191217_133956_V06,-45.972,0.165,350.580,232.214,15.729,-107.920,39.367,7864.581,42288.398,20191217_063956,479172,0,6335,0
1,KGJX20191217_134938_V06,-36.272,0.084,350.351,232.352,9.218,-107.921,39.367,4608.932,42164.982,20191217_064938,479173,0,5853,0
1,KGJX20191217_140900_V06,-16.906,-1.000,350.351,232.352,40.011,-107.921,39.367,20005.432,42164.982,20191217_070900,479173,0,6172,0
1,KGJX20191217_141842_V06,-7.206,0.061,352.167,228.180,10.911,-107.910,39.385,5455.288,44383.226,20191217_071842,479173,0,6683,0
6,KGJX20191217_142823_V06,2.478,0.346,350.557,230.907,7.657,-107.920,39.373,3828.644,42807.243,20191217_072823,479172,0,6077,0
6,KGJX20191217_143803_V06,12.144,0.164,350.494,231.593,15.418,-107.920,39.370,7709.042,42512.428,20191217_073803,479173,0,6104,0
6,KGJX20191217_144746_V06,21.861,0.256,351.184,232.109,8.901,-107.916,39.368,4450.584,42511.790,20191217_074746,479173,0,7009,0
6,KGJX20191217_150708_V06,41.228,0.126,351.230,231.967,15.152,-107.916,39.368,7575.777,42582.360,20191217_080708,479169,0,9343,0
6,KGJX20191217_151650_V06,50.928,0.117,351.496,231.944,9.011,-107.914,39.368,4505.581,42671.730,20191217_081650,479170,0,10644,0
6,KGJX20191217_152631_V06,60.611,0.121,351.314,231.866,16.027,-107.915,39.369,8013.293,42647.850,20191217_082631,479173,0,10625,0
6,KGJX20191217_153613_V06,70.311,0.138,351.426,231.638,8.648,-107.915,39.370,4324.142,42772.475,20191217_083613,479174,0,11077,0
1,KGJX20191218_132824_V06,-58.125,0.145,350.727,233.135,8.771,-107.919,39.363,4385.658,41964.938,20191218_062824,479171,0,2817,0
1,KGJX20191218_133804_V06,-48.458,0.075,350.516,232.898,16.120,-107.920,39.364,8060.132,41995.889,20191218_063804,479173,0,2817,0
1,KGJX20191218_134745_V06,-38.775,0.148,348.463,232.549,7.585,-107.932,39.366,3792.332,41527.927,20191218_064745,479174,0,2935,0
3,KGJX20191218_141646_V06,-9.758,0.092,350.451,233.204,9.133,-107.920,39.363,4566.681,41853.804,20191218_071646,479173,0,3385,0
3,KGJX20191218_142627_V06,-0.075,0.212,351.032,231.779,15.655,-107.917,39.369,7827.734,42598.298,20191218_072627,479175,0,3955,0
4,KGJX20191219_134732_V06,-39.582,0.081,37.508,459.622,48.268,-109.714,38.334,24134.174,153607.322,20191219_064732,479170,0,11595,0
4,KGJX20191219_140651_V06,-20.266,0.353,53.182,438.739,56.995,-109.626,38.429,28497.740,141569.262,20191219_070651,479171,0,8452,0
8,KGJX20191224_141813_V06,-11.401,0.224,314.590,331.281,8.235,-108.129,38.921,4117.573,17258.104,20191224_071813,479174,0,58573,0
8,KGJX20191224_142507_V06,-4.501,0.428,314.337,332.481,16.310,-108.130,38.916,8154.993,17751.931,20191224_072507,479173,0,55010,0
9,KGJX20191224_141813_V06,-11.401,0.167,302.259,311.921,16.582,-108.200,39.009,8291.031,6066.767,20191224_071813,479174,0,58573,0
13,KGJX20191224_141813_V06,-11.401,0.056,23.218,438.629,20.930,-109.798,38.427,10464.949,154779.417,20191224_071813,479174,0,58573,0
17,KGJX20191224_143915_V06,9.632,0.095,197.524,182.089,50.467,-108.810,39.592,25233.295,78109.493,20191224_073915,479173,0,47171,0
3,KGJX20191225_134824_V06,-41.624,0.198,45.074,103.407,31.363,-109.704,39.938,15681.443,160962.616,20191225_064824,479174,0,197002,0
7,KGJX20191225_141651_V06,-13.174,0.066,174.407,315.199,24.405,-108.938,38.992,12202.324,63254.673,20191225_071651,479171,0,168578,0
9,KGJX20191225_143103_V06,1.026,0.106,402.337,521.125,26.503,-107.630,38.065,13251.529,121828.702,20191225_073103,479170,4,155765,0
7,KGJX20191226_140918_V06,-21.096,0.079,234.766,152.518,15.719,-108.593,39.726,7859.400,80632.649,20191226_070918,479169,0,116381,0
7,KGJX20191226_141626_V06,-13.963,-1.000,234.766,152.518,27.061,-108.593,39.726,13530.400,80632.649,20191226_071626,479171,1,113807,0
7,KGJX20191226_142333_V06,-6.846,0.063,241.967,140.302,14.099,-108.552,39.781,7049.463,84957.914,20191226_072333,479172,0,110547,0
7,KGJX20191227_152022_V06,49.631,0.120,43.346,465.403,57.630,-109.680,38.308,28815.063,152667.629,20191227_082022,479170,1,197450,1
8,KGJX20191227_152727_V06,56.714,0.091,50.229,266.806,29.783,-109.659,39.203,14891.649,125983.398,20191227_082727,479169,0,193221,0
10,KGJX20191227_154139_V06,70.914,0.196,338.910,244.415,30.070,-107.987,39.312,15034.908,33925.213,20191227_084139,479171,0,191521,0
