track_id,filename,from_sunrise,det_score,x,y,r,lon,lat,radius,geo_dist,local_time,n_radar_pixels,n_refAbove40_pixels,n_xcorrAbove0.95_pixels,n_xcorrBelow0.95_refAbove40_pixels
5,KMTX20130605_131440_V06,77.161,0.099,357.370,83.020,3.094,-112.099,42.239,1546.856,112218.280,20130605_071440,479172,5,0,5
5,KMTX20130605_132324_V06,85.894,0.053,357.808,82.947,10.708,-112.097,42.239,5353.830,112309.742,20130605_072324,479171,5,0,5
1,KMTX20130605_110417_V06,-53.222,0.094,190.286,111.437,2.292,-113.110,42.110,1145.788,109079.371,20130605_050417,479174,6,0,6
1,KMTX20130606_112157_V06,-35.272,0.110,357.936,80.800,2.711,-112.096,42.249,1355.614,113363.436,20130606_052157,479168,2,55076,2
6,KMTX20130606_122211_V06,24.961,0.165,357.795,81.424,4.846,-112.097,42.246,2422.993,113043.703,20130606_062211,479179,4,14082,4
8,KMTX20130606_122211_V06,24.961,0.063,312.002,294.095,10.374,-112.375,41.289,5187.057,6687.971,20130606_062211,479179,4,14082,4
1,KMTX20130607_110107_V06,-55.856,0.161,420.575,214.244,9.342,-111.723,41.647,4670.792,73980.334,20130607_050107,479169,5,70462,5
2,KMTX20130607_110107_V06,-55.856,0.149,140.738,147.396,20.385,-113.407,41.946,10192.337,110286.137,20130607_050107,479169,5,70462,5
1,KMTX20130608_110315_V06,-53.507,0.130,353.899,154.733,2.148,-112.122,41.916,1073.788,77472.112,20130608_050315,479174,0,56138,0
2,KMTX20130608_121859_V06,22.226,0.324,248.203,408.652,10.679,-112.754,40.773,5339.464,60183.517,20130608_061859,479171,2,29867,2
1,KMTX20130609_111244_V06,-43.842,0.232,354.165,155.317,2.355,-112.121,41.914,1177.288,77244.986,20130609_051244,479174,1,58453,0
3,KMTX20130609_113814_V06,-18.342,0.114,357.812,82.571,3.235,-112.097,42.241,1617.367,112491.672,20130609_053814,479175,1,41634,1
5,KMTX20130611_114013_V06,-16.096,0.099,384.180,268.886,16.438,-111.944,41.402,8218.765,44872.962,20130611_054013,479174,2,50164,2
5,KMTX20130611_114607_V06,-10.196,0.060,384.314,269.100,22.902,-111.943,41.401,11450.808,44898.787,20130611_054607,479172,1,47086,0
2,KMTX20130611_105848_V06,-57.513,0.083,418.953,202.452,2.249,-111.732,41.700,1124.641,76917.754,20130611_045848,479177,0,72846,0
4,KMTX20130611_111038_V06,-45.679,0.181,356.432,306.076,10.515,-112.110,41.235,5257.404,28379.209,20130611_051038,479173,4,65285,3
2,KMTX20130612_113511_V06,-21.049,0.165,59.392,189.869,76.640,-113.893,41.750,38319.984,132307.596,20130612_053511,479188,7,62795,1
22,KMTX20130613_113634_V06,-19.618,0.124,414.787,86.150,30.373,-111.752,42.223,15186.596,121354.834,20130613_053634,479177,45,71992,1
22,KMTX20130613_114059_V06,-15.201,0.205,416.423,86.343,36.405,-111.742,42.222,18202.655,121658.796,20130613_054059,479178,15,72562,0
22,KMTX20130613_114529_V06,-10.701,0.131,432.665,66.997,29.590,-111.642,42.309,14794.868,134061.735,20130613_054529,479182,26,68958,1
26,KMTX20130613_114059_V06,-15.201,0.054,514.568,212.085,40.344,-111.159,41.651,20172.009,115939.916,20130613_054059,479178,15,72562,0
26,KMTX20130613_114529_V06,-10.701,0.055,515.405,209.577,45.548,-111.154,41.663,22774.107,116807.348,20130613_054529,479182,26,68958,1
26,KMTX20130613_114928_V06,-6.718,0.068,519.167,185.470,33.615,-111.129,41.771,16807.251,123643.691,20130613_054928,479182,39,68681,0
26,KMTX20130613_115325_V06,-2.768,0.094,521.261,184.889,39.963,-111.116,41.773,19981.731,124706.528,20130613_055325,479181,31,69978,0
29,KMTX20130613_114928_V06,-6.718,0.245,267.210,407.772,21.978,-112.641,40.777,10988.876,56325.031,20130613_054928,479182,39,68681,0
29,KMTX20130613_115325_V06,-2.768,0.266,268.388,404.678,26.462,-112.634,40.791,13230.773,54673.675,20130613_055325,479181,31,69978,0
29,KMTX20130613_115810_V06,1.982,0.380,279.488,387.566,22.579,-112.569,40.868,11289.406,44968.114,20130613_055810,479186,11,69556,1
7,KMTX20130613_110857_V06,-47.234,0.066,153.770,568.713,39.477,-113.304,40.050,19738.325,152962.504,20130613_050857,479179,9,87446,1
7,KMTX20130613_111339_V06,-42.534,0.080,171.944,563.065,35.305,-113.198,40.076,17652.325,146288.764,20130613_051339,479179,13,82307,2
12,KMTX20130613_111822_V06,-37.818,0.088,287.349,142.014,30.345,-112.523,41.974,15172.310,79245.767,20130613_051822,479190,0,80639,0
15,KMTX20130613_112307_V06,-33.068,0.089,272.039,534.328,16.937,-112.611,40.208,8468.700,117994.985,20130613_052307,479189,13,76902,0
18,KMTX20130613_112736_V06,-28.584,0.152,482.160,440.626,29.573,-111.370,40.625,14786.650,115062.981,20130613_052736,479187,49,74065,4
24,KMTX20130613_114059_V06,-15.201,0.085,171.976,275.513,9.325,-113.212,41.370,4662.502,65172.647,20130613_054059,479178,15,72562,0
25,KMTX20130613_114059_V06,-15.201,0.067,273.925,68.748,23.823,-112.605,42.304,11911.419,116358.553,20130613_054059,479178,15,72562,0
1,KMTX20130614_113112_V06,-24.970,0.114,358.490,82.803,2.921,-112.093,42.240,1460.674,112467.380,20130614_053112,479173,3,13905,3
2,KMTX20130617_111539_V06,-40.672,0.079,147.720,294.457,7.980,-113.356,41.284,3989.937,76190.579,20130617_051539,479172,2,64528,2
4,KMTX20130617_122306_V06,26.778,0.073,358.175,82.817,3.136,-112.095,42.240,1567.932,112419.838,20130617_062306,479174,0,47852,0
1,KMTX20130618_110403_V06,-52.388,0.131,145.012,145.198,21.780,-113.382,41.956,10889.751,109527.349,20130618_050403,479176,0,77485,0
2,KMTX20130618_121917_V06,22.846,0.066,356.012,82.293,6.820,-112.108,42.242,3409.901,112398.626,20130618_061917,479168,1,40795,1
3,KMTX20130619_120835_V06,11.999,0.066,358.022,82.674,3.103,-112.095,42.241,1551.720,112468.928,20130619_060835,479173,5,19774,4
3,KMTX20130619_121659_V06,20.399,0.161,357.334,82.811,11.037,-112.100,42.240,5518.254,112314.579,20130619_061659,479169,2,16875,2
1,KMTX20130619_110948_V06,-46.785,0.052,354.670,84.885,7.690,-112.116,42.231,3844.971,110976.714,20130619_050948,479174,5,62535,5
1,KMTX20130619_111813_V06,-38.368,0.063,358.097,82.461,3.437,-112.095,42.242,1718.285,112581.704,20130619_051813,479171,3,55185,3
5,KMTX20130619_124213_V06,45.632,0.151,355.486,83.027,6.940,-112.111,42.239,3470.070,111977.799,20130619_064213,479169,2,16859,2
1,KMTX20130620_111754_V06,-38.863,0.121,156.574,407.343,38.722,-113.296,40.776,19361.008,89573.419,20130620_051754,479174,3,4699,3
2,KMTX20130620_113551_V06,-20.913,0.455,145.486,150.406,16.756,-113.378,41.932,8378.168,107532.381,20130620_053551,479164,1,4851,1
4,KMTX20130620_131520_V06,78.570,0.264,145.578,150.284,16.605,-113.378,41.933,8302.286,107541.820,20130620_071520,479172,1,7855,1
1,KMTX20130621_113652_V06,-20.106,0.068,23.412,68.270,26.227,-114.124,42.294,13113.651,180416.167,20130621_053652,479167,1,34878,1
2,KMTX20130621_122100_V06,24.027,0.064,164.170,67.987,68.945,-113.271,42.304,34472.500,134424.452,20130621_062100,479168,1,26241,1
1,KMTX20130623_110129_V06,-56.001,0.091,353.747,154.575,1.935,-112.123,41.917,967.339,77519.723,20130623_050129,479174,3,41724,1
2,KMTX20130623_120229_V06,4.999,0.108,357.989,81.028,2.801,-112.096,42.248,1400.558,113260.101,20130623_060229,479171,2,24779,2
1,KMTX20130626_110159_V06,-56.492,0.621,144.622,150.351,17.833,-113.384,41.933,8916.455,107862.526,20130626_050159,479171,1,50234,1
2,KMTX20130628_132016_V06,80.985,0.121,181.221,258.426,6.377,-113.158,41.448,3188.639,62922.140,20130628_072016,479166,6,40818,2
1,KMTX20130629_111147_V06,-47.944,0.068,387.388,269.207,13.744,-111.924,41.400,6872.238,46327.528,20130629_051147,479180,0,70777,0
1,KMTX20130701_110453_V06,-55.815,0.280,354.744,82.223,7.235,-112.115,42.243,3617.466,112276.250,20130701_050453,479172,0,91060,0
1,KMTX20130702_111304_V06,-48.157,0.115,338.224,326.524,6.448,-112.219,41.143,3223.785,23262.826,20130702_051304,479174,6,90573,6
8,KMTX20130704_121426_V06,12.085,0.066,387.074,347.767,18.031,-111.929,41.047,9015.537,49657.695,20130704_061426,479171,42,88698,2
2,KMTX20130705_111201_V06,-50.931,0.059,159.795,296.567,24.551,-113.284,41.275,12275.471,70123.399,20130705_051201,479163,3,64480,2
4,KMTX20130705_115409_V06,-8.798,0.057,347.214,425.737,11.028,-112.168,40.696,5514.118,67154.590,20130705_055409,479192,3,35308,3
5,KMTX20130705_115738_V06,-5.314,0.051,405.651,47.512,49.589,-111.805,42.398,24794.353,136850.365,20130705_055738,479191,2,34782,2
5,KMTX20130705_120110_V06,-1.781,0.057,418.107,45.920,41.272,-111.730,42.404,20636.036,140094.701,20130705_060110,479194,1,34589,1
1,KMTX20130709_120421_V06,-1.216,0.050,362.757,343.960,15.465,-112.074,41.064,7732.403,38310.999,20130709_060421,479195,1,36781,0
1,KMTX20130711_111357_V06,-53.048,0.163,25.186,531.524,30.150,-114.061,40.209,15074.771,179670.659,20130711_051357,479178,6,59816,6
1,KMTX20130711_111727_V06,-49.548,0.414,25.421,530.464,34.710,-114.060,40.214,17354.819,179239.672,20130711_051727,479160,4,59930,4
1,KMTX20130711_112056_V06,-46.065,0.254,28.299,526.318,36.718,-114.043,40.233,18358.766,176805.937,20130711_052056,479162,6,60519,6
1,KMTX20130711_112427_V06,-42.548,0.073,31.326,511.983,31.171,-114.027,40.297,15585.476,171115.562,20130711_052427,479171,3,59934,0
2,KMTX20130711_111727_V06,-49.548,0.162,169.818,547.225,37.146,-113.211,40.147,18572.947,139702.901,20130711_051727,479160,4,59930,4
4,KMTX20130711_112427_V06,-42.548,0.174,338.203,323.045,8.246,-112.219,41.159,4123.158,22307.699,20130711_052427,479171,3,59934,0
5,KMTX20130711_112427_V06,-42.548,0.144,152.882,296.150,7.202,-113.325,41.277,3600.874,73584.034,20130711_052427,479171,3,59934,0
8,KMTX20130711_114151_V06,-25.148,0.058,380.401,366.931,10.693,-111.969,40.960,5346.439,52306.853,20130711_054151,479171,1,60816,1
9,KMTX20130711_131453_V06,67.885,0.100,24.293,279.293,25.813,-114.094,41.344,12906.370,138241.982,20130711_071453,479188,4,63668,1
1,KMTX20130713_122400_V06,15.496,0.064,262.114,361.025,14.524,-112.672,40.988,7262.020,35914.396,20130713_062400,479191,266,61347,5
2,KMTX20130715_114839_V06,-21.428,0.068,386.238,268.654,15.249,-111.931,41.403,7624.592,45879.059,20130715_054839,479161,0,42288,0
5,KMTX20130719_112747_V06,-45.620,0.083,348.244,325.126,6.582,-112.160,41.149,3290.752,27197.574,20130719_052747,479170,3,70404,3
5,KMTX20130719_113630_V06,-36.903,0.115,346.910,325.983,15.929,-112.168,41.145,7964.404,26812.504,20130719_053630,479175,3,65045,3
1,KMTX20130719_111904_V06,-54.337,0.110,354.605,82.543,6.941,-112.116,42.241,3470.325,112104.015,20130719_051904,479174,4,74199,4
2,KMTX20130719_111904_V06,-54.337,0.096,234.231,386.451,5.788,-112.837,40.873,2894.024,54312.291,20130719_051904,479174,4,74199,4
4,KMTX20130719_112747_V06,-45.620,0.136,191.277,120.505,8.085,-113.104,42.069,4042.343,104927.435,20130719_052747,479170,3,70404,3
6,KMTX20130719_121112_V06,-2.203,0.100,359.756,81.272,4.998,-112.085,42.247,2499.016,113372.132,20130719_061112,479171,1,36521,1
7,KMTX20130719_121112_V06,-2.203,0.076,414.635,211.926,9.092,-111.759,41.657,4546.158,72280.938,20130719_061112,479171,1,36521,1
2,KMTX20130720_115616_V06,-18.001,0.064,191.070,118.094,7.156,-113.105,42.080,3578.001,106013.710,20130720_055616,479169,2,40259,1
3,KMTX20130720_130427_V06,50.182,0.116,358.224,82.555,3.409,-112.094,42.241,1704.632,112552.553,20130720_070427,479168,6,34897,4
2,KMTX20130721_112421_V06,-50.795,0.125,187.759,124.751,4.539,-113.125,42.050,2269.474,104055.803,20130721_052421,479176,1,60133,1
3,KMTX20130721_124228_V06,27.322,0.056,398.005,383.004,26.311,-111.866,40.888,13155.577,64215.690,20130721_064228,479172,2,34521,2
1,KMTX20130724_112257_V06,-54.891,0.056,354.114,81.641,6.961,-112.119,42.245,3480.515,112482.003,20130724_052257,479175,1,58772,0
1,KMTX20130724_113138_V06,-46.208,0.091,351.231,86.826,19.005,-112.137,42.222,9502.552,109621.781,20130724_053138,479174,0,56624,0
2,KMTX20130724_112257_V06,-54.891,0.051,353.584,154.361,2.331,-112.124,41.918,1165.287,77591.929,20130724_052257,479175,1,58772,0
2,KMTX20130724_113138_V06,-46.208,0.131,353.633,154.565,9.561,-112.124,41.917,4780.303,77504.349,20130724_053138,479174,0,56624,0
4,KMTX20130727_121855_V06,-1.710,0.059,258.113,256.512,20.679,-112.698,41.458,10339.369,30189.886,20130727_061855,479182,31,107407,0
9,KMTX20130727_125412_V06,33.574,0.070,328.852,118.276,13.115,-112.273,42.081,6557.327,91999.864,20130727_065412,479183,30,107079,1
1,KMTX20130728_120530_V06,-16.072,0.070,366.094,382.269,8.615,-112.055,40.892,4307.533,52765.242,20130728_060530,479197,5,50246,0
1,KMTX20130730_121554_V06,-7.586,0.092,300.417,387.818,12.398,-112.444,40.867,6199.034,43909.613,20130730_061554,479172,0,32119,0
1,KMTX20130730_122054_V06,-2.586,-1.000,300.417,387.818,20.348,-112.444,40.867,10174.034,43909.613,20130730_062054,479178,3,33363,2
1,KMTX20130730_122553_V06,2.397,0.058,293.738,387.818,21.804,-112.484,40.867,10902.060,44020.270,20130730_062553,479180,5,33997,3
3,KMTX20130731_125937_V06,35.164,0.201,77.834,303.657,23.242,-113.772,41.239,11620.907,111098.014,20130731_065937,479171,0,50468,0
3,KMTX20130731_130536_V06,41.147,0.088,76.714,303.615,33.265,-113.779,41.239,16632.483,111657.521,20130731_070536,479157,11,50310,0
3,KMTX20130731_131135_V06,47.130,0.215,73.535,304.509,42.668,-113.798,41.235,21333.821,113254.876,20130731_071135,479172,1,48597,0
2,KMTX20130802_121737_V06,-8.788,0.173,293.076,395.671,14.694,-112.488,40.832,7346.796,47960.699,20130802_061737,479173,4,35910,2
2,KMTX20130802_122619_V06,-0.088,-1.000,293.076,395.671,28.527,-112.488,40.832,14263.296,47960.699,20130802_062619,479170,5,35668,4
2,KMTX20130802_123507_V06,8.712,0.246,288.241,396.922,28.461,-112.517,40.826,14230.634,48816.277,20130802_063507,479174,2,37227,2
2,KMTX20130802_124352_V06,17.462,-1.000,284.547,397.877,31.635,-112.539,40.822,15817.733,49544.736,20130802_064352,479174,3,38556,3
2,KMTX20130802_125239_V06,26.245,-1.000,280.840,398.836,34.822,-112.560,40.818,17410.878,50338.101,20130802_065239,479175,4,40634,1
2,KMTX20130802_130124_V06,34.995,-1.000,277.147,399.792,37.996,-112.582,40.813,18997.976,51187.478,20130802_070124,479172,2,42821,1
2,KMTX20130802_131009_V06,43.745,-1.000,273.453,400.747,41.170,-112.604,40.809,20585.075,52092.881,20130802_071009,479177,3,45357,3
2,KMTX20130802_131859_V06,52.578,-1.000,269.725,401.711,44.375,-112.626,40.805,22187.289,53060.817,20130802_071859,479174,2,48496,2
2,KMTX20130802_132749_V06,61.412,0.079,260.829,393.949,40.630,-112.679,40.840,20315.091,50893.981,20130802_072749,479170,1,50930,1
3,KMTX20130802_122619_V06,-0.088,0.091,422.905,44.443,28.845,-111.700,42.411,14422.348,141787.730,20130802_062619,479170,5,35668,4
4,KMTX20130802_122619_V06,-0.088,0.074,408.458,78.700,25.117,-111.790,42.257,12558.273,123224.290,20130802_062619,479170,5,35668,4
5,KMTX20130802_122619_V06,-0.088,0.069,271.531,437.008,12.984,-112.615,40.646,6491.974,69967.253,20130802_062619,479170,5,35668,4
2,KMTX20130803_125831_V06,31.128,0.056,345.086,419.534,38.504,-112.180,40.724,19251.959,63877.098,20130803_065831,479176,0,59005,0
1,KMTX20130804_112910_V06,-59.210,0.143,353.995,82.686,6.010,-112.120,42.241,3004.799,111960.843,20130804_052910,479170,5,55297,1
1,KMTX20130804_114853_V06,-39.493,0.050,355.104,83.927,13.714,-112.113,42.235,6856.994,111494.262,20130804_054853,479170,5,55439,2
1,KMTX20130806_115107_V06,-39.248,0.059,392.508,268.285,19.660,-111.894,41.404,9829.830,48896.570,20130806_055107,479168,3,65596,0
3,KMTX20130808_130022_V06,28.003,0.127,274.691,426.469,27.196,-112.597,40.693,13597.755,64488.298,20130808_070022,479175,2,52776,1
3,KMTX20130808_130859_V06,36.619,0.089,283.328,420.610,23.807,-112.546,40.720,11903.334,60878.618,20130808_070859,479168,4,52658,4
1,KMTX20130811_113750_V06,-57.546,0.081,331.542,163.471,3.514,-112.257,41.877,1757.198,70062.466,20130811_053750,479185,1,74192,0
4,KMTX20130816_120527_V06,-34.972,0.054,146.176,131.010,30.784,-113.376,42.020,15391.791,114257.846,20130816_060527,479171,3,40008,1
1,KMTX20130819_121337_V06,-29.830,0.052,389.060,266.608,19.032,-111.914,41.412,9516.071,47557.171,20130819_061337,479166,2,88977,2
4,KMTX20130825_125233_V06,3.064,0.116,279.944,512.723,11.189,-112.565,40.305,5594.374,106833.053,20130825_065233,479169,0,50763,0
1,KMTX20130826_115644_V06,-53.758,0.097,439.688,309.247,11.431,-111.614,41.218,5715.378,69997.001,20130826_055644,479188,9,37329,1
2,KMTX20130826_121807_V06,-32.375,0.118,441.780,304.986,10.300,-111.601,41.237,5150.085,70933.904,20130826_061807,479186,7,35014,4
5,KMTX20130826_132948_V06,39.308,0.225,438.646,307.125,7.563,-111.620,41.228,3781.269,69414.450,20130826_072948,479188,11,28521,11
6,KMTX20130827_140342_V06,72.204,0.060,370.823,281.500,17.439,-112.024,41.345,8719.742,36599.634,20130827_080342,479187,4,63846,1
4,KMTX20130829_134147_V06,48.279,0.100,409.291,212.379,32.940,-111.791,41.655,16469.952,70039.110,20130829_074147,479171,2,40305,2
4,KMTX20130829_135021_V06,56.845,0.091,408.903,209.302,43.980,-111.793,41.669,21990.208,70862.613,20130829_075021,479171,4,34477,4
4,KMTX20130829_135853_V06,65.379,0.056,420.119,202.061,34.830,-111.725,41.701,17414.883,77492.810,20130829_075853,479172,4,33720,4
4,KMTX20130829_140725_V06,73.912,0.051,418.063,203.517,46.277,-111.738,41.695,23138.330,76236.139,20130829_080725,479174,8,27359,7
3,KMTX20130829_134147_V06,48.279,0.164,264.744,58.986,21.472,-112.661,42.348,10735.859,121789.457,20130829_074147,479171,2,40305,2
6,KMTX20130829_140725_V06,73.912,0.105,438.601,306.838,10.534,-111.620,41.229,5266.758,69384.852,20130829_080725,479174,8,27359,7
2,KMTX20130830_115451_V06,-59.658,0.064,129.796,131.010,26.927,-113.474,42.019,13463.701,119923.698,20130830_055451,479146,35,90940,4
4,KMTX20130902_121417_V06,-43.233,0.062,445.386,530.595,6.923,-111.593,40.221,3461.381,136300.458,20130902_061417,479180,3196,145125,170
11,KMTX20130902_135011_V06,52.667,0.253,439.736,307.276,8.788,-111.614,41.227,4393.776,69962.681,20130902_075011,479194,2320,84848,235
2,KMTX20130905_120053_V06,-59.638,0.081,347.325,91.937,16.602,-112.160,42.199,8301.067,106688.425,20130905_060053,479181,267,75016,52
2,KMTX20130906_140813_V06,66.694,0.368,287.336,396.695,6.604,-112.522,40.827,3302.109,48760.554,20130906_080813,479178,2,55349,2
2,KMTX20130906_141655_V06,75.394,0.283,287.419,397.608,16.697,-112.522,40.823,8348.368,49207.873,20130906_081655,479176,2,45187,2
2,KMTX20130907_121115_V06,-51.273,0.124,269.492,253.427,21.098,-112.630,41.472,10548.931,27837.760,20130907_061115,479196,1,65847,1
5,KMTX20130907_134647_V06,44.260,0.153,432.523,359.760,29.709,-111.659,40.991,14854.362,72686.758,20130907_074647,479183,3,85138,0
6,KMTX20130907_140203_V06,59.527,0.060,332.009,517.297,22.992,-112.259,40.284,11495.934,109820.967,20130907_080203,479179,15,75397,0
3,KMTX20130909_121123_V06,-53.140,0.102,189.055,261.041,14.787,-113.111,41.436,7393.400,58793.159,20130909_061123,479199,2418,53046,887
3,KMTX20130909_121453_V06,-49.640,-1.000,189.055,261.041,20.352,-113.111,41.436,10175.900,58793.159,20130909_061453,479198,2302,53573,953
3,KMTX20130909_121822_V06,-46.157,0.115,192.432,264.632,16.100,-113.090,41.420,8050.116,56616.815,20130909_061822,479185,2231,55591,895
3,KMTX20130909_122152_V06,-42.657,-1.000,192.432,264.632,21.665,-113.090,41.420,10832.616,56616.815,20130909_062152,479172,2272,58049,910
3,KMTX20130909_122524_V06,-39.123,0.088,191.156,263.957,15.493,-113.098,41.423,7746.450,57328.056,20130909_062524,479184,2307,48809,794
3,KMTX20130909_122908_V06,-35.390,0.052,190.417,262.090,13.097,-113.102,41.432,6548.477,57977.768,20130909_062908,479189,2421,47829,819
9,KMTX20130909_130829_V06,3.960,0.075,196.428,375.119,8.307,-113.062,40.923,4153.267,63972.722,20130909_070829,479188,2074,57479,797
10,KMTX20130909_132603_V06,21.527,0.058,186.613,260.273,12.021,-113.125,41.440,6010.689,60072.689,20130909_072603,479192,2240,45645,791
11,KMTX20130909_133701_V06,32.493,0.062,190.771,263.382,15.746,-113.100,41.426,7872.919,57601.501,20130909_073701,479195,2228,30434,730
12,KMTX20130909_135449_V06,50.293,0.098,191.767,264.685,15.468,-113.094,41.420,7734.068,56924.238,20130909_075449,479185,2371,39722,854
3,KMTX20130911_122038_V06,-45.890,0.418,332.261,371.091,12.727,-112.255,40.943,6363.455,39034.288,20130911_062038,479177,684,105454,84
3,KMTX20130911_122407_V06,-42.407,0.275,332.044,371.185,17.772,-112.257,40.942,8886.032,39032.373,20130911_062407,479184,553,105081,61
3,KMTX20130911_122735_V06,-38.940,0.186,329.976,371.316,20.141,-112.269,40.942,10070.534,38680.082,20130911_062735,479188,425,105509,28
3,KMTX20130911_123103_V06,-35.473,-1.000,328.422,371.429,23.262,-112.278,40.941,11630.922,38438.193,20130911_063103,479170,295,105243,19
3,KMTX20130911_123431_V06,-32.007,0.080,320.140,370.439,16.917,-112.327,40.946,8458.679,36630.871,20130911_063431,479180,231,105518,23
8,KMTX20130911_124127_V06,-25.073,0.122,310.412,370.735,14.448,-112.385,40.944,7223.997,35748.472,20130911_064127,479187,163,104870,11
8,KMTX20130911_124458_V06,-21.557,0.053,310.317,370.647,19.670,-112.386,40.945,9835.043,35697.953,20130911_064458,479195,206,108924,14
11,KMTX20130911_125931_V06,-7.007,0.105,538.017,264.461,11.613,-111.023,41.414,5806.454,120327.747,20130911_065931,479175,201,115120,8
11,KMTX20130911_130316_V06,-3.257,0.062,536.403,263.751,17.972,-111.033,41.417,8986.103,119582.918,20130911_070316,479187,194,117073,13
4,KMTX20130912_130422_V06,-3.157,0.070,336.564,432.267,8.143,-112.231,40.667,4071.390,68613.921,20130912_070422,479194,123,54470,10
3,KMTX20130918_130152_V06,-11.667,0.072,327.245,169.771,4.384,-112.283,41.849,2191.994,66524.075,20130918_070152,479181,3,54021,1
3,KMTX20130918_130546_V06,-7.767,0.133,327.672,169.927,9.502,-112.280,41.848,4751.054,66491.936,20130918_070546,479183,5,53879,2
3,KMTX20130918_130941_V06,-3.850,0.068,323.181,172.408,15.033,-112.307,41.837,7516.705,64840.466,20130918_070941,479190,2,52727,1
7,KMTX20130918_135251_V06,39.316,0.383,394.835,185.484,44.366,-111.877,41.777,22182.823,74343.108,20130918_075251,479184,1,36628,0
7,KMTX20130918_135645_V06,43.216,0.100,395.051,185.935,49.650,-111.875,41.775,24824.991,74238.943,20130918_075645,479195,1,35002,1
7,KMTX20130918_140041_V06,47.150,0.122,391.461,212.587,31.018,-111.898,41.655,15509.026,63257.695,20130918_080041,479187,1,34085,0
7,KMTX20130918_140435_V06,51.050,0.136,391.469,212.208,36.806,-111.898,41.657,18403.015,63391.483,20130918_080435,479191,0,32726,0
6,KMTX20130918_132517_V06,11.750,0.073,373.571,344.799,19.155,-112.009,41.060,9577.591,43068.828,20130918_072517,479187,1,46403,0
1,KMTX20130919_133154_V06,17.361,0.149,142.911,142.298,25.513,-113.394,41.969,12756.289,111295.642,20130919_073154,479175,2,34419,2
4,KMTX20130921_131740_V06,1.110,0.112,423.292,217.116,17.086,-111.707,41.634,8543.232,74280.793,20130921_071740,479174,0,37229,0
4,KMTX20130921_132632_V06,9.977,-1.000,423.292,217.116,31.184,-111.707,41.634,15592.232,74280.793,20130921_072632,479178,1,40478,0
4,KMTX20130921_133523_V06,18.827,0.106,403.690,175.411,60.411,-111.823,41.822,30205.334,81046.211,20130921_073523,479173,2,39507,2
3,KMTX20130922_123458_V06,-42.601,0.134,393.453,218.359,24.816,-111.886,41.629,12407.944,62045.902,20130922_063458,479190,9,64058,2
2,KMTX20130923_130651_V06,-11.733,0.196,360.072,315.761,5.298,-112.089,41.191,2648.750,31052.705,20130923_070651,479177,1,27730,0
2,KMTX20130923_131557_V06,-2.633,0.589,364.488,315.062,18.910,-112.063,41.194,9455.215,33111.803,20130923_071557,479181,1,28641,0
2,KMTX20130923_132502_V06,6.451,0.130,369.855,326.829,19.448,-112.031,41.141,9724.233,37414.902,20130923_072502,479174,4,24539,1
4,KMTX20130923_130651_V06,-11.733,0.063,298.611,403.478,6.333,-112.455,40.797,3166.704,51743.476,20130923_070651,479177,1,27730,0
5,KMTX20130923_135223_V06,33.801,0.103,418.661,217.040,21.268,-111.735,41.634,10633.957,72392.675,20130923_075223,479178,2,18581,1
1,KMTX20130924_132451_V06,5.250,0.215,336.408,436.989,19.083,-112.232,40.646,9541.468,70872.169,20130924_072451,479178,2,28275,1
2,KMTX20130924_142826_V06,68.834,0.072,144.108,131.661,31.438,-113.388,42.017,15719.185,114717.531,20130924_082826,479173,4,30632,3
9,KMTX20130926_132053_V06,-0.760,0.133,56.581,361.694,81.181,-113.893,40.976,40590.477,125557.900,20130926_072053,479193,1,110629,0
9,KMTX20130926_132443_V06,3.073,0.060,57.149,361.104,85.670,-113.890,40.979,42835.114,125210.340,20130926_072443,479208,10,107317,0
9,KMTX20130926_132846_V06,7.123,0.231,59.045,355.822,85.855,-113.879,41.003,42927.422,123668.538,20130926_072846,479184,16,106919,0
8,KMTX20130926_131705_V06,-4.560,0.200,50.233,396.097,57.494,-113.927,40.821,28746.830,133807.781,20130926_071705,479177,1,108301,0
11,KMTX20130927_130638_V06,-16.038,0.058,275.793,400.767,8.138,-112.590,40.809,4068.949,51816.687,20130927_070638,479186,239,65478,9
11,KMTX20130927_131013_V06,-12.454,-1.000,275.793,400.767,13.835,-112.590,40.809,6917.699,51816.687,20130927_071013,479179,245,67212,7
11,KMTX20130927_131402_V06,-8.638,0.063,277.157,398.974,17.503,-112.582,40.817,8751.641,50787.793,20130927_071402,479169,211,68775,13
11,KMTX20130927_131738_V06,-5.038,0.077,278.990,398.479,18.497,-112.571,40.819,9248.263,50347.751,20130927_071738,479196,147,71097,6
11,KMTX20130927_132127_V06,-1.221,-1.000,280.541,397.632,20.897,-112.562,40.823,10448.257,49775.981,20130927_072127,479195,98,71634,4
11,KMTX20130927_132503_V06,2.379,0.055,281.159,388.151,3.434,-112.559,40.866,1717.052,45070.832,20130927_072503,479187,61,73836,6
7,KMTX20130927_125551_V06,-26.821,0.075,253.965,194.857,48.431,-112.724,41.736,24215.347,57389.762,20130927_065551,479183,182,62565,3
7,KMTX20130927_125926_V06,-23.238,-1.000,253.965,194.857,54.128,-112.724,41.736,27064.097,57389.762,20130927_065926,479196,179,63541,5
7,KMTX20130927_130301_V06,-19.654,0.074,259.822,187.693,60.929,-112.689,41.768,30464.319,59638.942,20130927_070301,479186,230,65398,6
9,KMTX20130927_125926_V06,-23.238,0.053,503.625,182.844,18.853,-111.222,41.784,9426.716,117461.357,20130927_065926,479196,179,63541,5
9,KMTX20130927_130301_V06,-19.654,0.053,503.766,182.733,23.806,-111.221,41.784,11903.129,117550.162,20130927_070301,479186,230,65398,6
9,KMTX20130927_130638_V06,-16.038,-1.000,503.863,182.657,29.045,-111.221,41.785,14522.259,117611.249,20130927_070638,479186,239,65478,9
9,KMTX20130927_131013_V06,-12.454,0.056,506.917,181.769,19.873,-111.202,41.788,9936.256,119156.802,20130927_071013,479179,245,67212,7
9,KMTX20130927_131402_V06,-8.638,0.169,507.036,181.345,24.936,-111.202,41.790,12467.796,119313.805,20130927_071402,479169,211,68775,13
9,KMTX20130927_131738_V06,-5.038,0.141,510.947,179.370,19.947,-111.178,41.799,9973.396,121501.109,20130927_071738,479196,147,71097,6
9,KMTX20130927_132127_V06,-1.221,0.118,511.908,179.797,25.003,-111.172,41.797,12501.593,121813.020,20130927_072127,479195,98,71634,4
18,KMTX20130927_133603_V06,13.379,0.076,29.446,192.701,35.192,-114.073,41.734,17595.791,145527.371,20130927_073603,479186,7,75589,0
18,KMTX20130927_133937_V06,16.946,0.100,29.328,190.149,41.618,-114.074,41.746,20808.922,146057.012,20130927_073937,479188,3,74900,0
21,KMTX20130927_135410_V06,31.496,0.236,36.522,205.612,41.379,-114.029,41.677,20689.707,139937.266,20130927_075410,479194,1,77077,1
21,KMTX20130927_135800_V06,35.329,0.240,36.723,206.173,46.521,-114.028,41.674,23260.597,139748.417,20130927_075800,479182,0,79595,0
19,KMTX20130927_134311_V06,20.512,0.052,32.368,418.502,28.109,-114.031,40.718,14054.703,146346.848,20130927_074311,479193,1,75150,1
1,KMTX20130928_123511_V06,-48.518,0.232,146.706,143.612,23.944,-113.372,41.963,11971.893,109494.562,20130928_063511,479183,2,36254,2
2,KMTX20130928_123511_V06,-48.518,0.072,362.019,57.509,18.657,-112.071,42.354,9328.419,125148.033,20130928_063511,479183,2,36254,2
1,KMTX20131001_130412_V06,-22.617,0.780,362.142,312.541,15.053,-112.076,41.206,7526.543,31697.240,20131001_070412,479175,3,59091,3
1,KMTX20131001_131316_V06,-13.550,0.622,366.348,317.717,22.946,-112.052,41.182,11472.937,34336.551,20131001_071316,479173,2,55123,2
1,KMTX20131001_132226_V06,-4.383,0.099,364.930,309.310,23.311,-112.060,41.220,11655.672,32797.029,20131001_072226,479179,0,55357,0
2,KMTX20131002_122951_V06,-58.013,0.050,418.989,202.330,2.430,-111.732,41.700,1215.179,76970.278,20131002_062951,479175,3,68005,3
2,KMTX20131004_123013_V06,-59.753,0.051,228.497,90.479,8.185,-112.880,42.205,4092.630,110693.158,20131004_063013,479189,22,43239,2
1,KMTX20131006_135327_V06,21.357,0.608,300.024,302.396,11.591,-112.447,41.252,5795.601,1198.304,20131006_075327,479181,4,26450,3
3,KMTX20131006_144717_V06,75.190,0.488,299.913,302.064,12.788,-112.447,41.253,6394.192,1032.959,20131006_084717,479174,8,14422,2
1,KMTX20131007_124159_V06,-51.178,0.502,419.072,205.824,5.059,-111.732,41.685,2529.510,75906.681,20131007_064159,479179,3,45228,3
6,KMTX20131008_141950_V06,45.598,0.079,56.661,98.362,65.116,-113.919,42.161,32557.793,158012.323,20131008_081950,479180,3,28771,3
6,KMTX20131008_142841_V06,54.448,0.126,58.643,98.313,73.515,-113.907,42.162,36757.520,157266.361,20131008_082841,479177,1,25374,1
8,KMTX20131008_145514_V06,80.998,0.348,97.727,79.994,78.597,-113.672,42.247,39298.607,149429.889,20131008_085514,479179,2,21920,1
8,KMTX20131008_150405_V06,89.848,0.349,109.353,78.444,83.302,-113.602,42.254,41651.002,146144.915,20131008_090405,479176,2,21935,1
2,KMTX20131008_124947_V06,-44.452,0.061,359.528,79.851,2.499,-112.086,42.253,1249.363,114027.669,20131008_064947,479176,0,62403,0
4,KMTX20131008_135326_V06,19.198,0.142,356.931,82.727,3.813,-112.102,42.240,1906.471,112303.758,20131008_075326,479173,4,38662,4
9,KMTX20131008_145514_V06,80.998,0.058,309.266,300.071,13.639,-112.392,41.262,6819.595,4633.283,20131008_085514,479179,2,21920,1
1,KMTX20131009_124412_V06,-51.113,0.102,358.222,82.685,4.990,-112.094,42.241,2495.014,112489.780,20131009_064412,479172,1,51018,0
4,KMTX20131009_133047_V06,-4.529,0.129,357.725,82.586,3.499,-112.097,42.241,1749.260,112473.528,20131009_073047,479177,2,29098,1
7,KMTX20131014_142500_V06,44.227,0.065,521.727,385.017,32.111,-111.132,40.872,16055.485,118733.951,20131014_082500,479176,2,35418,2
1,KMTX20131016_124307_V06,-59.875,0.083,424.701,440.516,16.436,-111.710,40.628,8218.206,93935.065,20131016_064307,479167,2,49391,2
4,KMTX20131016_142851_V06,45.859,0.146,358.343,82.662,3.323,-112.094,42.241,1661.255,112516.381,20131016_082851,479168,4,10423,4
2,KMTX20131017_131200_V06,-32.108,0.098,356.680,80.575,2.440,-112.104,42.250,1220.043,113313.652,20131017_071200,479171,0,28415,0
1,KMTX20131018_124548_V06,-59.430,0.156,357.810,81.776,3.185,-112.097,42.245,1592.354,112875.595,20131018_064548,479173,3,17470,3
3,KMTX20131018_124548_V06,-59.430,0.065,297.276,293.918,4.675,-112.463,41.290,2337.547,3332.322,20131018_064548,479173,3,17470,3
5,KMTX20131018_145725_V06,72.186,0.095,358.253,82.613,3.399,-112.094,42.241,1699.265,112528.399,20131018_085725,479164,1,4978,1
3,KMTX20131019_125301_V06,-53.341,0.056,161.089,297.548,6.811,-113.276,41.271,3405.472,69466.521,20131019_065301,479177,2,14240,2
4,KMTX20131019_125301_V06,-53.341,0.052,418.614,202.321,2.608,-111.734,41.700,1304.020,76828.619,20131019_065301,479177,2,14240,2
5,KMTX20131019_130148_V06,-44.558,0.213,357.311,82.561,3.545,-112.100,42.241,1772.484,112432.633,20131019_070148,479175,3,15453,3
8,KMTX20131019_135434_V06,8.209,0.066,356.662,82.205,4.715,-112.104,42.243,2357.483,112522.339,20131019_075434,479171,2,6796,2
2,KMTX20131020_141115_V06,23.759,0.139,358.132,82.463,3.397,-112.095,42.242,1698.273,112584.923,20131020_081115,479173,0,24011,0
1,KMTX20131021_125500_V06,-53.630,0.103,357.241,82.321,3.612,-112.100,42.242,1806.026,112539.809,20131021_065500,479170,3,28573,2
3,KMTX20131021_130343_V06,-44.913,0.060,417.265,465.260,7.503,-111.755,40.517,3751.322,101318.767,20131021_070343,479167,3,27152,1
1,KMTX20131024_125908_V06,-52.945,0.292,354.744,82.702,5.159,-112.115,42.241,2579.403,112043.931,20131024_065908,479166,1,31549,0
1,KMTX20131024_130752_V06,-44.211,0.074,355.138,83.735,14.197,-112.113,42.236,7098.413,111591.520,20131024_070752,479171,3,31598,3
1,KMTX20131028_142507_V06,28.368,0.104,465.038,154.645,37.395,-111.452,41.913,18697.628,109961.060,20131028_082507,479181,0,49355,0
6,KMTX20131029_141010_V06,12.239,0.272,440.220,524.644,17.758,-111.623,40.248,8878.864,132406.972,20131029_081010,479192,1,95032,0
9,KMTX20131030_142252_V06,23.755,0.065,163.567,60.182,12.601,-113.275,42.339,6300.703,137955.337,20131030_082252,479169,0,14664,0
16,KMTX20131030_151113_V06,72.105,0.188,221.259,86.968,18.525,-112.924,42.221,9262.251,113559.145,20131030_091113,479183,3,12831,0
2,KMTX20131031_143732_V06,37.234,0.081,298.040,301.434,13.237,-112.459,41.256,6618.347,1214.251,20131031_083732,479171,0,4656,0
2,KMTX20131103_132439_V06,-39.234,0.227,385.562,89.502,71.467,-111.929,42.209,35733.299,113611.546,20131103_062439,479180,0,225272,0
3,KMTX20131103_132439_V06,-39.234,0.097,56.985,301.007,65.770,-113.897,41.249,32885.170,121508.650,20131103_062439,479180,0,225272,0
8,KMTX20131103_145539_V06,51.766,0.165,34.252,388.456,36.158,-114.023,40.854,18079.044,140041.393,20131103_075539,479191,2,131800,1
8,KMTX20131103_150143_V06,57.832,-1.000,34.252,388.456,45.804,-114.023,40.854,22902.044,140041.393,20131103_080143,479169,3,123360,0
8,KMTX20131103_150747_V06,63.899,0.063,57.740,385.064,30.949,-113.884,40.871,15474.432,128379.845,20131103_080747,479173,0,121053,0
9,KMTX20131103_145539_V06,51.766,0.071,449.515,144.690,60.843,-111.545,41.958,30421.448,107791.366,20131103_075539,479191,2,131800,1
2,KMTX20131106_130946_V06,-57.724,0.165,153.527,294.925,11.115,-113.321,41.282,5557.642,73280.449,20131106_060946,479171,12,9681,0
2,KMTX20131106_131453_V06,-52.608,0.053,153.584,294.962,18.193,-113.321,41.282,9096.620,73251.395,20131106_061453,479176,2,9208,0
5,KMTX20131106_132001_V06,-47.474,0.105,404.583,432.408,33.831,-111.829,40.665,16915.466,84364.543,20131106_062001,479172,0,8124,0
9,KMTX20131107_135441_V06,-14.012,0.051,33.969,328.337,39.006,-114.031,41.124,19503.063,133768.116,20131107_065441,479193,0,27290,0
9,KMTX20131107_135948_V06,-8.896,0.391,33.151,323.680,48.772,-114.036,41.145,24385.843,133949.003,20131107_065948,479176,0,27512,0
9,KMTX20131107_140455_V06,-3.779,0.275,38.592,307.491,59.181,-114.006,41.218,29590.279,130757.622,20131107_070455,479184,2,27903,2
9,KMTX20131107_141003_V06,1.354,0.403,43.834,308.014,61.061,-113.974,41.217,30530.577,128145.529,20131107_071003,479174,0,28607,0
9,KMTX20131107_141510_V06,6.471,0.092,48.572,309.779,61.232,-113.946,41.209,30616.236,125808.857,20131107_071510,479170,6,29310,0
9,KMTX20131107_142017_V06,11.588,-1.000,53.358,309.869,62.678,-113.917,41.209,31339.052,123419.480,20131107_072017,479167,1,29401,1
9,KMTX20131107_142525_V06,16.721,0.213,58.828,307.351,66.215,-113.885,41.221,33107.724,120642.213,20131107_072525,479187,2,29077,2
9,KMTX20131107_143031_V06,21.821,0.216,63.416,311.194,71.312,-113.857,41.204,35656.202,118424.291,20131107_073031,479176,0,28931,0
14,KMTX20131107_144045_V06,32.054,0.126,53.237,439.349,56.688,-113.905,40.626,28344.231,141695.108,20131107_074045,479176,0,28330,0
14,KMTX20131107_144618_V06,37.604,0.245,54.083,437.389,64.602,-113.900,40.635,32300.903,140846.537,20131107_074618,479164,0,26425,0
14,KMTX20131107_145124_V06,42.704,0.382,63.032,434.808,64.393,-113.848,40.647,32196.542,136315.025,20131107_075124,479173,1,24520,1
14,KMTX20131107_145632_V06,47.838,0.421,68.499,433.424,69.647,-113.816,40.654,34823.309,133598.887,20131107_075632,479180,0,21304,0
14,KMTX20131107_150139_V06,52.954,0.311,72.839,435.942,73.192,-113.790,40.643,36595.898,132365.452,20131107_080139,479180,0,18833,0
5,KMTX20131107_132330_V06,-45.196,0.181,33.731,147.753,55.107,-114.052,41.937,27553.394,153360.882,20131107_062330,479169,1,24096,0
5,KMTX20131107_132837_V06,-40.079,0.153,34.570,147.621,61.778,-114.047,41.938,30888.890,153029.641,20131107_062837,479171,4,25353,2
13,KMTX20131107_142017_V06,11.588,0.056,29.887,419.601,38.836,-114.045,40.713,19417.767,147703.635,20131107_072017,479167,1,29401,1
13,KMTX20131107_142525_V06,16.721,-1.000,29.887,419.601,46.998,-114.045,40.713,23498.767,147703.635,20131107_072525,479187,2,29077,2
13,KMTX20131107_143031_V06,21.821,0.107,38.755,412.399,51.979,-113.994,40.746,25989.388,142199.110,20131107_073031,479176,0,28931,0
2,KMTX20131107_131823_V06,-50.312,0.144,33.761,157.936,30.039,-114.051,41.891,15019.474,150885.138,20131107_061823,479174,2,22142,1
7,KMTX20131107_133851_V06,-29.846,0.063,54.089,444.461,12.070,-113.900,40.603,6034.831,142602.030,20131107_063851,479177,0,26418,0
11,KMTX20131107_142017_V06,11.588,0.191,176.061,55.719,26.164,-113.199,42.360,13081.978,136961.651,20131107_072017,479167,1,29401,1
12,KMTX20131107_142017_V06,11.588,0.176,299.675,301.359,14.356,-112.449,41.257,7178.108,698.649,20131107_072017,479167,1,29401,1
1,KMTX20131109_132652_V06,-44.240,0.075,419.272,206.607,5.482,-111.731,41.681,2740.849,75743.109,20131109_062652,479174,0,11411,0
2,KMTX20131109_132652_V06,-44.240,0.068,62.099,282.291,13.875,-113.868,41.334,6937.476,119279.410,20131109_062652,479174,0,11411,0
3,KMTX20131110_132257_V06,-49.361,0.101,419.682,466.820,9.045,-111.741,40.510,4522.528,102655.686,20131110_062257,479171,4,11093,4
4,KMTX20131110_134022_V06,-31.944,0.106,65.294,280.092,10.756,-113.849,41.344,5378.006,117774.286,20131110_064022,479172,2,15687,2
1,KMTX20131111_152449_V06,71.303,0.053,357.137,82.719,3.180,-112.101,42.240,1590.000,112333.791,20131111_082449,479178,3,5387,0
1,KMTX20131112_132219_V06,-52.399,0.172,180.861,259.217,9.170,-113.160,41.444,4585.110,62963.128,20131112_062219,479173,2,11940,1
1,KMTX20131113_131928_V06,-56.448,0.067,418.177,464.186,9.140,-111.750,40.521,4570.239,101147.143,20131113_061928,479175,0,13238,0
3,KMTX20131114_131716_V06,-59.844,0.106,295.533,312.407,8.857,-112.474,41.207,4428.394,6593.488,20131114_061716,479170,1,7009,1
5,KMTX20131114_134315_V06,-33.861,0.059,356.330,80.763,2.924,-112.106,42.249,1462.246,113178.964,20131114_064315,479171,2,9712,2
8,KMTX20131114_145239_V06,35.539,0.081,299.730,299.684,18.338,-112.449,41.264,9168.896,207.934,20131114_075239,479172,4,4894,0
8,KMTX20131115_153845_V06,80.446,0.084,19.386,328.610,24.472,-114.118,41.122,12235.799,141034.485,20131115_083845,479183,2,194074,2
1,KMTX20131118_141935_V06,-2.273,0.055,175.355,262.142,6.335,-113.193,41.431,3167.572,65133.559,20131118_071935,479168,5,3689,5
2,KMTX20131118_142812_V06,6.344,0.060,357.682,82.394,3.716,-112.098,42.242,1858.063,112560.826,20131118_072812,479173,4,3488,4
2,KMTX20131119_134657_V06,-36.079,0.310,25.638,214.101,31.924,-114.093,41.638,15962.111,143747.217,20131119_064657,479177,6,80870,6
2,KMTX20131119_135301_V06,-30.012,0.121,26.948,215.491,39.806,-114.085,41.632,19902.946,142915.294,20131119_065301,479178,0,83296,0
6,KMTX20131119_140506_V06,-17.929,0.059,9.937,256.036,14.292,-114.183,41.448,7146.001,146688.166,20131119_070506,479179,0,84622,0
6,KMTX20131119_141109_V06,-11.879,0.142,11.365,256.554,22.419,-114.174,41.445,11209.513,145943.114,20131119_071109,479176,0,89515,0
10,KMTX20131119_143332_V06,10.504,0.338,416.623,40.535,30.359,-111.738,42.429,15179.630,142234.993,20131119_073332,479162,2,76391,1
10,KMTX20131119_143932_V06,16.504,0.352,420.271,38.872,35.746,-111.716,42.436,17872.881,143747.230,20131119_073932,479174,1,79967,1
16,KMTX20131119_153342_V06,70.671,0.055,19.642,401.310,26.367,-114.108,40.795,13183.430,149050.652,20131119_083342,479174,1,90095,1
16,KMTX20131119_153942_V06,76.671,0.103,21.020,399.125,34.795,-114.100,40.805,17397.597,148033.293,20131119_083942,479184,1,89929,0
4,KMTX20131119_135301_V06,-30.012,0.152,329.640,39.637,41.078,-112.267,42.435,20539.158,131022.309,20131119_065301,479178,0,83296,0
12,KMTX20131119_145135_V06,28.554,0.216,45.293,214.255,62.034,-113.976,41.639,31017.038,134376.096,20131119_075135,479180,0,86445,0
3,KMTX20131121_135125_V06,-33.937,0.061,26.705,239.571,29.947,-114.084,41.523,14973.310,139947.891,20131121_065125,479174,2,198847,0
6,KMTX20131121_150601_V06,40.663,0.114,417.541,101.219,7.159,-111.736,42.155,3579.697,115466.357,20131121_080601,479172,0,234559,0
1,KMTX20131122_133008_V06,-56.372,0.088,179.263,259.390,3.156,-113.169,41.443,1578.096,63691.843,20131122_063008,479174,2,7024,1
1,KMTX20131123_132811_V06,-59.463,0.053,179.200,259.191,2.850,-113.170,41.444,1425.146,63753.714,20131123_062811,479173,14,8092,13
4,KMTX20131124_135131_V06,-37.262,0.418,460.670,564.354,36.613,-111.505,40.069,18306.522,154675.269,20131124_065131,479173,2,15391,1
1,KMTX20131127_140639_V06,-25.457,0.054,345.792,482.358,28.451,-112.177,40.441,14225.312,94009.703,20131127_070639,479172,3,15905,3
2,KMTX20131201_143213_V06,-4.137,0.296,180.665,61.491,12.171,-113.171,42.334,6085.613,133348.650,20131201_073213,479180,3,6647,3
5,KMTX20131201_144415_V06,7.897,0.066,373.237,74.235,19.027,-112.003,42.278,9513.718,118673.424,20131201_074415,479184,1,7891,1
3,KMTX20131202_144325_V06,6.042,0.075,36.144,221.966,40.858,-114.030,41.603,20429.249,137576.608,20131202_074325,479169,3,48203,1
5,KMTX20131202_154343_V06,66.342,0.109,39.780,290.310,61.647,-114.000,41.296,30823.437,130200.324,20131202_084343,479176,1,49044,1
2,KMTX20131203_152649_V06,48.440,0.111,25.812,224.685,33.788,-114.091,41.590,16893.957,142171.937,20131203_082649,479187,0,220149,0
8,KMTX20131203_155659_V06,78.606,0.056,29.868,234.022,38.282,-114.066,41.548,19141.207,139036.137,20131203_085659,479184,0,194333,0
3,KMTX20131207_154750_V06,65.650,0.074,41.061,193.228,87.402,-114.003,41.733,43700.756,140044.529,20131207_084750,479169,2,228937,2
3,KMTX20131207_155127_V06,69.266,0.063,40.870,191.365,92.015,-114.005,41.741,46007.737,140490.300,20131207_085127,479189,4,229994,3
3,KMTX20131207_155502_V06,72.850,0.067,41.541,193.002,91.955,-114.000,41.734,45977.555,139865.766,20131207_085502,479175,3,230121,3
3,KMTX20131207_155837_V06,76.433,0.066,44.044,187.302,92.762,-113.986,41.760,46381.101,139834.289,20131207_085837,479185,4,230017,4
3,KMTX20131207_160213_V06,80.033,0.225,46.657,184.688,89.715,-113.970,41.772,44857.412,139175.838,20131207_090213,479164,2,230755,1
1,KMTX20131207_141201_V06,-30.167,0.057,52.695,458.518,56.363,-113.907,40.540,28181.355,146873.818,20131207_071201,479169,5,194235,4
2,KMTX20131207_153243_V06,50.533,0.079,26.866,218.279,56.321,-114.086,41.619,28160.604,142548.709,20131207_083243,479185,4,229231,3
1,KMTX20131209_155641_V06,72.733,0.196,180.469,260.181,4.742,-113.162,41.440,2371.233,62994.525,20131209_085641,479178,2,10240,2
1,KMTX20131211_143902_V06,-6.583,0.146,299.350,301.606,12.807,-112.451,41.256,6403.675,866.304,20131211_073902,479174,6,8808,6
4,KMTX20131212_151325_V06,27.008,0.855,301.392,300.379,15.006,-112.439,41.261,7503.029,721.188,20131212_081325,479170,4,2087,4
4,KMTX20131212_152151_V06,35.442,0.655,300.985,301.326,19.223,-112.441,41.257,9611.555,825.972,20131212_082151,479174,6,2292,6
1,KMTX20131212_134953_V06,-56.525,0.116,183.613,259.736,8.378,-113.143,41.442,4188.900,61577.609,20131212_064953,479168,66,2332,65
2,KMTX20131212_143957_V06,-6.458,0.213,190.931,119.512,7.461,-113.106,42.073,3730.310,105442.022,20131212_073957,479166,15,2524,11
3,KMTX20131212_144817_V06,1.875,0.064,357.648,82.644,4.760,-112.098,42.241,2379.971,112435.390,20131212_074817,479173,15,2427,15
5,KMTX20131212_155514_V06,68.825,0.228,298.223,299.922,25.473,-112.458,41.263,12736.298,889.321,20131212_085514,479172,2,2700,1
7,KMTX20131213_160138_V06,74.460,0.230,390.553,184.739,38.617,-111.902,41.780,19308.556,73288.808,20131213_090138,479181,2,8534,2
7,KMTX20131213_160740_V06,80.493,0.089,392.629,186.083,44.054,-111.890,41.774,22027.119,73411.977,20131213_090740,479171,15,10619,5
8,KMTX20131213_160740_V06,80.493,0.444,187.225,90.633,8.942,-113.130,42.203,4470.791,118904.272,20131213_090740,479171,15,10619,5
8,KMTX20131213_161340_V06,86.493,0.444,187.370,92.643,18.012,-113.129,42.194,9006.133,117985.820,20131213_091340,479170,8,10350,2
9,KMTX20131213_160740_V06,80.493,0.355,436.554,67.844,9.853,-111.619,42.305,4926.304,134669.345,20131213_090740,479171,15,10619,5
9,KMTX20131213_161340_V06,86.493,0.060,436.545,68.034,17.602,-111.619,42.304,8800.798,134585.423,20131213_091340,479170,8,10350,2
1,KMTX20131213_134825_V06,-58.757,0.266,180.292,259.524,10.077,-113.163,41.443,5038.517,63183.015,20131213_064825,479177,206,2566,206
3,KMTX20131213_134825_V06,-58.757,0.067,357.169,83.044,6.938,-112.101,42.239,3469.078,112180.786,20131213_064825,479177,206,2566,206
5,KMTX20131214_143835_V06,-9.326,0.753,300.592,302.276,13.600,-112.443,41.253,6800.171,1175.704,20131214_073835,479177,45,2655,45
5,KMTX20131214_144638_V06,-1.276,0.762,300.306,300.854,22.228,-112.445,41.259,11113.889,453.516,20131214_074638,479169,5,2266,5
5,KMTX20131214_145445_V06,6.841,0.132,301.261,302.837,28.781,-112.439,41.250,14390.458,1552.603,20131214_075445,479169,49,1850,49
1,KMTX20131214_140624_V06,-41.509,0.193,183.427,260.862,8.335,-113.144,41.437,4167.284,61483.958,20131214_070624,479179,38,2681,38
2,KMTX20131214_140624_V06,-41.509,0.085,358.121,83.139,3.420,-112.095,42.238,1710.064,112256.993,20131214_070624,479179,38,2681,38
7,KMTX20131214_151058_V06,23.057,0.396,183.025,260.138,11.889,-113.147,41.440,5944.374,61790.113,20131214_081058,479171,152,1483,152
8,KMTX20131214_154345_V06,55.841,0.101,18.997,320.788,26.824,-114.121,41.157,13412.140,140885.566,20131214_084345,479178,41,2272,37
9,KMTX20131214_160003_V06,72.141,0.090,357.811,82.463,3.667,-112.097,42.242,1833.672,112544.096,20131214_090003,479171,51,1687,51
3,KMTX20131215_140535_V06,-43.033,0.588,300.599,301.593,15.038,-112.443,41.256,7519.203,850.771,20131215_070535,479171,193,2110,193
3,KMTX20131215_141359_V06,-34.633,0.559,302.587,300.555,24.891,-112.432,41.260,12445.406,1322.771,20131215_071359,479166,55,1810,52
1,KMTX20131215_134900_V06,-59.616,0.165,299.897,301.264,14.138,-112.448,41.257,7068.993,634.300,20131215_064900,479172,26,1866,26
2,KMTX20131215_135716_V06,-51.350,0.177,181.456,259.448,7.180,-113.156,41.443,3590.124,62644.247,20131215_065716,479173,212,1338,207
4,KMTX20131215_140535_V06,-43.033,0.060,192.800,114.190,9.072,-113.095,42.097,4535.826,107258.237,20131215_070535,479171,193,2110,193
1,KMTX20131216_135202_V06,-57.260,0.131,180.260,259.975,8.704,-113.163,41.441,4352.053,63126.387,20131216_065202,479172,202,3591,201
1,KMTX20131216_140025_V06,-48.876,0.125,180.479,260.125,16.689,-113.162,41.440,8344.644,62998.483,20131216_070025,479172,271,3482,271
1,KMTX20131217_142148_V06,-28.139,0.139,188.112,115.668,5.264,-113.123,42.091,2632.008,107816.001,20131217_072148,479175,15,2699,14
2,KMTX20131217_142148_V06,-28.139,0.112,299.466,294.237,2.598,-112.450,41.289,1299.202,2894.044,20131217_072148,479175,15,2699,14
2,KMTX20131217_143022_V06,-19.572,-1.000,299.466,294.237,16.219,-112.450,41.289,8109.702,2894.044,20131217_073022,479169,12,2737,12
2,KMTX20131217_143854_V06,-11.039,0.064,299.781,293.307,5.471,-112.448,41.293,2735.332,3348.156,20131217_073854,479171,65,2955,65
5,KMTX20131217_142148_V06,-28.139,0.069,357.933,82.468,3.334,-112.096,42.242,1667.053,112556.972,20131217_072148,479175,15,2699,14
8,KMTX20131217_145559_V06,6.044,0.053,181.683,258.105,5.531,-113.155,41.449,2765.402,62757.630,20131217_075559,479172,220,2393,220
9,KMTX20131217_153839_V06,48.711,0.066,355.818,83.060,6.732,-112.109,42.239,3365.829,112002.856,20131217_083839,479170,31,2071,31
10,KMTX20131217_155541_V06,65.744,0.094,182.810,259.506,8.014,-113.148,41.443,4006.985,61994.660,20131217_085541,479179,93,1942,93
3,KMTX20131218_140212_V06,-48.353,0.127,194.298,118.012,7.558,-113.086,42.080,3778.912,105228.684,20131218_070212,479172,176,3933,175
5,KMTX20131218_144358_V06,-6.587,0.272,190.873,119.912,9.262,-113.106,42.072,4630.814,105285.749,20131218_074358,479168,17,3396,17
6,KMTX20131218_145221_V06,1.797,0.054,181.052,258.105,7.022,-113.159,41.449,3511.057,63055.119,20131218_075221,479176,9,4411,8
7,KMTX20131218_150907_V06,18.563,0.069,190.649,118.974,10.866,-113.108,42.076,5433.109,105745.089,20131218_080907,479176,28,3931,27
2,KMTX20131219_144453_V06,-6.253,0.065,26.301,311.956,43.693,-114.078,41.197,21846.626,136980.215,20131219_074453,479202,3,296587,3
4,KMTX20131220_150331_V06,11.831,0.157,357.098,83.054,5.187,-112.101,42.239,2593.414,112166.916,20131220_080331,479175,2,5577,1
1,KMTX20131221_140117_V06,-50.918,0.073,18.324,301.450,20.506,-114.127,41.244,10252.825,140839.712,20131221_070117,479177,6,171365,6
7,KMTX20131221_154350_V06,51.632,0.129,32.815,231.317,33.305,-114.049,41.561,16652.725,137935.852,20131221_084350,479176,0,144795,0
7,KMTX20131221_154848_V06,56.598,-1.000,32.815,231.317,41.202,-114.049,41.561,20601.225,137935.852,20131221_084848,479177,2,140443,2
7,KMTX20131221_155347_V06,61.582,0.135,28.480,253.599,29.689,-114.072,41.460,14844.731,137728.179,20131221_085347,479176,0,137604,0
10,KMTX20131221_161339_V06,81.448,0.201,25.776,266.369,33.791,-114.087,41.403,16895.515,138139.305,20131221_091339,479175,4,137574,4
4,KMTX20131222_150200_V06,9.316,0.285,356.956,82.281,3.998,-112.102,42.242,1999.046,112522.881,20131222_080200,479179,32,68711,32
6,KMTX20131222_150200_V06,9.316,0.113,283.659,289.613,22.236,-112.545,41.310,11118.168,9681.670,20131222_080200,479179,32,68711,32
1,KMTX20131223_140128_V06,-51.665,0.109,357.630,82.639,3.162,-112.098,42.241,1580.849,112435.626,20131223_070128,479171,4,39642,3
4,KMTX20131223_142621_V06,-26.782,0.110,190.410,121.123,8.733,-113.109,42.066,4366.381,104889.163,20131223_072621,479170,2,29799,1
6,KMTX20131223_152818_V06,35.168,0.154,19.148,320.221,26.915,-114.120,41.160,13457.275,140789.523,20131223_082818,479173,29,10698,27
7,KMTX20131223_152818_V06,35.168,0.058,182.788,259.046,7.927,-113.148,41.445,3963.604,62080.250,20131223_082818,479173,29,10698,27
8,KMTX20131223_152818_V06,35.168,0.054,418.099,206.170,7.022,-111.738,41.683,3511.208,75417.757,20131223_082818,479173,29,10698,27
1,KMTX20131225_135517_V06,-58.639,0.054,358.278,82.275,2.992,-112.094,42.242,1495.766,112694.667,20131225_065517,479173,17,3370,17
3,KMTX20131225_154347_V06,49.861,0.051,299.328,299.389,19.109,-112.451,41.266,9554.550,453.865,20131225_084347,479174,5,2698,5
3,KMTX20131225_155236_V06,58.677,-1.000,299.328,299.389,33.128,-112.451,41.266,16563.800,453.865,20131225_085236,479177,35,1748,35
3,KMTX20131225_160126_V06,67.511,0.107,298.317,301.362,18.100,-112.457,41.257,9050.159,1082.663,20131225_090126,479174,22,1351,22
3,KMTX20131226_144326_V06,-10.831,0.305,18.599,326.314,26.327,-114.123,41.132,13163.456,141314.285,20131226_074326,479175,6,3268,6
4,KMTX20131226_150958_V06,15.702,0.107,19.492,326.206,24.506,-114.117,41.133,12253.062,140864.545,20131226_080958,479174,8,3301,8
4,KMTX20131228_144801_V06,-6.822,0.159,143.519,294.221,11.149,-113.381,41.285,5574.444,78293.771,20131228_074801,479172,3,3816,3
4,KMTX20131228_145743_V06,2.878,0.202,147.352,291.025,26.108,-113.358,41.300,13053.875,76455.979,20131228_075743,479174,2,3716,2
6,KMTX20131228_154613_V06,51.378,0.081,27.546,461.120,34.672,-114.055,40.526,17335.806,158264.556,20131228_084613,479180,6,3242,6
2,KMTX20131229_141150_V06,-43.237,0.083,212.957,305.297,3.162,-112.966,41.238,1581.215,43602.110,20131229_071150,479170,1,1328,0
4,KMTX20131229_144056_V06,-14.137,0.761,301.334,301.245,13.431,-112.439,41.257,6715.675,912.293,20131229_074056,479168,3,1739,3
4,KMTX20131231_155141_V06,56.262,0.098,11.321,320.762,19.161,-114.167,41.156,9580.337,144712.192,20131231_085141,479169,2,5545,1
4,KMTX20131231_160129_V06,66.062,0.134,13.392,326.171,30.399,-114.154,41.132,15199.288,143899.985,20131231_090129,479168,2,7451,2
4,KMTX20131231_161117_V06,75.862,0.087,23.477,334.069,42.856,-114.093,41.098,21428.197,139307.065,20131231_091117,479169,1,8184,1
4,KMTX20131231_162103_V06,85.629,0.107,33.688,348.129,54.246,-114.031,41.035,27123.151,135312.938,20131231_092103,479172,0,8240,0
3,KMTX20131231_153205_V06,36.662,0.072,27.981,388.618,53.686,-114.060,40.852,26843.067,143045.039,20131231_083205,479178,0,2479,0
