track_id,filename,from_sunrise,det_score,x,y,r,lon,lat,radius,geo_dist,local_time,n_radar_pixels,n_refAbove40_pixels,n_xcorrAbove0.95_pixels,n_xcorrBelow0.95_refAbove40_pixels
13,KMSX20140603_124309_V06,59.662,0.120,294.590,340.485,27.391,-114.022,46.859,13695.553,20422.593,20140603_064309,479188,685,139604,13
10,KMSX20140604_114331_V06,0.536,0.052,531.263,462.787,33.022,-112.485,46.299,16511.169,141405.790,20140604_054331,479190,1,30800,1
10,KMSX20140604_114705_V06,4.103,-1.000,531.263,462.787,38.693,-112.485,46.299,19346.669,141405.790,20140604_054705,479207,1,30768,0
10,KMSX20140604_115039_V06,7.669,0.138,530.110,466.225,43.316,-112.493,46.284,21657.960,141934.406,20140604_055039,479191,4,29967,0
10,KMSX20140604_115413_V06,11.236,0.131,533.392,459.522,30.938,-112.471,46.313,15469.085,141350.103,20140604_055413,479189,2,29416,0
10,KMSX20140604_115749_V06,14.836,0.149,534.419,459.794,35.096,-112.464,46.312,17548.010,141850.830,20140604_055749,479177,0,28800,0
10,KMSX20140604_120123_V06,18.403,0.209,535.561,462.506,29.848,-112.457,46.300,14924.053,143088.293,20140604_060123,479179,0,28624,0
13,KMSX20140604_114705_V06,4.103,0.097,533.573,462.920,29.338,-112.470,46.298,14669.155,142389.680,20140604_054705,479207,1,30768,0
4,KMSX20140615_105320_V06,-46.804,0.191,538.707,459.367,26.689,-112.436,46.314,13344.597,143508.749,20140615_045320,479180,1,29112,0
4,KMSX20140616_112147_V06,-18.346,0.124,16.289,328.982,22.343,-115.848,46.896,11171.599,142593.843,20140616_052147,479182,3,49392,1
4,KMSX20140616_112520_V06,-14.796,0.084,16.851,328.452,26.751,-115.844,46.898,13375.613,142287.661,20140616_052520,479191,1,49994,0
4,KMSX20140616_112854_V06,-11.230,0.069,19.903,321.057,20.703,-115.825,46.932,10351.643,140443.608,20140616_052854,479201,5,49558,1
4,KMSX20140616_113229_V06,-7.646,0.311,20.159,320.468,25.369,-115.824,46.934,12684.454,140294.289,20140616_053229,479189,0,50993,0
3,KMSX20140616_111813_V06,-21.913,0.056,252.869,396.194,20.969,-114.294,46.608,10484.636,53559.755,20140616_051813,479180,0,48540,0
5,KMSX20140616_112147_V06,-18.346,0.065,448.891,444.152,40.258,-113.018,46.389,20129.234,103619.803,20140616_052147,479182,3,49392,1
2,KMSX20140617_125943_V06,79.553,0.139,199.272,31.022,32.253,-114.664,48.249,16126.345,143609.847,20140617_065943,479194,5,340967,1
5,KMSX20140619_111459_V06,-25.375,0.053,536.433,462.545,26.480,-112.452,46.300,13240.206,143458.551,20140619_051459,479190,3,65774,2
9,KMSX20140619_115656_V06,16.575,0.072,373.821,49.853,31.948,-113.490,48.165,15973.969,130406.164,20140619_055656,479187,0,54606,0
11,KMSX20140619_125430_V06,74.142,0.125,393.218,18.523,20.804,-113.358,48.305,10402.004,148255.709,20140619_065430,479188,2,42418,1
2,KMSX20140621_113006_V06,-10.617,0.062,534.793,460.814,34.025,-112.462,46.308,17012.421,142292.697,20140621_053006,479197,0,26286,0
6,KMSX20140624_120315_V06,21.693,0.060,25.394,358.427,27.299,-115.784,46.764,13649.252,140376.367,20140624_060315,479190,0,21094,0
6,KMSX20140624_121256_V06,31.376,0.076,26.094,358.055,36.742,-115.779,46.766,18371.017,139995.230,20140624_061256,479186,0,22493,0
6,KMSX20140624_122238_V06,41.076,-1.000,26.754,357.705,46.560,-115.775,46.768,23280.224,139636.476,20140624_062238,479179,0,23997,0
6,KMSX20140624_123219_V06,50.760,0.079,36.033,395.252,59.645,-115.709,46.600,29822.349,140313.371,20140624_063219,479186,0,25663,0
6,KMSX20140624_124201_V06,60.460,0.069,43.881,415.459,44.626,-115.655,46.510,22312.853,140470.409,20140624_064201,479186,0,29272,0
7,KMSX20140624_122238_V06,41.076,0.102,31.591,351.427,32.630,-115.744,46.796,16315.094,136645.457,20140624_062238,479179,0,23997,0
9,KMSX20140627_112643_V06,-16.030,0.075,335.420,362.146,14.048,-113.754,46.761,7023.933,35765.583,20140627_052643,479175,87,64059,1
11,KMSX20140627_113350_V06,-8.913,0.060,31.229,205.588,30.231,-115.768,47.452,15115.570,142435.362,20140627_053350,479188,98,63210,5
25,KMSX20140628_122752_V06,44.649,0.102,245.757,407.249,20.556,-114.340,46.558,10278.162,60092.753,20140628_062752,479192,11,132430,0
25,KMSX20140628_123125_V06,48.199,0.207,246.573,407.263,24.938,-114.334,46.558,12468.921,59916.013,20140628_063125,479190,3,134272,0
25,KMSX20140628_123457_V06,51.733,0.140,253.249,407.905,21.728,-114.291,46.555,10864.035,58798.712,20140628_063457,479191,5,134531,0
25,KMSX20140628_123832_V06,55.316,0.110,253.872,407.858,26.819,-114.287,46.556,13409.619,58653.955,20140628_063832,479194,3,130421,0
27,KMSX20140628_123125_V06,48.199,0.353,324.312,92.405,55.478,-113.823,47.975,27739.197,104506.864,20140628_063125,479190,3,134272,0
27,KMSX20140628_123457_V06,51.733,-1.000,324.312,92.405,61.096,-113.823,47.975,30548.197,104506.864,20140628_063457,479191,5,134531,0
27,KMSX20140628_123832_V06,55.316,0.677,322.727,96.036,58.520,-113.834,47.958,29260.228,102612.987,20140628_063832,479194,3,130421,0
43,KMSX20140628_130326_V06,80.216,0.265,320.477,281.555,18.149,-113.851,47.124,9074.478,13779.690,20140628_070326,479193,7,127776,0
43,KMSX20140628_130659_V06,83.766,0.076,321.139,281.358,23.076,-113.847,47.125,11538.129,14092.386,20140628_070659,479196,8,130464,0
2,KMSX20140628_104404_V06,-59.151,0.174,432.719,171.604,13.219,-113.103,47.615,6609.375,92330.906,20140628_044404,479183,31,119891,1
28,KMSX20140628_123457_V06,51.733,0.426,318.569,103.340,49.158,-113.862,47.925,24579.048,98767.516,20140628_063457,479191,5,134531,0
32,KMSX20140628_123832_V06,55.316,0.188,304.438,344.222,21.441,-113.957,46.842,10720.604,22222.090,20140628_063832,479194,3,130421,0
3,KMSX20140629_104733_V06,-56.174,0.081,130.202,166.395,41.538,-115.116,47.636,20769.211,108029.844,20140629_044733,479181,8,47731,1
3,KMSX20140629_105106_V06,-52.624,0.535,130.985,167.514,45.398,-115.111,47.631,22699.225,107376.002,20140629_045106,479181,0,48347,0
3,KMSX20140629_105440_V06,-49.058,0.398,137.283,167.553,39.475,-115.069,47.632,19737.526,104903.505,20140629_045440,479189,1,49462,0
3,KMSX20140629_105814_V06,-45.491,0.127,137.390,167.623,44.664,-115.068,47.631,22332.236,104840.162,20140629_045814,479180,8,49993,1
7,KMSX20140629_110147_V06,-41.941,0.053,24.266,299.491,30.968,-115.800,47.029,15484.058,137867.204,20140629_050147,479185,5,49816,0
7,KMSX20140629_110521_V06,-38.374,-1.000,24.266,299.491,36.639,-115.800,47.029,18319.558,137867.204,20140629_050521,479190,3,50096,0
7,KMSX20140629_110855_V06,-34.808,0.205,26.183,300.274,37.388,-115.787,47.026,18694.234,136908.439,20140629_050855,479184,1,49301,0
9,KMSX20140629_113352_V06,-9.858,0.100,397.149,278.561,17.393,-113.346,47.136,8696.293,49743.181,20140629_053352,479188,4,46808,0
10,KMSX20140629_113352_V06,-9.858,0.080,532.920,461.374,32.557,-112.474,46.305,16278.664,141680.343,20140629_053352,479188,4,46808,0
10,KMSX20140629_113725_V06,-6.308,0.100,536.994,458.719,28.003,-112.448,46.317,14001.695,142616.737,20140629_053725,479191,2,47387,0
10,KMSX20140629_114058_V06,-2.758,-1.000,536.994,458.719,33.648,-112.448,46.317,16823.945,142616.737,20140629_054058,479189,0,47881,0
10,KMSX20140629_114432_V06,0.809,0.108,535.149,462.284,28.798,-112.460,46.301,14399.171,142855.656,20140629_054432,479188,4,49064,1
10,KMSX20140629_114806_V06,4.376,-1.000,535.149,462.284,34.469,-112.460,46.301,17234.671,142855.656,20140629_054806,479187,4,49201,0
10,KMSX20140629_115139_V06,7.926,0.209,536.781,462.821,29.627,-112.449,46.298,14813.531,143680.034,20140629_055139,479180,0,49457,0
19,KMSX20140629_115139_V06,7.926,0.073,414.672,284.536,29.033,-113.231,47.108,14516.354,57854.859,20140629_055139,479180,0,49457,0
22,KMSX20140629_120219_V06,18.592,0.059,534.821,462.023,29.108,-112.462,46.302,14553.864,142646.596,20140629_060219,479185,0,52880,0
28,KMSX20140629_123102_V06,47.309,0.054,530.014,461.053,30.547,-112.493,46.307,15273.718,140396.394,20140629_063102,479178,26,59258,0
4,KMSX20140703_115310_V06,7.067,0.054,34.062,456.108,51.128,-115.713,46.326,25563.866,154185.317,20140703_055310,479204,120,55518,0
6,KMSX20140704_121529_V06,28.708,0.070,287.750,318.149,17.194,-114.067,46.959,8597.015,10948.145,20140704_061529,479182,22,39068,1
8,KMSX20140706_124054_V06,52.678,0.060,34.948,158.152,36.355,-115.751,47.666,18177.547,150310.890,20140706_064054,479188,0,18207,0
2,KMSX20140713_112101_V06,-33.157,0.083,373.292,414.795,29.248,-113.509,46.524,14623.758,68098.572,20140713_052101,479190,0,64894,0
6,KMSX20140714_122249_V06,27.691,0.079,21.726,281.715,24.546,-115.819,47.109,12272.921,139437.082,20140714_062249,479206,1,66804,0
6,KMSX20140714_122648_V06,31.675,0.131,22.219,282.396,30.010,-115.816,47.106,15005.098,139168.966,20140714_062648,479192,0,68348,0
6,KMSX20140714_123049_V06,35.691,0.117,26.449,285.507,35.243,-115.788,47.092,17621.516,136967.273,20140714_063049,479202,1,69078,0
6,KMSX20140714_123448_V06,39.675,0.083,29.791,286.128,36.399,-115.766,47.090,18199.527,135282.369,20140714_063448,479189,0,70187,0
6,KMSX20140714_123850_V06,43.708,0.092,34.029,283.566,39.509,-115.738,47.102,19754.331,133238.905,20140714_063850,479201,0,70850,0
6,KMSX20140714_124250_V06,47.708,0.060,37.562,281.462,42.037,-115.715,47.111,21018.433,131545.837,20140714_064250,479203,1,71221,0
1,KMSX20140714_111028_V06,-44.659,0.110,30.071,220.245,42.343,-115.774,47.386,21171.553,140732.686,20140714_051028,479189,0,70487,0
1,KMSX20140714_111428_V06,-40.659,0.155,29.789,219.972,48.131,-115.776,47.387,24065.542,140906.380,20140714_051428,479203,1,70439,0
1,KMSX20140714_111828_V06,-36.659,0.104,30.037,217.062,49.597,-115.774,47.400,24798.659,141207.906,20140714_051828,479195,1,68890,0
5,KMSX20140714_122249_V06,27.691,0.171,238.257,413.596,21.465,-114.388,46.529,10732.594,64645.742,20140714_062249,479206,1,66804,0
7,KMSX20140714_123049_V06,35.691,0.057,25.788,478.418,33.149,-115.763,46.225,16574.718,163573.455,20140714_063049,479202,1,69078,0
8,KMSX20140714_123850_V06,43.708,0.050,31.193,122.157,33.737,-115.781,47.827,16868.473,161156.100,20140714_063850,479201,0,70850,0
3,KMSX20140715_112430_V06,-31.601,0.127,511.006,343.098,15.608,-112.603,46.839,7803.888,107681.316,20140715_052430,479203,44,43888,5
3,KMSX20140715_112843_V06,-27.384,0.101,511.617,343.150,21.270,-112.599,46.839,10634.917,107985.790,20140715_052843,479188,76,42362,2
3,KMSX20140715_113303_V06,-23.051,-1.000,512.086,343.191,27.359,-112.596,46.838,13679.422,108219.748,20140715_053303,479198,36,40930,0
3,KMSX20140715_113723_V06,-18.717,0.106,525.258,340.526,16.222,-112.509,46.849,8111.176,114436.996,20140715_053723,479207,14,39045,2
3,KMSX20140715_114143_V06,-14.384,-1.000,525.258,340.526,23.112,-112.509,46.849,11556.176,114436.996,20140715_054143,479192,0,38027,0
3,KMSX20140715_114603_V06,-10.051,-1.000,525.258,340.526,30.002,-112.509,46.849,15001.176,114436.996,20140715_054603,479204,0,36889,0
3,KMSX20140715_115022_V06,-5.734,0.158,533.386,332.393,29.270,-112.455,46.885,14634.772,117811.595,20140715_055022,479204,0,35857,0
5,KMSX20140715_112430_V06,-31.601,0.063,536.538,462.334,29.015,-112.451,46.301,14507.425,143442.065,20140715_052430,479203,44,43888,5
9,KMSX20140715_114143_V06,-14.384,0.097,539.679,458.062,30.017,-112.430,46.320,15008.345,143552.890,20140715_054143,479192,0,38027,0
9,KMSX20140715_114603_V06,-10.051,-1.000,539.679,458.062,36.907,-112.430,46.320,18453.345,143552.890,20140715_054603,479204,0,36889,0
9,KMSX20140715_115022_V06,-5.734,0.088,540.199,458.475,29.098,-112.427,46.318,14548.983,143883.627,20140715_055022,479204,0,35857,0
16,KMSX20140715_123344_V06,37.633,0.072,184.384,207.750,10.026,-114.753,47.453,5013.166,73954.733,20140715_063344,479203,91,33271,5
4,KMSX20140720_132034_V06,79.273,0.068,168.471,146.411,21.067,-114.863,47.729,10533.714,101105.699,20140720_072034,479179,0,24871,0
4,KMSX20140721_115140_V06,-10.723,0.091,308.165,165.170,29.241,-113.932,47.647,14620.495,67538.477,20140721_055140,479207,1089,110919,95
9,KMSX20140722_120254_V06,-0.602,0.147,240.284,405.366,21.120,-114.376,46.567,10560.154,60555.776,20140722_060254,479200,0,61499,0
9,KMSX20140722_120713_V06,3.715,0.060,241.461,405.844,27.006,-114.368,46.564,13502.955,60476.680,20140722_060713,479194,0,62122,0
13,KMSX20140722_123351_V06,30.348,0.098,227.027,405.281,20.504,-114.462,46.567,10251.751,64049.166,20140722_063351,479190,0,65158,0
13,KMSX20140722_123810_V06,34.665,-1.000,227.027,405.281,27.367,-114.462,46.567,13683.501,64049.166,20140722_063810,479200,0,64943,0
13,KMSX20140722_124232_V06,39.031,0.058,231.650,401.856,28.995,-114.432,46.582,14497.668,61331.958,20140722_064232,479197,0,67451,0
2,KMSX20140722_111517_V06,-48.219,0.088,368.764,524.595,22.082,-113.542,46.030,11040.932,117442.923,20140722_051517,479205,0,60405,0
2,KMSX20140722_111936_V06,-43.902,-1.000,368.764,524.595,28.945,-113.542,46.030,14472.682,117442.923,20140722_051936,479202,2,60466,0
2,KMSX20140722_112356_V06,-39.569,0.070,371.719,521.463,20.709,-113.523,46.044,10354.324,116392.989,20140722_052356,479210,0,59388,0
11,KMSX20140722_122446_V06,21.265,0.153,223.601,413.040,15.210,-114.484,46.532,7604.982,68218.224,20140722_062446,479193,1,62041,1
12,KMSX20140722_122932_V06,26.031,0.063,377.074,426.061,33.613,-113.484,46.473,16806.562,73877.799,20140722_062932,479195,0,62357,0
14,KMSX20140722_123351_V06,30.348,0.054,317.248,527.862,35.632,-113.875,46.016,17815.861,114257.143,20140722_063351,479190,0,65158,0
16,KMSX20140722_131746_V06,74.265,0.053,304.442,410.319,24.912,-113.957,46.545,12456.223,55204.185,20140722_071746,479193,0,77004,0
7,KMSX20140723_124120_V06,36.703,0.140,26.027,145.452,39.658,-115.812,47.722,19828.751,157278.336,20140723_064120,479195,148,98827,11
7,KMSX20140723_124648_V06,42.169,0.343,26.546,141.227,46.088,-115.809,47.741,23043.864,158103.070,20140723_064648,479210,134,86698,5
7,KMSX20140723_125148_V06,47.169,0.286,29.567,131.304,49.060,-115.791,47.786,24529.785,159367.926,20140723_065148,479201,129,78409,10
7,KMSX20140723_125701_V06,52.386,0.128,32.729,118.540,53.054,-115.772,47.843,26527.078,161525.271,20140723_065701,479207,86,75306,1
3,KMSX20140723_120947_V06,5.153,0.088,484.212,445.776,12.743,-112.789,46.379,6371.382,117457.241,20140723_060947,479206,1567,154106,259
3,KMSX20140723_121513_V06,10.586,0.521,484.517,442.110,20.618,-112.787,46.396,10309.045,116449.279,20140723_061513,479211,1434,141902,247
12,KMSX20140723_130755_V06,63.286,0.109,290.301,362.683,23.634,-114.050,46.759,11816.833,31714.518,20140723_070755,479202,0,66588,0
12,KMSX20140723_131301_V06,68.386,0.427,292.401,361.559,30.865,-114.036,46.764,15432.680,31013.149,20140723_071301,479209,0,59874,0
4,KMSX20140723_120947_V06,5.153,0.053,257.411,369.034,31.158,-114.265,46.730,15578.974,40557.140,20140723_060947,479206,1567,154106,259
8,KMSX20140723_124120_V06,36.703,0.117,221.848,349.813,44.146,-114.498,46.816,22072.964,46338.460,20140723_064120,479195,148,98827,11
10,KMSX20140723_130229_V06,57.853,0.235,296.185,323.609,28.911,-114.011,46.935,14455.399,11957.449,20140723_070229,479214,2,71712,0
2,KMSX20140724_112439_V06,-41.124,0.118,56.264,174.665,63.856,-115.607,47.593,31928.131,137036.784,20140724_052439,479203,3,32864,1
2,KMSX20140724_112859_V06,-36.791,0.060,57.052,173.459,69.806,-115.602,47.599,34903.055,136963.856,20140724_052859,479208,2,33203,0
1,KMSX20140724_112020_V06,-45.441,0.100,50.033,193.370,61.848,-115.645,47.509,30924.168,135879.986,20140724_052020,479207,0,33685,0
2,KMSX20140728_112613_V06,-44.266,0.101,30.043,416.367,50.044,-115.745,46.504,25022.190,146984.658,20140728_052613,479190,0,65152,0
2,KMSX20140728_113555_V06,-34.566,0.415,28.054,412.583,54.499,-115.758,46.521,27249.370,147164.593,20140728_053555,479190,0,63826,0
3,KMSX20140728_133023_V06,79.901,0.173,34.263,143.500,59.592,-115.758,47.731,29796.240,154198.349,20140728_073023,479178,0,48638,0
3,KMSX20140728_134004_V06,89.584,0.163,38.010,138.940,69.687,-115.733,47.752,34843.308,153768.356,20140728_074004,479178,0,51506,0
5,KMSX20140731_122426_V06,10.303,0.059,536.753,456.195,30.381,-112.449,46.328,15190.266,141817.582,20140731_062426,479194,1,42417,0
5,KMSX20140731_122942_V06,15.570,0.107,537.423,456.182,37.335,-112.444,46.328,18667.525,142093.691,20140731_062942,479181,2,40956,0
6,KMSX20140731_130106_V06,46.970,0.143,538.221,455.710,30.058,-112.439,46.330,15029.234,142297.986,20140731_070106,479191,0,37299,0
6,KMSX20140731_130620_V06,52.203,0.078,537.567,455.915,37.231,-112.443,46.329,18615.318,142080.545,20140731_070620,479194,0,37021,0
6,KMSX20140731_131136_V06,57.470,-1.000,537.027,456.084,44.656,-112.447,46.329,22328.127,141901.416,20140731_071136,479188,0,37291,0
6,KMSX20140731_131650_V06,62.703,0.086,538.103,456.779,26.857,-112.440,46.325,13428.293,142541.908,20140731_071650,479191,2,37013,1
1,KMSX20140731_112651_V06,-47.280,0.102,534.974,454.464,31.663,-112.460,46.336,15831.507,140598.515,20140731_052651,479200,1,60422,0
1,KMSX20140731_113205_V06,-42.047,0.061,536.385,455.113,27.151,-112.451,46.333,13575.608,141366.413,20140731_053205,479185,1,60264,0
3,KMSX20140801_121500_V06,-0.364,0.222,539.112,458.899,33.466,-112.434,46.316,16732.927,143547.216,20140801_061500,479186,1,53284,1
3,KMSX20140801_122014_V06,4.869,0.274,535.923,453.981,26.889,-112.454,46.338,13444.294,140863.160,20140801_062014,479191,4,52294,1
2,KMSX20140802_113347_V06,-42.823,0.052,537.042,456.900,31.109,-112.447,46.325,15554.389,142132.255,20140802_053347,479193,4,52456,0
2,KMSX20140802_113754_V06,-38.706,-1.000,537.042,456.900,37.654,-112.447,46.325,18827.139,142132.255,20140802_053754,479184,1,52439,0
2,KMSX20140802_114207_V06,-34.489,0.170,539.521,457.933,31.237,-112.431,46.320,15618.656,143451.421,20140802_054207,479183,1,53318,1
4,KMSX20140802_122019_V06,3.711,0.076,537.129,457.914,30.769,-112.447,46.320,15384.699,142449.061,20140802_062019,479196,2,45085,1
4,KMSX20140803_132811_V06,70.328,0.226,29.564,154.183,35.485,-115.787,47.683,17742.416,153621.327,20140803_072811,479195,2,50539,0
5,KMSX20140803_134058_V06,83.112,0.059,36.451,140.642,37.052,-115.743,47.744,18525.993,153991.104,20140803_074058,479188,7,50191,0
1,KMSX20140804_132947_V06,70.673,0.074,538.265,455.452,26.633,-112.439,46.331,13316.570,142246.047,20140804_072947,479192,1,39881,0
1,KMSX20140806_113120_V06,-50.306,0.183,536.530,461.695,28.980,-112.451,46.303,14489.862,143258.397,20140806_053120,479199,2,45014,2
1,KMSX20140806_113539_V06,-45.989,0.068,536.976,460.856,34.030,-112.448,46.307,17014.932,143206.210,20140806_053539,479180,1,46049,1
1,KMSX20140806_114000_V06,-41.639,0.113,534.868,460.761,35.365,-112.462,46.308,17682.469,142308.992,20140806_054000,479176,1,45215,1
2,KMSX20140806_120139_V06,-19.989,0.059,539.346,454.233,29.069,-112.432,46.337,14534.514,142367.887,20140806_060139,479181,0,51262,0
2,KMSX20140806_121118_V06,-10.339,0.082,537.677,454.484,39.724,-112.443,46.336,19861.940,141735.245,20140806_061118,479184,0,52341,0
3,KMSX20140812_121957_V06,-9.381,0.154,533.953,457.539,29.984,-112.467,46.322,14991.944,141025.253,20140812_061957,479188,5,50615,0
3,KMSX20140812_122358_V06,-5.365,0.059,533.605,458.730,35.487,-112.470,46.317,17743.316,141214.885,20140812_062358,479195,6,49590,0
3,KMSX20140812_122759_V06,-1.348,0.059,531.974,462.850,39.526,-112.481,46.299,19762.855,141714.302,20140812_062759,479193,7,48731,0
2,KMSX20140812_114330_V06,-45.831,0.078,536.387,462.269,30.843,-112.452,46.301,15421.539,143361.592,20140812_054330,479187,1,50376,0
2,KMSX20140812_114730_V06,-41.831,0.156,536.889,461.777,35.599,-112.449,46.303,17799.702,143429.612,20140812_054730,479189,3,50376,0
1,KMSX20140812_113911_V06,-50.148,0.071,531.030,466.036,38.355,-112.487,46.284,19177.523,142252.377,20140812_053911,479202,6,50460,0
4,KMSX20140812_130816_V06,38.935,0.057,535.231,461.378,36.165,-112.459,46.305,18082.331,142633.033,20140812_070816,479190,27,45652,0
5,KMSX20140812_132420_V06,55.002,0.054,534.160,460.042,33.278,-112.466,46.311,16639.000,141813.623,20140812_072420,479178,53,45785,1
1,KMSX20140814_113220_V06,-59.588,0.185,136.219,42.914,9.668,-115.088,48.192,4833.955,152411.871,20140814_053220,479184,9,90191,0
12,KMSX20140814_130112_V06,29.278,0.062,305.134,380.648,20.125,-113.953,46.678,10062.370,40405.818,20140814_070112,479193,160,162763,19
15,KMSX20140814_132146_V06,49.845,0.067,29.055,425.742,44.186,-115.750,46.462,22093.069,149350.292,20140814_072146,479193,250,175970,19
2,KMSX20140816_113806_V06,-56.421,0.090,449.064,544.151,8.951,-113.025,45.939,4475.749,143029.422,20140816_053806,479188,0,50132,0
2,KMSX20140817_120804_V06,-27.758,0.100,539.232,454.764,27.807,-112.432,46.334,13903.445,142464.089,20140817_060804,479194,1,71441,0
2,KMSX20140817_121318_V06,-22.524,0.177,538.951,455.650,34.217,-112.434,46.330,17108.315,142587.264,20140817_061318,479196,1,71283,0
3,KMSX20140817_122859_V06,-6.841,0.444,539.271,454.398,28.352,-112.432,46.336,14175.755,142380.878,20140817_062859,479182,2,68814,0
3,KMSX20140817_123414_V06,-1.591,0.175,539.450,454.701,34.599,-112.431,46.335,17299.469,142538.194,20140817_063414,479181,0,65726,0
3,KMSX20140817_123928_V06,3.642,-1.000,539.596,454.949,41.201,-112.430,46.334,20600.388,142667.009,20140817_063928,479199,1,62249,0
3,KMSX20140817_124441_V06,8.859,0.132,538.820,457.420,29.638,-112.436,46.322,14819.180,143017.683,20140817_064441,479185,0,59422,0
3,KMSX20140817_124956_V06,14.109,0.077,538.639,458.464,35.559,-112.437,46.318,17779.572,143230.115,20140817_064956,479200,2,53886,0
3,KMSX20140817_125510_V06,19.342,0.284,540.832,452.763,30.224,-112.422,46.343,15111.866,142597.697,20140817_065510,479185,2,49801,0
3,KMSX20140817_130024_V06,24.576,0.137,540.506,453.856,36.222,-112.424,46.338,18111.240,142754.150,20140817_070024,479186,0,45736,0
3,KMSX20140817_130540_V06,29.842,0.275,539.111,458.668,30.821,-112.434,46.317,15410.543,143483.282,20140817_070540,479180,1,42332,0
3,KMSX20140817_131053_V06,35.059,-1.000,539.111,458.668,39.116,-112.434,46.317,19557.793,143483.282,20140817_071053,479183,0,40238,0
3,KMSX20140817_131608_V06,40.309,0.061,537.631,454.845,26.596,-112.443,46.334,13298.036,141814.472,20140817_071608,479179,3,37145,0
1,KMSX20140817_113640_V06,-59.158,0.235,536.080,453.396,23.126,-112.453,46.341,11562.903,140769.353,20140817_053640,479180,1,75000,0
1,KMSX20140819_135152_V06,73.432,0.055,537.733,455.462,25.635,-112.442,46.331,12817.333,142025.779,20140819_075152,479192,0,33219,0
1,KMSX20140819_135614_V06,77.799,0.093,536.556,456.978,31.930,-112.450,46.325,15965.087,141951.229,20140819_075614,479182,1,32909,0
5,KMSX20140820_123241_V06,-7.058,0.091,536.190,463.752,29.568,-112.453,46.294,14784.229,143701.538,20140820_063241,479190,774,87227,90
11,KMSX20140820_131717_V06,37.542,0.052,537.570,460.355,28.768,-112.444,46.309,14384.051,143311.813,20140820_071717,479188,1287,74881,86
14,KMSX20140820_135401_V06,74.275,0.070,326.611,299.609,19.150,-113.811,47.043,9575.050,13306.752,20140820_075401,479193,704,73722,83
5,KMSX20140821_114826_V06,-52.615,0.084,409.624,294.756,12.218,-113.265,47.062,6108.856,54874.454,20140821_054826,479179,14,75447,2
18,KMSX20140821_135445_V06,73.701,0.059,155.948,40.773,18.291,-114.955,48.203,9145.330,148281.456,20140821_075445,479176,0,39416,0
7,KMSX20140822_121704_V06,-25.290,0.110,214.905,241.551,27.421,-114.549,47.303,13710.705,51617.387,20140822_061704,479200,726,96368,24
7,KMSX20140822_122219_V06,-20.040,-1.000,214.905,241.551,35.769,-114.549,47.303,17884.455,51617.387,20140822_062219,479189,704,98700,33
7,KMSX20140822_122734_V06,-14.790,0.120,212.470,240.958,35.712,-114.565,47.305,17856.223,52790.825,20140822_062734,479191,675,100599,22
7,KMSX20140822_123249_V06,-9.540,0.108,216.377,239.259,33.999,-114.539,47.313,16999.591,51677.389,20140822_063249,479190,813,102277,54
6,KMSX20140822_120633_V06,-35.807,0.148,339.154,393.208,28.670,-113.731,46.622,14334.812,50549.019,20140822_060633,479204,672,90191,22
9,KMSX20140822_130441_V06,22.326,0.083,38.088,246.539,53.359,-115.717,47.269,26679.382,133656.202,20140822_070441,479187,874,103580,87
11,KMSX20140822_132024_V06,38.043,0.127,245.964,186.090,7.909,-114.345,47.553,3954.336,63038.375,20140822_072024,479201,760,101164,49
12,KMSX20140822_133054_V06,48.543,0.070,533.894,461.069,35.661,-112.468,46.306,17830.332,141994.375,20140822_073054,479200,706,101937,41
11,KMSX20140823_130944_V06,26.068,0.092,274.664,533.499,14.267,-114.150,45.991,7133.348,117434.662,20140823_070944,479195,579,170608,33
11,KMSX20140823_131500_V06,31.335,0.057,273.268,534.088,20.277,-114.159,45.988,10138.653,117804.612,20140823_071500,479205,912,170636,68
3,KMSX20140823_115720_V06,-46.332,0.149,260.836,384.900,25.814,-114.242,46.659,12906.973,46748.772,20140823_055720,479207,54,189039,6
5,KMSX20140823_122008_V06,-23.532,0.052,388.792,495.452,55.011,-113.411,46.161,27505.590,107337.727,20140823_062008,479196,105,189588,12
1,KMSX20140825_120637_V06,-39.666,0.054,539.675,461.542,32.146,-112.430,46.304,16073.212,144516.192,20140825_060637,479181,1,41288,1
1,KMSX20140825_121058_V06,-35.316,0.108,539.186,462.012,37.417,-112.434,46.302,18708.360,144445.465,20140825_061058,479183,1,41331,1
1,KMSX20140825_121519_V06,-30.966,0.179,538.388,461.896,28.191,-112.439,46.302,14095.737,144082.699,20140825_061519,479184,1,43062,0
1,KMSX20140825_121940_V06,-26.616,0.122,539.085,460.689,34.114,-112.434,46.308,17056.890,144033.583,20140825_061940,479191,1,44859,1
1,KMSX20140825_122401_V06,-22.266,-1.000,539.615,459.772,40.275,-112.431,46.312,20137.716,143998.533,20140825_062401,479193,1,45364,1
1,KMSX20140825_122822_V06,-17.916,0.089,535.828,463.021,29.321,-112.456,46.298,14660.367,143344.584,20140825_062822,479200,0,44197,0
1,KMSX20140825_123244_V06,-13.549,0.056,535.014,463.187,35.985,-112.461,46.297,17992.294,143057.415,20140825_063244,479189,1,42540,1
5,KMSX20140825_132456_V06,38.651,0.155,540.326,454.935,30.760,-112.425,46.334,15379.991,142969.503,20140825_072456,479196,0,14611,0
5,KMSX20140825_132943_V06,43.434,0.228,539.688,455.222,36.042,-112.430,46.332,18021.168,142779.896,20140825_072943,479196,0,14743,0
5,KMSX20140825_133431_V06,48.234,0.069,532.879,458.170,30.768,-112.474,46.320,15383.821,140756.970,20140825_073431,479195,2,14697,1
5,KMSX20140825_133917_V06,53.001,0.059,537.287,453.515,27.351,-112.445,46.340,13675.265,141308.142,20140825_073917,479192,0,15406,0
8,KMSX20140825_140800_V06,81.717,0.089,539.868,453.756,29.869,-112.428,46.339,14934.472,142458.556,20140825_080800,479192,0,15370,0
10,KMSX20140830_134043_V06,47.896,0.232,28.012,287.931,52.742,-115.777,47.081,26370.911,136127.579,20140830_074043,479201,1,36907,0
10,KMSX20140830_134504_V06,52.246,0.718,29.167,290.039,56.938,-115.769,47.072,28468.844,135507.966,20140830_074504,479194,1,36739,1
10,KMSX20140830_134919_V06,56.496,0.746,33.285,294.324,57.327,-115.741,47.053,28663.412,133387.806,20140830_074919,479201,1,36837,0
10,KMSX20140830_135332_V06,60.713,0.808,36.520,296.184,58.853,-115.720,47.045,29426.499,131753.876,20140830_075332,479213,0,37000,0
10,KMSX20140830_135752_V06,65.046,0.803,39.177,298.353,59.834,-115.702,47.036,29917.219,130414.267,20140830_075752,479193,3,37493,1
10,KMSX20140830_140214_V06,69.413,0.832,44.928,294.689,63.139,-115.665,47.053,31569.412,127563.735,20140830_080214,479209,1,38400,0
10,KMSX20140830_140620_V06,73.513,0.609,51.699,287.768,69.724,-115.621,47.084,34862.087,124301.210,20140830_080620,479196,0,39688,0
10,KMSX20140830_141040_V06,77.846,0.539,55.377,293.820,65.623,-115.596,47.058,32811.703,122350.335,20140830_081040,479195,1,40464,0
10,KMSX20140830_141500_V06,82.180,0.288,59.180,299.094,65.415,-115.570,47.034,32707.438,120410.746,20140830_081500,479196,0,41206,0
10,KMSX20140830_141922_V06,86.546,0.125,61.526,302.057,66.711,-115.555,47.021,33355.660,119241.455,20140830_081922,479206,0,41390,0
2,KMSX20140830_115833_V06,-54.270,0.087,25.691,201.715,28.909,-115.806,47.469,14454.628,145692.709,20140830_055833,479194,0,62131,0
2,KMSX20140830_120233_V06,-50.270,0.065,25.803,203.803,35.401,-115.804,47.459,17700.489,145290.930,20140830_060233,479193,0,59988,0
3,KMSX20140830_120233_V06,-50.270,0.185,262.685,385.994,11.465,-114.230,46.654,5732.405,46870.424,20140830_060233,479193,0,59988,0
6,KMSX20140830_131124_V06,18.580,0.089,270.464,424.039,20.663,-114.178,46.483,10331.535,63753.301,20140830_071124,479202,0,37283,0
9,KMSX20140830_133622_V06,43.546,0.070,538.398,460.244,28.203,-112.439,46.310,14101.647,143624.485,20140830_073622,479198,0,36297,0
2,KMSX20140831_121258_V06,-41.160,0.250,391.089,346.315,21.831,-113.389,46.831,10915.482,51093.779,20140831_061258,479207,1,96500,0
2,KMSX20140831_121711_V06,-36.943,0.246,391.444,345.918,27.551,-113.387,46.833,13775.539,51162.541,20140831_061711,479207,3,97755,0
2,KMSX20140831_122132_V06,-32.593,0.398,399.357,347.064,21.998,-113.335,46.828,10999.041,54969.854,20140831_062132,479191,0,96122,0
2,KMSX20140831_122554_V06,-28.226,0.154,399.562,346.776,28.184,-113.334,46.829,14092.225,55001.513,20140831_062554,479203,0,96911,0
29,KMSX20140831_134402_V06,49.907,0.288,22.248,168.639,16.995,-115.834,47.617,8497.633,153624.305,20140831_074402,479200,20,102037,3
29,KMSX20140831_134824_V06,54.274,0.053,23.688,168.895,22.469,-115.824,47.616,11234.322,152918.819,20140831_074824,479194,22,103199,3
31,KMSX20140831_134402_V06,49.907,0.126,51.742,219.688,13.729,-115.630,47.391,6864.441,130462.646,20140831_074402,479200,20,102037,3
31,KMSX20140831_134824_V06,54.274,0.073,51.325,218.580,20.796,-115.633,47.396,10397.854,130832.351,20140831_074824,479194,22,103199,3
31,KMSX20140831_135245_V06,58.624,-1.000,51.009,217.740,27.806,-115.635,47.399,13903.018,131113.580,20140831_075245,479200,40,102458,1
31,KMSX20140831_135706_V06,62.974,0.072,65.550,218.688,17.592,-115.539,47.396,8795.916,124074.893,20140831_075706,479202,92,106013,12
32,KMSX20140831_134402_V06,49.907,0.098,325.385,120.122,42.193,-113.817,47.850,21096.352,90830.136,20140831_074402,479200,20,102037,3
32,KMSX20140831_134824_V06,54.274,0.417,327.127,119.383,46.839,-113.805,47.853,23419.574,91321.267,20140831_074824,479194,22,103199,3
7,KMSX20140831_123855_V06,-15.210,0.055,301.837,458.989,33.532,-113.974,46.326,16765.774,79499.875,20140831_063855,479194,0,93137,0
12,KMSX20140831_130037_V06,6.490,0.057,74.995,259.003,27.922,-115.471,47.216,13961.170,114354.602,20140831_070037,479208,19,93584,3
14,KMSX20140831_130457_V06,10.824,0.105,368.316,25.208,8.669,-113.526,48.276,4334.656,141578.194,20140831_070457,479205,22,95267,6
18,KMSX20140831_131338_V06,19.507,0.059,80.473,467.109,19.573,-115.410,46.281,9786.674,137947.054,20140831_071338,479189,37,98699,4
19,KMSX20140831_131338_V06,19.507,0.058,259.447,405.607,18.308,-114.251,46.566,9154.079,56562.725,20140831_071338,479189,37,98699,4
39,KMSX20140831_140126_V06,67.307,0.088,274.599,395.627,14.601,-114.152,46.611,7300.461,49471.494,20140831_080126,479203,139,105594,8
42,KMSX20140831_141100_V06,76.874,0.051,23.750,148.541,32.814,-115.827,47.708,16406.895,157522.928,20140831_081100,479194,172,109247,13
42,KMSX20140831_141547_V06,81.657,0.236,24.625,162.476,24.193,-115.819,47.645,12096.687,153902.940,20140831_081547,479192,152,106080,17
8,KMSX20140901_132744_V06,32.302,0.165,280.995,28.289,29.310,-114.114,48.263,14655.136,136187.318,20140901_072744,479208,0,27697,0
8,KMSX20140901_133259_V06,37.552,0.187,282.392,28.926,35.561,-114.105,48.260,17780.697,135822.727,20140901_073259,479202,0,28062,0
8,KMSX20140901_133812_V06,42.769,0.089,289.153,30.748,34.961,-114.059,48.252,17480.277,134734.946,20140901_073812,479199,0,28369,0
11,KMSX20140901_135356_V06,58.502,0.129,535.175,460.085,34.353,-112.460,46.311,17176.277,142245.003,20140901_075356,479189,1,28604,0
11,KMSX20140901_135912_V06,63.769,0.079,534.677,460.513,40.724,-112.463,46.309,20361.764,142160.027,20140901_075912,479204,2,27606,0
11,KMSX20140901_140425_V06,68.985,-1.000,534.272,460.862,47.387,-112.465,46.307,23693.429,142091.351,20140901_080425,479204,0,27324,0
11,KMSX20140901_140940_V06,74.235,0.073,541.770,456.842,30.537,-112.416,46.325,15268.569,144093.881,20140901_080940,479212,0,26728,0
11,KMSX20140901_141453_V06,79.452,0.174,540.975,456.695,36.247,-112.421,46.326,18123.570,143720.575,20140901_081453,479189,1,26688,0
11,KMSX20140901_142008_V06,84.702,0.132,538.694,456.030,30.582,-112.436,46.329,15291.154,142583.214,20140901_082008,479200,0,26580,0
11,KMSX20140901_142523_V06,89.952,0.075,537.772,457.601,36.834,-112.442,46.322,18416.772,142630.242,20140901_082523,479186,2,26419,0
1,KMSX20140901_115841_V06,-56.748,0.132,419.615,111.650,12.047,-113.186,47.885,6023.277,111561.305,20140901_055841,479202,0,49007,0
4,KMSX20140901_121423_V06,-41.048,0.068,535.370,461.444,30.736,-112.458,46.305,15367.811,142708.744,20140901_061423,479194,0,45572,0
4,KMSX20140901_121938_V06,-35.798,0.064,536.230,455.127,24.253,-112.452,46.333,12126.646,141305.371,20140901_061938,479190,1,46364,0
9,KMSX20140901_132744_V06,32.302,0.134,536.223,460.499,30.694,-112.453,46.309,15347.029,142794.841,20140901_072744,479208,0,27697,0
9,KMSX20140901_133259_V06,37.552,-1.000,536.223,460.499,39.042,-112.453,46.309,19520.779,142794.841,20140901_073259,479202,0,28062,0
9,KMSX20140901_133812_V06,42.769,0.058,533.137,458.550,30.782,-112.473,46.318,15390.883,140970.630,20140901_073812,479199,0,28369,0
10,KMSX20140903_134937_V06,51.577,0.056,209.569,26.375,30.227,-114.595,48.270,15113.550,144090.834,20140903_074937,479199,7,63525,0
10,KMSX20140903_135451_V06,56.811,0.177,211.980,26.182,35.881,-114.579,48.271,17940.538,143808.497,20140903_075451,479203,3,63247,0
17,KMSX20140903_141552_V06,77.827,0.052,308.051,405.229,17.233,-113.934,46.568,8616.526,52768.336,20140903_081552,479194,3,61873,1
17,KMSX20140903_142106_V06,83.061,0.052,309.768,405.052,23.568,-113.922,46.569,11783.823,52752.804,20140903_082106,479195,1,60961,0
1,KMSX20140903_122032_V06,-37.506,0.083,30.584,94.981,37.099,-115.790,47.949,18549.671,169276.121,20140903_062032,479185,1,96403,0
5,KMSX20140903_131809_V06,20.111,0.067,536.351,455.354,26.895,-112.451,46.332,13447.409,141418.233,20140903_071809,479211,16,72282,0
5,KMSX20140903_132324_V06,25.361,-1.000,536.351,455.354,35.242,-112.451,46.332,17621.159,141418.233,20140903_072324,479202,6,69071,0
5,KMSX20140903_132837_V06,30.577,0.147,537.311,459.728,28.308,-112.446,46.312,14154.091,143029.113,20140903_072837,479202,70,69095,0
6,KMSX20140903_131809_V06,20.111,0.055,26.761,129.159,31.131,-115.810,47.795,15565.630,161126.059,20140903_071809,479211,16,72282,0
9,KMSX20140903_134423_V06,46.344,0.076,395.068,308.716,21.070,-113.361,47.000,10535.164,47733.412,20140903_074423,479185,20,64514,0
11,KMSX20140903_134937_V06,51.577,0.052,537.544,460.561,27.195,-112.444,46.308,13597.699,143358.725,20140903_074937,479199,7,63525,0
14,KMSX20140903_140521_V06,67.311,0.070,409.366,316.381,29.223,-113.268,46.965,14611.420,55292.760,20140903_080521,479200,7,63168,0
1,KMSX20140904_123343_V06,-25.626,0.056,540.654,454.675,29.936,-112.423,46.335,14967.933,143037.223,20140904_063343,479213,0,67943,0
2,KMSX20140904_124413_V06,-15.126,0.054,280.587,145.546,7.870,-114.116,47.736,3934.811,77834.429,20140904_064413,479208,0,64975,0
6,KMSX20140904_135741_V06,58.341,0.080,537.239,457.153,26.985,-112.446,46.324,13492.541,142284.357,20140904_075741,479205,2,24377,1
1,KMSX20140907_121908_V06,-44.115,0.056,32.315,424.132,48.029,-115.729,46.469,24014.629,147533.159,20140907_061908,479183,0,69222,0
1,KMSX20140907_122849_V06,-34.432,0.100,31.150,421.597,59.270,-115.737,46.481,29635.130,147534.800,20140907_062849,479189,0,70726,0
5,KMSX20140917_142802_V06,71.737,0.177,541.178,455.131,29.392,-112.420,46.333,14695.930,143381.106,20140917_082802,479190,0,19116,0
5,KMSX20140917_143254_V06,76.604,0.143,540.471,454.226,34.989,-112.424,46.337,17494.678,142838.908,20140917_083254,479191,0,19096,0
5,KMSX20140917_143743_V06,81.421,0.122,536.916,454.636,28.575,-112.448,46.335,14287.293,141457.850,20140917_083743,479209,3,18945,3
5,KMSX20140917_144232_V06,86.237,0.058,537.204,454.090,34.305,-112.446,46.338,17152.424,141429.725,20140917_084232,479187,1,18856,0
2,KMSX20140917_133003_V06,13.754,0.056,532.855,455.944,29.479,-112.474,46.330,14739.744,140124.734,20140917_073003,479195,0,24748,0
3,KMSX20140917_135411_V06,37.887,0.060,538.125,454.340,26.739,-112.440,46.336,13369.435,141884.172,20140917_075411,479201,1,20175,0
3,KMSX20140917_135901_V06,42.721,-1.000,538.125,454.340,34.424,-112.440,46.336,17211.935,141884.172,20140917_075901,479196,0,19465,0
3,KMSX20140917_140348_V06,47.504,0.056,538.568,454.393,27.183,-112.437,46.336,13591.270,142084.595,20140917_080348,479196,1,19460,0
18,KMSX20140918_141246_V06,55.159,0.130,41.647,364.499,50.912,-115.676,46.738,25455.853,133141.490,20140918_081246,479192,30,153887,1
18,KMSX20140918_141836_V06,60.992,0.494,45.300,359.445,56.651,-115.653,46.762,28325.342,130772.728,20140918_081836,479207,24,159831,5
18,KMSX20140918_142428_V06,66.859,0.454,55.731,346.662,59.688,-115.587,46.820,29844.204,124342.786,20140918_082428,479197,103,164228,2
18,KMSX20140918_143021_V06,72.742,0.324,64.175,332.340,68.871,-115.533,46.885,34435.320,119016.190,20140918_083021,479197,336,173785,11
18,KMSX20140918_143614_V06,78.625,-1.000,72.795,318.785,76.649,-115.478,46.947,38324.620,113990.288,20140918_083614,479212,441,182500,28
18,KMSX20140918_144206_V06,84.492,0.106,74.280,318.013,78.089,-115.469,46.950,39044.722,113219.018,20140918_084206,479187,761,183905,64
7,KMSX20140918_124847_V06,-28.825,0.648,265.247,59.257,59.683,-114.220,48.124,29841.635,121619.388,20140918_064847,479197,17,131828,0
7,KMSX20140918_125336_V06,-24.008,0.730,271.856,59.746,62.305,-114.175,48.121,31152.662,120948.435,20140918_065336,479194,4,131907,1
7,KMSX20140918_125827_V06,-19.158,0.399,284.214,60.565,61.237,-114.092,48.118,30618.265,119977.473,20140918_065827,479200,1,132363,0
7,KMSX20140918_130349_V06,-13.791,0.083,298.912,56.156,59.923,-113.993,48.138,29961.695,121923.363,20140918_070349,479199,14,131699,1
2,KMSX20140918_122823_V06,-49.225,0.055,314.402,219.004,16.144,-113.891,47.405,8072.098,41133.101,20140918_062823,479192,9,123696,0
2,KMSX20140918_123346_V06,-43.841,0.087,312.045,218.536,24.360,-113.906,47.407,12179.986,41174.678,20140918_063346,479202,38,129127,0
2,KMSX20140918_123906_V06,-38.508,0.197,293.713,199.860,37.049,-114.028,47.491,18524.311,50168.736,20140918_063906,479199,41,130524,1
4,KMSX20140918_123906_V06,-38.508,0.112,247.699,74.348,64.559,-114.337,48.055,32279.381,115816.821,20140918_063906,479199,41,130524,1
4,KMSX20140918_124356_V06,-33.675,0.370,250.876,71.639,68.329,-114.316,48.068,34164.464,116792.371,20140918_064356,479189,31,132116,0
4,KMSX20140918_124847_V06,-28.825,-1.000,253.413,69.476,72.915,-114.299,48.077,36457.428,117592.042,20140918_064847,479197,17,131828,0
4,KMSX20140918_125336_V06,-24.008,0.749,199.414,103.715,28.411,-114.659,47.922,14205.353,110278.727,20140918_065336,479194,4,131907,1
4,KMSX20140918_125827_V06,-19.158,0.094,203.145,102.304,34.852,-114.634,47.928,17426.028,110073.589,20140918_065827,479200,1,132363,0
6,KMSX20140918_124356_V06,-33.675,0.071,166.579,121.869,32.710,-114.877,47.839,16355.051,111278.431,20140918_064356,479189,31,132116,0
6,KMSX20140918_124847_V06,-28.825,0.223,170.918,118.799,37.441,-114.849,47.853,18720.620,111238.350,20140918_064847,479197,17,131828,0
15,KMSX20140918_131851_V06,1.242,0.055,249.466,127.456,31.274,-114.323,47.817,15637.173,89896.002,20140918_071851,479201,3,132616,1
4,KMSX20140923_132000_V06,-4.201,0.072,166.570,331.821,19.220,-114.862,46.895,9610.228,68586.106,20140923_072000,479202,9,49128,1
4,KMSX20140923_132517_V06,1.082,0.339,168.817,330.706,26.259,-114.847,46.900,13129.384,67364.401,20140923_072517,479180,1,45738,0
4,KMSX20140923_133033_V06,6.349,-1.000,170.661,329.790,33.515,-114.835,46.904,16757.558,66362.922,20140923_073033,479198,0,42560,0
4,KMSX20140923_133548_V06,11.599,0.196,188.811,321.679,27.046,-114.716,46.941,13523.046,56641.517,20140923_073548,479188,1,39581,0
4,KMSX20140923_134104_V06,16.866,0.157,188.961,320.578,33.785,-114.715,46.946,16892.267,56464.845,20140923_074104,479188,1,38331,0
2,KMSX20140923_130931_V06,-14.684,0.050,50.211,237.071,60.696,-115.638,47.312,30348.003,128797.144,20140923_070931,479194,5,58477,1
3,KMSX20140923_131445_V06,-9.451,0.200,537.919,458.479,30.779,-112.441,46.318,15389.389,142934.527,20140923_071445,479187,6,54034,0
7,KMSX20140923_135651_V06,32.649,0.227,215.144,308.406,26.898,-114.544,47.002,13448.753,42635.620,20140923_075651,479183,6,34872,0
7,KMSX20140923_140205_V06,37.882,0.051,227.209,303.069,23.346,-114.465,47.026,11673.185,36428.034,20140923_080205,479186,5,33542,0
9,KMSX20140923_141753_V06,53.682,0.074,247.046,286.468,22.367,-114.335,47.101,11183.670,27327.959,20140923_081753,479188,1,31903,0
1,KMSX20140924_125705_V06,-28.444,0.091,536.831,458.825,31.207,-112.449,46.316,15603.626,142578.095,20140924_065705,479196,1,30769,1
1,KMSX20140926_124950_V06,-38.353,0.243,18.804,166.664,22.927,-115.857,47.626,11463.407,155603.298,20140926_064950,479179,33,114737,2
1,KMSX20140926_125506_V06,-33.087,0.255,19.432,166.305,28.900,-115.853,47.627,14450.028,155396.905,20140926_065506,479201,53,105318,4
1,KMSX20140926_130023_V06,-27.803,0.204,20.210,166.717,28.700,-115.847,47.626,14349.905,154957.027,20140926_070023,479182,82,97523,6
2,KMSX20140926_131610_V06,-12.020,0.188,18.498,219.023,24.812,-115.851,47.390,12406.137,146458.711,20140926_071610,479192,17,80560,4
2,KMSX20140926_132126_V06,-6.753,0.081,18.908,217.986,31.445,-115.848,47.395,15722.355,146406.155,20140926_072126,479189,26,76631,6
7,KMSX20140926_142957_V06,61.763,0.086,41.280,139.887,58.951,-115.711,47.748,29475.374,152128.551,20140926_082957,479193,7,52405,1
7,KMSX20140926_143513_V06,67.030,0.050,42.644,141.300,65.483,-115.702,47.742,32741.376,151176.815,20140926_083513,479196,2,51387,0
13,KMSX20140927_140726_V06,37.912,0.146,272.138,395.900,29.911,-114.168,46.610,14955.564,49932.536,20140927_080726,479188,377,148359,17
13,KMSX20140927_141257_V06,43.429,0.174,273.375,394.847,36.840,-114.160,46.614,18419.829,49256.358,20140927_081257,479185,338,149755,20
13,KMSX20140927_141839_V06,49.129,0.122,276.021,385.820,36.120,-114.143,46.655,18059.871,44553.492,20140927_081839,479208,208,149496,8
1,KMSX20140927_124359_V06,-45.538,0.110,301.291,375.593,32.252,-113.978,46.701,16125.874,37802.218,20140927_064359,479185,2,107722,0
1,KMSX20140927_124942_V06,-39.821,0.093,302.092,373.934,41.910,-113.972,46.709,20954.999,36981.991,20140927_064942,479194,0,108262,0
3,KMSX20140927_131817_V06,-11.238,0.058,26.255,427.979,33.819,-115.768,46.452,16909.336,151091.791,20140927_071817,479198,0,133869,0
3,KMSX20140927_132346_V06,-5.754,0.082,25.885,425.430,39.752,-115.770,46.463,19875.855,150724.622,20140927_072346,479193,4,137905,0
3,KMSX20140927_132931_V06,-0.004,0.106,28.129,408.717,34.004,-115.758,46.538,17002.100,146401.186,20140927_072931,479203,4,143732,1
25,KMSX20140927_145203_V06,82.529,0.147,232.874,337.808,23.958,-114.426,46.870,11978.809,38520.316,20140927_085203,479190,364,152448,22
25,KMSX20140927_145731_V06,87.996,0.448,232.905,337.692,31.717,-114.426,46.871,15858.430,38478.410,20140927_085731,479192,403,154502,19
26,KMSX20140927_145203_V06,82.529,0.099,363.250,572.776,29.231,-113.579,45.813,14615.343,140006.583,20140927_085203,479190,364,152448,22
26,KMSX20140927_145731_V06,87.996,0.154,364.757,571.546,34.501,-113.570,45.819,17250.483,139580.564,20140927_085731,479192,403,154502,19
4,KMSX20140927_132346_V06,-5.754,0.258,246.504,317.190,18.890,-114.338,46.963,9445.204,28094.867,20140927_072346,479193,4,137905,0
7,KMSX20140927_133513_V06,5.696,0.053,289.370,288.915,26.648,-114.056,47.091,13323.849,7678.922,20140927_073513,479189,20,149010,1
8,KMSX20140927_134042_V06,11.179,0.059,368.857,420.428,29.715,-113.538,46.499,14857.683,69361.715,20140927_074042,479178,81,150298,0
11,KMSX20140927_140158_V06,32.446,0.052,275.393,252.943,27.720,-114.149,47.253,13860.123,26551.190,20140927_080158,479184,334,150384,13
16,KMSX20140927_141839_V06,49.129,0.059,244.081,269.945,19.171,-114.355,47.176,9585.674,31742.042,20140927_081839,479208,208,149496,8
20,KMSX20140927_142939_V06,60.129,0.058,404.485,61.383,60.441,-113.285,48.112,30220.490,130245.037,20140927_082939,479203,184,150694,10
21,KMSX20140927_143508_V06,65.612,0.084,301.813,364.494,33.094,-113.974,46.751,16547.220,32259.938,20140927_083508,479186,190,150488,6
21,KMSX20140927_144051_V06,71.329,0.129,307.078,351.851,29.199,-113.940,46.808,14599.310,26165.973,20140927_084051,479187,259,152525,7
1,KMSX20140928_130218_V06,-28.558,0.051,536.997,459.260,28.014,-112.448,46.314,14007.078,142768.317,20140928_070218,479186,1,28660,1
3,KMSX20140928_132836_V06,-2.258,0.062,530.152,461.890,34.742,-112.492,46.303,17371.029,140693.233,20140928_072836,479193,1,26174,1
4,KMSX20140928_140528_V06,34.609,0.058,536.905,461.560,29.048,-112.448,46.304,14523.998,143374.919,20140928_080528,479199,1,23493,1
3,KMSX20140930_142149_V06,48.275,0.052,223.156,302.783,17.965,-114.492,47.027,8982.485,38446.933,20140930_082149,479197,110,182309,6
6,KMSX20141002_144718_V06,71.061,0.184,387.110,26.073,20.885,-113.399,48.272,10442.356,143722.374,20141002_084718,479192,0,97398,0
2,KMSX20141014_140017_V06,7.508,0.082,39.627,120.561,56.107,-115.725,47.835,28053.493,158108.103,20141014_080017,479184,0,19928,0
4,KMSX20141014_143934_V06,46.791,0.111,311.195,300.049,14.408,-113.912,47.041,7203.934,5597.497,20141014_083934,479188,0,16893,0
10,KMSX20141014_150902_V06,76.258,0.174,27.197,205.252,30.594,-115.795,47.453,15296.757,144394.225,20141014_090902,479190,0,18713,0
12,KMSX20141014_150902_V06,76.258,0.054,172.404,116.310,25.092,-114.839,47.864,12545.824,111828.895,20141014_090902,479190,0,18713,0
3,KMSX20141015_132749_V06,-26.370,0.168,26.329,156.316,43.105,-115.808,47.673,21552.687,154548.635,20141015_072749,479183,0,44137,0
3,KMSX20141021_131547_V06,-46.981,0.331,38.328,153.493,52.229,-115.729,47.687,26114.372,149946.950,20141021_071547,479197,6136,273957,290
3,KMSX20141021_132116_V06,-41.498,0.400,39.801,151.913,59.497,-115.719,47.694,29748.393,149694.033,20141021_072116,479207,7071,276598,174
3,KMSX20141021_132644_V06,-36.031,0.330,42.709,147.876,58.224,-115.701,47.713,29111.882,149449.441,20141021_072644,479201,9356,281128,125
3,KMSX20141021_133211_V06,-30.581,0.073,50.562,145.531,55.434,-115.649,47.724,27716.915,146696.941,20141021_073211,479203,10466,284114,117
3,KMSX20141021_133740_V06,-25.098,0.147,52.069,132.986,61.361,-115.640,47.780,30680.329,149468.858,20141021_073740,479196,13979,287925,186
5,KMSX20141021_132644_V06,-36.031,0.122,22.958,492.761,32.526,-115.780,46.160,16263.100,168752.195,20141021_072644,479201,9356,281128,125
5,KMSX20141021_133211_V06,-30.581,0.052,23.792,492.102,39.475,-115.774,46.163,19737.532,168221.718,20141021_073211,479203,10466,284114,117
5,KMSX20141021_133740_V06,-25.098,-1.000,24.489,491.550,46.757,-115.770,46.165,23378.342,167777.695,20141021_073740,479196,13979,287925,186
5,KMSX20141021_134307_V06,-19.648,0.205,34.785,452.359,52.776,-115.709,46.343,26388.065,152931.408,20141021_074307,479215,15374,289113,260
5,KMSX20141021_134835_V06,-14.181,0.051,36.132,451.337,60.907,-115.700,46.347,30453.499,152093.232,20141021_074835,479189,13043,286793,189
8,KMSX20141021_133740_V06,-25.098,0.098,32.505,477.903,31.900,-115.720,46.228,15950.024,160625.996,20141021_073740,479196,13979,287925,186
7,KMSX20141023_151636_V06,70.936,0.066,37.576,396.337,60.932,-115.699,46.595,30465.771,139774.111,20141023_091636,479209,4,203521,3
7,KMSX20141023_152151_V06,76.186,0.182,38.981,397.140,68.834,-115.689,46.591,34416.853,139254.630,20141023_092151,479199,4,200354,4
1,KMSX20141026_131554_V06,-54.146,0.387,74.961,69.172,9.602,-115.496,48.069,4801.094,161186.532,20141026_071554,479203,1,96274,1
7,KMSX20141026_134729_V06,-22.563,0.057,192.163,302.889,16.884,-114.695,47.026,8442.089,53937.687,20141026_074729,479197,0,98233,0
10,KMSX20141026_140317_V06,-6.763,0.060,216.549,299.546,18.174,-114.535,47.042,9087.177,41726.279,20141026_080317,479194,3,94366,3
14,KMSX20141026_144008_V06,30.087,0.323,249.450,275.781,15.612,-114.319,47.150,7805.988,28026.309,20141026_084008,479203,0,86436,0
6,KMSX20141027_133627_V06,-35.064,0.133,25.324,224.502,17.651,-115.804,47.366,8825.293,142431.221,20141027_073627,479197,0,90814,0
6,KMSX20141027_134143_V06,-29.798,0.087,25.116,222.604,25.215,-115.806,47.375,12607.561,142786.274,20141027_074143,479212,1,93647,0
10,KMSX20141027_135214_V06,-19.281,0.064,144.081,377.514,21.334,-115.005,46.688,10666.885,87061.747,20141027_075214,479196,0,98323,0
14,KMSX20141027_140246_V06,-8.748,0.061,255.037,395.771,15.507,-114.280,46.610,7753.725,52900.205,20141027_080246,479195,0,105685,0
20,KMSX20141027_145528_V06,43.952,0.111,70.180,176.308,36.198,-115.514,47.587,18098.942,130495.876,20141027_085528,479197,8,133819,0
22,KMSX20141027_150044_V06,49.219,0.209,228.032,271.517,14.341,-114.461,47.168,7170.591,38699.817,20141027_090044,479206,3,135529,0
29,KMSX20141029_144703_V06,32.590,0.062,370.653,361.591,13.717,-113.524,46.763,6858.461,46864.909,20141029_084703,479222,0,63174,0
29,KMSX20141029_145220_V06,37.873,0.072,372.355,361.654,20.211,-113.513,46.763,10105.630,47530.086,20141029_085220,479206,1,62166,1
29,KMSX20141029_145735_V06,43.123,0.069,383.221,357.637,23.057,-113.441,46.781,11528.319,50615.444,20141029_085735,479197,0,61310,0
17,KMSX20141029_142041_V06,6.223,0.158,292.882,509.567,20.396,-114.032,46.098,10197.875,104843.782,20141029_082041,479208,0,64660,0
17,KMSX20141029_142557_V06,11.490,0.348,294.121,510.234,26.394,-114.024,46.095,13197.011,105158.324,20141029_082557,479198,1,64830,1
19,KMSX20141029_142557_V06,11.490,0.280,320.247,360.916,13.398,-113.854,46.767,6698.881,32096.464,20141029_082557,479198,1,64830,1
19,KMSX20141029_143114_V06,16.773,0.132,322.338,360.275,20.316,-113.840,46.770,10158.195,32140.513,20141029_083114,479199,0,65822,0
20,KMSX20141029_142557_V06,11.490,0.122,106.130,386.189,28.288,-115.252,46.646,14144.062,106082.487,20141029_082557,479198,1,64830,1
20,KMSX20141029_143114_V06,16.773,0.102,108.263,385.791,34.880,-115.238,46.648,17440.177,105027.487,20141029_083114,479199,0,65822,0
21,KMSX20141029_143114_V06,16.773,0.161,172.595,343.626,21.772,-114.821,46.842,10886.032,67333.420,20141029_083114,479199,0,65822,0
21,KMSX20141029_143631_V06,22.057,0.060,174.077,342.229,29.309,-114.812,46.848,14654.265,66407.733,20141029_083631,479205,2,66423,2
23,KMSX20141029_143631_V06,22.057,0.161,254.888,400.574,28.266,-114.280,46.588,14133.125,55113.941,20141029_083631,479205,2,66423,2
23,KMSX20141029_144147_V06,27.323,0.057,255.254,399.564,35.473,-114.278,46.593,17736.439,54578.616,20141029_084147,479193,0,66103,0
5,KMSX20141029_134342_V06,-30.760,0.060,244.215,355.995,22.192,-114.351,46.789,11095.888,39520.429,20141029_074342,479206,0,66054,0
5,KMSX20141029_134900_V06,-25.460,-1.000,244.215,355.995,30.619,-114.351,46.789,15309.388,39520.429,20141029_074900,479198,0,65512,0
5,KMSX20141029_135417_V06,-20.177,0.124,263.700,359.540,17.227,-114.224,46.773,8613.482,34866.502,20141029_075417,479199,2,65698,2
6,KMSX20141029_134900_V06,-25.460,0.813,257.285,81.574,18.476,-114.272,48.023,9238.146,111281.710,20141029_074900,479198,0,65512,0
7,KMSX20141029_134900_V06,-25.460,0.106,425.552,425.301,19.836,-113.169,46.475,9918.196,88690.112,20141029_074900,479198,0,65512,0
9,KMSX20141029_134900_V06,-25.460,0.058,377.922,432.701,28.379,-113.479,46.443,14189.655,76944.064,20141029_074900,479198,0,65512,0
13,KMSX20141029_135417_V06,-20.177,0.062,103.357,357.189,27.517,-115.274,46.777,13758.255,102394.997,20141029_075417,479199,2,65698,2
14,KMSX20141029_135933_V06,-14.910,0.127,540.807,443.219,28.183,-112.421,46.386,14091.618,140088.969,20141029_075933,479198,0,66797,0
15,KMSX20141029_135933_V06,-14.910,0.119,87.850,45.343,29.826,-115.412,48.178,14912.897,165723.940,20141029_075933,479198,0,66797,0
18,KMSX20141029_142041_V06,6.223,0.055,308.855,370.775,25.705,-113.928,46.723,12852.571,35663.412,20141029_082041,479208,0,64660,0
25,KMSX20141029_144147_V06,27.323,0.365,347.560,377.764,30.093,-113.675,46.691,15046.526,45577.467,20141029_084147,479193,0,66103,0
26,KMSX20141029_144147_V06,27.323,0.080,182.086,73.107,21.794,-114.777,48.059,10896.862,127851.571,20141029_084147,479193,0,66103,0
32,KMSX20141029_145735_V06,43.123,0.067,141.117,464.535,32.901,-115.017,46.296,16450.274,114362.963,20141029_085735,479197,0,61310,0
34,KMSX20141029_150251_V06,48.390,0.055,527.411,452.406,31.757,-112.509,46.346,15878.738,136878.907,20141029_090251,479200,0,61611,0
35,KMSX20141029_152357_V06,69.490,0.150,535.076,461.267,35.092,-112.460,46.305,17546.112,142537.764,20141029_092357,479196,0,60974,0
36,KMSX20141029_152357_V06,69.490,0.086,167.605,381.720,24.971,-114.851,46.670,12485.355,77792.524,20141029_092357,479196,0,60974,0
4,KMSX20141031_141726_V06,0.018,0.063,24.213,444.247,38.440,-115.779,46.378,19219.978,155616.246,20141031_081726,479189,0,15557,0
1,KMSX20141101_150505_V06,46.188,0.097,25.899,193.641,34.815,-115.805,47.505,17407.419,147006.456,20141101_090505,479181,3,21048,0
1,KMSX20141101_151453_V06,55.988,0.103,26.402,189.663,44.403,-115.803,47.523,22201.613,147504.307,20141101_091453,479186,1,17652,0
2,KMSX20141103_133408_V06,-47.727,0.174,536.706,462.913,31.251,-112.450,46.298,15625.289,143675.353,20141103_063408,479209,0,55823,0
2,KMSX20141103_133924_V06,-42.460,0.099,536.540,462.349,36.900,-112.451,46.301,18449.794,143447.078,20141103_063924,479205,1,55419,1
2,KMSX20141103_134443_V06,-37.143,0.060,538.408,457.222,26.716,-112.438,46.323,13358.061,142790.924,20141103_064443,479192,1,55213,0
13,KMSX20141103_153729_V06,75.623,0.052,530.746,458.680,30.099,-112.488,46.318,15049.271,140020.537,20141103_083729,479202,0,74649,0
13,KMSX20141103_154246_V06,80.907,0.066,530.861,458.784,36.466,-112.487,46.317,18232.820,140097.320,20141103_084246,479190,1,75876,1
10,KMSX20141103_152141_V06,59.823,0.109,533.727,457.298,30.685,-112.469,46.323,15342.743,140864.530,20141103_082141,479203,1,75724,1
12,KMSX20141103_153729_V06,75.623,0.054,176.223,117.625,17.444,-114.813,47.858,8722.149,110206.030,20141103_083729,479202,0,74649,0
2,KMSX20141104_133024_V06,-52.943,0.093,536.192,457.323,28.008,-112.453,46.323,14003.893,141895.311,20141104_063024,479197,1,84875,0
3,KMSX20141104_134610_V06,-37.176,0.052,260.212,163.751,43.220,-114.251,47.654,21610.197,70970.034,20141104_064610,479203,0,95498,0
5,KMSX20141104_135341_V06,-29.660,0.058,532.785,461.964,34.762,-112.475,46.303,17381.212,141793.176,20141104_065341,479195,1,102369,0
9,KMSX20141104_143558_V06,12.624,0.063,536.222,462.829,27.351,-112.453,46.298,13675.507,143452.269,20141104_073558,479194,0,146736,0
10,KMSX20141104_145724_V06,34.057,0.075,535.157,465.700,29.850,-112.460,46.286,14924.948,143836.089,20141104_075724,479209,4,165103,0
13,KMSX20141104_153625_V06,73.074,0.070,533.474,460.037,31.006,-112.471,46.311,15503.158,141529.113,20141104_083625,479206,1,199562,0
13,KMSX20141104_154207_V06,78.774,0.077,536.624,461.544,27.239,-112.450,46.304,13619.411,143254.321,20141104_084207,479205,4,201447,0
2,KMSX20141105_144140_V06,16.840,0.120,27.918,335.474,50.432,-115.771,46.868,25216.013,137192.440,20141105_074140,479184,0,28323,0
4,KMSX20141106_152821_V06,62.041,0.141,537.386,459.196,26.845,-112.445,46.315,13422.439,142912.079,20141106_082821,479201,0,20795,0
4,KMSX20141106_153337_V06,67.307,0.059,537.312,458.221,33.784,-112.445,46.319,16892.195,142610.410,20141106_083337,479195,1,20671,1
1,KMSX20141106_135138_V06,-34.676,0.062,538.149,457.247,27.791,-112.440,46.323,13895.307,142689.731,20141106_065138,479192,0,21264,0
3,KMSX20141106_150207_V06,35.807,0.112,532.768,463.088,37.278,-112.475,46.298,18639.030,142108.155,20141106_080207,479202,0,20863,0
5,KMSX20141106_154922_V06,83.057,0.060,532.695,457.953,31.351,-112.475,46.321,15675.500,140620.126,20141106_084922,479199,1,20458,0
3,KMSX20141107_135502_V06,-32.758,0.058,536.569,458.228,29.001,-112.450,46.319,14500.699,142303.403,20141107_065502,479210,1,24021,0
3,KMSX20141107_140017_V06,-27.508,0.065,535.521,460.024,36.639,-112.457,46.311,18319.322,142370.920,20141107_070017,479203,2,24438,0
4,KMSX20141107_141602_V06,-11.758,0.071,537.248,462.207,27.880,-112.446,46.301,13940.045,143698.881,20141107_071602,479205,2,25523,1
4,KMSX20141107_142330_V06,-4.292,0.052,534.906,461.450,36.292,-112.461,46.305,18146.038,142519.199,20141107_072330,479206,1,25996,0
5,KMSX20141107_144430_V06,16.708,0.101,537.358,461.919,27.514,-112.446,46.302,13756.962,143663.306,20141107_074430,479209,0,27570,0
5,KMSX20141107_144946_V06,21.975,0.095,536.863,461.785,33.981,-112.449,46.303,16990.512,143420.911,20141107_074946,479204,1,27786,0
6,KMSX20141107_150533_V06,37.758,0.155,538.361,458.620,27.597,-112.439,46.317,13798.431,143157.509,20141107_080533,479211,1,25151,1
6,KMSX20141107_151048_V06,43.008,0.115,537.884,457.967,34.131,-112.442,46.320,17065.360,142778.233,20141107_081048,479211,0,24911,0
6,KMSX20141107_151602_V06,48.242,-1.000,537.493,457.434,40.967,-112.444,46.323,20483.515,142467.850,20141107_081602,479191,2,24214,0
6,KMSX20141107_152118_V06,53.508,0.057,536.644,461.517,27.042,-112.450,46.304,13520.850,143255.137,20141107_082118,479204,4,23706,1
8,KMSX20141107_153149_V06,64.025,0.058,540.004,456.346,29.230,-112.428,46.327,14615.123,143218.422,20141107_083149,479205,0,22507,0
8,KMSX20141107_153704_V06,69.275,0.084,537.999,457.963,36.169,-112.441,46.320,18084.347,142824.959,20141107_083704,479202,1,22817,0
2,KMSX20141107_134433_V06,-43.242,0.176,535.420,461.652,28.494,-112.458,46.304,14246.799,142787.989,20141107_064433,479208,3,23918,0
3,KMSX20141109_134941_V06,-41.068,0.076,38.926,378.000,64.046,-115.692,46.678,32023.190,136238.258,20141109_064941,479206,3,129496,0
3,KMSX20141109_135510_V06,-35.585,0.091,41.818,380.506,71.517,-115.673,46.667,35758.656,135221.106,20141109_065510,479205,0,129242,0
3,KMSX20141109_140039_V06,-30.102,0.088,45.325,390.540,73.353,-115.649,46.622,36676.411,135145.118,20141109_070039,479201,0,131268,0
1,KMSX20141109_133854_V06,-51.852,0.072,260.677,378.483,2.195,-114.243,46.688,1097.588,43891.618,20141109_063854,479201,0,122676,0
2,KMSX20141109_133854_V06,-51.852,0.051,260.710,416.564,2.133,-114.242,46.517,1066.360,61503.785,20141109_063854,479201,0,122676,0
3,KMSX20141110_143346_V06,1.538,0.062,389.990,259.925,35.877,-113.392,47.220,17938.335,49254.927,20141110_073346,479189,0,143156,0
2,KMSX20141116_134634_V06,-54.433,0.090,287.096,339.854,8.287,-114.071,46.862,4143.330,20945.312,20141116_064634,479185,0,72633,0
3,KMSX20141116_134634_V06,-54.433,0.073,278.490,304.901,3.589,-114.128,47.019,1794.312,11030.577,20141116_064634,479185,0,72633,0
1,KMSX20141117_155415_V06,71.811,0.074,314.148,240.539,11.556,-113.893,47.308,5778.053,30560.235,20141117_085415,479178,0,16276,0
3,KMSX20141119_152822_V06,43.075,0.066,286.488,341.719,14.581,-114.075,46.853,7290.714,21926.477,20141119_082822,479183,0,16432,0
4,KMSX20141120_144540_V06,-1.035,0.155,437.098,298.820,10.996,-113.084,47.043,5497.841,68551.764,20141120_074540,479191,0,143665,0
1,KMSX20141125_143708_V06,-16.422,0.120,28.054,131.744,34.422,-115.801,47.784,17211.002,159894.383,20141125_073708,479200,4,333903,0
1,KMSX20141125_144254_V06,-10.655,0.051,32.113,135.956,43.101,-115.773,47.765,21550.736,157061.767,20141125_074254,479189,1,333648,0
2,KMSX20141125_150447_V06,11.228,0.053,36.247,143.867,49.998,-115.744,47.730,24998.873,153250.767,20141125_080447,479193,0,328691,0
2,KMSX20141125_151017_V06,16.728,0.054,38.293,145.503,57.882,-115.730,47.723,28940.777,151953.845,20141125_081017,479181,1,331678,1
3,KMSX20141129_142814_V06,-30.496,0.090,208.592,56.334,30.896,-114.600,48.135,15447.851,130123.643,20141129_072814,479201,13,232798,3
22,KMSX20141129_161858_V06,80.237,0.076,338.391,132.037,30.556,-113.730,47.796,15278.194,86147.069,20141129_091858,479198,0,180587,0
3,KMSX20141202_141019_V06,-52.064,0.058,262.233,417.321,2.639,-114.232,46.513,1319.260,61625.026,20141202_071019,479177,0,19236,0
2,KMSX20141203_142029_V06,-43.065,0.052,285.834,338.093,10.497,-114.079,46.870,5248.417,20320.935,20141203_072029,479187,0,2730,0
1,KMSX20141204_152226_V06,17.744,0.099,17.046,240.150,22.796,-115.857,47.295,11397.835,144607.051,20141204_082226,479186,0,285687,0
1,KMSX20141204_153215_V06,27.561,0.464,21.186,233.166,33.973,-115.831,47.327,16986.553,143356.365,20141204_083215,479184,0,282301,0
1,KMSX20141204_154205_V06,37.394,0.705,29.770,235.509,32.729,-115.773,47.317,16364.533,138909.474,20141204_084205,479185,0,283839,0
1,KMSX20141204_155156_V06,47.244,0.385,38.321,230.832,37.444,-115.718,47.339,18722.196,135332.927,20141204_085156,479182,0,282814,0
1,KMSX20141204_160145_V06,57.061,0.051,43.364,231.802,43.165,-115.684,47.335,21582.561,132771.244,20141204_090145,479188,0,284781,0
1,KMSX20141206_140803_V06,-58.837,0.234,25.671,431.895,29.887,-115.771,46.434,14943.583,152194.419,20141206_070803,479188,0,8621,0
1,KMSX20141206_141752_V06,-49.020,0.081,25.214,441.816,45.690,-115.772,46.389,22844.799,154611.612,20141206_071752,479190,0,11487,0
1,KMSX20141206_142742_V06,-39.187,0.070,31.881,450.060,55.156,-115.728,46.353,27578.037,153627.556,20141206_072742,479190,0,14415,0
4,KMSX20141206_145712_V06,-9.687,0.121,26.139,142.909,42.707,-115.812,47.733,21353.456,157858.743,20141206_075712,479180,0,28611,0
4,KMSX20141206_150702_V06,0.146,0.156,26.854,141.866,52.508,-115.807,47.738,26254.162,157809.132,20141206_080702,479186,0,33907,0
4,KMSX20141206_151653_V06,9.996,0.148,25.992,142.509,49.742,-115.813,47.735,24871.245,158021.957,20141206_081653,479186,0,40406,0
4,KMSX20141206_152643_V06,19.830,0.156,26.467,115.040,40.328,-115.814,47.858,20163.759,165098.823,20141206_082643,479186,0,47470,0
4,KMSX20141206_153631_V06,29.630,0.092,27.397,107.835,47.577,-115.809,47.891,23788.371,166763.151,20141206_083631,479187,0,54642,0
2,KMSX20141206_140803_V06,-58.837,0.069,291.401,338.471,5.458,-114.043,46.868,2728.996,19710.009,20141206_070803,479188,0,8621,0
5,KMSX20141206_145712_V06,-9.687,0.065,304.155,301.865,13.985,-113.959,47.033,6992.500,2277.086,20141206_075712,479180,0,28611,0
4,KMSX20141208_144445_V06,-24.215,0.497,24.800,414.891,42.571,-115.779,46.510,21285.706,149109.817,20141208_074445,479182,0,16681,0
4,KMSX20141208_145435_V06,-14.382,0.558,26.500,415.508,53.921,-115.768,46.508,26960.385,148445.690,20141208_075435,479183,0,17141,0
4,KMSX20141208_150425_V06,-4.549,0.472,26.803,396.999,50.489,-115.769,46.591,25244.286,144953.167,20141208_080425,479182,0,17274,0
4,KMSX20141208_151415_V06,5.285,0.421,28.401,387.516,57.344,-115.760,46.634,28671.991,142675.353,20141208_081415,479177,0,16707,0
4,KMSX20141208_152404_V06,15.101,0.080,47.307,399.431,77.032,-115.635,46.582,38516.017,135775.931,20141208_082404,479181,0,15430,0
4,KMSX20141208_153354_V06,24.935,0.097,40.255,394.831,75.353,-115.681,46.602,37676.537,138257.374,20141208_083354,479179,0,16906,0
4,KMSX20141208_154344_V06,34.768,0.161,19.700,419.149,26.655,-115.812,46.491,13327.394,152286.097,20141208_084344,479182,0,18587,0
4,KMSX20141208_155335_V06,44.618,0.063,23.053,424.979,40.630,-115.789,46.465,20314.831,151920.727,20141208_085335,479182,0,20817,0
3,KMSX20141208_143454_V06,-34.065,0.186,25.547,424.869,47.304,-115.773,46.465,23651.802,150762.086,20141208_073454,479182,0,15261,0
5,KMSX20141208_144445_V06,-24.215,0.055,14.506,368.679,26.523,-115.853,46.717,13261.643,146819.393,20141208_074445,479182,0,16681,0
8,KMSX20141208_154344_V06,34.768,0.056,28.433,320.981,41.034,-115.769,46.933,20516.829,136187.971,20141208_084344,479182,0,18587,0
8,KMSX20141208_155335_V06,44.618,-1.000,28.433,320.981,56.695,-115.769,46.933,28347.579,136187.971,20141208_085335,479182,0,20817,0
8,KMSX20141208_160325_V06,54.451,0.226,42.070,302.673,46.016,-115.682,47.017,23008.133,128972.152,20141208_090325,479184,0,22112,0
1,KMSX20141209_154541_V06,35.726,0.065,25.338,176.380,39.883,-115.812,47.583,19941.669,150599.841,20141209_084541,479183,0,1828,0
6,KMSX20141211_155008_V06,38.293,0.278,16.074,391.133,27.940,-115.840,46.616,13970.007,149096.421,20141211_085008,479207,1,26449,0
6,KMSX20141211_155524_V06,43.559,0.222,18.412,390.009,37.198,-115.825,46.621,18599.058,147811.908,20141211_085524,479187,0,27147,0
6,KMSX20141211_160038_V06,48.793,0.378,27.060,377.892,44.931,-115.770,46.677,22465.430,141918.434,20141211_090038,479178,4,28096,2
6,KMSX20141211_160553_V06,54.043,0.237,33.653,372.992,51.670,-115.727,46.700,25835.009,138083.814,20141211_090553,479180,1,28395,1
6,KMSX20141211_161108_V06,59.293,0.210,35.854,388.653,61.601,-115.711,46.629,30800.711,139313.177,20141211_091108,479192,0,28326,0
6,KMSX20141211_161623_V06,64.543,0.185,42.209,389.730,68.625,-115.669,46.625,34312.349,136480.525,20141211_091623,479198,0,26612,0
1,KMSX20141211_143639_V06,-35.191,0.062,25.881,301.049,34.610,-115.789,47.022,17305.195,137060.564,20141211_073639,479193,1,51592,0
1,KMSX20141211_144153_V06,-29.957,0.082,26.224,296.241,40.899,-115.788,47.044,20449.330,136901.132,20141211_074153,479188,1,54293,0
5,KMSX20141211_153423_V06,22.543,0.097,537.546,453.830,29.861,-112.443,46.339,14930.472,141502.433,20141211_083423,479183,0,24589,0
5,KMSX20141211_153938_V06,27.793,0.078,538.229,454.165,35.259,-112.439,46.337,17629.411,141880.154,20141211_083938,479204,2,24311,0
9,KMSX20141211_161108_V06,59.293,0.276,22.666,215.004,32.577,-115.824,47.409,16288.338,145033.209,20141211_091108,479192,0,28326,0
9,KMSX20141211_161623_V06,64.543,0.341,23.376,210.297,38.506,-115.820,47.430,19252.881,145402.279,20141211_091623,479198,0,26612,0
9,KMSX20141211_162139_V06,69.809,0.411,24.628,195.714,32.643,-115.814,47.496,16321.665,147228.841,20141211_092139,479182,3,25988,1
10,KMSX20141211_161623_V06,64.543,0.157,538.182,457.433,28.528,-112.440,46.322,14263.937,142754.930,20141211_091623,479198,0,26612,0
10,KMSX20141211_162139_V06,69.809,0.266,538.305,457.290,34.384,-112.439,46.323,17191.859,142766.484,20141211_092139,479182,3,25988,1
7,KMSX20141211_155524_V06,43.559,0.165,22.397,511.809,35.317,-115.780,46.074,17658.546,174589.676,20141211_085524,479187,0,27147,0
8,KMSX20141211_160038_V06,48.793,0.245,537.156,456.037,28.391,-112.446,46.329,14195.732,141942.189,20141211_090038,479178,4,28096,2
6,KMSX20141212_153446_V06,22.036,0.050,537.235,459.895,28.725,-112.446,46.311,14362.283,143044.330,20141212_083446,479195,0,22781,0
6,KMSX20141212_154000_V06,27.269,0.071,536.654,460.337,35.589,-112.450,46.310,17794.364,142927.795,20141212_084000,479196,1,22841,0
1,KMSX20141212_142634_V06,-46.164,0.076,536.919,460.713,31.629,-112.448,46.308,15814.313,143142.636,20141212_072634,479190,1,23400,0
1,KMSX20141212_143148_V06,-40.931,0.050,538.778,456.551,26.893,-112.436,46.326,13446.700,142761.131,20141212_073148,479187,1,23694,0
7,KMSX20141212_160612_V06,53.469,0.173,535.402,459.538,35.156,-112.458,46.313,17577.898,142185.010,20141212_090612,479192,0,22625,0
2,KMSX20141219_142730_V06,-50.402,0.064,191.707,255.723,10.863,-114.701,47.238,5431.660,58497.620,20141219_072730,479197,0,150281,0
5,KMSX20141224_152251_V06,2.497,0.294,11.492,408.885,16.824,-115.867,46.536,8411.997,154185.546,20141224_082251,479187,1,258506,1
5,KMSX20141224_152750_V06,7.480,0.640,14.954,407.494,24.649,-115.844,46.542,12324.413,152320.612,20141224_082750,479188,0,259125,0
5,KMSX20141224_153249_V06,12.464,0.566,22.421,402.295,32.247,-115.796,46.567,16123.472,147914.047,20141224_083249,479195,0,262093,0
5,KMSX20141224_153750_V06,17.480,0.748,29.829,400.579,35.451,-115.748,46.575,17725.702,144142.727,20141224_083750,479181,0,264693,0
5,KMSX20141224_154248_V06,22.447,0.147,35.362,396.340,46.663,-115.713,46.595,23331.497,140814.541,20141224_084248,479179,0,264242,0
5,KMSX20141224_154746_V06,27.414,0.251,36.639,394.651,54.401,-115.705,46.602,27200.376,139926.857,20141224_084746,479183,0,264469,0
5,KMSX20141224_155244_V06,32.380,0.128,45.350,388.563,56.379,-115.649,46.631,28189.737,134805.504,20141224_085244,479187,0,264956,0
5,KMSX20141224_155745_V06,37.397,0.063,50.605,385.265,61.495,-115.615,46.646,30747.610,131784.042,20141224_085745,479188,0,265199,0
5,KMSX20141224_160245_V06,42.397,-1.000,56.375,381.428,66.267,-115.578,46.664,33133.369,128436.167,20141224_090245,479184,0,264756,0
5,KMSX20141224_160743_V06,47.364,0.053,77.761,374.607,56.950,-115.439,46.696,28474.957,117213.706,20141224_090743,479181,0,265819,0
17,KMSX20141224_162901_V06,68.664,0.075,42.500,251.321,72.834,-115.687,47.247,36417.133,131030.589,20141224_092901,479182,0,271585,0
17,KMSX20141224_163453_V06,74.530,0.150,45.015,247.418,82.406,-115.671,47.265,41202.763,130175.057,20141224_093453,479188,0,276122,0
17,KMSX20141224_164045_V06,80.397,0.074,59.559,233.887,94.797,-115.577,47.327,47398.711,124682.505,20141224_094045,479184,0,280113,0
13,KMSX20141224_161244_V06,52.380,0.116,20.505,321.668,21.931,-115.821,46.929,10965.750,140166.642,20141224_091244,479182,0,266604,0
13,KMSX20141224_161810_V06,57.814,0.085,22.048,320.757,30.146,-115.811,46.933,15073.077,139362.976,20141224_091810,479176,0,270394,0
2,KMSX20141224_144257_V06,-37.403,0.088,27.463,361.863,32.331,-115.770,46.749,16165.604,139734.935,20141224_074257,479185,0,241853,0
10,KMSX20141224_155745_V06,37.397,0.137,34.749,452.506,38.474,-115.709,46.342,19237.167,152983.652,20141224_085745,479188,0,265199,0
2,KMSX20141228_144404_V06,-37.437,0.083,62.728,313.780,66.717,-115.545,46.969,33358.547,118835.674,20141228_074404,479187,0,239920,0
2,KMSX20141228_145356_V06,-27.571,0.073,30.194,307.581,33.582,-115.760,46.993,16790.829,134956.248,20141228_075356,479187,0,239055,0
