track_id,filename,from_sunrise,det_score,x,y,r,lon,lat,radius,geo_dist,local_time,n_radar_pixels,n_refAbove40_pixels,n_xcorrAbove0.95_pixels,n_xcorrBelow0.95_refAbove40_pixels
3,KMAF20210602_121659_V06,33.675,0.067,404.201,344.281,10.713,-101.639,31.742,5356.743,56609.799,20210602_071659,479176,204,44196,155
1,KMAF20210603_104630_V06,-56.597,0.386,400.910,346.122,8.362,-101.656,31.734,4181.068,55475.269,20210603_054630,479178,6196,112707,1615
1,KMAF20210603_105012_V06,-52.897,0.069,401.136,346.082,13.370,-101.655,31.734,6684.861,55569.937,20210603_055012,479180,6237,111970,1625
24,KMAF20210603_130333_V06,80.453,0.080,381.801,231.322,23.568,-101.755,32.252,11784.176,53404.149,20210603_080333,479166,143,89778,112
24,KMAF20210603_130848_V06,85.703,0.172,382.810,232.570,29.461,-101.750,32.247,14730.520,53395.349,20210603_080848,479172,123,88495,77
16,KMAF20210603_115125_V06,8.319,0.118,401.718,343.067,7.157,-101.652,31.748,3578.711,55229.842,20210603_065125,479189,851,113324,192
17,KMAF20210603_115501_V06,11.919,0.097,353.046,182.177,30.413,-101.907,32.474,15206.726,64606.809,20210603_065501,479175,795,112413,201
18,KMAF20210603_121004_V06,26.969,0.208,340.281,163.680,28.864,-101.974,32.558,14431.774,71073.463,20210603_071004,479172,543,103693,191
18,KMAF20210603_121354_V06,30.803,-1.000,340.281,163.680,34.959,-101.974,32.558,17479.274,71073.463,20210603_071354,479178,404,101922,168
18,KMAF20210603_121744_V06,34.636,0.059,341.511,174.523,48.647,-101.968,32.509,24323.658,66082.497,20210603_071744,479189,356,100672,169
18,KMAF20210603_122134_V06,38.469,-1.000,341.511,174.523,54.742,-101.968,32.509,27371.158,66082.497,20210603_072134,479173,300,98876,166
18,KMAF20210603_122755_V06,44.819,0.070,297.724,157.938,16.217,-102.201,32.584,8108.429,71040.334,20210603_072755,479167,152,97643,88
22,KMAF20210603_124820_V06,65.236,0.078,344.522,151.986,29.393,-101.952,32.610,14696.484,77282.760,20210603_074820,479172,161,94554,122
1,KMAF20210605_121624_V06,33.649,0.246,340.490,121.549,26.121,-101.973,32.748,13060.310,91493.378,20210605_071624,479169,38,62385,30
2,KMAF20210605_122603_V06,43.299,0.055,406.916,323.602,26.953,-101.624,31.836,13476.345,54744.852,20210605_072603,479168,50,61178,48
3,KMAF20210605_124521_V06,62.599,0.259,208.888,84.709,8.427,-102.676,32.913,4213.642,116888.408,20210605_074521,479165,138,59183,114
4,KMAF20210605_124521_V06,62.599,0.185,211.502,297.585,5.629,-102.657,31.953,2814.337,44265.517,20210605_074521,479165,138,59183,114
2,KMAF20210606_104550_V06,-56.783,0.082,397.675,344.724,5.703,-101.673,31.741,2851.278,53713.692,20210606_054550,479169,131,66386,103
2,KMAF20210606_104920_V06,-53.283,0.056,397.930,344.810,10.806,-101.672,31.740,5403.039,53847.586,20210606_054920,479196,133,64946,109
6,KMAF20210606_111344_V06,-28.883,0.174,409.432,341.023,19.507,-101.611,31.757,9753.538,58434.313,20210606_061344,479176,130,47686,94
3,KMAF20210607_120320_V06,20.828,0.070,27.320,422.115,46.113,-103.622,31.385,23056.427,149387.239,20210607_070320,479169,115,63751,83
3,KMAF20210607_120751_V06,25.344,0.110,27.564,422.293,52.270,-103.621,31.384,26135.178,149312.852,20210607_070751,479166,97,60975,76
3,KMAF20210607_121227_V06,29.944,0.068,27.422,408.666,42.430,-103.623,31.445,21214.777,146719.955,20210607_071227,479171,106,60356,74
1,KMAF20210607_104344_V06,-58.772,0.056,399.672,344.435,7.508,-101.663,31.742,3754.147,54564.394,20210607_054344,479171,154,93047,106
1,KMAF20210607_104820_V06,-54.172,0.057,399.040,344.018,6.657,-101.666,31.744,3328.629,54190.571,20210607_054820,479166,155,91756,99
5,KMAF20210607_123052_V06,48.361,0.574,380.493,126.703,6.550,-101.760,32.724,3274.853,95539.286,20210607_073052,479164,144,58045,107
5,KMAF20210609_113743_V06,-4.643,0.139,402.787,513.106,11.942,-101.651,30.981,5970.895,118299.527,20210609_063743,479167,118,62077,102
5,KMAF20210609_114721_V06,4.991,0.091,400.162,517.588,23.140,-101.665,30.961,11569.785,119767.606,20210609_064721,479169,108,58449,86
2,KMAF20210609_111827_V06,-23.909,0.436,469.971,518.351,8.903,-101.299,30.956,4451.618,138354.091,20210609_061827,479174,106,75566,84
7,KMAF20210610_112938_V06,-12.690,0.183,370.050,270.426,31.495,-101.818,32.076,15747.421,38018.515,20210610_062938,479168,418,74836,314
9,KMAF20210610_113916_V06,-3.056,0.111,171.011,109.096,4.999,-102.877,32.802,2499.445,115198.149,20210610_063916,479165,1102,72196,975
10,KMAF20210610_121049_V06,28.494,0.076,427.077,238.838,37.912,-101.515,32.217,18956.177,70514.892,20210610_071049,479168,791,77269,725
11,KMAF20210610_122027_V06,38.127,0.053,89.165,430.388,33.463,-103.297,31.351,16731.508,123948.082,20210610_072027,479162,733,80107,597
12,KMAF20210610_123945_V06,57.427,0.289,448.627,514.717,38.652,-101.411,30.973,19325.956,130569.349,20210610_073945,479167,682,79884,536
13,KMAF20210610_124923_V06,67.060,0.441,169.052,59.156,34.853,-102.890,33.027,17426.414,137070.311,20210610_074923,479165,686,77545,558
1,KMAF20210611_110137_V06,-40.694,0.087,382.107,126.286,4.762,-101.751,32.726,2380.989,96070.209,20210611_060137,479167,1191,61406,1062
3,KMAF20210611_123949_V06,57.506,0.331,310.080,170.396,24.967,-102.135,32.528,12483.418,64997.652,20210611_073949,479169,241,39887,216
1,KMAF20210612_114202_V06,-0.290,0.079,179.503,298.429,14.868,-102.826,31.949,7434.124,60253.694,20210612_064202,479170,99,41909,77
13,KMAF20210613_114646_V06,4.408,0.143,92.028,239.859,21.961,-103.292,32.210,10980.276,108246.756,20210613_064646,479170,582,82976,33
13,KMAF20210613_115212_V06,9.841,0.059,92.884,240.646,28.608,-103.287,32.206,14304.196,107726.337,20210613_065212,479171,602,83205,43
10,KMAF20210613_112507_V06,-17.242,0.079,402.161,345.556,13.160,-101.650,31.737,6579.901,55929.203,20210613_062507,479173,253,84713,28
14,KMAF20210613_114646_V06,4.408,0.053,153.626,150.857,27.322,-102.969,32.613,13660.776,104485.665,20210613_064646,479170,582,82976,33
17,KMAF20210614_124800_V06,65.582,0.087,350.737,148.350,21.498,-101.919,32.627,10748.859,79955.998,20210614_074800,479181,3698,63459,397
17,KMAF20210614_125221_V06,69.932,0.056,350.374,149.170,26.612,-101.921,32.623,13306.191,79509.779,20210614_075221,479161,3987,64922,526
1,KMAF20210615_122934_V06,47.067,0.060,162.940,307.655,26.357,-102.913,31.907,13178.614,68636.664,20210615_072934,479171,1157,50402,864
2,KMAF20210615_122934_V06,47.067,0.059,257.981,526.587,11.283,-102.409,30.921,5641.739,115224.866,20210615_072934,479171,1157,50402,864
3,KMAF20210615_123910_V06,56.667,0.082,81.768,105.777,32.526,-103.354,32.814,16262.779,146071.779,20210615_073910,479168,1069,49277,807
1,KMAF20210616_113816_V06,-4.338,0.419,26.500,410.225,45.890,-103.627,31.438,22945.166,147438.243,20210616_063816,479168,95,77020,80
1,KMAF20210616_114753_V06,5.279,0.298,27.152,403.476,56.059,-103.624,31.469,28029.575,145905.239,20210616_064753,479167,93,91549,79
3,KMAF20210616_122826_V06,45.829,0.066,303.214,79.788,41.519,-102.172,32.936,20759.708,110117.774,20210616_072826,479167,102,88593,86
1,KMAF20210617_111823_V06,-24.349,0.057,399.791,339.251,13.461,-101.662,31.765,6730.707,53616.231,20210617_061823,479168,71,56947,59
1,KMAF20210618_105021_V06,-52.531,0.491,400.401,344.248,7.053,-101.659,31.743,3526.443,54859.552,20210618_055021,479168,63,59756,46
5,KMAF20210618_113829_V06,-4.398,0.083,401.451,344.710,10.569,-101.654,31.741,5284.502,55433.059,20210618_063829,479165,114,81046,83
1,KMAF20210619_124739_V06,64.597,0.051,400.759,333.117,17.355,-101.657,31.793,8677.530,53030.747,20210619_074739,479168,87,72645,63
6,KMAF20210620_124639_V06,63.405,0.209,409.310,509.195,8.355,-101.617,30.999,4177.559,118015.972,20210620_074639,479169,38,46796,23
6,KMAF20210620_130554_V06,82.655,0.091,413.662,510.605,19.697,-101.594,30.992,9848.484,119659.222,20210620_080554,479166,38,45552,27
1,KMAF20210620_104915_V06,-53.995,0.332,399.586,344.166,6.878,-101.663,31.743,3439.135,54470.064,20210620_054915,479172,18,56876,15
1,KMAF20210620_110829_V06,-34.762,-1.000,399.586,344.166,37.459,-101.663,31.743,18729.635,54470.064,20210620_060829,479170,20,55398,16
1,KMAF20210620_111806_V06,-25.145,0.133,406.159,343.705,15.465,-101.629,31.745,7732.376,57401.654,20210620_061806,479167,17,50372,17
1,KMAF20210621_110359_V06,-39.475,0.214,29.947,412.788,53.455,-103.609,31.427,26727.528,146329.887,20210621_060359,479188,208,93808,191
2,KMAF20210621_113642_V06,-6.758,0.520,384.157,126.978,7.277,-101.740,32.723,3638.332,96201.817,20210621_063642,479167,283,82798,231
1,KMAF20210623_110309_V06,-40.797,0.418,399.021,343.903,6.560,-101.666,31.744,3280.052,54158.713,20210623_060309,479167,74,55598,59
1,KMAF20210623_111245_V06,-31.197,0.115,399.543,342.922,16.280,-101.664,31.749,8140.117,54201.133,20210623_061245,479166,50,57077,41
4,KMAF20210623_114337_V06,-0.330,0.088,401.170,346.445,10.975,-101.655,31.733,5487.717,55660.818,20210623_064337,479168,103,53333,94
1,KMAF20210624_114356_V06,-0.288,0.060,405.975,344.173,11.876,-101.630,31.743,5937.862,57406.273,20210624_064356,479167,113,53424,96
2,KMAF20210624_130048_V06,76.579,0.114,406.362,345.971,12.593,-101.628,31.735,6296.688,57935.745,20210624_080048,479167,113,43426,98
1,KMAF20210625_104850_V06,-55.681,0.189,399.514,343.726,5.907,-101.664,31.745,2953.421,54348.421,20210625_054850,479178,165,74377,145
2,KMAF20210625_121224_V06,27.885,0.057,404.886,349.998,13.660,-101.636,31.717,6830.093,58096.840,20210625_071224,479180,221,50085,181
1,KMAF20210626_115112_V06,6.373,0.069,402.274,342.611,11.241,-101.649,31.750,5620.293,55397.975,20210626_065112,479169,74,65253,53
16,KMAF20210627_123421_V06,49.191,0.113,48.670,148.238,56.276,-103.528,32.621,28137.974,146797.716,20210627_073421,479178,17278,301433,960
16,KMAF20210627_123841_V06,53.525,0.186,49.844,148.677,61.595,-103.522,32.619,30797.309,146181.933,20210627_073841,479172,16812,298636,872
16,KMAF20210627_124323_V06,58.225,0.242,55.015,149.537,59.950,-103.494,32.615,29975.018,143750.486,20210627_074323,479185,17264,295986,819
16,KMAF20210627_124804_V06,62.908,-1.000,59.263,150.286,59.994,-103.471,32.612,29996.859,141746.527,20210627_074804,479173,19584,295764,1006
16,KMAF20210627_125238_V06,67.475,0.379,62.061,136.341,60.659,-103.457,32.675,30329.750,144394.458,20210627_075238,479169,20234,293272,1173
16,KMAF20210627_130131_V06,76.358,0.082,65.925,137.784,61.066,-103.437,32.669,30532.937,142394.626,20210627_080131,479176,20067,289925,1410
16,KMAF20210627_130549_V06,80.658,0.249,70.386,142.330,58.646,-103.413,32.648,29322.944,139268.116,20210627_080549,479185,20751,287702,1689
1,KMAF20210629_104617_V06,-59.593,0.074,399.442,343.134,6.776,-101.664,31.748,3387.943,54196.816,20210629_054617,479182,1921,120346,183
3,KMAF20210629_112442_V06,-21.176,0.065,406.269,338.562,15.380,-101.628,31.768,7690.157,56524.368,20210629_062442,479179,982,95119,160
1,KMAF20210701_104943_V06,-56.947,0.056,172.694,285.365,7.738,-102.863,32.008,3869.015,64072.176,20210701_054943,479169,64,43633,51
1,KMAF20210702_104844_V06,-58.349,0.087,176.795,290.947,8.707,-102.841,31.982,4353.500,61768.409,20210702_054844,479176,344,34254,261
1,KMAF20210702_105220_V06,-54.749,0.096,177.720,290.810,13.443,-102.836,31.983,6721.437,61312.347,20210702_055220,479170,365,35378,271
2,KMAF20210702_110643_V06,-40.366,0.066,397.364,338.875,7.186,-101.675,31.767,3593.235,52419.133,20210702_060643,479161,311,34208,236
3,KMAF20210702_122623_V06,39.301,0.093,185.522,292.666,11.995,-102.794,31.975,5997.515,57356.369,20210702_072623,479177,242,43842,204
4,KMAF20210702_123336_V06,46.518,0.101,23.188,415.338,20.833,-103.644,31.415,10416.556,149939.630,20210702_073336,479179,266,43875,224
5,KMAF20210702_130529_V06,78.401,0.087,402.899,346.027,9.748,-101.646,31.735,4874.006,56361.826,20210702_080529,479173,199,48461,169
4,KMAF20210703_111546_V06,-31.750,0.070,309.069,523.621,7.335,-102.141,30.935,3667.723,111902.217,20210703_061546,479185,6231,227530,167
1,KMAF20210705_105219_V06,-56.115,0.151,401.262,345.164,8.761,-101.655,31.739,4380.524,55438.487,20210705_055219,479179,5569,121989,186
24,KMAF20210705_125218_V06,63.869,0.083,182.633,334.343,21.667,-102.808,31.787,10833.302,61144.271,20210705_075218,479180,7603,183141,291
1,KMAF20210706_110756_V06,-40.977,0.223,24.698,450.110,35.734,-103.634,31.258,17866.856,156783.476,20210706_060756,479169,236,78810,194
1,KMAF20210706_111733_V06,-31.360,0.074,25.182,445.140,46.918,-103.632,31.281,23459.023,155394.979,20210706_061733,479167,233,76393,210
2,KMAF20210706_110756_V06,-40.977,0.159,286.495,455.991,8.274,-102.260,31.240,4137.079,78287.256,20210706_060756,479169,236,78810,194
3,KMAF20210706_114625_V06,-2.493,0.160,281.167,106.032,16.591,-102.289,32.818,8295.403,97440.266,20210706_064625,479165,192,56872,175
4,KMAF20210706_123430_V06,45.590,0.138,284.484,455.084,8.100,-102.270,31.244,4050.070,77929.261,20210706_073430,479168,398,34758,331
1,KMAF20210708_111428_V06,-35.441,0.052,401.905,348.847,9.307,-101.651,31.722,4653.332,56503.516,20210708_061428,479167,174,58545,130
1,KMAF20210710_112058_V06,-29.989,0.057,400.830,344.049,6.973,-101.657,31.744,3486.340,55015.891,20210710_062058,479163,23,49930,19
2,KMAF20210710_120127_V06,10.495,0.477,290.922,106.461,15.388,-102.237,32.816,7693.802,96875.882,20210710_070127,479168,38,46380,30
1,KMAF20210711_112934_V06,-21.929,0.082,382.061,302.914,16.036,-101.755,31.929,8017.864,41056.375,20210711_062934,479169,26,47114,18
1,KMAF20210711_114111_V06,-10.312,0.078,380.743,300.790,24.035,-101.762,31.939,12017.345,40373.588,20210711_064111,479168,74,41113,31
3,KMAF20210711_125035_V06,59.088,0.086,320.824,215.220,10.562,-102.078,32.326,5281.178,43650.151,20210711_075035,479175,301,44228,87
3,KMAF20210713_124931_V06,56.909,0.092,399.714,343.733,5.401,-101.663,31.745,2700.584,54441.670,20210713_074931,479169,77,39601,68
3,KMAF20210713_130845_V06,76.142,0.177,400.928,344.922,14.879,-101.656,31.740,7439.465,55236.655,20210713_080845,479165,72,38112,57
1,KMAF20210713_110151_V06,-50.758,0.089,401.379,345.475,9.046,-101.654,31.737,4522.850,55555.454,20210713_060151,479169,33,28004,27
1,KMAF20210714_111730_V06,-35.678,0.221,400.548,343.613,7.051,-101.658,31.746,3525.576,54799.412,20210714_061730,479164,49,29777,43
2,KMAF20210714_113643_V06,-16.462,0.093,234.560,151.930,25.997,-102.537,32.610,12998.308,80942.974,20210714_063643,479164,60,36889,48
1,KMAF20210715_111629_V06,-37.274,0.067,400.337,339.116,11.926,-101.659,31.766,5963.114,53845.942,20210715_061629,479168,35,32323,28
3,KMAF20210715_121615_V06,22.493,0.067,414.791,352.386,17.012,-101.583,31.706,8506.151,63089.814,20210715_071615,479167,56,27696,51
3,KMAF20210716_110414_V06,-50.111,0.090,403.099,346.757,10.594,-101.645,31.731,5297.075,56602.918,20210716_060414,479179,388,69469,102
5,KMAF20210716_111111_V06,-43.161,0.058,311.906,188.495,103.020,-102.126,32.446,51510.223,56069.218,20210716_061111,479185,223,64641,80
8,KMAF20210716_113133_V06,-22.794,0.051,319.327,194.653,96.553,-102.086,32.418,48276.672,53552.687,20210716_063133,479169,102,56304,40
14,KMAF20210716_124100_V06,46.656,0.054,402.405,92.470,23.404,-101.642,32.878,11701.881,115710.187,20210716_074100,479169,97,49748,51
1,KMAF20210717_112305_V06,-31.856,0.069,404.634,344.758,13.493,-101.637,31.740,6746.479,56902.346,20210717_062305,479167,16,65677,13
1,KMAF20210718_105607_V06,-59.424,0.060,399.256,344.243,6.651,-101.665,31.743,3325.426,54335.231,20210718_055607,479173,263,58638,135
1,KMAF20210720_110706_V06,-49.663,0.067,397.292,342.967,5.869,-101.675,31.749,2934.437,53178.608,20210720_060706,479166,132,62007,83
2,KMAF20210720_114731_V06,-9.246,0.062,401.630,342.641,8.807,-101.653,31.750,4403.627,55106.767,20210720_064731,479166,124,54156,52
1,KMAF20210721_112844_V06,-28.649,0.125,373.219,327.756,31.299,-101.802,31.818,15649.668,39151.696,20210721_062844,479168,75,47905,41
1,KMAF20210721_113743_V06,-19.666,0.068,372.501,325.873,39.524,-101.806,31.826,19762.236,38489.663,20210721_063743,479168,91,29697,68
1,KMAF20210722_112726_V06,-30.574,0.171,367.769,297.827,14.853,-101.830,31.953,7426.533,33902.052,20210722_062726,479169,68,21344,47
19,KMAF20210723_132440_V06,86.030,0.126,403.748,348.018,14.841,-101.642,31.726,7420.597,57160.821,20210723_082440,479190,337,47655,92
1,KMAF20210724_111815_V06,-41.021,0.064,297.491,269.077,13.211,-102.202,32.083,6605.335,15512.212,20210724_061815,479167,34,59102,27
2,KMAF20210724_111815_V06,-41.021,0.052,401.374,340.612,10.534,-101.654,31.759,5267.235,54602.858,20210724_061815,479167,34,59102,27
3,KMAF20210724_122738_V06,28.362,0.058,404.621,344.111,12.106,-101.637,31.743,6053.049,56770.271,20210724_072738,479168,38,54019,26
4,KMAF20210724_130604_V06,66.796,0.060,404.100,341.649,11.263,-101.640,31.754,5631.552,56061.331,20210724_080604,479164,45,54938,31
1,KMAF20210726_110351_V06,-56.701,0.100,174.356,285.581,7.708,-102.854,32.007,3853.924,63234.463,20210726_060351,479168,67,50463,50
1,KMAF20210726_111328_V06,-47.084,0.073,179.112,287.448,15.667,-102.829,31.998,7833.315,60768.701,20210726_061328,479171,83,46454,64
2,KMAF20210726_110351_V06,-56.701,0.087,353.472,479.137,3.868,-101.909,31.135,1934.127,93473.478,20210726_060351,479168,67,50463,50
4,KMAF20210726_122053_V06,20.332,0.157,408.685,509.323,8.131,-101.620,30.998,4065.352,117928.248,20210726_072053,479170,138,53799,115
6,KMAF20210726_122053_V06,20.332,0.059,182.130,292.756,13.741,-102.812,31.974,6870.279,59046.280,20210726_072053,479170,138,53799,115
2,KMAF20210727_110339_V06,-57.546,0.059,181.230,288.490,6.456,-102.817,31.994,3227.917,59663.363,20210727_060339,479168,268,29906,208
2,KMAF20210727_111316_V06,-47.929,0.098,181.589,290.027,14.946,-102.815,31.987,7472.917,59415.025,20210727_061316,479171,231,27639,195
3,KMAF20210727_112253_V06,-38.313,0.084,286.176,453.436,7.034,-102.261,31.251,3516.954,77028.777,20210727_062253,479169,201,26902,161
4,KMAF20210727_123210_V06,30.971,0.100,464.554,70.676,7.527,-101.309,32.974,3763.458,141126.976,20210727_073210,479173,216,49131,169
5,KMAF20210727_132015_V06,79.054,0.185,186.981,290.272,10.945,-102.787,31.986,5472.389,56718.461,20210727_082015,479173,232,46739,180
1,KMAF20210728_110418_V06,-57.544,0.170,400.528,344.544,8.687,-101.658,31.741,4343.658,54977.350,20210728_060418,479185,1141,71182,226
1,KMAF20210728_110754_V06,-53.944,0.112,400.646,345.124,13.757,-101.658,31.739,6878.697,55149.164,20210728_060754,479177,1259,71553,195
2,KMAF20210728_110418_V06,-57.544,0.069,175.050,287.865,8.141,-102.850,31.996,4070.660,62769.102,20210728_060418,479185,1141,71182,226
3,KMAF20210729_131945_V06,77.255,0.248,113.326,191.162,8.690,-103.181,32.430,4344.760,108042.904,20210729_081945,479167,374,28624,287
3,KMAF20210729_132923_V06,86.888,0.098,116.260,191.074,18.754,-103.166,32.431,9377.116,106800.243,20210729_082923,479167,431,34103,340
1,KMAF20210729_113350_V06,-28.662,0.104,257.107,528.203,10.416,-102.413,30.914,5207.785,116099.335,20210729_063350,479168,339,13351,264
1,KMAF20210729_114328_V06,-19.028,-1.000,257.107,528.203,25.733,-102.413,30.914,12866.285,116099.335,20210729_064328,479172,407,14042,316
1,KMAF20210729_120243_V06,0.222,0.256,255.920,526.390,8.712,-102.419,30.922,4356.054,115320.949,20210729_070243,479167,391,42266,319
4,KMAF20210729_131945_V06,77.255,0.156,528.202,454.117,24.873,-100.991,31.243,12436.296,137684.568,20210729_081945,479167,374,28624,287
6,KMAF20210731_120940_V06,5.863,0.377,353.547,480.697,8.337,-101.908,31.128,4168.323,94231.970,20210731_070940,479167,80,58906,66
6,KMAF20210731_121917_V06,15.480,0.202,351.983,478.616,16.425,-101.916,31.138,8212.586,93013.214,20210731_071917,479166,76,65076,66
17,KMAF20210731_131706_V06,73.296,0.248,415.093,80.682,6.581,-101.574,32.931,3290.592,123841.427,20210731_081706,479173,102,80158,102
17,KMAF20210731_132644_V06,82.930,0.477,417.687,83.184,20.378,-101.560,32.919,10189.238,123348.413,20210731_082644,479170,52,80217,46
1,KMAF20210731_111150_V06,-51.970,0.274,172.669,285.354,6.767,-102.863,32.008,3383.553,64085.312,20210731_061150,479166,60,32995,32
3,KMAF20210731_112129_V06,-42.320,0.106,361.531,480.344,11.301,-101.866,31.130,5650.345,95275.652,20210731_062129,479170,28,36378,26
4,KMAF20210731_115023_V06,-13.420,0.063,446.319,244.840,16.505,-101.413,32.190,8252.495,78185.381,20210731_065023,479169,42,65085,34
5,KMAF20210731_115023_V06,-13.420,0.059,368.827,515.221,32.480,-101.829,30.972,16240.131,112979.145,20210731_065023,479169,42,65085,34
7,KMAF20210731_120940_V06,5.863,0.053,388.880,70.454,5.438,-101.714,32.977,2719.219,123076.381,20210731_070940,479167,80,58906,66
2,KMAF20210802_111648_V06,-48.319,0.242,42.908,278.740,58.436,-103.550,32.032,29218.245,128984.644,20210802_061648,479166,606,74004,92
2,KMAF20210802_112130_V06,-43.619,0.261,42.031,275.984,66.842,-103.555,32.044,33421.011,129542.072,20210802_062130,479173,712,72533,86
2,KMAF20210802_112612_V06,-38.919,0.124,37.529,290.448,59.151,-103.577,31.979,29575.603,131322.350,20210802_062612,479192,731,71606,124
1,KMAF20210803_114432_V06,-21.245,0.176,252.477,525.642,6.770,-102.437,30.926,3385.032,115295.882,20210803_064432,479166,367,35917,255
2,KMAF20210803_132049_V06,75.038,0.109,428.452,513.509,33.694,-101.517,30.979,16846.838,124585.130,20210803_082049,479171,614,59714,406
1,KMAF20210804_121826_V06,11.995,0.091,258.974,525.841,9.293,-102.403,30.925,4646.351,114768.505,20210804_071826,479171,609,89932,320
3,KMAF20210805_111905_V06,-48.016,0.090,402.727,348.865,11.264,-101.647,31.722,5631.914,56878.599,20210805_061905,479167,111,41620,94
10,KMAF20210805_132609_V06,79.051,0.050,398.111,341.121,11.996,-101.671,31.757,5997.801,53189.792,20210805_082609,479170,98,58652,65
2,KMAF20210806_114534_V06,-22.193,0.430,279.177,78.294,3.419,-102.300,32.943,1709.415,111340.623,20210806_064534,479169,103,72148,80
2,KMAF20210806_120451_V06,-2.910,0.069,279.425,79.638,18.284,-102.299,32.937,9141.979,110660.181,20210806_070451,479166,87,80721,65
1,KMAF20210806_114534_V06,-22.193,0.587,463.236,70.587,8.663,-101.316,32.975,4331.356,140780.175,20210806_064534,479169,103,72148,80
1,KMAF20210807_112356_V06,-44.487,0.057,22.908,419.126,26.534,-103.646,31.398,13267.160,150806.810,20210807_062356,479166,36,78156,28
1,KMAF20210807_113538_V06,-32.787,0.113,22.896,436.344,35.129,-103.645,31.320,17564.338,154415.368,20210807_063538,479169,15,84974,14
1,KMAF20210807_114515_V06,-23.170,0.087,27.461,416.671,50.379,-103.622,31.409,25189.570,148230.981,20210807_064515,479173,37,80083,28
1,KMAF20210808_110925_V06,-59.664,0.343,399.156,344.233,5.364,-101.666,31.743,2682.064,54287.498,20210808_060925,479168,20,106745,13
1,KMAF20210808_111401_V06,-55.064,0.103,399.027,344.171,11.997,-101.666,31.743,5998.580,54215.768,20210808_061401,479165,16,105024,13
4,KMAF20210808_124814_V06,39.153,0.265,402.453,346.345,12.435,-101.648,31.733,6217.434,56223.929,20210808_074814,479175,88,82512,80
4,KMAF20210808_125150_V06,42.753,0.081,403.049,346.562,17.604,-101.645,31.732,8802.054,56539.997,20210808_075150,479185,77,81706,63
1,KMAF20210809_111700_V06,-52.740,0.074,397.676,342.264,8.212,-101.673,31.752,4106.043,53213.922,20210809_061700,479167,36,78080,24
2,KMAF20210809_120105_V06,-8.656,0.110,461.538,78.995,2.204,-101.325,32.937,1102.055,136873.943,20210809_070105,479171,105,101535,85
1,KMAF20210810_111700_V06,-53.398,0.187,400.079,344.366,6.017,-101.661,31.742,3008.360,54735.990,20210810_061700,479171,60,59016,45
1,KMAF20210810_112638_V06,-43.764,0.060,400.093,343.411,15.013,-101.661,31.746,7506.421,54550.819,20210810_062638,479165,42,66802,34
2,KMAF20210810_123401_V06,23.619,0.118,401.598,342.494,11.492,-101.653,31.751,5745.926,55063.511,20210810_073401,479175,67,74808,56
2,KMAF20210810_124337_V06,33.219,-1.000,401.598,342.494,26.756,-101.653,31.751,13377.926,55063.511,20210810_074337,479168,85,73342,72
2,KMAF20210810_130253_V06,52.486,0.065,401.846,346.075,8.281,-101.652,31.734,4140.726,55891.740,20210810_080253,479168,72,74068,65
4,KMAF20210811_130314_V06,52.179,0.074,404.604,343.730,11.937,-101.637,31.745,5968.496,56688.311,20210811_080314,479165,89,81929,69
4,KMAF20210811_130750_V06,56.779,0.191,404.939,343.414,18.140,-101.635,31.746,9069.987,56782.519,20210811_080750,479167,95,83485,80
1,KMAF20210811_111124_V06,-59.654,0.095,399.035,344.952,9.258,-101.666,31.740,4629.215,54379.712,20210811_061124,479171,171,88285,86
2,KMAF20210811_122609_V06,15.096,0.074,418.462,352.409,23.866,-101.564,31.705,11933.184,64768.551,20210811_072609,479183,161,65652,137
3,KMAF20210811_123603_V06,24.996,0.087,405.731,350.925,15.036,-101.631,31.712,7518.097,58678.020,20210811_073603,479170,89,74349,71
1,KMAF20210812_132029_V06,68.774,0.488,399.866,345.605,12.990,-101.662,31.737,6495.104,54893.025,20210812_082029,479171,85,77055,55
1,KMAF20210816_111708_V06,-57.178,0.077,181.441,290.048,8.678,-102.816,31.987,4338.758,59487.964,20210816_061708,479167,99,54665,66
1,KMAF20210816_112644_V06,-47.578,0.062,183.972,290.436,17.712,-102.803,31.985,8855.919,58210.587,20210816_062644,479168,89,49552,66
2,KMAF20210816_130458_V06,50.656,0.067,343.516,480.072,8.823,-101.961,31.131,4411.433,92627.635,20210816_080458,479167,114,59041,90
1,KMAF20210819_112758_V06,-48.272,0.064,397.305,344.011,5.384,-101.675,31.744,2692.196,53397.544,20210819_062758,479168,71,64178,57
1,KMAF20210819_113734_V06,-38.672,0.061,399.699,344.869,16.463,-101.663,31.740,8231.401,54664.968,20210819_063734,479165,58,67181,41
2,KMAF20210819_122744_V06,11.495,0.128,181.344,63.450,2.714,-102.824,33.008,1356.758,132320.978,20210819_072744,479167,104,85526,83
3,KMAF20210819_130614_V06,49.995,0.120,406.263,346.057,12.955,-101.628,31.734,6477.280,57907.332,20210819_080614,479167,94,86701,72
3,KMAF20210819_131553_V06,59.645,-1.000,406.263,346.057,28.298,-101.628,31.734,14149.030,57907.332,20210819_081553,479168,79,87267,67
3,KMAF20210819_132531_V06,69.278,0.065,404.025,342.274,14.308,-101.640,31.752,7153.955,56143.425,20210819_082531,479169,74,85164,65
1,KMAF20210820_133257_V06,76.074,0.053,464.475,313.022,28.319,-101.320,31.882,14159.584,82494.707,20210820_083257,479167,93,93060,77
2,KMAF20210821_121438_V06,-2.878,0.093,321.719,516.503,30.656,-102.075,30.967,15327.963,108794.720,20210821_071438,479171,28,87075,23
2,KMAF20210821_122415_V06,6.738,0.117,324.700,513.399,25.603,-102.060,30.981,12801.546,107411.745,20210821_072415,479167,48,90525,32
2,KMAF20210822_114724_V06,-30.745,0.060,400.397,343.053,10.169,-101.659,31.748,5084.734,54619.510,20210822_064724,479164,27,38690,17
3,KMAF20210822_122552_V06,7.722,0.108,21.778,289.055,36.403,-103.661,31.984,18201.744,139218.511,20210822_072552,479172,29,32105,25
4,KMAF20210822_123530_V06,17.355,0.159,402.039,344.267,11.005,-101.650,31.743,5502.562,55613.430,20210822_073530,479169,29,28596,23
4,KMAF20210822_124507_V06,26.972,-1.000,402.039,344.267,26.296,-101.650,31.743,13147.812,55613.430,20210822_074507,479165,25,24769,18
4,KMAF20210822_130420_V06,46.189,0.061,403.965,346.179,11.199,-101.640,31.734,5599.745,56879.968,20210822_080420,479168,26,23446,19
1,KMAF20210823_122020_V06,1.558,0.397,408.109,345.784,18.996,-101.618,31.736,9498.220,58702.067,20210823_072020,479169,87,49644,66
1,KMAF20210824_113621_V06,-43.055,0.059,447.947,287.517,5.874,-101.406,31.997,2936.764,74236.389,20210824_063621,479168,75,65720,65
2,KMAF20210824_121648_V06,-2.605,0.053,404.150,345.470,13.361,-101.639,31.737,6680.447,56821.537,20210824_071648,479167,100,78727,74
3,KMAF20210824_123601_V06,16.612,0.058,317.036,389.317,5.227,-102.099,31.541,2613.352,45463.760,20210824_073601,479169,97,61667,76
1,KMAF20210825_112543_V06,-54.315,0.100,402.498,346.255,8.978,-101.648,31.734,4488.831,56225.699,20210825_062543,479167,70,71812,60
1,KMAF20210825_113520_V06,-44.698,0.054,401.886,343.768,16.401,-101.651,31.745,8200.343,55444.467,20210825_063520,479166,54,65252,42
3,KMAF20210826_121515_V06,-5.407,0.072,170.553,285.380,8.613,-102.874,32.007,4306.665,65134.956,20210826_071515,479166,94,78309,86
3,KMAF20210826_122454_V06,4.243,0.051,178.528,290.239,18.709,-102.832,31.986,9354.273,60931.596,20210826_072454,479165,86,79233,74
7,KMAF20210826_133221_V06,71.693,0.096,360.160,519.390,33.025,-101.874,30.954,16512.646,113744.299,20210826_083221,479169,106,94401,84
7,KMAF20210826_134159_V06,81.326,0.131,364.853,523.400,46.756,-101.850,30.935,23378.106,116311.420,20210826_084159,479166,160,92724,124
1,KMAF20210826_121515_V06,-5.407,0.308,399.493,344.746,6.807,-101.664,31.740,3403.273,54545.986,20210826_071515,479166,94,78309,86
1,KMAF20210826_122454_V06,4.243,-1.000,399.493,344.746,22.150,-101.664,31.740,11075.023,54545.986,20210826_072454,479165,86,79233,74
1,KMAF20210826_123432_V06,13.876,0.123,400.355,344.625,8.537,-101.659,31.741,4268.551,54914.641,20210826_073432,479168,108,87900,98
6,KMAF20210826_131305_V06,52.426,0.080,384.951,528.604,43.175,-101.745,30.912,21587.337,121938.790,20210826_081305,479170,122,94428,106
1,KMAF20210827_122825_V06,7.136,0.139,403.520,344.339,12.996,-101.643,31.742,6498.087,56307.791,20210827_072825,479173,84,96110,72
1,KMAF20210827_123803_V06,16.770,0.076,402.848,345.192,19.855,-101.646,31.738,9927.425,56169.615,20210827_073803,479170,72,105077,68
2,KMAF20210827_123803_V06,16.770,0.133,353.138,478.232,7.898,-101.910,31.139,3949.224,92992.283,20210827_073803,479170,72,105077,68
3,KMAF20210827_123803_V06,16.770,0.076,291.338,454.995,2.375,-102.234,31.244,1187.506,77618.190,20210827_073803,479170,72,105077,68
5,KMAF20210827_133551_V06,74.570,0.056,401.703,345.903,10.673,-101.652,31.735,5336.662,55791.207,20210827_083551,479169,84,125196,52
1,KMAF20210902_113346_V06,-51.223,0.053,251.120,227.327,126.352,-102.448,32.271,63175.831,43790.815,20210902_063346,479178,148,81998,127
2,KMAF20210902_124140_V06,16.677,0.073,24.916,223.049,32.874,-103.649,32.282,16436.777,142822.116,20210902_074140,479190,151,75381,125
1,KMAF20210903_114225_V06,-43.187,0.063,381.440,195.708,7.887,-101.756,32.413,3943.665,66161.297,20210903_064225,479165,54,59791,47
1,KMAF20210904_121616_V06,-9.949,0.109,283.064,323.152,10.472,-102.278,31.839,5235.867,14342.832,20210904_071616,479169,30,60671,25
1,KMAF20210904_122552_V06,-0.349,0.074,285.468,323.800,21.818,-102.266,31.836,10908.780,13942.841,20210904_072552,479169,38,73275,29
1,KMAF20210905_121621_V06,-10.478,0.114,390.025,42.601,8.613,-101.707,33.103,4306.519,136343.785,20210905_071621,479165,234,43279,185
1,KMAF20210905_122556_V06,-0.894,0.136,389.450,42.628,17.529,-101.710,33.103,8764.340,136236.579,20210905_072556,479167,195,47169,148
2,KMAF20210905_124509_V06,18.322,0.259,214.300,279.433,28.217,-102.643,32.035,14108.591,44066.800,20210905_074509,479171,296,58643,257
3,KMAF20210905_124509_V06,18.322,0.153,334.348,142.209,36.463,-102.006,32.655,18231.285,80742.923,20210905_074509,479171,296,58643,257
4,KMAF20210905_130421_V06,37.522,0.214,11.233,249.190,12.787,-103.720,32.163,6393.590,146601.610,20210905_080421,479171,385,64199,257
1,KMAF20210906_120125_V06,-26.022,0.090,387.427,201.141,23.798,-101.724,32.388,11899.166,65985.832,20210906_070125,479172,240,56547,148
2,KMAF20210906_120125_V06,-26.022,0.065,362.265,123.552,57.654,-101.857,32.738,28826.878,93556.104,20210906_070125,479172,240,56547,148
2,KMAF20210906_120501_V06,-22.422,0.177,332.796,127.684,35.046,-102.014,32.720,17522.896,87704.789,20210906_070501,479178,186,52459,115
1,KMAF20210907_113132_V06,-56.516,0.086,512.924,459.542,12.935,-101.072,31.219,6467.468,133032.143,20210907_063132,479167,405,60727,353
1,KMAF20210907_114108_V06,-46.916,0.217,512.874,459.074,20.653,-101.072,31.221,10326.518,132872.255,20210907_064108,479168,299,57042,241
2,KMAF20210907_114108_V06,-46.916,0.344,187.940,290.191,11.655,-102.782,31.986,5827.450,56244.436,20210907_064108,479168,299,57042,241
1,KMAF20210908_112847_V06,-59.875,0.490,311.135,200.109,16.864,-102.130,32.394,8431.824,50255.073,20210908_062847,479165,64,84529,43
5,KMAF20210908_121634_V06,-12.092,0.305,283.629,320.094,12.460,-102.275,31.853,6229.996,12959.370,20210908_071634,479172,92,70742,75
1,KMAF20210909_123209_V06,2.883,0.099,27.609,422.649,49.061,-103.621,31.382,24530.460,149364.889,20210909_073209,479172,384,86353,236
2,KMAF20210909_130058_V06,31.700,0.090,425.177,414.112,19.289,-101.531,31.427,9644.741,84692.048,20210909_080058,479165,425,99873,268
3,KMAF20210909_132010_V06,50.900,0.055,553.832,457.385,32.387,-100.857,31.227,16193.329,149332.461,20210909_082010,479167,519,103574,343
4,KMAF20210909_133922_V06,70.100,0.061,15.881,421.520,17.437,-103.682,31.387,8718.498,154507.915,20210909_083922,479167,537,104183,358
1,KMAF20210910_113001_V06,-59.859,0.318,176.401,294.117,13.445,-102.843,31.968,6722.733,61869.264,20210910_063001,479167,170,44656,130
1,KMAF20210910_113938_V06,-50.242,0.381,176.225,294.251,19.517,-102.844,31.968,9758.631,61954.057,20210910_063938,479175,142,47553,130
5,KMAF20210910_121056_V06,-18.942,0.133,383.603,130.479,15.460,-101.743,32.707,7729.996,94507.711,20210910_071056,479168,166,83395,134
5,KMAF20210910_122033_V06,-9.325,-1.000,383.603,130.479,30.750,-101.743,32.707,15375.246,94507.711,20210910_072033,479168,144,96105,110
5,KMAF20210910_123010_V06,0.291,0.475,380.498,129.152,9.588,-101.760,32.713,4793.930,94431.128,20210910_073010,479168,120,71575,104
6,KMAF20210910_122033_V06,-9.325,0.821,178.874,295.122,14.894,-102.830,31.964,7446.999,60612.248,20210910_072033,479168,144,96105,110
7,KMAF20210910_122033_V06,-9.325,0.636,366.881,238.320,6.305,-101.834,32.221,3152.363,45490.279,20210910_072033,479168,144,96105,110
7,KMAF20210910_123010_V06,0.291,-1.000,366.881,238.320,21.595,-101.834,32.221,10797.613,45490.279,20210910_073010,479168,120,71575,104
7,KMAF20210910_123947_V06,9.908,0.055,369.622,241.822,8.111,-101.820,32.205,4055.275,45364.948,20210910_073947,479167,164,47286,142
11,KMAF20210910_122033_V06,-9.325,0.124,445.605,289.753,4.843,-101.419,31.987,2421.532,72982.785,20210910_072033,479168,144,96105,110
18,KMAF20210910_124924_V06,19.525,0.165,231.014,152.755,10.002,-102.556,32.607,5000.978,81302.094,20210910_074924,479169,144,53689,130
1,KMAF20210911_121147_V06,-18.700,0.376,401.029,343.124,10.366,-101.656,31.748,5182.913,54923.670,20210911_071147,479168,38,39017,29
3,KMAF20210911_122123_V06,-9.100,0.231,283.488,321.517,10.577,-102.276,31.846,5288.368,13561.434,20210911_072123,479166,42,52565,37
1,KMAF20210912_114140_V06,-49.424,0.094,318.104,124.316,3.138,-102.092,32.735,1569.096,88307.217,20210912_064140,479170,211,21041,200
3,KMAF20210912_121027_V06,-20.640,0.055,379.970,128.247,8.839,-101.762,32.717,4419.640,94728.882,20210912_071027,479167,280,15428,252
3,KMAF20210915_121142_V06,-21.212,0.068,420.447,510.489,14.640,-101.558,30.993,7319.857,121257.155,20210915_071142,479169,134,55735,74
1,KMAF20210916_121952_V06,-13.653,0.059,403.158,350.749,13.777,-101.645,31.713,6888.618,57482.872,20210916_071952,479180,145,55259,121
1,KMAF20210917_113833_V06,-55.578,0.078,401.335,345.071,8.369,-101.654,31.739,4184.370,55452.935,20210917_063833,479168,60,70055,51
1,KMAF20210917_114811_V06,-45.945,0.261,403.733,347.367,17.585,-101.642,31.729,8792.548,57017.907,20210917_064811,479167,81,72687,61
2,KMAF20210918_115117_V06,-43.454,0.324,147.345,512.091,24.514,-102.988,30.984,12257.037,130658.023,20210918_065117,479174,551,91412,91
2,KMAF20210918_115452_V06,-39.871,0.223,147.741,512.363,28.949,-102.986,30.983,14474.391,130653.158,20210918_065452,479175,604,91216,141
1,KMAF20210919_114245_V06,-52.598,0.088,254.676,527.677,9.242,-102.426,30.916,4620.857,116072.106,20210919_064245,479170,199,54404,151
2,KMAF20210919_122112_V06,-14.148,0.119,282.149,324.613,8.609,-102.283,31.832,4304.295,15202.509,20210919_072112,479170,255,45343,207
3,KMAF20210919_130913_V06,33.869,0.050,45.714,203.735,29.805,-103.540,32.370,14902.454,135948.636,20210919_080913,479170,288,68509,251
4,KMAF20210919_132828_V06,53.119,0.068,256.356,527.357,9.364,-102.417,30.918,4681.925,115754.120,20210919_082828,479165,263,75594,225
8,KMAF20210920_124736_V06,11.640,0.058,443.084,153.973,8.579,-101.427,32.599,4289.360,102221.389,20210920_074736,479168,120,99357,89
8,KMAF20210920_130650_V06,30.873,0.319,448.662,158.545,16.122,-101.397,32.579,8060.955,102603.550,20210920_080650,479173,103,107526,77
10,KMAF20210920_130650_V06,30.873,0.208,457.152,211.418,8.584,-101.354,32.340,4292.015,90199.178,20210920_080650,479173,103,107526,77
10,KMAF20210920_131626_V06,40.473,0.102,456.657,211.714,18.374,-101.357,32.339,9187.191,89910.589,20210920_081626,479169,152,109705,106
1,KMAF20210920_114022_V06,-55.593,0.101,401.366,347.737,8.873,-101.654,31.727,4436.708,56022.021,20210920_064022,479168,104,89155,81
2,KMAF20210920_114022_V06,-55.593,0.078,307.223,85.719,6.708,-102.150,32.909,3354.019,107201.566,20210920_064022,479168,104,89155,81
3,KMAF20210920_114959_V06,-45.977,0.225,34.385,421.177,54.817,-103.585,31.389,27408.384,145975.244,20210920_064959,479166,104,80114,62
4,KMAF20210920_121847_V06,-17.177,0.266,333.293,152.252,6.534,-102.012,32.609,3267.235,75726.249,20210920_071847,479167,120,76259,84
9,KMAF20210920_124736_V06,11.640,0.054,288.495,175.308,12.279,-102.250,32.506,6139.496,62610.725,20210920_074736,479168,120,99357,89
11,KMAF20210920_134515_V06,69.290,0.146,398.785,131.977,12.173,-101.662,32.700,6086.254,97455.492,20210920_084515,479167,117,115164,67
1,KMAF20210921_123842_V06,2.126,0.078,316.713,521.514,19.335,-102.101,30.944,9667.660,111071.934,20210921_073842,479176,90,67268,74
1,KMAF20210922_130206_V06,24.911,0.450,523.905,461.288,22.430,-101.014,31.211,11215.094,137974.065,20210922_080206,479164,293,50404,189
1,KMAF20210923_114156_V06,-55.874,0.055,400.841,347.788,10.707,-101.657,31.727,5353.661,55795.834,20210923_064156,479168,93,72256,84
1,KMAF20210923_120316_V06,-34.541,0.071,401.492,347.231,16.230,-101.653,31.729,8115.239,55971.803,20210923_070316,479169,105,61510,98
2,KMAF20210924_131414_V06,35.805,0.168,23.673,458.353,34.048,-103.639,31.221,17024.225,159242.048,20210924_081414,479166,106,65268,82
2,KMAF20210924_131841_V06,40.255,0.158,23.644,458.579,39.487,-103.639,31.220,19743.334,159310.700,20210924_081841,479170,94,65318,73
2,KMAF20210924_132306_V06,44.672,0.231,24.549,459.857,38.988,-103.634,31.214,19493.929,159238.361,20210924_082306,479167,72,65418,62
1,KMAF20210924_120200_V06,-36.428,0.089,406.048,350.660,13.960,-101.629,31.714,6979.792,58763.387,20210924_070200,479171,63,52595,58
1,KMAF20210925_115251_V06,-46.202,0.098,398.585,342.814,8.578,-101.669,31.749,4288.973,53739.954,20210925_065251,479168,27,80843,22
2,KMAF20210925_123005_V06,-8.968,0.197,319.201,132.372,4.972,-102.087,32.699,2486.008,84361.936,20210925_073005,479171,45,69242,40
4,KMAF20210925_140130_V06,82.448,0.054,405.596,346.733,14.216,-101.632,31.731,7107.998,57737.602,20210925_090130,479168,49,31724,44
1,KMAF20210926_130259_V06,23.305,0.117,21.840,430.714,38.887,-103.650,31.345,19443.306,153670.870,20210926_080259,479166,27,33770,26
1,KMAF20210926_130946_V06,30.088,0.287,24.148,431.006,48.251,-103.638,31.344,24125.513,152689.891,20210926_080946,479165,40,32312,32
1,KMAF20210926_131633_V06,36.872,-1.000,26.190,431.265,57.779,-103.628,31.343,28889.683,151824.219,20210926_081633,479169,35,31424,29
1,KMAF20210926_132319_V06,43.638,0.056,25.991,413.821,43.913,-103.630,31.422,21956.621,148354.556,20210926_082319,479171,42,31415,28
2,KMAF20210927_123431_V06,-5.792,0.256,325.877,140.074,7.858,-102.051,32.664,3928.932,81003.101,20210927_073431,479159,308,113521,175
2,KMAF20210927_123811_V06,-2.125,0.245,326.406,140.451,13.763,-102.048,32.663,6881.665,80859.628,20210927_073811,479168,307,110630,146
1,KMAF20210927_123431_V06,-5.792,0.301,279.424,142.250,5.524,-102.299,32.655,2761.826,79543.347,20210927_073431,479159,308,113521,175
6,KMAF20210928_135335_V06,72.641,0.102,180.050,74.574,4.898,-102.830,32.958,2448.818,127676.023,20210928_085335,479163,110,93362,87
6,KMAF20210928_140247_V06,81.841,0.052,180.664,76.443,18.087,-102.827,32.950,9043.258,126707.437,20210928_090247,479163,94,93609,72
1,KMAF20210928_121756_V06,-23.009,0.163,403.706,343.828,12.228,-101.642,31.745,6113.993,56293.310,20210928_071756,479172,99,85901,82
3,KMAF20210928_131235_V06,31.641,0.125,191.352,374.714,29.996,-102.761,31.605,14997.808,65928.964,20210928_081235,479173,111,93940,75
4,KMAF20210928_131704_V06,36.124,0.079,400.634,345.290,8.466,-101.658,31.738,4232.990,55178.064,20210928_081704,479165,141,92900,114
8,KMAF20210928_135335_V06,72.641,0.058,401.356,343.104,10.067,-101.654,31.748,5033.476,55070.234,20210928_085335,479163,110,93362,87
2,KMAF20210929_130153_V06,20.304,0.098,380.533,124.556,5.137,-101.759,32.734,2568.520,96522.382,20210929_080153,479172,353,92026,260
2,KMAF20210929_131130_V06,29.920,0.161,381.173,126.108,13.143,-101.756,32.727,6571.286,95952.201,20210929_081130,479168,538,94676,394
3,KMAF20210929_134957_V06,68.370,0.442,482.742,88.924,16.505,-101.212,32.891,8252.563,139595.578,20210929_084957,479167,814,82304,654
3,KMAF20210929_140912_V06,87.620,0.073,481.921,87.000,24.342,-101.217,32.900,12171.089,140057.412,20210929_090912,479167,162,69780,145
1,KMAF20210929_122326_V06,-18.146,0.086,253.077,525.595,6.584,-102.434,30.926,3291.914,115211.401,20210929_072326,479168,144,63261,101
1,KMAF20210930_114317_V06,-58.938,0.074,398.840,344.154,4.737,-101.667,31.743,2368.650,54127.096,20210930_064317,479171,103,79172,71
2,KMAF20210930_115231_V06,-49.705,0.068,349.639,134.206,33.246,-101.924,32.691,16623.199,86532.835,20210930_065231,479170,93,80019,64
2,KMAF20211003_121900_V06,-25.172,0.079,259.562,404.762,18.089,-102.402,31.471,9044.382,56147.848,20211003_071900,479168,81,52932,62
3,KMAF20211003_131641_V06,32.511,0.089,379.070,128.146,8.138,-101.767,32.717,4069.149,94585.693,20211003_081641,479170,105,64394,62
4,KMAF20211003_132618_V06,42.128,0.066,208.242,170.604,10.427,-102.677,32.526,5213.453,79314.047,20211003_082618,479164,142,65190,89
5,KMAF20211003_134532_V06,61.361,0.114,239.928,127.230,50.099,-102.509,32.722,25049.654,91457.860,20211003_084532,479168,78,68902,51
1,KMAF20211004_125006_V06,5.268,0.067,356.623,438.395,32.351,-101.891,31.319,16175.468,74765.210,20211004_075006,479168,59,78229,53
2,KMAF20211004_132836_V06,43.768,0.182,383.837,124.574,2.960,-101.742,32.734,1480.141,97215.148,20211004_082836,479170,115,67671,49
4,KMAF20211004_133813_V06,53.385,0.105,309.645,424.791,27.786,-102.138,31.381,13892.788,62581.761,20211004_083813,479167,115,65417,61
10,KMAF20211005_134315_V06,57.754,0.231,463.474,486.815,23.376,-101.332,31.098,11688.202,124120.425,20211005_084315,479165,320,42408,268
10,KMAF20211005_140230_V06,77.004,0.059,514.927,475.622,34.091,-101.062,31.146,17045.622,138777.328,20211005_090230,479163,250,51291,192
11,KMAF20211005_134315_V06,57.754,0.189,179.468,288.475,8.144,-102.827,31.994,4072.062,60540.780,20211005_084315,479165,320,42408,268
11,KMAF20211005_140230_V06,77.004,0.058,181.969,291.113,18.024,-102.813,31.982,9012.008,59182.383,20211005_090230,479163,250,51291,192
1,KMAF20211005_130427_V06,18.954,0.739,380.869,126.546,6.374,-101.758,32.725,3187.027,95689.557,20211005_080427,479163,201,31567,168
2,KMAF20211005_133337_V06,48.120,0.427,402.118,76.941,15.359,-101.643,32.948,7679.337,122661.523,20211005_083337,479167,248,44708,200
4,KMAF20211005_133337_V06,48.120,0.062,382.667,127.614,12.778,-101.748,32.720,6388.828,95591.255,20211005_083337,479167,248,44708,200
6,KMAF20211005_134315_V06,57.754,0.365,370.677,504.916,28.120,-101.819,31.019,14059.821,108381.220,20211005_084315,479165,320,42408,268
7,KMAF20211005_134315_V06,57.754,0.302,447.859,293.589,13.643,-101.407,31.970,6821.693,73999.200,20211005_084315,479165,320,42408,268
1,KMAF20211006_120020_V06,-45.832,0.080,473.668,265.536,36.132,-101.269,32.095,18066.135,88527.579,20211006_070020,479170,251,39379,143
2,KMAF20211006_124823_V06,2.218,0.065,107.718,103.798,10.746,-103.216,32.824,5372.864,137356.563,20211006_074823,479166,394,51880,228
6,KMAF20211008_130905_V06,21.564,0.108,28.775,463.130,48.158,-103.612,31.200,24078.846,158251.937,20211008_080905,479169,79,85438,73
6,KMAF20211008_131842_V06,31.181,0.095,29.749,463.939,55.248,-103.607,31.196,27624.237,158043.961,20211008_081842,479171,108,90344,95
6,KMAF20211008_132818_V06,40.781,0.275,31.964,469.595,46.038,-103.595,31.171,23018.764,158591.998,20211008_082818,479168,120,93460,104
6,KMAF20211008_133754_V06,50.381,0.061,33.195,472.433,54.881,-103.588,31.158,27440.551,158837.885,20211008_083754,479167,156,95735,125
6,KMAF20211008_134730_V06,59.981,0.058,31.175,458.065,41.236,-103.600,31.223,20618.065,155925.808,20211008_084730,479166,103,98168,82
1,KMAF20211008_115011_V06,-57.336,0.095,399.257,342.873,7.847,-101.665,31.749,3923.582,54060.258,20211008_065011,479169,100,34018,85
2,KMAF20211008_115011_V06,-57.336,0.056,24.031,441.802,37.471,-103.638,31.296,18735.653,155134.385,20211008_065011,479169,100,34018,85
2,KMAF20211008_121127_V06,-36.069,-1.000,24.031,441.802,71.285,-103.638,31.296,35642.653,155134.385,20211008_071127,479167,105,49817,91
2,KMAF20211008_122103_V06,-26.469,0.175,31.943,447.625,51.255,-103.596,31.270,25627.623,153009.424,20211008_072103,479173,82,53646,73
2,KMAF20211008_123039_V06,-16.869,0.300,32.786,456.982,44.021,-103.591,31.228,22010.338,154957.062,20211008_073039,479170,105,61851,88
5,KMAF20211008_124951_V06,2.331,0.100,118.227,107.932,6.847,-103.159,32.806,3423.540,132222.979,20211008_074951,479165,112,73293,101
7,KMAF20211008_130905_V06,21.564,0.070,502.642,446.968,7.605,-101.125,31.276,3802.433,125163.407,20211008_080905,479169,79,85438,73
5,KMAF20211009_124745_V06,-0.454,0.493,400.534,515.642,7.734,-101.663,30.970,3866.986,118962.696,20211009_074745,479168,159,88536,112
6,KMAF20211009_134525_V06,57.213,0.152,394.700,69.792,6.786,-101.682,32.980,3393.044,124462.521,20211009_084525,479171,67,101846,57
1,KMAF20211010_114941_V06,-59.211,0.834,178.971,67.776,9.117,-102.836,32.989,4558.348,130935.063,20211010_064941,479167,59,43263,50
2,KMAF20211010_121059_V06,-37.911,0.254,187.241,126.624,2.697,-102.790,32.724,1348.732,103409.340,20211010_071059,479167,35,67260,29
5,KMAF20211010_122036_V06,-28.294,0.194,402.932,342.287,12.194,-101.646,31.751,6097.212,55639.650,20211010_072036,479172,55,70206,40
6,KMAF20211010_130840_V06,19.773,0.063,226.019,90.882,32.139,-102.584,32.886,16069.641,110909.141,20211010_080840,479167,289,78241,274
1,KMAF20211011_121119_V06,-38.272,0.377,380.306,128.376,6.469,-101.761,32.716,3234.600,94741.430,20211011_071119,479171,119,43885,98
2,KMAF20211012_131012_V06,19.910,0.126,183.142,65.393,5.054,-102.814,33.000,2527.058,131049.532,20211012_081012,479174,101,106429,89
3,KMAF20211012_134842_V06,58.410,0.299,168.315,56.170,23.863,-102.894,33.041,11931.442,138558.900,20211012_084842,479168,108,116838,92
1,KMAF20211013_122416_V06,-26.729,0.091,264.642,444.933,29.420,-102.375,31.290,14710.142,74592.033,20211013_072416,479168,131,67276,83
4,KMAF20211014_124340_V06,-8.041,0.685,254.885,525.388,8.116,-102.425,30.927,4058.160,114929.422,20211014_074340,479169,178,41879,144
4,KMAF20211014_130256_V06,11.226,0.138,255.113,526.401,15.274,-102.424,30.922,7637.188,115403.900,20211014_080256,479165,102,32801,95
5,KMAF20211014_140042_V06,68.993,0.638,402.651,81.755,15.897,-101.640,32.926,7948.330,120590.255,20211014_090042,479164,228,35267,168
5,KMAF20211014_141020_V06,78.626,0.116,403.421,80.976,23.089,-101.636,32.930,11544.596,121106.572,20211014_091020,479166,434,36965,335
6,KMAF20211014_140042_V06,68.993,0.528,382.629,124.544,4.033,-101.748,32.734,2016.708,96969.798,20211014_090042,479164,228,35267,168
6,KMAF20211014_141020_V06,78.626,0.214,382.722,125.590,12.238,-101.748,32.729,6119.013,96516.457,20211014_091020,479166,434,36965,335
1,KMAF20211014_121447_V06,-36.924,0.053,395.047,67.809,5.587,-101.680,32.989,2793.385,125445.781,20211014_071447,479170,146,46710,119
2,KMAF20211014_123403_V06,-17.657,0.371,463.873,72.078,7.029,-101.312,32.968,3514.351,140358.895,20211014_073403,479170,122,47492,111
3,KMAF20211014_123403_V06,-17.657,0.232,183.528,133.992,4.722,-102.810,32.690,2361.099,101395.799,20211014_073403,479170,122,47492,111
8,KMAF20211014_140042_V06,68.993,0.240,187.219,245.822,5.718,-102.787,32.186,2858.761,62559.799,20211014_090042,479164,228,35267,168
3,KMAF20211015_132224_V06,29.975,0.083,446.214,243.809,25.931,-101.414,32.194,12965.279,78319.619,20211015_082224,479168,119,27519,90
3,KMAF20211018_141119_V06,76.704,0.123,401.994,345.165,8.628,-101.651,31.739,4313.755,55773.580,20211018_091119,479169,122,6770,90
3,KMAF20211018_142057_V06,86.338,0.113,402.764,344.666,17.255,-101.647,31.741,8627.593,56025.486,20211018_092057,479168,117,6945,95
1,KMAF20211018_120608_V06,-48.479,0.069,396.753,342.609,3.337,-101.678,31.750,1668.652,52859.956,20211018_070608,479165,101,32247,84
2,KMAF20211018_123501_V06,-19.596,0.054,403.812,345.586,11.599,-101.641,31.737,5799.492,56690.253,20211018_073501,479167,119,18199,101
6,KMAF20211019_141044_V06,75.379,0.182,399.053,345.052,8.643,-101.666,31.739,4321.526,54408.484,20211019_091044,479169,92,84261,88
6,KMAF20211019_142024_V06,85.046,0.408,398.935,344.267,14.191,-101.667,31.743,7095.530,54193.500,20211019_092024,479173,108,81166,90
1,KMAF20211019_123410_V06,-21.187,0.181,401.681,345.087,14.060,-101.652,31.739,7030.169,55614.532,20211019_073410,479164,90,61745,90
1,KMAF20211019_124350_V06,-11.521,-1.000,401.681,345.087,29.430,-101.652,31.739,14715.169,55614.532,20211019_074350,479165,148,65096,138
1,KMAF20211019_130307_V06,7.763,0.658,400.711,344.477,10.926,-101.657,31.742,5462.917,55047.313,20211019_080307,479169,180,81089,150
7,KMAF20211019_141044_V06,75.379,0.061,488.196,521.581,27.636,-101.204,30.940,13817.986,145357.916,20211019_091044,479169,92,84261,88
1,KMAF20211020_122037_V06,-35.485,0.145,132.845,54.366,7.809,-103.084,33.048,3904.253,148557.172,20211020_072037,479166,100,19408,88
1,KMAF20211022_122259_V06,-34.635,0.069,400.164,344.739,8.925,-101.660,31.740,4462.488,54850.544,20211022_072259,479168,79,40527,68
2,KMAF20211022_132040_V06,23.049,0.085,405.268,345.598,13.113,-101.633,31.737,6556.334,57359.853,20211022_082040,479165,92,28207,80
1,KMAF20211023_134428_V06,46.081,0.051,402.715,344.868,13.236,-101.647,31.740,6618.210,56043.342,20211023_084428,479169,291,40629,140
1,KMAF20211024_120826_V06,-50.727,0.104,400.012,344.167,8.626,-101.661,31.743,4313.093,54665.398,20211024_070826,479170,348,62016,271
2,KMAF20211024_121803_V06,-41.110,0.067,252.898,525.172,6.984,-102.435,30.928,3491.972,115022.649,20211024_071803,479171,587,54748,437
2,KMAF20211024_122741_V06,-31.477,-1.000,252.898,525.172,22.301,-102.435,30.928,11150.472,115022.649,20211024_072741,479171,974,51449,766
2,KMAF20211024_123718_V06,-21.860,0.189,250.744,526.529,7.580,-102.447,30.922,3790.011,115910.955,20211024_073718,479171,1038,53937,827
4,KMAF20211024_123718_V06,-21.860,0.093,307.798,534.338,12.681,-102.148,30.887,6340.257,117233.930,20211024_073718,479171,1038,53937,827
5,KMAF20211024_124654_V06,-12.260,0.088,405.247,342.906,15.039,-101.633,31.749,7519.377,56828.620,20211024_074654,479168,1733,66861,1444
6,KMAF20211024_131544_V06,16.573,0.088,272.405,441.750,16.164,-102.334,31.304,8082.043,72205.453,20211024_081544,479167,2005,69495,1655
7,KMAF20211024_134433_V06,45.390,0.072,311.824,428.952,19.712,-102.127,31.362,9855.808,64746.234,20211024_084433,479171,2837,60757,2524
8,KMAF20211024_140345_V06,64.590,0.072,381.234,131.225,11.073,-101.756,32.704,5536.251,93653.661,20211024_090345,479165,3462,60827,3036
1,KMAF20211025_121617_V06,-43.658,0.191,380.399,126.174,5.630,-101.760,32.726,2815.243,95759.318,20211025_071617,479166,429,27513,331
2,KMAF20211025_140201_V06,62.075,0.092,382.461,128.257,9.117,-101.749,32.717,4558.586,95256.609,20211025_090201,479169,626,24075,445
3,KMAF20211025_140201_V06,62.075,0.063,209.143,170.799,8.899,-102.672,32.525,4449.347,78974.390,20211025_090201,479169,626,24075,445
4,KMAF20211025_141138_V06,71.692,0.053,397.594,81.972,20.052,-101.667,32.925,10025.772,119437.116,20211025_091138,479167,504,33347,411
1,KMAF20211026_121457_V06,-45.780,0.135,399.909,344.716,8.489,-101.662,31.741,4244.469,54729.389,20211026_071457,479166,120,63147,98
1,KMAF20211026_122434_V06,-36.163,0.050,399.295,342.703,18.356,-101.665,31.750,9177.874,54043.983,20211026_072434,479166,141,65843,112
3,KMAF20211026_123411_V06,-26.547,0.064,472.990,530.557,19.282,-101.284,30.900,9640.913,144119.754,20211026_073411,479167,271,71106,239
3,KMAF20211026_124347_V06,-16.947,0.083,474.447,530.068,26.821,-101.277,30.903,13410.628,144363.463,20211026_074347,479168,475,78582,426
5,KMAF20211026_132215_V06,21.520,0.733,434.848,176.889,6.621,-101.471,32.496,3310.707,91296.802,20211026_082215,479168,1040,69451,980
5,KMAF20211026_133152_V06,31.137,0.214,438.233,176.243,15.378,-101.453,32.499,7689.189,92768.811,20211026_083152,479168,1042,68697,964
2,KMAF20211026_123411_V06,-26.547,0.204,527.334,91.304,6.576,-100.974,32.879,3287.827,154300.777,20211026_073411,479167,271,71106,239
4,KMAF20211026_131237_V06,11.887,0.602,377.903,24.550,8.378,-101.771,33.185,4189.079,143127.102,20211026_081237,479166,950,69709,864
6,KMAF20211026_132215_V06,21.520,0.266,397.800,79.727,17.293,-101.666,32.935,8646.595,120504.020,20211026_082215,479168,1040,69451,980
6,KMAF20211026_133152_V06,31.137,-1.000,397.800,79.727,32.584,-101.666,32.935,16291.845,120504.020,20211026_083152,479168,1042,68697,964
6,KMAF20211026_134130_V06,40.770,0.064,408.284,82.211,15.977,-101.610,32.924,7988.659,121611.553,20211026_084130,479165,1507,68446,1387
11,KMAF20211026_133152_V06,31.137,0.068,392.697,176.764,9.627,-101.696,32.498,4813.416,77103.817,20211026_083152,479168,1042,68697,964
12,KMAF20211026_134130_V06,40.770,0.741,379.511,131.656,7.814,-101.765,32.702,3906.784,93088.154,20211026_084130,479165,1507,68446,1387
2,KMAF20211027_134333_V06,42.025,0.097,387.662,523.470,64.259,-101.730,30.935,32129.639,120024.318,20211027_084333,479167,232,46144,208
2,KMAF20211027_140250_V06,61.309,0.059,405.234,522.192,72.224,-101.638,30.940,36112.217,122926.039,20211027_090250,479166,166,46203,142
1,KMAF20211027_130458_V06,3.442,0.182,405.181,512.674,32.605,-101.638,30.983,16302.382,118631.056,20211027_080458,479166,192,48979,164
3,KMAF20211027_141229_V06,70.959,0.080,391.054,322.120,32.179,-101.708,31.843,16089.462,46851.335,20211027_091229,479168,172,45707,150
4,KMAF20211027_141229_V06,70.959,0.062,386.473,285.758,5.107,-101.731,32.007,2553.444,43818.822,20211027_091229,479168,172,45707,150
1,KMAF20211028_120817_V06,-54.043,0.109,380.464,126.309,6.388,-101.760,32.726,3194.145,95711.927,20211028_070817,479167,539,23839,425
1,KMAF20211028_121755_V06,-44.410,0.080,380.731,126.160,13.999,-101.758,32.726,6999.300,95835.521,20211028_071755,479168,412,23330,331
2,KMAF20211028_120817_V06,-54.043,0.051,253.084,525.417,7.072,-102.434,30.927,3535.987,115123.813,20211028_070817,479167,539,23839,425
1,KMAF20211029_120834_V06,-54.568,0.131,176.880,285.792,7.195,-102.840,32.006,3597.601,61968.761,20211029_070834,479167,139,23474,107
1,KMAF20211029_121811_V06,-44.951,0.055,174.332,286.438,5.216,-102.854,32.003,2608.206,63198.914,20211029_071811,479168,166,23440,133
1,KMAF20211030_120849_V06,-55.132,0.057,175.172,289.486,10.439,-102.849,31.989,5219.282,62634.883,20211030_070849,479167,130,24285,103
1,KMAF20211030_121827_V06,-45.499,0.103,177.458,289.710,17.551,-102.837,31.988,8775.749,61486.723,20211030_071827,479167,95,23336,68
2,KMAF20211030_120849_V06,-55.132,0.052,357.805,484.132,8.945,-101.886,31.113,4472.299,96496.006,20211030_070849,479167,130,24285,103
4,KMAF20211030_121827_V06,-45.499,0.070,380.230,126.695,5.874,-101.761,32.724,2937.012,95487.304,20211030_071827,479167,95,23336,68
1,KMAF20211031_120836_V06,-56.170,0.109,397.471,344.629,6.202,-101.675,31.741,3100.828,53601.155,20211031_070836,479167,109,42460,83
1,KMAF20211031_121813_V06,-46.554,0.196,398.043,344.344,14.554,-101.672,31.742,7276.875,53802.288,20211031_071813,479170,135,39171,98
2,KMAF20211031_130825_V06,3.646,0.081,465.281,276.891,27.454,-101.314,32.045,13727.001,83444.417,20211031_080825,479170,114,26162,75
1,KMAF20211101_122056_V06,-44.664,0.060,405.819,346.472,11.741,-101.631,31.733,5870.590,57786.960,20211101_072056,479167,99,24188,89
1,KMAF20211104_121255_V06,-55.197,0.210,402.759,346.119,8.843,-101.647,31.734,4421.547,56316.850,20211104_071255,479166,83,20815,77
1,KMAF20211106_131302_V06,3.215,0.082,447.760,253.793,10.043,-101.406,32.149,5021.439,77408.002,20211106_081302,479169,2302,34557,2218
2,KMAF20211106_141051_V06,61.032,0.146,473.298,531.689,20.374,-101.283,30.895,10187.103,144665.271,20211106_091051,479165,2751,29062,2671
3,KMAF20211107_121556_V06,-54.743,0.077,479.392,525.253,15.091,-101.250,30.924,7545.590,143979.698,20211107_061556,479167,76,29284,56
3,KMAF20211107_122534_V06,-45.110,-1.000,479.392,525.253,30.408,-101.250,30.924,15204.090,143979.698,20211107_062534,479166,55,28074,48
3,KMAF20211107_123511_V06,-35.493,0.062,478.615,525.971,14.430,-101.255,30.921,7214.777,144019.273,20211107_063511,479170,65,26104,57
7,KMAF20211107_132321_V06,12.673,0.098,401.106,343.804,10.390,-101.655,31.745,5194.836,55093.725,20211107_072321,479168,43,12038,29
8,KMAF20211107_134236_V06,31.923,0.053,71.153,83.873,8.585,-103.412,32.912,4292.707,157386.301,20211107_074236,479164,53,13641,43
9,KMAF20211107_143047_V06,80.107,0.213,405.361,344.515,12.823,-101.633,31.741,6411.285,57189.492,20211107_083047,479169,99,21202,69
1,KMAF20211108_121619_V06,-55.223,0.191,380.343,125.813,6.154,-101.760,32.728,3077.198,95911.387,20211108_061619,479166,1366,46347,1284
1,KMAF20211108_122557_V06,-45.589,0.056,380.754,126.480,15.022,-101.758,32.725,7511.206,95695.395,20211108_062557,479168,1391,44286,1290
3,KMAF20211108_121619_V06,-55.223,0.089,399.543,344.223,6.848,-101.664,31.743,3424.181,54461.994,20211108_061619,479166,1366,46347,1284
3,KMAF20211108_122557_V06,-45.589,0.209,400.398,345.329,14.950,-101.659,31.738,7474.964,55078.467,20211108_062557,479168,1391,44286,1290
2,KMAF20211108_121619_V06,-55.223,0.136,398.804,73.910,9.210,-101.661,32.962,4605.095,123368.232,20211108_061619,479166,1366,46347,1284
4,KMAF20211108_121619_V06,-55.223,0.063,171.708,288.731,10.174,-102.868,31.992,5086.771,64392.827,20211108_061619,479166,1366,46347,1284
6,KMAF20211108_140214_V06,50.694,0.098,406.784,511.446,9.791,-101.630,30.989,4895.733,118440.233,20211108_080214,479172,302,28992,246
5,KMAF20211109_141243_V06,60.311,0.132,265.831,354.111,5.731,-102.369,31.699,2865.477,31998.020,20211109_081243,479169,9,39168,7
3,KMAF20211110_131839_V06,5.375,0.059,380.835,126.268,6.405,-101.758,32.726,3202.713,95808.452,20211110_071839,479167,538,58901,458
3,KMAF20211110_132816_V06,14.992,0.120,379.986,126.644,14.003,-101.762,32.724,7001.310,95459.324,20211110_072816,479166,804,60275,695
6,KMAF20211110_132816_V06,14.992,0.201,398.466,81.029,19.172,-101.663,32.930,9585.911,120045.758,20211110_072816,479166,804,60275,695
6,KMAF20211110_133753_V06,24.608,0.058,400.567,80.401,26.003,-101.651,32.932,13001.286,120765.424,20211110_073753,479167,741,59298,640
1,KMAF20211110_121952_V06,-53.408,0.150,180.403,289.186,10.100,-102.822,31.991,5050.087,60042.702,20211110_061952,479168,247,55850,227
2,KMAF20211110_121952_V06,-53.408,0.071,407.846,512.960,11.951,-101.624,30.982,5975.524,119355.432,20211110_061952,479168,247,55850,227
4,KMAF20211110_132816_V06,14.992,0.354,256.669,528.214,10.145,-102.416,30.914,5072.448,116145.480,20211110_072816,479166,804,60275,695
5,KMAF20211110_132816_V06,14.992,0.273,431.900,177.776,5.927,-101.487,32.492,2963.329,89911.367,20211110_072816,479166,804,60275,695
8,KMAF20211110_133753_V06,24.608,0.061,483.244,523.232,11.970,-101.230,30.933,5985.041,144404.801,20211110_073753,479167,741,59298,640
9,KMAF20211110_141619_V06,63.042,0.843,380.508,125.624,6.482,-101.759,32.729,3241.230,96031.890,20211110_081619,479170,1427,74105,1272
11,KMAF20211110_142556_V06,72.658,0.093,398.758,76.124,19.078,-101.661,32.952,9538.811,122345.332,20211110_082556,479168,1022,81316,889
3,KMAF20211112_133936_V06,24.578,0.060,172.131,282.808,7.248,-102.866,32.019,3624.111,64509.918,20211112_073936,479164,25,5487,24
3,KMAF20211112_134914_V06,34.211,0.165,177.848,285.457,15.125,-102.835,32.007,7562.550,61507.491,20211112_074914,479171,19,7368,15
1,KMAF20211112_122121_V06,-53.672,0.066,402.471,344.322,8.582,-101.648,31.742,4290.876,55822.604,20211112_062121,479164,8,13041,8
2,KMAF20211112_124037_V06,-34.405,0.051,187.700,291.665,11.625,-102.783,31.980,5812.328,56304.497,20211112_064037,479167,11,13108,11
4,KMAF20211112_140829_V06,53.461,0.060,400.938,345.277,9.328,-101.656,31.738,4663.797,55313.945,20211112_080829,479165,5,10806,4
1,KMAF20211113_122117_V06,-54.615,0.258,512.343,454.953,13.324,-101.074,31.240,6661.861,131434.129,20211113_062117,479168,12,7738,11
2,KMAF20211113_122117_V06,-54.615,0.139,369.437,238.390,7.117,-101.821,32.221,3558.495,46414.912,20211113_062117,479168,12,7738,11
3,KMAF20211113_131910_V06,3.268,0.105,380.308,126.476,6.599,-101.761,32.725,3299.271,95603.276,20211113_071910,479168,6,4551,6
1,KMAF20211114_121943_V06,-57.060,0.250,369.325,238.268,6.507,-101.821,32.221,3253.384,46413.533,20211114_061943,479171,53,10718,48
1,KMAF20211114_122922_V06,-47.410,0.100,370.645,239.226,14.785,-101.814,32.217,7392.730,46594.270,20211114_062922,479171,60,11641,52
3,KMAF20211114_121943_V06,-57.060,0.053,161.188,208.814,8.492,-102.926,32.352,4245.829,83041.663,20211114_061943,479171,53,10718,48
3,KMAF20211114_122922_V06,-47.410,0.089,160.950,208.455,15.786,-102.928,32.354,7893.085,83239.641,20211114_062922,479171,60,11641,52
4,KMAF20211114_122922_V06,-47.410,0.174,175.022,289.436,8.173,-102.850,31.989,4086.618,62711.678,20211114_062922,479171,60,11641,52
5,KMAF20211114_130755_V06,-8.860,0.080,281.309,377.569,29.355,-102.287,31.594,14677.521,39894.334,20211114_070755,479167,53,6426,43
6,KMAF20211114_133803_V06,21.273,0.052,188.910,291.456,14.044,-102.777,31.980,7022.053,55708.916,20211114_073803,479171,27,3439,26
2,KMAF20211115_122620_V06,-51.323,0.054,379.692,127.491,8.657,-101.764,32.720,4328.453,95013.339,20211115_062620,479168,609,14141,572
2,KMAF20211115_123557_V06,-41.707,0.058,380.604,128.596,17.372,-101.759,32.715,8685.860,94705.275,20211115_063557,479168,567,15107,535
1,KMAF20211115_122620_V06,-51.323,0.158,518.277,453.545,17.834,-101.043,31.246,8917.240,133436.262,20211115_062620,479168,609,14141,572
3,KMAF20211115_131426_V06,-3.223,0.195,257.956,525.020,12.569,-102.409,30.928,6284.450,114457.041,20211115_071426,479168,776,11069,736
4,KMAF20211115_131426_V06,-3.223,0.090,439.438,172.447,13.893,-101.447,32.516,6946.655,94488.829,20211115_071426,479168,776,11069,736
5,KMAF20211115_132404_V06,6.410,0.071,381.440,129.309,10.476,-101.755,32.712,5238.182,94561.942,20211115_072404,479171,813,10034,776
6,KMAF20211115_140350_V06,46.177,0.063,233.727,222.298,13.243,-102.541,32.293,6621.670,51062.827,20211115_080350,479168,495,8708,454
7,KMAF20211115_141327_V06,55.793,0.051,383.174,131.674,12.448,-101.745,32.702,6223.995,93877.111,20211115_081327,479164,381,10077,349
8,KMAF20211115_143242_V06,75.043,0.059,231.466,222.866,11.803,-102.553,32.291,5901.585,51590.882,20211115_083242,479171,254,11883,234
1,KMAF20211116_122230_V06,-56.037,0.267,256.552,526.968,10.669,-102.416,30.920,5334.612,115544.575,20211116_062230,479168,1255,11571,1106
1,KMAF20211116_123207_V06,-46.420,0.079,256.465,527.132,17.618,-102.417,30.919,8808.862,115633.167,20211116_063207,479170,1294,11901,1187
6,KMAF20211116_140646_V06,48.230,0.655,255.257,525.277,8.682,-102.423,30.927,4340.915,114838.733,20211116_080646,479163,415,17277,393
6,KMAF20211116_141623_V06,57.846,0.645,256.251,526.615,14.847,-102.418,30.921,7423.253,115399.764,20211116_081623,479170,415,18504,370
3,KMAF20211116_131033_V06,-7.987,0.155,175.320,290.531,8.139,-102.849,31.984,4069.714,62519.557,20211116_071033,479172,615,8931,535
4,KMAF20211116_131033_V06,-7.987,0.102,380.061,126.848,7.060,-101.762,32.723,3529.930,95382.448,20211116_071033,479172,615,8931,535
1,KMAF20211117_122444_V06,-54.685,0.054,210.359,392.928,4.899,-102.661,31.523,2449.265,64558.276,20211117_062444,479165,1912,28661,1756
2,KMAF20211117_123420_V06,-45.085,0.606,380.755,126.058,6.734,-101.758,32.727,3366.997,95886.939,20211117_063420,479166,1984,28861,1858
3,KMAF20211117_132222_V06,2.949,0.057,329.470,412.779,27.285,-102.034,31.435,13642.435,58282.652,20211117_072222,479169,975,22373,846
9,KMAF20211117_142114_V06,61.815,0.053,223.718,321.813,19.921,-102.592,31.844,9960.588,39669.650,20211117_082114,479171,2005,28178,1881
10,KMAF20211117_143050_V06,71.415,0.620,394.736,174.601,7.216,-101.685,32.508,3607.971,78581.004,20211117_083050,479167,2648,34562,2508
11,KMAF20211117_143050_V06,71.415,0.066,148.961,384.400,5.552,-102.984,31.560,2775.774,86510.280,20211117_083050,479167,2648,34562,2508
12,KMAF20211117_143050_V06,71.415,0.050,393.742,225.227,41.695,-101.691,32.280,20847.324,59955.402,20211117_083050,479167,2648,34562,2508
1,KMAF20211118_123042_V06,-49.599,0.276,399.443,341.081,8.466,-101.664,31.757,4232.948,53797.303,20211118_063042,479169,15,5877,8
1,KMAF20211119_122750_V06,-53.346,0.140,183.498,292.505,10.487,-102.805,31.976,5243.567,58371.593,20211119_062750,479169,24,6269,21
1,KMAF20211119_123841_V06,-42.496,-1.000,183.498,292.505,27.739,-102.805,31.976,13869.317,58371.593,20211119_063841,479168,16,4421,16
1,KMAF20211119_124818_V06,-32.879,0.060,183.480,292.666,11.334,-102.805,31.975,5666.990,58375.266,20211119_064818,479167,16,4012,15
2,KMAF20211119_122750_V06,-53.346,0.081,399.221,345.878,8.296,-101.665,31.735,4148.144,54657.210,20211119_062750,479169,24,6269,21
4,KMAF20211119_123841_V06,-42.496,0.056,316.067,365.742,14.813,-102.104,31.647,7406.427,33838.669,20211119_063841,479168,16,4421,16
1,KMAF20211120_122529_V06,-56.575,0.297,400.556,344.187,8.383,-101.658,31.743,4191.660,54918.016,20211120_062529,479168,13,13948,9
1,KMAF20211120_123505_V06,-46.975,0.058,399.577,344.931,15.607,-101.663,31.740,7803.595,54622.182,20211120_063505,479166,14,13099,14
1,KMAF20211121_123303_V06,-49.887,0.141,445.064,179.048,6.313,-101.417,32.486,3156.281,94436.514,20211121_063303,479171,132,30851,118
2,KMAF20211121_124239_V06,-40.287,0.651,445.099,241.673,2.776,-101.419,32.204,1387.947,78191.429,20211121_064239,479168,51,27074,51
7,KMAF20211121_130306_V06,-19.837,0.155,399.312,342.446,5.071,-101.665,31.751,2535.498,54000.983,20211121_070306,479166,24,24078,16
9,KMAF20211121_130306_V06,-19.837,0.072,280.179,314.967,8.438,-102.294,31.876,4219.158,12418.725,20211121_070306,479166,24,24078,16
10,KMAF20211121_131242_V06,-10.237,0.144,368.469,239.359,4.687,-101.826,32.216,2343.407,45730.841,20211121_071242,479167,47,20336,35
1,KMAF20211123_122741_V06,-57.003,0.555,173.299,285.364,8.489,-102.859,32.008,4244.431,63771.962,20211123_062741,479162,37,8110,36
1,KMAF20211123_123720_V06,-47.353,0.166,174.361,285.215,15.680,-102.854,32.008,7839.856,63252.832,20211123_063720,479171,32,8942,25
6,KMAF20211123_123720_V06,-47.353,0.057,399.684,344.378,7.282,-101.663,31.742,3640.926,54557.876,20211123_063720,479171,32,8942,25
7,KMAF20211123_142430_V06,59.814,0.051,403.352,341.917,10.709,-101.643,31.753,5354.393,55764.280,20211123_082430,479168,18,2959,18
5,KMAF20211124_123532_V06,-50.023,0.104,494.322,462.541,7.221,-101.169,31.206,3610.481,126669.561,20211124_063532,479164,3,28761,3
8,KMAF20211124_140325_V06,37.860,0.105,401.658,342.804,8.968,-101.652,31.749,4483.761,55150.693,20211124_080325,479165,3,11331,3
1,KMAF20211125_123514_V06,-51.190,0.110,398.482,346.606,8.815,-101.669,31.732,4407.379,54476.740,20211125_063514,479166,0,18043,0
3,KMAF20211125_131345_V06,-12.673,0.052,403.245,341.245,13.236,-101.644,31.756,6618.034,55589.068,20211125_071345,479167,2,14348,2
1,KMAF20211126_123427_V06,-52.835,0.204,173.107,285.922,7.631,-102.860,32.005,3815.598,63835.896,20211126_063427,479169,17,15087,10
1,KMAF20211126_124406_V06,-43.185,0.094,174.504,284.434,17.028,-102.853,32.012,8514.211,63228.926,20211126_064406,479170,18,12107,7
3,KMAF20211126_130323_V06,-23.902,0.075,376.739,126.080,6.661,-101.780,32.727,3330.280,95048.629,20211126_070323,479167,17,13751,14
3,KMAF20211127_124539_V06,-42.493,0.069,172.633,286.760,6.955,-102.863,32.001,3477.394,64026.679,20211127_064539,479166,400,186672,24
5,KMAF20211127_133405_V06,5.941,0.630,229.887,284.166,25.552,-102.560,32.014,12776.028,35939.572,20211127_073405,479166,354,140909,24
14,KMAF20211127_142408_V06,55.991,0.101,380.628,106.440,18.300,-101.758,32.815,9149.864,104840.483,20211127_082408,479168,194,134064,2
15,KMAF20211127_143348_V06,65.657,0.127,393.674,338.250,21.512,-101.694,31.770,10756.226,50591.216,20211127_083348,479166,139,132301,1
1,KMAF20211128_123047_V06,-58.211,0.171,370.637,239.715,7.352,-101.814,32.215,3675.957,46432.372,20211128_063047,479163,12,5861,12
5,KMAF20211128_132016_V06,-8.728,0.119,374.719,239.072,10.479,-101.793,32.217,5239.681,48205.647,20211128_072016,479167,26,4529,25
6,KMAF20211128_143730_V06,68.506,0.135,399.335,344.321,7.079,-101.665,31.742,3539.480,54386.963,20211128_083730,479168,6,6429,6
1,KMAF20211129_123101_V06,-58.823,0.108,181.471,289.087,8.695,-102.816,31.991,4347.252,59515.258,20211129_063101,479168,76,15955,70
1,KMAF20211129_124156_V06,-47.906,0.140,180.188,287.919,15.766,-102.823,31.996,7883.127,60209.901,20211129_064156,479168,101,14230,100
2,KMAF20211129_123101_V06,-58.823,0.100,401.287,341.509,8.657,-101.654,31.755,4328.341,54731.470,20211129_063101,479168,76,15955,70
3,KMAF20211129_123101_V06,-58.823,0.062,171.040,285.075,6.936,-102.871,32.009,3468.117,64910.520,20211129_063101,479168,76,15955,70
4,KMAF20211129_133952_V06,10.027,0.147,468.040,72.470,6.646,-101.290,32.966,3322.865,141427.815,20211129_073952,479167,130,6028,112
5,KMAF20211129_134931_V06,19.677,0.147,184.877,294.028,14.056,-102.798,31.969,7027.786,57638.924,20211129_074931,479169,180,4386,174
6,KMAF20211129_134931_V06,19.677,0.094,151.657,538.375,16.309,-102.964,30.866,8154.350,140381.873,20211129_074931,479169,180,4386,174
7,KMAF20211129_143749_V06,67.977,0.053,399.553,342.838,7.326,-101.664,31.749,3663.172,54188.976,20211129_083749,479164,59,5308,58
10,KMAF20211130_143804_V06,67.389,0.160,192.781,67.587,9.744,-102.762,32.990,4872.049,127976.379,20211130_083804,479166,901,10428,851
10,KMAF20211130_144742_V06,77.022,0.060,194.048,67.720,21.043,-102.756,32.989,10521.633,127651.794,20211130_084742,479167,887,10904,832
1,KMAF20211130_124113_V06,-49.461,0.112,304.375,136.922,2.113,-102.166,32.679,1056.744,81568.432,20211130_064113,479167,1384,19499,1200
2,KMAF20211130_124113_V06,-49.461,0.078,349.486,480.734,10.237,-101.929,31.128,5118.567,93693.058,20211130_064113,479167,1384,19499,1200
5,KMAF20211130_124113_V06,-49.461,0.057,303.508,134.965,1.959,-102.170,32.687,979.343,82536.325,20211130_064113,479167,1384,19499,1200
7,KMAF20211130_133039_V06,-0.028,0.184,177.027,67.579,7.950,-102.847,32.990,3975.029,131474.170,20211130_073039,479170,1248,12023,1149
8,KMAF20211130_133039_V06,-0.028,0.074,305.998,413.474,10.721,-102.157,31.432,5360.378,56816.398,20211130_073039,479170,1248,12023,1149
9,KMAF20211130_141848_V06,48.122,0.133,375.615,238.584,12.903,-101.788,32.220,6451.355,48707.231,20211130_081848,479169,1619,8145,1467
4,KMAF20211201_131147_V06,-19.725,0.051,380.491,126.104,5.648,-101.760,32.727,2823.944,95810.549,20211201_071147,479165,98,4443,73
4,KMAF20211201_132125_V06,-10.092,0.188,380.340,126.089,12.750,-101.760,32.727,6375.190,95785.526,20211201_072125,479170,171,5417,136
1,KMAF20211201_123201_V06,-59.492,0.059,400.313,344.179,8.624,-101.660,31.743,4312.170,54805.236,20211201_063201,479168,41,4739,36
2,KMAF20211201_124140_V06,-49.842,0.102,176.797,289.810,6.862,-102.841,31.988,3431.242,61812.055,20211201_064140,479167,48,5187,32
3,KMAF20211201_130055_V06,-30.592,0.066,392.821,77.827,16.404,-101.693,32.944,8202.030,120391.643,20211201_070055,479165,65,4659,45
5,KMAF20211201_140934_V06,38.058,0.112,515.434,460.119,15.260,-101.058,31.216,7630.243,134210.764,20211201_080934,479168,487,8380,341
6,KMAF20211201_142849_V06,57.308,0.055,380.258,126.480,5.032,-101.761,32.725,2516.243,95590.811,20211201_082849,479170,368,7366,239
7,KMAF20211201_143827_V06,66.942,0.053,184.671,63.935,18.138,-102.806,33.006,9069.166,131365.236,20211201_083827,479168,451,8938,317
1,KMAF20211202_124058_V06,-51.364,0.057,396.724,344.007,3.334,-101.678,31.744,1667.084,53132.344,20211202_064058,479165,3,8029,3
2,KMAF20211202_125035_V06,-41.747,0.670,172.765,283.602,6.222,-102.862,32.015,3110.975,64143.599,20211202_065035,479166,4,7674,4
4,KMAF20211202_140737_V06,35.286,0.094,394.657,343.871,4.934,-101.689,31.745,2467.047,52164.491,20211202_080737,479164,7,2881,4
5,KMAF20211202_142653_V06,54.553,0.067,476.496,441.249,29.151,-101.262,31.303,14575.712,113028.817,20211202_082653,479168,12,3493,12
1,KMAF20211203_124218_V06,-50.843,0.160,381.966,131.033,13.052,-101.752,32.704,6525.898,93899.280,20211203_064218,479170,2406,24940,2058
2,KMAF20211203_130133_V06,-31.593,0.070,408.150,510.437,8.204,-101.623,30.993,4102.146,118300.600,20211203_070133,479168,2700,17064,2459
3,KMAF20211203_133140_V06,-1.476,0.142,213.812,150.356,61.627,-102.648,32.617,30813.713,86344.903,20211203_073140,479169,1284,19643,1119
4,KMAF20211203_140030_V06,27.357,0.218,379.037,174.949,8.885,-101.768,32.506,4442.413,73967.153,20211203_080030,479166,1421,22633,1119
5,KMAF20211203_141008_V06,36.991,0.086,183.300,67.080,9.185,-102.813,32.992,4592.560,130260.124,20211203_081008,479163,1855,18317,1577
6,KMAF20211203_141945_V06,46.607,0.096,254.934,525.566,9.113,-102.425,30.926,4556.305,115011.815,20211203_081945,479166,2122,19468,1947
6,KMAF20211203_142922_V06,56.224,0.216,254.162,525.666,7.952,-102.429,30.925,3976.213,115137.325,20211203_082922,479165,2997,21829,2780
1,KMAF20211204_123909_V06,-54.795,0.080,400.209,343.992,7.861,-101.660,31.744,3930.622,54720.165,20211204_063909,479166,9,5976,8
2,KMAF20211204_131741_V06,-16.261,0.161,405.365,342.560,9.926,-101.633,31.750,4963.064,56818.202,20211204_071741,479169,3,5614,1
2,KMAF20211204_132834_V06,-5.378,-1.000,405.365,342.560,27.231,-101.633,31.750,13615.314,56818.202,20211204_072834,479168,7,5530,7
2,KMAF20211204_133811_V06,4.239,0.111,404.989,341.226,12.323,-101.635,31.756,6161.747,56396.492,20211204_073811,479166,0,6472,0
1,KMAF20211205_123709_V06,-57.586,0.120,181.893,291.984,8.959,-102.814,31.978,4479.458,59189.305,20211205_063709,479166,50,16506,47
1,KMAF20211205_124647_V06,-47.952,0.284,179.906,289.892,15.933,-102.824,31.987,7966.679,60259.273,20211205_064647,479167,61,17106,49
5,KMAF20211205_132518_V06,-9.436,0.073,399.318,70.880,6.084,-101.658,32.975,3041.840,124859.970,20211205_072518,479166,248,14739,216
5,KMAF20211205_133610_V06,1.431,0.084,399.623,72.771,15.869,-101.656,32.967,7934.322,124054.318,20211205_073610,479165,596,15909,555
7,KMAF20211205_134547_V06,11.048,0.361,378.429,128.352,8.667,-101.771,32.717,4333.382,94358.460,20211205_074547,479166,621,16000,582
7,KMAF20211205_140501_V06,30.281,0.067,379.275,128.656,14.989,-101.766,32.715,7494.671,94397.321,20211205_080501,479169,476,16675,414
4,KMAF20211205_132518_V06,-9.436,0.401,380.157,124.899,5.951,-101.761,32.732,2975.540,96288.232,20211205_072518,479166,248,14739,216
8,KMAF20211205_134547_V06,11.048,0.154,404.366,513.419,8.457,-101.643,30.980,4228.277,118785.608,20211205_074547,479166,621,16000,582
9,KMAF20211205_143353_V06,59.148,0.052,443.668,254.278,16.405,-101.427,32.147,8202.702,75383.986,20211205_083353,479171,1279,19422,1238
4,KMAF20211206_134343_V06,8.202,0.057,401.797,345.629,10.219,-101.652,31.736,5109.741,55777.701,20211206_074343,479167,24,3582,22
5,KMAF20211206_144131_V06,66.002,0.318,400.026,346.021,9.387,-101.661,31.735,4693.356,55052.675,20211206_084131,479165,10,2163,7
1,KMAF20211207_123652_V06,-59.414,0.053,398.113,342.178,6.377,-101.671,31.752,3188.679,53397.198,20211207_063652,479166,15,4359,15
1,KMAF20211207_124630_V06,-49.780,0.207,399.917,343.125,14.727,-101.662,31.748,7363.532,54412.935,20211207_064630,479171,17,3375,17
1,KMAF20211208_124634_V06,-50.466,0.136,173.418,285.436,7.242,-102.859,32.007,3621.199,63708.633,20211208_064634,479168,55,5592,42
3,KMAF20211208_143233_V06,55.517,0.105,514.678,459.026,15.692,-101.062,31.221,7845.757,133581.284,20211208_083233,479167,91,5646,80
1,KMAF20211209_131532_V06,-22.237,0.255,308.023,194.387,2.471,-102.146,32.420,1235.271,52958.620,20211209_071532,479170,57,7435,56
3,KMAF20211209_133447_V06,-2.987,0.526,254.670,526.287,8.904,-102.426,30.923,4452.066,115391.449,20211209_073447,479163,62,5093,58
4,KMAF20211209_140340_V06,25.896,0.082,352.169,412.173,28.505,-101.915,31.437,14252.569,61855.412,20211209_080340,479165,42,4590,41
1,KMAF20211210_124326_V06,-55.059,0.194,161.387,208.209,6.873,-102.925,32.355,3436.680,83125.376,20211210_064326,479167,53,79449,26
2,KMAF20211210_124326_V06,-55.059,0.167,171.169,285.220,8.233,-102.871,32.008,4116.602,64837.923,20211210_064326,479167,53,79449,26
7,KMAF20211210_131219_V06,-26.176,0.059,444.730,292.611,14.301,-101.423,31.974,7150.688,72459.206,20211210_071219,479167,79,57203,50
8,KMAF20211210_133132_V06,-6.959,0.148,378.551,125.803,6.695,-101.770,32.728,3347.435,95544.140,20211210_073132,479168,26,51297,25
9,KMAF20211210_140022_V06,21.874,0.247,254.639,525.517,8.755,-102.426,30.926,4377.708,115017.000,20211210_080022,479169,86,33772,78
10,KMAF20211210_141000_V06,31.507,0.057,442.961,250.970,13.495,-101.431,32.162,6747.555,75567.438,20211210_081000,479166,173,29462,151
1,KMAF20211212_130028_V06,-39.422,0.176,172.781,283.453,6.557,-102.862,32.016,3278.343,64145.197,20211212_070028,479165,16,5151,14
2,KMAF20211212_141740_V06,37.778,0.089,398.996,343.718,8.189,-101.667,31.745,4094.746,54109.811,20211212_081740,479169,39,4199,39
1,KMAF20211213_124954_V06,-50.660,0.204,186.717,290.828,11.831,-102.788,31.983,5915.613,56826.980,20211213_064954,479171,33,4346,30
3,KMAF20211213_124954_V06,-50.660,0.057,367.374,237.978,7.078,-101.832,32.222,3539.043,45787.518,20211213_064954,479171,33,4346,30
4,KMAF20211213_140817_V06,27.723,0.056,405.052,343.477,13.351,-101.635,31.746,6675.407,56846.901,20211213_080817,479169,16,2611,16
1,KMAF20211214_130133_V06,-39.664,0.172,383.627,125.443,13.709,-101.743,32.730,6854.351,96777.794,20211214_070133,479166,2429,15596,2349
3,KMAF20211214_133027_V06,-10.764,0.072,212.249,521.108,29.935,-102.648,30.945,14967.564,118941.993,20211214_073027,479168,2997,13467,2874
4,KMAF20211214_134943_V06,8.502,0.141,194.368,292.428,21.124,-102.748,31.976,10562.090,52951.543,20211214_074943,479166,4431,19975,4259
4,KMAF20211214_140858_V06,27.752,-1.000,194.368,292.428,51.732,-102.748,31.976,25865.840,52951.543,20211214_080858,479168,4107,18013,3971
4,KMAF20211214_141836_V06,37.386,0.250,197.652,291.453,20.289,-102.730,31.981,10144.522,51352.203,20211214_081836,479167,3598,19499,3431
5,KMAF20211214_134943_V06,8.502,0.112,391.541,67.230,7.028,-101.699,32.992,3514.019,125061.341,20211214_074943,479166,4431,19975,4259
7,KMAF20211214_144732_V06,66.319,0.117,384.323,130.119,12.250,-101.739,32.709,6125.107,94828.662,20211214_084732,479165,2891,22981,2748
7,KMAF20211215_142702_V06,45.184,0.112,395.064,67.804,6.781,-101.680,32.989,3390.347,125451.369,20211215_082702,479165,75,57498,72
7,KMAF20211215_143640_V06,54.817,0.137,393.699,68.062,14.855,-101.688,32.988,7427.574,125074.957,20211215_083640,479167,59,58508,55
6,KMAF20211215_140747_V06,25.934,0.076,351.785,412.814,31.410,-101.917,31.434,15705.095,62065.971,20211215_080747,479167,32,56906,28
4,KMAF20211216_132652_V06,-15.598,0.456,256.577,526.922,10.269,-102.416,30.920,5134.630,115519.364,20211216_072652,479166,162,7314,155
4,KMAF20211216_133629_V06,-5.981,0.238,256.939,526.911,17.237,-102.414,30.920,8618.567,115480.335,20211216_073629,479165,121,11787,113
5,KMAF20211216_141458_V06,32.502,0.062,256.032,527.991,10.719,-102.419,30.915,5359.561,116095.869,20211216_081458,479172,191,10307,163
5,KMAF20211216_142435_V06,42.119,0.175,256.251,527.514,17.797,-102.418,30.917,8898.432,115841.204,20211216_082435,479166,172,7344,157
1,KMAF20211216_124823_V06,-54.081,0.195,175.948,290.067,8.477,-102.845,31.986,4238.394,62224.306,20211216_064823,479170,125,7689,110
3,KMAF20211216_130737_V06,-34.848,0.098,475.075,435.687,31.608,-101.269,31.328,15803.894,110749.924,20211216_070737,479164,126,10652,116
1,KMAF20211218_125451_V06,-48.785,0.128,394.704,342.195,2.743,-101.689,31.752,1371.681,51839.481,20211218_065451,479165,446,63115,38
4,KMAF20211218_131609_V06,-27.485,0.127,408.444,336.219,49.863,-101.616,31.779,24931.271,57166.126,20211218_071609,479182,434,67233,42
3,KMAF20211219_130524_V06,-38.788,0.597,405.518,342.261,12.770,-101.632,31.752,6385.044,56833.404,20211219_070524,479168,0,25673,0
5,KMAF20211219_130524_V06,-38.788,0.075,369.141,237.511,6.836,-101.822,32.225,3417.843,46597.770,20211219_070524,479168,0,25673,0
7,KMAF20211220_142345_V06,39.030,0.294,404.829,347.551,12.587,-101.636,31.728,6293.383,57554.765,20211220_082345,479168,71,3864,53
7,KMAF20211220_143324_V06,48.680,0.079,405.768,347.719,20.960,-101.631,31.727,10480.168,58017.128,20211220_083324,479164,51,3384,29
3,KMAF20211220_124714_V06,-57.487,0.053,181.505,293.965,14.033,-102.816,31.969,7016.685,59324.426,20211220_064714,479169,8,2117,5
6,KMAF20211220_134510_V06,0.447,0.316,180.559,68.540,7.465,-102.828,32.985,3732.260,130230.435,20211220_074510,479167,29,3388,19
1,KMAF20211221_124731_V06,-57.713,0.083,175.201,289.837,4.817,-102.849,31.987,2408.722,62606.189,20211221_064731,479164,219,7880,150
1,KMAF20211221_130804_V06,-37.163,0.064,172.915,284.786,10.932,-102.861,32.010,5465.815,63996.309,20211221_070804,479166,1190,8250,1095
3,KMAF20211221_132724_V06,-17.829,0.095,191.664,72.463,5.062,-102.768,32.968,2530.783,126005.749,20211221_072724,479168,937,7898,862
4,KMAF20211221_134641_V06,1.454,0.053,331.981,138.310,12.902,-102.018,32.672,6451.012,82411.483,20211221_074641,479166,833,7420,760
5,KMAF20211221_140559_V06,20.754,0.077,258.060,530.963,13.632,-102.408,30.902,6816.175,117370.174,20211221_080559,479168,616,5575,530
6,KMAF20211221_141538_V06,30.404,0.135,240.139,557.302,11.180,-102.502,30.783,5590.132,132086.549,20211221_081538,479168,499,7383,443
7,KMAF20211221_143456_V06,49.704,0.071,96.201,197.525,22.446,-103.272,32.401,11223.090,114056.231,20211221_083456,479169,411,6121,340
8,KMAF20211221_144435_V06,59.354,0.088,256.474,526.337,10.311,-102.417,30.922,5155.437,115242.333,20211221_084435,479168,420,4671,389
9,KMAF20211221_150353_V06,78.654,0.426,88.306,384.010,17.290,-103.304,31.560,8644.897,113877.057,20211221_090353,479169,249,5182,211
10,KMAF20211221_150353_V06,78.654,0.051,185.499,303.061,30.107,-102.794,31.928,15053.707,57270.961,20211221_090353,479169,249,5182,211
2,KMAF20211222_144511_V06,59.468,0.086,517.384,456.141,17.196,-101.048,31.234,8597.977,133824.485,20211222_084511,479168,406,5669,300
2,KMAF20211222_150427_V06,78.734,0.065,516.721,456.162,23.132,-101.051,31.234,11565.994,133561.417,20211222_090427,479167,256,6008,179
1,KMAF20211222_124821_V06,-57.366,0.089,178.948,290.891,8.651,-102.829,31.983,4325.413,60697.281,20211222_064821,479171,136,6906,94
1,KMAF20211223_124831_V06,-57.662,0.086,175.726,292.422,6.784,-102.846,31.976,3392.052,62252.664,20211223_064831,479169,381,8180,355
1,KMAF20211223_130746_V06,-38.412,0.403,180.292,292.747,13.027,-102.822,31.974,6513.680,59963.647,20211223_070746,479170,342,8662,326
3,KMAF20211223_133640_V06,-9.512,0.218,182.848,291.555,10.526,-102.809,31.980,5262.899,58727.792,20211223_073640,479167,122,6643,106
4,KMAF20211223_133640_V06,-9.512,0.091,522.088,456.979,19.366,-101.023,31.230,9682.883,135982.913,20211223_073640,479167,122,6643,106
5,KMAF20211223_141510_V06,28.988,0.077,520.902,455.906,21.293,-101.030,31.235,10646.436,135189.154,20211223_081510,479165,37,4528,31
6,KMAF20211223_144404_V06,57.888,0.168,516.710,453.577,16.162,-101.051,31.246,8080.835,132805.217,20211223_084404,479167,18,3525,16
1,KMAF20211224_130621_V06,-40.267,0.310,321.608,418.142,11.308,-102.075,31.411,5653.841,60050.820,20211224_070621,479167,1263,13109,1227
1,KMAF20211224_131600_V06,-30.617,0.117,322.453,418.227,21.443,-102.071,31.410,10721.300,60170.138,20211224_071600,479170,1295,11343,1245
3,KMAF20211224_150156_V06,75.316,0.141,331.754,419.154,17.416,-102.022,31.406,8708.126,61656.565,20211224_090156,479170,514,8582,505
3,KMAF20211224_151134_V06,84.949,0.079,333.002,419.997,25.254,-102.015,31.402,12627.201,62226.187,20211224_091134,479169,389,6654,389
2,KMAF20211224_143302_V06,46.416,0.154,161.806,205.999,6.982,-102.923,32.365,3490.759,83567.240,20211224_083302,479167,1194,9847,1191
1,KMAF20211225_130441_V06,-42.348,0.058,284.425,455.498,8.581,-102.271,31.242,4290.546,78138.017,20211225_070441,479166,117,10805,98
2,KMAF20211225_150014_V06,73.202,0.328,515.024,458.037,17.009,-101.061,31.226,8504.259,133427.292,20211225_090014,479169,28,5861,24
1,KMAF20211226_130211_V06,-45.238,0.081,211.941,394.381,3.516,-102.652,31.517,1758.102,64541.046,20211226_070211,479170,2877,14279,2807
2,KMAF20211226_131148_V06,-35.621,0.062,304.939,413.495,12.313,-102.163,31.432,6156.738,56801.318,20211226_071148,479169,3248,17795,3162
3,KMAF20211226_134039_V06,-6.771,0.309,424.304,211.440,20.314,-101.529,32.341,10156.788,76312.413,20211226_074039,479170,3090,18350,3003
4,KMAF20211226_135017_V06,2.862,0.056,341.540,133.431,12.889,-101.967,32.694,6444.252,85835.443,20211226_075017,479169,2900,14418,2822
1,KMAF20211227_133821_V06,-9.435,0.204,320.913,406.791,21.712,-102.079,31.462,10856.184,54409.930,20211227_073821,479168,382,10602,324
1,KMAF20211227_134759_V06,0.198,0.188,319.708,408.993,31.837,-102.085,31.452,15918.333,55380.009,20211227_074759,479171,502,7390,456
3,KMAF20211227_133821_V06,-9.435,0.060,405.229,342.126,17.377,-101.634,31.752,8688.570,56673.743,20211227_073821,479168,382,10602,324
3,KMAF20211227_134759_V06,0.198,0.329,406.378,342.528,25.163,-101.628,31.750,12581.608,57282.031,20211227_074759,479171,502,7390,456
2,KMAF20211227_133821_V06,-9.435,0.060,280.895,374.416,28.365,-102.290,31.608,14182.508,38414.525,20211227_073821,479168,382,10602,324
4,KMAF20211227_141651_V06,29.065,0.212,380.433,126.685,6.578,-101.760,32.724,3288.967,95535.020,20211227_081651,479170,318,7327,274
5,KMAF20211227_142629_V06,38.698,0.212,196.625,288.582,18.158,-102.736,31.994,9078.959,52001.668,20211227_082629,479170,358,11247,333
1,KMAF20211228_124833_V06,-59.574,0.403,399.150,342.847,7.083,-101.666,31.749,3541.716,54005.756,20211228_064833,479167,13,5819,12
1,KMAF20211228_130748_V06,-40.324,0.243,398.480,342.709,12.344,-101.669,31.750,6171.958,53670.937,20211228_070748,479168,1,6945,1
1,KMAF20211229_130730_V06,-40.936,0.083,180.986,290.033,11.327,-102.819,31.987,5663.261,59715.058,20211229_070730,479167,167,6276,84
2,KMAF20211229_131707_V06,-31.319,0.064,277.978,420.024,7.061,-102.305,31.402,3530.380,61013.839,20211229_071707,479169,157,4792,77
1,KMAF20211230_131604_V06,-32.654,0.226,235.213,360.860,7.063,-102.530,31.668,3531.265,44444.788,20211230_071604,479166,398,4770,301
2,KMAF20211230_131604_V06,-32.654,0.056,402.239,344.421,8.649,-101.649,31.742,4324.366,55735.982,20211230_071604,479166,398,4770,301
5,KMAF20211231_131400_V06,-34.979,0.070,35.699,423.010,58.701,-103.578,31.381,29350.492,145762.362,20211231_071400,479164,11,118089,4
5,KMAF20211231_131826_V06,-30.546,0.174,36.274,422.188,66.443,-103.575,31.385,33221.390,145328.379,20211231_071826,479173,13,124766,5
5,KMAF20211231_132311_V06,-25.796,-1.000,36.746,421.513,74.564,-103.573,31.388,37281.979,144972.472,20211231_072311,479167,16,131088,4
5,KMAF20211231_132825_V06,-20.563,0.137,56.327,403.012,65.135,-103.471,31.472,32567.703,132276.013,20211231_072825,479171,74,136847,4
10,KMAF20211231_140117_V06,12.304,0.288,55.440,415.484,76.668,-103.475,31.416,38333.912,135227.740,20211231_080117,479167,35,168594,4
10,KMAF20211231_140706_V06,18.121,0.358,60.149,418.486,81.917,-103.450,31.403,40958.613,133760.367,20211231_080706,479169,21,179641,10
1,KMAF20211231_125151_V06,-57.129,0.223,402.735,345.637,9.125,-101.647,31.736,4562.737,56207.920,20211231_065151,479171,10,84107,1
3,KMAF20211231_130037_V06,-48.363,0.067,524.540,310.499,18.639,-101.002,31.890,9319.733,112392.656,20211231_070037,479166,17,99664,3
4,KMAF20211231_130934_V06,-39.413,0.090,26.714,445.818,48.838,-103.624,31.278,24418.980,154877.693,20211231_070934,479170,7,110699,0
14,KMAF20211231_143019_V06,41.337,0.086,122.608,471.558,37.729,-103.119,31.166,18864.613,123389.682,20211231_083019,479175,72,219604,3
16,KMAF20211231_151051_V06,81.871,0.119,37.565,432.770,54.499,-103.568,31.337,27249.508,147054.349,20211231_091051,479169,244,251171,13
