track_id,filename,from_sunrise,det_score,x,y,r,lon,lat,radius,geo_dist,local_time,n_radar_pixels,n_refAbove40_pixels,n_xcorrAbove0.95_pixels,n_xcorrBelow0.95_refAbove40_pixels
1,KBBX20210601_123002_V06,-11.126,0.057,299.432,504.870,20.086,-121.635,38.573,10043.180,102435.177,20210601_053002,479179,45,34605,31
1,KBBX20210607_122049_V06,-18.562,0.110,231.040,338.640,21.994,-122.032,39.321,10997.169,39523.758,20210607_052049,479185,11,20403,10
1,KBBX20210613_115016_V06,-48.480,0.121,200.474,298.622,8.294,-122.210,39.501,4147.116,49767.965,20210613_045016,479181,6,33058,5
1,KBBX20210615_122536_V06,-13.186,0.090,281.422,420.207,17.037,-121.739,38.955,8518.520,60816.899,20210615_052536,479182,24,20290,21
1,KBBX20210616_121327_V06,-25.402,0.327,283.305,433.494,8.403,-121.728,38.895,4201.315,67267.067,20210616_051327,479182,28,24433,27
1,KBBX20210616_122308_V06,-15.719,0.232,285.902,433.383,18.449,-121.713,38.895,9224.451,67062.847,20210616_052308,479180,24,21637,18
1,KBBX20210616_123250_V06,-6.019,0.478,286.302,431.606,18.757,-121.711,38.903,9378.377,66158.521,20210616_053250,479178,49,22608,40
1,KBBX20210617_120756_V06,-31.014,0.642,280.171,427.552,10.706,-121.746,38.922,5352.909,64541.898,20210617_050756,479183,43,27363,22
1,KBBX20210617_121739_V06,-21.298,0.715,282.056,429.013,16.666,-121.735,38.915,8332.814,65127.242,20210617_051739,479185,54,24405,30
1,KBBX20210617_122721_V06,-11.598,0.161,284.379,431.665,17.621,-121.722,38.903,8810.627,66294.271,20210617_052721,479179,53,25066,32
1,KBBX20210617_123704_V06,-1.881,0.109,285.580,428.955,21.997,-121.715,38.915,10998.684,64879.243,20210617_053704,479186,116,26927,95
1,KBBX20210617_124647_V06,7.836,0.153,289.975,408.494,19.763,-121.690,39.007,9881.706,54478.149,20210617_054647,479181,122,30559,104
1,KBBX20210618_133017_V06,51.210,0.069,113.880,304.300,15.186,-122.713,39.472,7593.001,93084.839,20210618_063017,479183,66,38722,52
1,KBBX20210622_122031_V06,-19.352,0.055,237.169,332.364,21.772,-121.996,39.350,10886.099,35338.206,20210622_052031,479182,11,28831,8
2,KBBX20210622_122736_V06,-12.269,0.087,280.112,429.156,16.709,-121.746,38.914,8354.437,65339.268,20210622_052736,479183,12,30160,10
3,KBBX20210622_124851_V06,8.981,0.077,280.406,399.355,20.964,-121.745,39.049,10481.770,50634.259,20210622_054851,479182,78,34565,66
1,KBBX20210623_122319_V06,-16.822,0.206,248.974,319.555,10.198,-121.928,39.408,5098.923,27322.198,20210623_052319,479181,15,25724,14
1,KBBX20210623_123024_V06,-9.738,0.182,248.584,320.312,19.741,-121.930,39.404,9870.620,27641.393,20210623_053024,479183,26,26649,23
1,KBBX20210623_123729_V06,-2.655,0.068,249.351,318.615,21.006,-121.926,39.412,10502.922,26980.554,20210623_053729,479185,30,28347,28
2,KBBX20210623_124434_V06,4.428,0.156,281.754,402.217,17.900,-121.737,39.036,8949.835,51916.232,20210623_054434,479179,39,28194,35
1,KBBX20210624_122011_V06,-20.253,0.111,251.970,321.324,9.419,-121.910,39.400,4709.326,26275.455,20210624_052011,479184,15,31105,6
1,KBBX20210624_122450_V06,-15.603,0.084,252.032,321.496,16.288,-121.910,39.399,8143.914,26282.307,20210624_052450,479184,21,30965,19
3,KBBX20210624_122450_V06,-15.603,0.179,276.314,426.485,11.934,-121.768,38.926,5966.978,64341.838,20210624_052450,479184,21,30965,19
3,KBBX20210624_122929_V06,-10.953,0.053,276.356,427.308,19.006,-121.768,38.923,9503.198,64742.397,20210624_052929,479188,19,32032,16
2,KBBX20210624_122450_V06,-15.603,0.198,268.146,394.818,16.034,-121.816,39.069,8016.848,50012.711,20210624_052450,479184,21,30965,19
2,KBBX20210625_122734_V06,-13.194,0.262,279.229,432.892,16.311,-121.751,38.898,8155.479,67252.585,20210625_052734,479183,27,31809,17
2,KBBX20210625_123213_V06,-8.544,0.052,280.457,432.176,24.370,-121.744,38.901,12185.193,66806.343,20210625_053213,479186,21,33410,15
3,KBBX20210625_122734_V06,-13.194,0.132,249.458,321.947,15.164,-121.925,39.397,7582.169,27550.453,20210625_052734,479183,27,31809,17
3,KBBX20210626_122717_V06,-13.829,0.140,252.948,324.914,13.708,-121.905,39.384,6853.857,26620.755,20210626_052717,479184,19,22597,13
3,KBBX20210626_123659_V06,-4.129,0.110,252.198,324.955,22.975,-121.909,39.383,11487.408,26961.974,20210626_053659,479179,25,27087,22
1,KBBX20210626_120552_V06,-35.246,0.185,290.831,457.507,5.149,-121.684,38.787,2574.400,78886.706,20210626_050552,479182,3,23938,3
4,KBBX20210626_122717_V06,-13.829,0.059,243.772,292.445,15.452,-121.959,39.530,7726.004,28366.622,20210626_052717,479184,19,22597,13
5,KBBX20210626_124641_V06,5.571,0.554,283.969,428.781,16.560,-121.724,38.916,8279.863,64887.547,20210626_054641,479183,86,28509,83
2,KBBX20210627_123923_V06,-2.107,0.834,276.836,427.713,20.905,-121.765,38.921,10452.295,64898.578,20210627_053923,479184,68,27557,62
2,KBBX20210627_124905_V06,7.593,0.941,277.867,420.048,20.986,-121.759,38.955,10493.103,61035.764,20210627_054905,479183,78,29819,78
2,KBBX20210627_130829_V06,26.993,0.227,280.655,419.839,22.894,-121.743,38.956,11447.246,60694.992,20210627_060829,479183,93,31180,92
1,KBBX20210627_122735_V06,-13.907,0.607,286.362,436.664,23.248,-121.710,38.881,11624.104,68671.360,20210627_052735,479180,17,23290,14
1,KBBX20210628_122032_V06,-21.361,0.112,252.283,318.422,9.381,-121.909,39.413,4690.483,25574.508,20210628_052032,479183,15,27703,12
1,KBBX20210628_123013_V06,-11.678,0.158,252.483,317.584,21.442,-121.908,39.417,10720.859,25333.080,20210628_053013,479182,23,28631,19
1,KBBX20210628_123955_V06,-1.978,0.315,254.024,313.894,24.277,-121.899,39.433,12138.498,24014.782,20210628_053955,479183,33,31675,27
2,KBBX20210628_123955_V06,-1.978,0.058,249.628,289.580,24.282,-121.925,39.543,12140.900,25719.375,20210628_053955,479183,33,31675,27
1,KBBX20210629_114356_V06,-58.391,0.055,120.569,382.338,2.594,-122.669,39.121,1297.226,98710.310,20210629_044356,479182,16,29052,16
2,KBBX20210629_122243_V06,-19.608,0.288,284.025,445.537,19.139,-121.724,38.841,9569.359,73205.518,20210629_052243,479180,26,26149,25
1,KBBX20210630_123015_V06,-12.529,0.053,248.240,323.150,13.518,-121.932,39.391,6759.163,28350.684,20210630_053015,479179,52,26627,41
1,KBBX20210701_131216_V06,29.009,0.614,289.242,391.731,22.012,-121.694,39.083,11006.220,46179.721,20210701_061216,479183,24,30019,21
1,KBBX20210702_114745_V06,-56.010,0.561,286.971,505.608,14.231,-121.706,38.570,7115.383,103010.198,20210702_044745,479180,6,26353,5
2,KBBX20210702_114745_V06,-56.010,0.053,128.589,377.885,2.492,-122.623,39.141,1245.951,94137.843,20210702_044745,479180,6,26353,5
3,KBBX20210702_121652_V06,-26.894,0.057,240.539,287.370,3.222,-121.978,39.552,1610.865,30393.660,20210702_051652,479178,11,25123,9
4,KBBX20210702_123617_V06,-7.477,0.116,273.603,426.671,21.528,-121.784,38.926,10764.000,64696.278,20210702_053617,479183,27,25341,25
4,KBBX20210702_124600_V06,2.240,0.512,283.742,424.825,16.860,-121.725,38.934,8429.899,62939.480,20210702_054600,479180,98,26194,89
1,KBBX20210704_125038_V06,5.798,0.569,280.810,411.812,14.592,-121.742,38.992,7295.771,56723.293,20210704_055038,479187,12,38503,9
1,KBBX20210704_125517_V06,10.448,0.223,279.232,409.947,21.672,-121.752,39.001,10836.094,55945.460,20210704_055517,479184,7,39296,4
1,KBBX20210704_130435_V06,19.748,0.123,281.486,406.115,23.600,-121.739,39.018,11800.171,53859.013,20210704_060435,479172,34,39745,26
2,KBBX20210704_133707_V06,52.282,0.072,271.582,356.892,13.065,-121.796,39.240,6532.467,31797.274,20210704_063707,479178,4,42272,4
1,KBBX20210705_122207_V06,-23.289,0.085,278.150,426.351,9.402,-121.758,38.927,4700.939,64113.088,20210705_052207,479180,16,25744,13
1,KBBX20210705_123151_V06,-13.555,0.637,278.494,428.129,17.388,-121.756,38.919,8694.190,64960.581,20210705_053151,479186,17,25930,13
6,KBBX20210706_120622_V06,-39.630,0.065,224.960,129.581,2.155,-122.073,40.263,1077.738,93104.241,20210706_050622,479182,10,26888,6
8,KBBX20210706_121604_V06,-29.930,0.064,286.049,418.155,20.520,-121.712,38.964,10260.191,59488.013,20210706_051604,479186,10,26358,7
1,KBBX20210707_122142_V06,-24.909,0.244,283.522,426.503,14.509,-121.727,38.926,7254.536,63785.962,20210707_052142,479178,42,27908,32
1,KBBX20210707_122848_V06,-17.809,0.868,284.420,429.927,21.344,-121.721,38.911,10671.800,65429.167,20210707_052848,479185,33,28214,29
1,KBBX20210707_123553_V06,-10.726,0.380,286.578,429.395,21.854,-121.709,38.913,10927.010,65044.439,20210707_053553,479182,52,29557,51
2,KBBX20210708_121857_V06,-28.291,0.054,286.435,426.641,13.599,-121.710,38.926,6799.736,63682.636,20210708_051857,479182,49,29264,28
2,KBBX20210708_122603_V06,-21.191,0.256,283.140,427.793,19.576,-121.729,38.921,9788.061,64450.031,20210708_052603,479184,12,28516,11
2,KBBX20210708_123308_V06,-14.107,-1.000,280.203,428.820,26.102,-121.746,38.916,13051.229,65165.991,20210708_053308,479184,12,28341,8
2,KBBX20210708_124012_V06,-7.041,0.105,282.667,432.768,25.661,-121.732,38.898,12830.257,66947.543,20210708_054012,479184,38,29719,14
1,KBBX20210708_121857_V06,-28.291,0.069,291.337,457.340,14.446,-121.682,38.787,7222.794,78789.150,20210708_051857,479182,49,29264,28
1,KBBX20210708_122603_V06,-21.191,0.099,291.136,457.929,22.028,-121.683,38.785,11013.846,79088.947,20210708_052603,479184,12,28516,11
3,KBBX20210708_123308_V06,-14.107,0.087,281.814,427.282,17.407,-121.737,38.923,8703.575,64287.213,20210708_053308,479184,12,28341,8
1,KBBX20210709_131336_V06,25.708,0.064,109.742,355.316,16.370,-122.734,39.242,8184.905,99068.056,20210709_061336,479184,191,29993,137
2,KBBX20210710_120453_V06,-43.677,0.254,224.214,375.969,8.538,-122.070,39.153,4268.759,53653.497,20210710_050453,479182,94,27124,76
2,KBBX20210710_121159_V06,-36.577,0.137,223.604,375.483,15.687,-122.074,39.155,7843.742,53698.261,20210710_051159,479182,62,26959,48
3,KBBX20210710_122611_V06,-22.377,0.088,279.227,424.614,8.634,-121.751,38.935,4317.141,63167.020,20210710_052611,479182,39,25311,20
3,KBBX20210710_123316_V06,-15.294,0.201,278.067,424.047,19.086,-121.758,38.937,9542.823,62985.463,20210710_053316,479180,37,25783,20
1,KBBX20210710_115042_V06,-57.861,0.133,272.559,514.004,30.957,-121.789,38.532,15478.258,107878.225,20210710_045042,479181,106,26018,96
4,KBBX20210710_122611_V06,-22.377,0.065,297.886,523.916,30.621,-121.644,38.488,15310.368,111963.056,20210710_052611,479182,39,25311,20
2,KBBX20210711_122421_V06,-24.897,0.692,274.381,424.265,14.713,-121.779,38.936,7356.609,63439.314,20210711_052421,479183,59,19954,55
2,KBBX20210711_123405_V06,-15.164,0.696,278.301,424.771,21.744,-121.757,38.934,10871.878,63322.120,20210711_053405,479187,126,20816,105
2,KBBX20210711_124350_V06,-5.414,0.693,278.303,419.665,28.644,-121.757,38.957,14321.756,60807.778,20210711_054350,479183,104,21258,88
2,KBBX20210711_130518_V06,16.053,-1.000,279.034,409.519,43.962,-121.753,39.003,21981.025,55754.081,20210711_060518,479182,161,21783,136
2,KBBX20210711_131501_V06,25.769,0.066,284.468,412.141,23.498,-121.721,38.991,11748.770,56605.829,20210711_061501,479180,91,21486,82
2,KBBX20210712_130107_V06,11.166,0.078,124.969,331.643,17.554,-122.647,39.349,8776.863,88933.967,20210712_060107,479186,72,25176,67
2,KBBX20210712_131050_V06,20.883,0.052,123.490,337.028,25.847,-122.655,39.325,12923.329,90176.105,20210712_061050,479185,33,24847,30
1,KBBX20210712_120245_V06,-47.201,0.062,288.985,505.119,16.564,-121.695,38.572,8282.087,102707.126,20210712_050245,479180,7,25187,5
1,KBBX20210713_120742_V06,-42.970,0.079,295.665,506.526,15.321,-121.657,38.566,7660.318,103285.917,20210713_050742,479183,14,24445,5
1,KBBX20210716_120129_V06,-51.434,0.151,288.967,500.811,16.344,-121.695,38.592,8172.192,100556.880,20210716_050129,479180,21,24674,21
1,KBBX20210718_123932_V06,-14.948,0.088,277.903,420.729,21.976,-121.759,38.952,10987.925,61367.149,20210718_053932,479182,31,19517,29
1,KBBX20210719_130746_V06,12.485,0.474,286.313,398.589,19.320,-121.711,39.052,9659.899,49767.409,20210719_060746,479183,160,25879,127
1,KBBX20210719_131452_V06,19.585,0.730,288.372,396.083,25.261,-121.699,39.063,12630.396,48392.087,20210719_061452,479183,147,26281,112
1,KBBX20210719_132157_V06,26.668,0.390,280.245,397.138,28.398,-121.746,39.059,14198.761,49563.153,20210719_062157,479183,101,27010,56
1,KBBX20210721_123017_V06,-26.632,0.055,251.885,422.546,23.771,-121.909,38.944,11885.675,65826.572,20210721_053017,479184,6,24306,5
1,KBBX20210723_120426_V06,-54.155,0.298,293.705,506.961,16.889,-121.668,38.564,8444.353,103528.333,20210723_050426,479182,21,29550,17
3,KBBX20210723_123953_V06,-18.705,0.112,286.863,435.635,28.707,-121.707,38.885,14353.373,68135.110,20210723_053953,479182,32,24179,32
4,KBBX20210723_123953_V06,-18.705,0.071,291.823,505.270,14.314,-121.679,38.572,7156.947,102716.479,20210723_053953,479182,32,24179,32
1,KBBX20210724_133555_V06,36.478,0.118,122.389,74.908,18.668,-122.679,40.505,9333.967,143363.557,20210724_063555,479184,59,29909,42
1,KBBX20210725_123522_V06,-24.931,0.053,294.604,505.496,21.125,-121.663,38.571,10562.679,102783.528,20210725_053522,479180,6,24239,6
1,KBBX20210725_124228_V06,-17.831,0.087,293.154,507.280,31.340,-121.671,38.563,15670.191,103696.558,20210725_054228,479186,15,21946,11
1,KBBX20210725_124933_V06,-10.747,0.081,290.160,510.373,32.875,-121.688,38.549,16437.354,105301.450,20210725_054933,479184,13,21517,6
1,KBBX20210726_120813_V06,-52.947,0.107,291.589,510.086,18.653,-121.680,38.550,9326.360,105127.297,20210726_050813,479181,8,32665,8
2,KBBX20210726_125045_V06,-10.414,0.051,304.783,495.786,19.898,-121.604,38.614,9948.840,97922.454,20210726_055045,479183,20,29480,13
6,KBBX20210727_124247_V06,-19.255,0.273,280.255,217.687,20.901,-121.747,39.867,10450.420,42324.196,20210727_054247,479199,45,74620,30
6,KBBX20210727_124724_V06,-14.638,0.411,278.862,215.655,25.648,-121.755,39.876,12823.952,43476.559,20210727_054724,479204,45,73320,30
6,KBBX20210727_125200_V06,-10.038,0.479,273.808,206.862,19.458,-121.785,39.915,9729.166,48375.473,20210727_055200,479207,52,71431,35
6,KBBX20210727_130115_V06,-0.788,0.194,273.506,204.634,29.182,-121.787,39.925,14591.197,49488.931,20210727_060115,479203,91,71408,52
6,KBBX20210727_130552_V06,3.829,0.053,272.432,192.914,24.585,-121.793,39.978,12292.421,55288.904,20210727_060552,479192,70,71882,48
15,KBBX20210727_141117_V06,69.245,0.066,289.727,394.010,8.349,-121.691,39.073,4174.513,47284.916,20210727_071117,479203,62,82786,43
15,KBBX20210727_141601_V06,73.979,0.094,290.649,394.037,14.313,-121.686,39.073,7156.394,47250.263,20210727_071601,479201,65,83785,51
1,KBBX20210728_121552_V06,-47.052,0.067,297.738,504.214,16.898,-121.645,38.576,8449.176,102113.409,20210728_051552,479181,41,27565,29
2,KBBX20210728_123002_V06,-32.886,0.138,281.718,439.029,27.347,-121.737,38.870,13673.607,70112.774,20210728_053002,479186,33,27128,30
3,KBBX20210728_130527_V06,2.531,0.124,279.337,393.280,22.437,-121.751,39.076,11218.550,47770.478,20210728_060527,479183,46,24012,41
2,KBBX20210729_123441_V06,-29.123,0.167,296.065,503.289,22.552,-121.654,38.581,11276.201,101663.298,20210729_053441,479182,109,25144,99
2,KBBX20210729_124147_V06,-22.023,0.334,294.270,504.353,28.833,-121.665,38.576,14416.512,102216.596,20210729_054147,479182,75,24162,72
1,KBBX20210729_122030_V06,-43.307,0.106,277.906,497.163,19.992,-121.758,38.608,9995.914,99198.782,20210729_052030,479185,34,24532,22
1,KBBX20210730_124013_V06,-24.484,0.059,288.352,510.070,24.917,-121.698,38.550,12458.308,105196.155,20210730_054013,479184,56,29380,46
2,KBBX20210730_142028_V06,75.766,0.081,217.560,377.266,29.718,-122.108,39.147,14859.102,56494.193,20210730_072028,479186,268,23634,240
1,KBBX20210731_122510_V06,-40.433,0.156,288.780,504.082,20.863,-121.696,38.577,10431.314,102195.045,20210731_052510,479186,40,23740,38
2,KBBX20210731_132331_V06,17.917,0.264,297.735,512.645,9.023,-121.645,38.538,4511.437,106328.631,20210731_062331,479184,30,24794,28
3,KBBX20210731_141210_V06,66.567,0.182,298.850,508.689,23.670,-121.638,38.556,11834.801,104346.281,20210731_071210,479186,83,26807,44
2,KBBX20210801_121847_V06,-47.721,0.050,282.709,504.562,18.818,-121.731,38.575,9409.052,102645.712,20210801_051847,479182,11,22237,9
2,KBBX20210801_122831_V06,-37.988,0.068,285.169,505.206,27.773,-121.717,38.572,13886.440,102870.779,20210801_052831,479181,8,22680,8
1,KBBX20210801_120903_V06,-57.455,0.402,287.663,504.873,21.550,-121.702,38.573,10775.135,102622.230,20210801_050903,479184,63,23061,62
1,KBBX20210804_125011_V06,-19.061,0.056,288.910,493.940,16.293,-121.695,38.623,8146.676,97128.598,20210804_055011,479182,25,27119,22
2,KBBX20210804_131832_V06,9.289,0.105,293.191,517.453,14.186,-121.671,38.517,7093.122,108779.814,20210804_061832,479178,60,27668,46
1,KBBX20210805_121140_V06,-58.499,0.287,289.879,506.161,18.143,-121.690,38.568,9071.465,103204.900,20210805_051140,479185,21,41372,18
1,KBBX20210805_121619_V06,-53.849,0.148,289.756,505.652,24.429,-121.690,38.570,12214.558,102953.248,20210805_051619,479188,21,40277,18
1,KBBX20210805_122057_V06,-49.215,0.065,288.782,505.780,26.192,-121.696,38.569,13096.058,103042.554,20210805_052057,479183,34,39596,30
2,KBBX20210805_122536_V06,-44.565,0.055,278.595,390.000,12.582,-121.755,39.091,6291.033,46255.300,20210805_052536,479184,25,39111,24
1,KBBX20210806_121455_V06,-56.172,0.254,79.670,119.576,3.881,-122.927,40.301,1940.483,142388.514,20210806_051455,479174,38,43982,14
1,KBBX20210806_121934_V06,-51.522,0.084,79.875,119.649,9.623,-122.926,40.301,4811.435,142286.172,20210806_051934,479190,28,43520,19
1,KBBX20210807_123102_V06,-40.982,0.072,280.909,504.103,22.884,-121.741,38.577,11442.182,102497.093,20210807_053102,479182,19,25012,16
1,KBBX20210808_121756_V06,-55.010,0.051,289.668,501.227,14.256,-121.691,38.590,7127.789,100746.233,20210808_051756,479184,9,33475,8
1,KBBX20210808_122234_V06,-50.377,0.182,289.453,502.478,21.720,-121.692,38.584,10860.027,101376.432,20210808_052234,479190,14,33411,12
1,KBBX20210808_122713_V06,-45.727,0.165,289.319,504.314,24.089,-121.693,38.576,12044.355,102296.564,20210808_052713,479186,11,32822,11
1,KBBX20210808_123152_V06,-41.077,0.173,293.065,508.456,19.148,-121.671,38.557,9573.899,104285.716,20210808_053152,479184,20,32780,18
1,KBBX20210808_123631_V06,-36.427,0.055,292.588,507.535,25.627,-121.674,38.561,12813.349,103833.578,20210808_053631,479188,19,33144,14
1,KBBX20210808_124110_V06,-31.777,0.068,290.110,506.447,26.929,-121.688,38.566,13464.725,103341.829,20210808_054110,479179,17,33221,14
3,KBBX20210808_131820_V06,5.390,0.072,155.212,379.043,16.712,-122.469,39.137,8356.167,82479.273,20210808_061820,479191,10,34851,6
1,KBBX20210809_121612_V06,-57.673,0.486,292.215,502.537,15.465,-121.676,38.584,7732.714,101343.332,20210809_051612,479181,18,22209,17
1,KBBX20210809_122555_V06,-47.956,0.374,292.167,502.972,22.025,-121.677,38.582,11012.298,101561.594,20210809_052555,479181,33,21570,18
1,KBBX20210809_123538_V06,-38.240,0.543,291.985,504.313,16.127,-121.678,38.576,8063.271,102235.279,20210809_053538,479181,21,21858,15
1,KBBX20210809_124521_V06,-28.523,0.101,291.580,503.452,23.689,-121.680,38.580,11844.600,101813.119,20210809_054521,479184,37,22192,33
1,KBBX20210810_121944_V06,-55.071,0.084,292.150,509.669,19.516,-121.677,38.552,9757.921,104907.792,20210810_051944,479201,176,40785,167
1,KBBX20210811_132000_V06,4.264,0.093,209.589,211.889,14.784,-122.160,39.892,7392.086,63121.969,20210811_062000,479182,106,21937,83
1,KBBX20210812_122010_V06,-56.502,0.293,176.511,61.538,2.821,-122.361,40.568,1410.542,134269.808,20210812_052010,479185,39,29509,36
1,KBBX20210812_122708_V06,-49.536,0.371,176.520,62.157,9.030,-122.361,40.565,4514.821,133992.970,20210812_052708,479182,31,28386,24
8,KBBX20210812_140254_V06,46.231,0.095,121.201,72.779,15.376,-122.687,40.515,7687.860,144567.027,20210812_070254,479184,22,33858,20
8,KBBX20210812_140940_V06,52.998,0.056,121.774,74.226,23.083,-122.683,40.508,11541.583,143821.283,20210812_070940,479182,14,35162,13
2,KBBX20210812_122010_V06,-56.502,0.174,292.296,505.912,18.927,-121.676,38.569,9463.682,103028.281,20210812_052010,479185,39,29509,36
4,KBBX20210812_130201_V06,-14.652,0.145,295.722,514.144,29.501,-121.656,38.532,14750.696,107093.478,20210812_060201,479183,59,22709,57
4,KBBX20210812_130846_V06,-7.902,-1.000,295.722,514.144,40.234,-121.656,38.532,20116.946,107093.478,20210812_060846,479176,38,21498,35
4,KBBX20210812_131532_V06,-1.136,0.051,286.744,504.528,13.729,-121.708,38.575,6864.713,102478.613,20210812_061532,479180,51,22767,48
4,KBBX20210812_132217_V06,5.614,-1.000,286.744,504.528,24.462,-121.708,38.575,12230.963,102478.613,20210812_062217,479182,57,25039,46
4,KBBX20210812_132903_V06,12.381,0.080,285.200,508.278,16.811,-121.717,38.558,8405.627,104401.753,20210812_062903,479187,57,27915,42
5,KBBX20210812_130201_V06,-14.652,0.068,276.106,424.367,29.458,-121.769,38.936,14729.084,63320.769,20210812_060201,479183,59,22709,57
1,KBBX20210813_122553_V06,-51.719,0.150,292.062,496.292,12.776,-121.677,38.612,6388.053,98226.129,20210813_052553,479182,17,25432,8
1,KBBX20210813_123537_V06,-41.985,0.075,292.344,497.085,21.006,-121.676,38.608,10502.771,98616.991,20210813_053537,479185,13,23234,12
1,KBBX20210813_124520_V06,-32.269,-1.000,292.610,497.830,29.652,-121.674,38.605,14825.878,98984.170,20210813_054520,479180,21,21789,18
1,KBBX20210813_130448_V06,-12.802,0.056,273.110,418.614,34.362,-121.787,38.962,17181.094,60811.969,20210813_060448,479183,29,17946,23
1,KBBX20210814_131621_V06,-2.185,0.109,301.109,124.316,2.775,-121.625,40.287,1387.539,87843.517,20210814_061621,479183,16,24622,9
1,KBBX20210814_132326_V06,4.898,0.095,301.196,124.355,9.807,-121.625,40.287,4903.559,87824.552,20210814_062326,479183,27,27177,23
6,KBBX20210817_141659_V06,55.652,0.896,514.733,478.307,23.282,-120.398,38.686,11641.157,139556.202,20210817_071659,479196,57,43552,44
6,KBBX20210817_142037_V06,59.285,0.766,515.814,477.893,27.241,-120.391,38.688,13620.714,139840.532,20210817_072037,479202,53,43647,37
6,KBBX20210817_142415_V06,62.918,0.861,518.953,476.916,26.854,-120.373,38.692,13426.761,140747.967,20210817_072415,479201,59,44868,46
6,KBBX20210817_142752_V06,66.535,0.415,521.327,476.763,28.358,-120.360,38.693,14179.036,141625.254,20210817_072752,479195,47,45065,42
6,KBBX20210817_143130_V06,70.168,0.141,520.045,472.280,30.940,-120.367,38.713,15469.754,139732.158,20210817_073130,479208,50,45187,42
6,KBBX20210817_143508_V06,73.802,-1.000,520.119,469.319,33.062,-120.366,38.727,16530.831,138853.371,20210817_073508,479196,71,46127,61
6,KBBX20210817_143846_V06,77.435,0.115,500.296,466.438,19.150,-120.480,38.741,9574.755,130211.695,20210817_073846,479205,78,46488,59
6,KBBX20210817_144224_V06,81.068,0.406,501.698,466.765,23.830,-120.472,38.739,11915.248,130855.659,20210817_074224,479196,77,47257,74
6,KBBX20210817_144602_V06,84.702,0.747,507.941,473.525,23.905,-120.436,38.708,11952.329,135416.403,20210817_074602,479203,68,47905,61
6,KBBX20210817_144940_V06,88.335,0.710,509.628,476.178,24.881,-120.427,38.696,12440.715,136914.633,20210817_074940,479195,68,48772,61
1,KBBX20210817_122426_V06,-56.898,0.270,509.590,479.527,16.993,-120.427,38.681,8496.299,137983.699,20210817_052426,479187,46,41000,33
1,KBBX20210817_122803_V06,-53.282,0.543,509.690,479.555,21.222,-120.427,38.681,10610.868,138030.658,20210817_052803,479198,42,39556,38
2,KBBX20210817_122426_V06,-56.898,0.077,290.583,505.341,19.050,-121.686,38.571,9525.196,102778.417,20210817_052426,479187,46,41000,33
2,KBBX20210817_122803_V06,-53.282,0.141,290.549,505.503,23.867,-121.686,38.571,11933.451,102860.085,20210817_052803,479198,42,39556,38
5,KBBX20210817_140943_V06,48.385,0.283,507.509,477.628,24.455,-120.439,38.690,12227.407,136575.543,20210817_070943,479208,61,41698,44
5,KBBX20210817_141321_V06,52.018,0.821,508.490,477.645,26.738,-120.434,38.690,13368.909,136954.158,20210817_071321,479205,51,42672,43
3,KBBX20210817_132609_V06,4.818,0.345,508.959,478.594,17.334,-120.431,38.686,8666.975,137440.522,20210817_062609,479202,53,38091,42
2,KBBX20210818_143751_V06,75.588,0.066,350.329,396.122,22.445,-121.341,39.063,11222.439,54250.347,20210818_073751,479200,49,50247,46
2,KBBX20210818_144141_V06,79.421,0.073,350.891,396.046,27.832,-121.338,39.063,13915.784,54347.737,20210818_074141,479202,56,50484,48
2,KBBX20210820_124019_V06,-43.805,0.227,290.300,504.635,17.892,-121.687,38.574,8945.854,102432.428,20210820_054019,479183,17,25185,17
2,KBBX20210820_125002_V06,-34.088,0.053,289.593,506.117,26.476,-121.691,38.568,13238.235,103189.859,20210820_055002,479180,45,25178,40
1,KBBX20210820_122831_V06,-55.605,0.394,289.591,503.998,19.990,-121.691,38.577,9994.850,102131.595,20210820_052831,479181,11,28116,11
1,KBBX20210821_123315_V06,-51.800,0.335,292.602,502.947,15.154,-121.674,38.582,7576.756,101540.732,20210821_053315,479182,2,25776,2
2,KBBX20210821_123315_V06,-51.800,0.099,492.623,493.215,11.159,-120.526,38.621,5579.284,136414.315,20210821_053315,479182,2,25776,2
1,KBBX20210822_122705_V06,-58.894,0.294,289.312,504.802,20.873,-121.693,38.574,10436.587,102540.284,20210822_052705,479181,2,25624,1
1,KBBX20210823_123015_V06,-56.654,0.332,292.709,500.466,15.046,-121.674,38.593,7522.905,100299.144,20210823_053015,479183,12,26895,10
2,KBBX20210823_131846_V06,-8.137,0.187,307.446,504.411,20.828,-121.589,38.575,10413.849,102273.529,20210823_061846,479179,44,19247,36
1,KBBX20210824_132157_V06,-5.879,0.146,302.602,503.431,26.978,-121.617,38.580,13489.226,101724.048,20210824_062157,479181,25,21389,19
2,KBBX20210824_134123_V06,13.554,0.143,98.113,164.166,19.551,-122.816,40.102,9775.718,121664.918,20210824_064123,479181,22,27245,17
1,KBBX20210825_123629_V06,-52.271,0.077,288.294,502.021,20.598,-121.699,38.586,10299.070,101180.163,20210825_053629,479177,33,24176,24
1,KBBX20210825_124612_V06,-42.554,0.174,288.802,502.033,27.634,-121.696,38.586,13817.192,101171.365,20210825_054612,479183,14,23883,9
2,KBBX20210825_132503_V06,-3.704,0.170,297.289,452.389,16.494,-121.647,38.810,8247.053,76206.512,20210825_062503,479183,161,20565,153
3,KBBX20210825_140354_V06,35.146,0.068,82.187,132.103,42.964,-122.912,40.245,21482.143,137506.321,20210825_070354,479181,72,27994,52
6,KBBX20210826_140538_V06,35.955,0.073,485.362,479.611,6.889,-120.567,38.682,3444.478,129053.252,20210826_070538,479180,26,30279,21
6,KBBX20210826_141244_V06,43.055,-1.000,485.362,479.611,18.178,-120.567,38.682,9088.978,129053.252,20210826_071244,479180,49,31005,39
6,KBBX20210826_141950_V06,50.155,0.335,487.387,481.137,18.349,-120.555,38.675,9174.497,130311.705,20210826_071950,479183,18,32574,13
6,KBBX20210826_142655_V06,57.239,0.570,489.461,482.325,18.663,-120.543,38.670,9331.361,131470.093,20210826_072655,479183,26,33507,24
6,KBBX20210826_143557_V06,66.272,0.213,490.419,481.947,16.330,-120.538,38.671,8165.043,131685.370,20210826_073557,479181,47,34297,39
1,KBBX20210826_132306_V06,-6.578,0.172,277.220,402.469,14.961,-121.763,39.035,7480.278,52485.372,20210826_062306,479183,48,21415,43
2,KBBX20210826_133011_V06,0.505,0.062,148.594,285.855,9.242,-122.513,39.556,4620.806,76032.511,20210826_063011,479184,66,23043,60
3,KBBX20210826_134422_V06,14.689,0.081,80.503,123.445,20.174,-122.922,40.284,10086.787,140846.017,20210826_064422,479184,72,26434,68
4,KBBX20210826_134422_V06,14.689,0.079,101.776,163.918,17.597,-122.794,40.103,8798.293,120219.772,20210826_064422,479184,72,26434,68
7,KBBX20210826_141244_V06,43.055,0.057,91.004,120.975,25.752,-122.861,40.296,12875.875,137594.778,20210826_071244,479180,49,31005,39
9,KBBX20210826_143557_V06,66.272,0.089,133.385,148.247,30.622,-122.610,40.175,15310.938,112682.811,20210826_073557,479181,47,34297,39
1,KBBX20210827_131458_V06,-15.635,0.130,481.381,489.351,8.602,-120.590,38.639,4300.894,131103.674,20210827_061458,479182,68,24014,45
1,KBBX20210827_132204_V06,-8.535,0.058,482.188,489.398,16.322,-120.585,38.638,8161.116,131400.125,20210827_062204,479180,93,23208,75
3,KBBX20210827_133615_V06,5.649,0.057,212.410,370.422,31.010,-122.139,39.178,15505.136,56194.387,20210827_063615,479182,68,26341,64
2,KBBX20210828_130707_V06,-24.407,0.097,241.767,347.648,11.292,-121.969,39.281,5646.154,37621.059,20210828_060707,479176,39,27306,18
3,KBBX20210828_130707_V06,-24.407,0.073,280.543,508.246,17.697,-121.743,38.558,8848.468,104576.477,20210828_060707,479176,39,27306,18
4,KBBX20210828_134941_V06,18.159,0.052,264.757,456.768,11.796,-121.834,38.790,5898.006,80340.419,20210828_064941,479183,93,29810,67
1,KBBX20210829_130610_V06,-26.279,0.576,540.060,489.278,9.166,-120.253,38.635,4583.048,152851.908,20210829_060610,479186,46,26924,35
4,KBBX20210829_140254_V06,30.454,0.061,293.226,553.221,17.599,-121.670,38.356,8799.503,126656.012,20210829_070254,479182,47,30952,40
1,KBBX20210830_134701_V06,13.649,0.054,134.408,25.043,17.381,-122.612,40.730,8690.607,160485.185,20210830_064701,479184,249,25194,234
2,KBBX20210830_140629_V06,33.116,0.067,103.649,441.335,12.120,-122.763,38.854,6059.969,120963.976,20210830_070629,479181,272,24805,253
1,KBBX20210831_133500_V06,0.711,0.061,145.677,387.515,19.504,-122.524,39.099,9751.941,88705.329,20210831_063500,479184,28,23317,25
1,KBBX20210831_134443_V06,10.428,0.104,147.128,386.580,26.384,-122.515,39.103,13191.892,87843.486,20210831_064443,479182,34,25409,30
2,KBBX20210831_142342_V06,49.411,0.299,175.673,436.029,28.946,-122.348,38.881,14472.982,92142.538,20210831_072342,479188,46,26947,39
1,KBBX20210901_142148_V06,46.591,0.133,167.535,415.172,43.742,-122.396,38.975,21871.159,87765.847,20210901_072148,479186,23,32818,21
1,KBBX20210902_132733_V06,-8.579,0.054,257.756,339.959,18.934,-121.877,39.316,9467.064,29074.170,20210902_062733,479183,25,26250,21
2,KBBX20210902_133716_V06,1.138,0.056,157.149,434.825,13.344,-122.455,38.886,6672.077,98214.061,20210902_063716,479184,84,32380,71
3,KBBX20210902_134658_V06,10.838,0.097,235.050,176.333,35.243,-122.012,40.052,17621.620,69842.729,20210902_064658,479180,30,37138,26
1,KBBX20210903_140952_V06,32.818,0.277,264.447,125.818,31.254,-121.841,40.280,15627.018,88886.635,20210903_070952,479184,35,30800,32
1,KBBX20210904_134408_V06,6.165,0.094,81.994,97.447,25.415,-122.916,40.401,12707.447,148790.279,20210904_064408,479185,49,27091,39
1,KBBX20210905_140701_V06,28.129,0.362,293.452,557.918,19.153,-121.669,38.334,9576.739,129000.538,20210905_070701,479181,14,28757,11
1,KBBX20210906_131656_V06,-22.873,0.102,292.359,505.657,12.291,-121.676,38.570,6145.550,102899.621,20210906_061656,479182,140,26352,105
1,KBBX20210906_132640_V06,-13.139,0.083,294.101,508.000,25.372,-121.666,38.559,12685.767,104041.917,20210906_062640,479181,66,23950,49
4,KBBX20210906_140534_V06,25.761,0.248,295.728,559.019,21.882,-121.656,38.329,10941.209,129527.288,20210906_070534,479184,95,27463,53
4,KBBX20210906_141518_V06,35.494,0.635,291.251,561.094,27.216,-121.682,38.320,13608.173,130620.338,20210906_071518,479183,137,28842,111
3,KBBX20210906_133623_V06,-3.423,0.056,281.755,408.338,13.629,-121.737,39.008,6814.631,54931.985,20210906_063623,479187,96,23742,65
1,KBBX20210907_140052_V06,20.142,0.425,174.610,411.155,17.548,-122.355,38.993,8774.174,83782.602,20210907_070052,479184,92,28377,74
1,KBBX20210909_131308_V06,-29.427,0.213,211.113,376.393,23.331,-122.146,39.151,11665.277,58602.153,20210909_061308,479187,139,26616,118
5,KBBX20210910_135245_V06,9.271,0.083,211.667,212.822,22.625,-122.148,39.888,11312.435,62053.782,20210910_065245,479185,268,60838,43
2,KBBX20210911_140915_V06,24.853,0.054,53.692,189.450,25.633,-123.074,39.985,12816.591,134989.828,20210911_070915,479180,10,22083,9
2,KBBX20210911_141858_V06,34.570,0.061,57.717,190.733,37.666,-123.050,39.980,18832.801,132891.065,20210911_071858,479181,5,22161,4
2,KBBX20210911_142842_V06,44.303,-1.000,61.509,191.941,49.923,-123.028,39.974,24961.595,130914.730,20210911_072842,479180,21,22060,16
2,KBBX20210911_143825_V06,54.020,0.059,57.527,195.609,38.343,-123.051,39.958,19171.505,131994.859,20210911_073825,479180,41,22431,33
1,KBBX20210911_134948_V06,5.403,0.140,272.008,536.148,11.090,-121.792,38.432,5545.210,118900.642,20210911_064948,479182,34,19661,21
1,KBBX20210912_133445_V06,-10.564,0.103,262.628,347.240,31.972,-121.848,39.283,15986.147,30117.451,20210912_063445,479180,12,24265,7
1,KBBX20210913_131910_V06,-27.066,0.445,295.303,511.682,20.564,-121.659,38.543,10281.985,105866.908,20210913_061910,479183,269,25159,231
2,KBBX20210913_133837_V06,-7.616,0.068,261.658,356.027,24.326,-121.854,39.244,12162.851,33945.549,20210913_063837,479178,345,20389,301
1,KBBX20210914_133244_V06,-14.418,0.054,303.890,509.089,15.492,-121.609,38.554,7746.037,104562.810,20210914_063244,479186,209,22906,185
1,KBBX20210914_134226_V06,-4.718,0.149,302.741,507.858,25.536,-121.616,38.560,12767.881,103938.133,20210914_064226,479180,85,21674,72
1,KBBX20210916_134003_V06,-8.939,0.052,278.630,534.255,7.322,-121.754,38.441,3660.756,117613.870,20210916_064003,479181,43,24683,39
1,KBBX20210916_134945_V06,0.761,0.843,282.702,531.606,16.909,-121.731,38.453,8454.598,116125.719,20210916_064945,479186,36,29514,32
1,KBBX20210916_140910_V06,20.177,0.333,286.884,530.305,23.741,-121.707,38.459,11870.291,115339.095,20210916_070910,479187,49,34132,40
3,KBBX20210916_142835_V06,39.594,0.112,194.303,403.213,28.152,-122.242,39.030,14076.084,73865.961,20210916_072835,479184,43,34344,40
3,KBBX20210916_143818_V06,49.311,-1.000,194.303,403.213,43.602,-122.242,39.030,21800.834,73865.961,20210916_073818,479185,48,33892,44
3,KBBX20210916_144800_V06,59.011,-1.000,194.303,403.213,59.025,-122.242,39.030,29512.334,73865.961,20210916_074800,479184,44,33682,43
3,KBBX20210916_150724_V06,78.411,0.099,156.371,385.927,71.566,-122.462,39.106,35783.033,83685.348,20210916_080724,479184,42,31586,41
2,KBBX20210916_141852_V06,29.877,0.294,236.001,152.975,20.620,-122.007,40.158,10309.933,80175.168,20210916_071852,479187,29,34581,27
1,KBBX20210921_130848_V06,-44.804,0.122,130.845,378.457,2.853,-122.610,39.139,1426.272,93231.947,20210921_060848,479181,40,25631,37
2,KBBX20210921_131831_V06,-35.088,0.081,279.682,403.164,5.054,-121.749,39.031,2527.168,52572.617,20210921_061831,479184,98,26397,90
4,KBBX20210921_142630_V06,32.896,0.075,89.569,93.110,29.688,-122.871,40.421,14843.860,147550.555,20210921_072630,479184,88,24481,77
1,KBBX20210926_141050_V06,12.559,0.060,27.884,252.049,32.509,-123.218,39.701,16254.692,138154.202,20210926_071050,479180,77,32702,74
2,KBBX20210926_142033_V06,22.276,0.060,244.908,103.857,31.303,-121.956,40.379,15651.630,101866.484,20210926_072033,479183,98,36000,81
1,KBBX20210928_130623_V06,-53.781,0.092,301.235,425.546,8.740,-121.625,38.931,4369.802,62775.788,20210928_060623,479179,23,36507,13
1,KBBX20210928_131328_V06,-46.698,0.212,301.853,425.876,15.142,-121.621,38.929,7570.812,62945.003,20210928_061328,479179,31,34140,28
2,KBBX20210930_130421_V06,-57.720,0.273,296.672,422.807,5.983,-121.651,38.943,2991.306,61426.186,20210930_060421,479184,24,27829,21
2,KBBX20210930_131125_V06,-50.653,-1.000,296.672,422.807,17.219,-121.651,38.943,8609.306,61426.186,20210930_061125,479183,37,27153,33
2,KBBX20210930_131830_V06,-43.570,0.565,295.987,417.825,17.037,-121.655,38.965,8518.512,58946.777,20210930_061830,479184,70,27264,66
2,KBBX20210930_132536_V06,-36.470,0.743,294.937,413.627,19.653,-121.661,38.984,9826.521,56869.826,20210930_062536,479183,77,28564,62
2,KBBX20211001_134435_V06,-18.445,0.087,226.717,311.943,17.316,-122.057,39.442,8657.948,37125.120,20211001_064435,479181,77,37519,59
2,KBBX20211001_135140_V06,-11.362,0.259,226.178,312.752,24.829,-122.060,39.438,12414.573,37457.656,20211001_065140,479186,191,32329,177
1,KBBX20211001_132319_V06,-39.712,0.055,295.519,409.539,17.762,-121.658,39.003,8880.953,54815.360,20211001_062319,479181,83,24911,66
1,KBBX20211003_140850_V06,3.874,0.069,261.217,353.327,29.496,-121.856,39.256,14747.757,32969.224,20211003_070850,479182,376,26499,342
2,KBBX20211003_150705_V06,62.124,0.121,290.885,510.439,11.942,-121.684,38.548,5971.168,105318.196,20211003_080705,479180,126,30076,90
1,KBBX20211004_132338_V06,-42.299,0.073,102.205,378.004,4.892,-122.776,39.139,2445.855,106310.119,20211004_062338,479181,104,21975,82
2,KBBX20211005_141447_V06,7.875,0.274,292.089,560.951,16.840,-121.677,38.321,8419.762,130535.278,20211005_071447,479184,124,19885,108
2,KBBX20211005_142428_V06,17.558,0.082,292.214,561.533,26.584,-121.676,38.318,13292.241,130824.603,20211005_072428,479182,107,20082,99
1,KBBX20211005_133340_V06,-33.242,0.082,300.138,414.835,15.843,-121.631,38.979,7921.444,57417.659,20211005_063340,479184,93,22891,89
1,KBBX20211007_141532_V06,6.657,0.100,113.249,342.490,8.755,-122.714,39.300,4377.347,95761.720,20211007_071532,479183,129,34015,120
1,KBBX20211007_142514_V06,16.357,0.053,114.499,342.897,18.392,-122.707,39.298,9196.092,95197.913,20211007_072514,479180,92,34496,86
2,KBBX20211007_141532_V06,6.657,0.071,297.781,574.314,33.845,-121.644,38.261,16922.253,137161.440,20211007_071532,479183,129,34015,120
1,KBBX20211010_133541_V06,-36.181,0.063,327.558,394.996,5.265,-121.472,39.068,2632.410,49456.494,20211010_063541,479183,48,27611,44
1,KBBX20211010_134524_V06,-26.464,0.060,327.723,395.115,18.121,-121.472,39.068,9060.383,49536.190,20211010_064524,479183,37,36116,37
8,KBBX20211013_150211_V06,47.288,0.195,366.278,390.718,22.359,-121.249,39.087,11179.487,56174.922,20211013_080211,479180,270,41699,250
8,KBBX20211013_150704_V06,52.172,0.612,368.049,391.716,27.573,-121.238,39.082,13786.726,57101.994,20211013_080704,479184,125,41664,107
8,KBBX20211013_151157_V06,57.055,0.264,374.119,392.505,27.584,-121.203,39.079,13791.969,59268.234,20211013_081157,479181,135,41387,104
8,KBBX20211013_151649_V06,61.922,0.323,383.218,394.860,24.697,-121.151,39.068,12348.648,63094.776,20211013_081649,479181,101,39850,87
8,KBBX20211013_152128_V06,66.572,0.377,392.426,399.930,21.852,-121.098,39.045,10926.220,68059.960,20211013_082128,479186,140,39404,109
7,KBBX20211013_144125_V06,26.522,0.274,345.008,387.402,17.355,-121.372,39.102,8677.464,49154.866,20211013_074125,479185,181,43396,158
7,KBBX20211013_144648_V06,31.905,-1.000,345.008,387.402,25.914,-121.372,39.102,12957.214,49154.866,20211013_074648,479185,144,43056,112
7,KBBX20211013_145155_V06,37.022,0.306,347.603,384.143,27.137,-121.356,39.117,13568.305,48337.345,20211013_075155,479185,72,42676,64
4,KBBX20211013_141827_V06,3.555,0.121,317.401,381.665,21.603,-121.531,39.128,10801.592,41749.257,20211013_071827,479178,276,45284,260
6,KBBX20211013_141827_V06,3.555,0.063,244.369,522.545,19.756,-121.950,38.493,9878.220,114696.593,20211013_071827,479178,276,45284,260
1,KBBX20211014_132804_V06,-47.849,0.192,314.158,359.565,8.725,-121.550,39.228,4362.370,30612.285,20211014_062804,479187,56,36948,46
1,KBBX20211014_133746_V06,-38.149,0.171,315.969,357.073,17.527,-121.539,39.239,8763.541,29632.461,20211014_063746,479186,96,35650,84
1,KBBX20211015_142846_V06,11.826,0.073,328.136,577.852,26.759,-121.471,38.245,13379.286,139636.396,20211015_072846,479182,213,23155,205
1,KBBX20211015_143828_V06,21.526,0.540,324.905,574.658,35.397,-121.489,38.259,17698.727,137892.516,20211015_073828,479185,147,23020,131
1,KBBX20211015_144809_V06,31.209,0.084,321.709,568.765,34.312,-121.508,38.286,17155.811,134820.194,20211015_074809,479180,135,22407,126
1,KBBX20211016_133150_V06,-46.138,0.241,318.062,355.237,8.610,-121.527,39.247,4305.021,29057.636,20211016_063150,479182,105,27786,84
1,KBBX20211016_134132_V06,-36.438,0.729,318.599,355.969,16.766,-121.524,39.244,8382.807,29489.387,20211016_064132,479183,475,27262,452
3,KBBX20211021_135257_V06,-30.253,0.190,268.133,306.168,26.947,-121.817,39.468,13473.505,16229.418,20211021_065257,479186,990,88857,985
3,KBBX20211024_144943_V06,23.308,0.145,347.435,297.927,19.259,-121.356,39.505,9629.303,23740.052,20211024_074943,479192,9830,338181,1425
3,KBBX20211024_150157_V06,35.541,0.050,347.293,298.584,26.400,-121.357,39.502,13199.893,23657.069,20211024_080157,479183,12646,339232,1324
5,KBBX20211024_150157_V06,35.541,0.228,440.510,221.442,10.784,-120.811,39.847,5392.178,80489.921,20211024_080157,479183,12646,339232,1324
1,KBBX20211026_134401_V06,-44.557,0.081,214.759,309.518,10.824,-122.127,39.452,5411.884,42885.419,20211026_064401,479188,1451,39994,1447
1,KBBX20211026_135105_V06,-37.490,0.099,216.762,309.603,21.131,-122.115,39.452,10565.432,41894.971,20211026_065105,479181,1345,40437,1337
3,KBBX20211026_150511_V06,36.610,0.137,287.851,391.820,11.997,-121.702,39.083,5998.652,46310.037,20211026_080511,479180,163,45962,152
5,KBBX20211026_152347_V06,55.210,0.095,259.123,351.712,15.530,-121.868,39.263,7764.887,32958.590,20211026_082347,479180,129,47679,101
1,KBBX20211027_134033_V06,-49.114,0.068,282.763,396.382,10.154,-121.731,39.062,5076.996,48955.844,20211027_064033,479183,640,23629,629
1,KBBX20211027_134739_V06,-42.014,0.254,283.144,395.416,18.165,-121.729,39.066,9082.529,48446.485,20211027_064739,479187,630,22245,622
3,KBBX20211027_134739_V06,-42.014,0.066,242.088,306.688,34.293,-121.968,39.466,17146.339,29148.235,20211027_064739,479187,630,22245,622
4,KBBX20211027_143009_V06,0.486,0.086,289.283,396.340,15.058,-121.694,39.062,7528.997,48467.360,20211027_073009,479181,964,21445,947
1,KBBX20211028_135137_V06,-39.143,0.118,281.039,407.609,19.018,-121.741,39.011,9508.881,54633.123,20211028_065137,479181,737,22700,730
4,KBBX20211029_143054_V06,-0.960,0.444,282.301,399.020,17.702,-121.734,39.050,8850.796,50294.830,20211029_073054,479182,820,30212,808
4,KBBX20211029_143759_V06,6.124,0.344,282.531,400.990,23.680,-121.733,39.041,11839.762,51244.616,20211029_073759,479183,890,25703,873
1,KBBX20211029_134821_V06,-43.510,0.055,290.827,394.863,15.980,-121.685,39.069,7990.019,47652.968,20211029_064821,479184,2045,27648,2033
2,KBBX20211029_142349_V06,-8.043,0.165,242.163,327.401,51.419,-121.967,39.372,25709.332,31999.734,20211029_072349,479185,1480,37210,1470
3,KBBX20211029_142349_V06,-8.043,0.075,281.361,399.527,20.885,-121.739,39.048,10442.604,50628.709,20211029_072349,479185,1480,37210,1470
1,KBBX20211030_134721_V06,-45.615,0.104,287.765,401.772,20.622,-121.702,39.038,10310.781,51252.201,20211030_064721,479180,1882,36321,1843
2,KBBX20211030_150136_V06,28.635,0.088,199.537,284.930,40.125,-122.216,39.563,20062.658,50793.324,20211030_080136,479187,510,26871,307
1,KBBX20211031_140304_V06,-31.008,0.102,228.655,322.043,32.153,-122.046,39.396,16076.683,37336.176,20211031_070304,479180,817,30687,814
1,KBBX20211102_134133_V06,-54.757,0.052,216.082,316.964,10.820,-122.119,39.419,5410.046,42807.579,20211102_064133,479181,171,27777,165
1,KBBX20211102_140058_V06,-35.340,0.201,215.241,319.277,21.453,-122.124,39.408,10726.709,43461.576,20211102_070058,479181,2219,24379,2210
1,KBBX20211102_141041_V06,-25.623,0.321,217.299,321.185,20.229,-122.112,39.400,10114.314,42685.596,20211102_071041,479182,2213,24613,2202
1,KBBX20211102_142024_V06,-15.907,0.473,242.724,322.546,43.767,-121.964,39.394,21883.278,30776.887,20211102_072024,479184,1646,22499,1641
1,KBBX20211102_143007_V06,-6.190,0.560,244.427,328.362,45.800,-121.954,39.368,22900.113,31195.762,20211102_073007,479181,1424,20377,1416
1,KBBX20211102_143950_V06,3.527,0.516,242.566,329.796,50.262,-121.965,39.361,25130.879,32351.403,20211102_073950,479184,1263,18371,1249
2,KBBX20211102_140058_V06,-35.340,0.128,227.716,379.573,6.024,-122.050,39.137,3011.854,53751.285,20211102_070058,479181,2219,24379,2210
4,KBBX20211102_150859_V06,32.677,0.181,270.066,431.013,16.162,-121.804,38.906,8081.091,67194.605,20211102_080859,479180,372,19146,355
5,KBBX20211102_152826_V06,52.127,0.663,232.519,300.861,28.435,-122.024,39.492,14217.281,33743.002,20211102_082826,479186,664,19962,656
4,KBBX20211104_143317_V06,-5.269,0.078,231.144,316.039,25.281,-122.031,39.423,12640.547,35349.587,20211104_073317,479180,1195,66318,966
4,KBBX20211104_143755_V06,-0.636,0.073,229.423,314.785,21.714,-122.042,39.429,10856.943,36054.628,20211104_073755,479188,911,65437,670
6,KBBX20211104_145152_V06,13.314,0.189,230.877,320.743,27.912,-122.033,39.402,13956.121,36084.030,20211104_075152,479182,733,63707,666
1,KBBX20211105_154313_V06,63.537,0.158,285.203,393.637,16.573,-121.717,39.074,8286.457,47399.600,20211105_084313,479182,397,28623,368
2,KBBX20211106_151018_V06,29.490,0.116,25.360,514.340,36.551,-123.206,38.520,18275.642,174190.199,20211106_081018,479185,692,31259,660
2,KBBX20211106_151441_V06,33.874,0.072,25.403,511.636,41.916,-123.206,38.532,20958.036,173344.431,20211106_081441,479184,758,33024,729
1,KBBX20211106_145233_V06,11.740,0.214,26.939,418.271,47.030,-123.207,38.953,23515.135,148786.987,20211106_075233,479185,571,29735,529
1,KBBX20211108_151646_V06,33.693,0.078,324.145,518.439,20.058,-121.493,38.512,10029.216,109884.719,20211108_071646,479181,368,19250,360
1,KBBX20211108_152628_V06,43.393,0.309,326.869,518.830,35.473,-121.478,38.510,17736.344,110236.490,20211108_072628,479181,164,18563,157
14,KBBX20211109_160811_V06,83.977,0.123,22.241,461.016,30.960,-123.230,38.760,15479.836,160527.486,20211109_080811,479187,193,100559,169
14,KBBX20211109_161334_V06,89.360,0.108,22.699,461.257,37.120,-123.227,38.759,18559.918,160389.721,20211109_081334,479183,226,100901,202
8,KBBX20211109_153133_V06,47.344,0.177,204.327,274.428,17.355,-122.189,39.610,8677.328,49515.845,20211109_073133,479179,99,118217,82
10,KBBX20211110_154520_V06,59.994,0.142,39.019,199.065,33.424,-123.159,39.941,16712.078,139909.836,20211110_074520,479185,198,31089,190
10,KBBX20211110_155215_V06,66.911,0.155,43.622,197.000,45.050,-123.132,39.950,22524.983,138147.264,20211110_075215,479184,199,30592,192
1,KBBX20211110_140027_V06,-44.889,0.073,319.663,359.125,14.550,-121.518,39.230,7274.834,31154.199,20211110_060027,479183,1219,33324,1217
4,KBBX20211110_142804_V06,-17.273,0.072,253.373,98.770,52.726,-121.906,40.402,26363.211,103280.485,20211110_062804,479181,290,28885,284
9,KBBX20211110_153123_V06,46.044,0.053,35.297,231.223,26.444,-123.177,39.796,13221.813,136746.126,20211110_073123,479180,204,33928,190
1,KBBX20211112_141826_V06,-29.170,0.065,240.237,313.406,38.478,-121.979,39.435,19239.016,30624.167,20211112_061826,479182,1366,35305,1365
1,KBBX20211112_142807_V06,-19.487,0.463,241.415,321.187,48.123,-121.972,39.400,24061.311,31149.331,20211112_062807,479182,1433,36170,1430
1,KBBX20211112_143749_V06,-9.787,0.386,241.448,329.931,46.386,-121.971,39.361,23192.921,32879.575,20211112_063749,479181,1062,34594,1060
1,KBBX20211112_144731_V06,-0.087,0.558,247.618,334.237,46.004,-121.935,39.342,23002.188,31288.999,20211112_064731,479191,697,28298,686
1,KBBX20211112_150654_V06,19.296,0.066,239.019,333.352,54.158,-121.985,39.345,27079.137,34753.058,20211112_070654,479185,797,21114,792
1,KBBX20211113_143914_V06,-9.500,0.279,247.284,326.422,51.149,-121.938,39.377,25574.720,29483.390,20211113_063914,479182,963,31488,952
2,KBBX20211113_143914_V06,-9.500,0.168,286.784,399.903,21.990,-121.708,39.046,10995.203,50386.861,20211113_063914,479182,963,31488,952
2,KBBX20211114_140441_V06,-45.178,0.174,281.054,398.869,6.083,-121.741,39.051,3041.250,50333.908,20211114_060441,479181,235,29071,235
2,KBBX20211114_141424_V06,-35.462,0.211,280.517,398.604,13.255,-121.744,39.052,6627.688,50255.107,20211114_061424,479183,744,29146,743
2,KBBX20211114_142406_V06,-25.762,0.100,283.362,399.004,15.024,-121.728,39.050,7511.875,50196.347,20211114_062406,479181,855,27229,853
2,KBBX20211114_143346_V06,-16.095,0.128,283.925,397.884,16.133,-121.725,39.055,8066.623,49597.658,20211114_063346,479183,999,25153,997
2,KBBX20211114_144328_V06,-6.395,0.147,282.120,397.895,16.204,-121.735,39.055,8101.816,49757.123,20211114_064328,479185,792,24589,789
2,KBBX20211114_150251_V06,12.988,0.097,281.495,401.418,19.625,-121.739,39.039,9812.672,51546.162,20211114_070251,479183,569,20781,563
3,KBBX20211114_140441_V06,-45.178,0.082,246.892,354.291,9.662,-121.939,39.251,4831.055,37973.660,20211114_060441,479181,235,29071,235
3,KBBX20211114_141424_V06,-35.462,-1.000,246.892,354.291,25.112,-121.939,39.251,12555.805,37973.660,20211114_061424,479183,744,29146,743
3,KBBX20211114_142406_V06,-25.762,-1.000,246.892,354.291,40.535,-121.939,39.251,20267.305,37973.660,20211114_062406,479181,855,27229,853
3,KBBX20211114_143346_V06,-16.095,0.090,233.491,321.273,41.395,-122.018,39.400,20697.596,34914.286,20211114_063346,479183,999,25153,997
3,KBBX20211114_144328_V06,-6.395,0.190,239.353,318.702,46.842,-121.984,39.411,23420.926,31732.714,20211114_064328,479185,792,24589,789
3,KBBX20211114_150251_V06,12.988,0.265,234.672,324.724,54.489,-122.011,39.384,27244.510,34924.830,20211114_070251,479183,569,20781,563
3,KBBX20211114_151233_V06,22.688,0.202,235.325,315.277,56.709,-122.007,39.427,28354.663,33227.325,20211114_071233,479185,549,18427,545
3,KBBX20211114_152215_V06,32.388,0.055,235.516,320.776,57.802,-122.006,39.402,28901.216,33874.298,20211114_072215,479184,369,16783,365
4,KBBX20211114_142406_V06,-25.762,0.153,238.138,373.009,19.077,-121.990,39.167,9538.647,47846.532,20211114_062406,479181,855,27229,853
5,KBBX20211114_142406_V06,-25.762,0.094,216.550,322.848,26.437,-122.116,39.392,13218.252,43260.785,20211114_062406,479181,855,27229,853
4,KBBX20211117_151013_V06,16.989,0.131,237.744,321.085,58.237,-121.993,39.401,29118.671,32864.896,20211117_071013,479182,801,21137,792
4,KBBX20211117_151717_V06,24.056,-1.000,237.744,321.085,69.473,-121.993,39.401,34736.671,32864.896,20211117_071717,479180,546,20141,537
4,KBBX20211117_152420_V06,31.106,0.052,232.651,320.030,55.590,-122.023,39.405,27795.218,35132.173,20211117_072420,479184,631,19741,628
2,KBBX20211118_141543_V06,-38.625,0.052,241.965,312.452,38.011,-121.969,39.440,19005.678,29677.934,20211118_061543,479181,1296,28519,1285
2,KBBX20211118_142228_V06,-31.875,0.152,241.026,314.061,46.370,-121.974,39.432,23185.059,30313.632,20211118_062228,479183,1006,27819,996
2,KBBX20211118_142913_V06,-25.125,0.347,238.126,319.915,45.314,-121.991,39.406,22657.223,32500.151,20211118_062913,479183,867,25199,862
5,KBBX20211118_152359_V06,29.641,0.053,31.504,99.947,34.018,-123.213,40.386,17009.007,167415.034,20211118_072359,479183,598,27246,588
5,KBBX20211118_152826_V06,34.091,0.052,32.510,99.611,40.135,-123.207,40.388,20067.518,167112.799,20211118_072826,479191,740,26512,695
1,KBBX20211118_140858_V06,-45.375,0.092,332.136,376.335,17.482,-121.446,39.152,8740.871,41411.805,20211118_060858,479178,480,29018,478
4,KBBX20211118_151706_V06,22.758,0.066,23.741,239.908,27.736,-123.244,39.756,13867.769,141359.602,20211118_071706,479184,567,24632,554
1,KBBX20211119_141502_V06,-40.418,0.068,220.904,279.143,18.220,-122.092,39.589,9109.879,40900.049,20211119_061502,479184,337,82119,296
1,KBBX20211119_142109_V06,-34.301,0.056,223.080,278.563,24.371,-122.079,39.592,12185.508,39925.589,20211119_062109,479177,677,82402,645
1,KBBX20211124_144621_V06,-14.549,0.192,377.941,473.819,6.446,-121.184,38.712,3222.878,95246.769,20211124_064621,479187,225,20491,212
3,KBBX20211124_160347_V06,62.885,0.171,283.477,394.270,14.110,-121.727,39.072,7055.010,47853.538,20211124_080347,479180,167,17872,161
1,KBBX20211125_150524_V06,3.437,0.076,262.719,459.506,15.930,-121.846,38.778,7964.765,81902.543,20211125_070524,479181,618,17712,589
1,KBBX20211125_151505_V06,13.120,0.131,268.618,453.582,27.643,-121.812,38.804,13821.426,78377.763,20211125_071505,479184,359,16787,346
1,KBBX20211126_144455_V06,-18.101,0.069,288.605,425.889,11.835,-121.697,38.929,5917.519,63201.631,20211126_064455,479184,446,17594,438
1,KBBX20211127_143401_V06,-30.045,0.284,189.850,380.637,9.041,-122.269,39.131,4520.327,68255.779,20211127_063401,479181,311,14035,303
1,KBBX20211129_151145_V06,5.636,0.070,245.653,349.951,28.973,-121.947,39.271,14486.305,36907.531,20211129_071145,479182,446,18610,426
1,KBBX20211130_143144_V06,-35.387,0.055,271.841,402.585,14.139,-121.794,39.034,7069.387,53189.785,20211130_063144,479183,94,22151,89
1,KBBX20211130_144124_V06,-25.720,-1.000,271.841,402.585,29.509,-121.794,39.034,14754.387,53189.785,20211130_064124,479182,155,18997,150
1,KBBX20211130_150045_V06,-6.370,0.328,260.470,351.265,28.448,-121.861,39.265,14223.984,32367.594,20211130_070045,479182,424,18596,412
3,KBBX20211130_150045_V06,-6.370,0.122,283.202,398.629,17.330,-121.729,39.052,8664.806,50024.842,20211130_070045,479182,424,18596,412
3,KBBX20211130_151026_V06,3.313,0.092,283.841,400.057,24.766,-121.725,39.045,12382.935,50676.572,20211130_071026,479184,484,17866,467
2,KBBX20211130_144124_V06,-25.720,0.215,260.311,350.261,19.440,-121.862,39.270,9719.879,32020.957,20211130_064124,479182,155,18997,150
4,KBBX20211130_150045_V06,-6.370,0.097,268.100,451.057,13.120,-121.815,38.816,6560.036,77194.047,20211130_070045,479182,424,18596,412
1,KBBX20211201_141044_V06,-57.378,0.141,280.860,407.023,11.425,-121.742,39.014,5712.677,54360.306,20211201_061044,479182,110,18174,102
1,KBBX20211201_142025_V06,-47.695,0.190,284.684,412.529,27.758,-121.720,38.989,13878.763,56783.378,20211201_062025,479185,176,17844,173
1,KBBX20211202_142835_V06,-40.505,0.148,226.988,377.663,8.184,-122.054,39.146,4091.955,53296.889,20211202_062835,479180,129,21714,127
2,KBBX20211202_143815_V06,-30.838,0.176,271.535,408.382,20.216,-121.796,39.008,10108.103,56028.999,20211202_063815,479181,74,20014,69
1,KBBX20211203_142701_V06,-43.032,0.064,309.209,538.847,4.562,-121.579,38.420,2281.231,119512.464,20211203_062701,479178,108,18478,104
2,KBBX20211203_151525_V06,5.368,0.077,281.475,397.720,20.215,-121.739,39.056,10107.481,49730.357,20211203_071525,479182,214,18335,200
3,KBBX20211203_151525_V06,5.368,0.062,257.924,352.613,28.587,-121.875,39.259,14293.272,33684.076,20211203_071525,479182,214,18335,200
4,KBBX20211203_162309_V06,73.102,0.076,279.895,397.787,16.796,-121.748,39.056,8397.945,49916.247,20211203_082309,479182,102,17576,98
2,KBBX20211204_142531_V06,-45.474,0.565,283.484,416.958,20.136,-121.727,38.969,10068.180,59059.194,20211204_062531,479182,86,11775,86
2,KBBX20211204_143511_V06,-35.807,0.583,285.398,418.127,27.765,-121.716,38.964,13882.505,59513.073,20211204_063511,479182,272,11021,260
2,KBBX20211204_144451_V06,-26.141,0.264,281.231,416.467,29.590,-121.740,38.972,14795.016,58984.867,20211204_064451,479185,273,10437,248
1,KBBX20211204_141550_V06,-55.157,0.120,243.399,354.218,12.208,-121.960,39.251,6104.109,39189.588,20211204_061550,479182,43,12474,39
1,KBBX20211205_154632_V06,34.618,0.163,216.540,364.461,33.728,-122.115,39.205,16864.166,52727.423,20211205_074632,479180,58,19717,56
3,KBBX20211206_161253_V06,60.063,0.126,240.984,343.380,10.271,-121.974,39.300,5135.672,36622.018,20211206_081253,479185,60,32856,52
3,KBBX20211206_161720_V06,64.513,0.462,241.917,343.258,15.488,-121.968,39.301,7743.878,36210.728,20211206_081720,479176,65,33414,64
3,KBBX20211206_162211_V06,69.363,0.355,244.219,343.340,17.179,-121.955,39.300,8589.263,35319.616,20211206_082211,479179,69,34366,60
3,KBBX20211206_162648_V06,73.980,0.369,249.845,346.618,18.633,-121.922,39.286,9316.335,34237.192,20211206_082648,479183,56,34757,50
1,KBBX20211206_143941_V06,-33.137,0.070,243.797,344.753,10.504,-121.957,39.294,5251.848,35922.304,20211206_063941,479183,77,14290,76
2,KBBX20211206_151823_V06,5.563,0.099,246.252,350.281,20.424,-121.943,39.269,10212.118,36800.221,20211206_071823,479184,55,29047,48
1,KBBX20211207_141644_V06,-56.971,0.113,235.575,349.861,15.925,-122.005,39.271,7962.656,40732.756,20211207_061644,479183,83,25482,78
2,KBBX20211207_141644_V06,-56.971,0.071,310.000,88.217,6.098,-121.573,40.450,3048.824,106009.265,20211207_061644,479183,83,25482,78
2,KBBX20211207_142122_V06,-52.338,-1.000,310.000,88.217,13.465,-121.573,40.450,6732.324,106009.265,20211207_062122,479186,148,25307,139
2,KBBX20211207_142601_V06,-47.688,0.117,310.461,88.720,5.471,-121.570,40.448,2735.382,105769.488,20211207_062601,479185,86,25121,77
4,KBBX20211207_144910_V06,-24.538,0.057,247.760,289.894,10.854,-121.936,39.541,5426.981,26604.109,20211207_064910,479189,97,21987,90
3,KBBX20211208_150246_V06,-11.801,0.612,288.625,426.818,20.148,-121.697,38.925,10073.809,63663.770,20211208_070246,479183,133,16895,132
3,KBBX20211208_151227_V06,-2.118,0.407,288.344,422.507,30.528,-121.699,38.944,15264.178,61529.987,20211208_071227,479183,259,18695,256
1,KBBX20211208_143344_V06,-40.834,0.121,285.445,423.096,7.020,-121.716,38.942,3510.067,61976.557,20211208_063344,479187,176,15666,174
1,KBBX20211208_144325_V06,-31.151,-1.000,285.445,423.096,22.417,-121.716,38.942,11208.317,61976.557,20211208_064325,479183,240,16375,234
1,KBBX20211208_150246_V06,-11.801,0.119,282.362,407.594,18.295,-121.733,39.011,9147.278,54515.079,20211208_070246,479183,133,16895,132
1,KBBX20211209_141739_V06,-57.758,0.093,274.494,432.476,15.737,-121.779,38.899,7868.299,67454.693,20211209_061739,479184,602,74091,180
1,KBBX20211209_142221_V06,-53.058,0.325,275.388,432.999,21.986,-121.774,38.897,10993.037,67628.700,20211209_062221,479182,466,72049,114
1,KBBX20211209_142647_V06,-48.625,0.234,279.800,430.679,26.384,-121.748,38.908,13191.858,66115.684,20211209_062647,479177,453,70501,142
7,KBBX20211209_162046_V06,65.358,0.144,312.447,375.011,69.549,-121.560,39.158,34774.384,38018.311,20211209_082046,479179,468,66655,434
7,KBBX20211209_162513_V06,69.808,0.068,314.794,375.499,73.673,-121.546,39.156,36836.612,38467.287,20211209_082513,479183,313,65078,289
7,KBBX20211209_162941_V06,74.275,-1.000,316.601,375.875,78.502,-121.536,39.154,39250.961,38834.827,20211209_082941,479181,295,63005,257
7,KBBX20211209_163407_V06,78.708,0.094,341.167,382.121,54.465,-121.394,39.126,27232.418,45930.886,20211209_083407,479184,337,61900,300
7,KBBX20211209_163834_V06,83.158,-1.000,341.167,382.121,61.540,-121.394,39.126,30770.168,45930.886,20211209_083834,479182,579,61322,511
7,KBBX20211209_164302_V06,87.625,0.361,336.465,386.875,63.063,-121.421,39.105,31531.504,47108.855,20211209_084302,479181,380,60133,324
3,KBBX20211209_144904_V06,-26.342,0.065,233.693,321.184,28.791,-122.017,39.400,14395.582,34804.381,20211209_064904,479181,416,62789,295
5,KBBX20211209_151545_V06,0.342,0.105,237.537,335.644,33.895,-121.994,39.335,16947.525,35958.934,20211209_071545,479181,126,61482,95
5,KBBX20211209_152013_V06,4.808,0.109,235.143,351.036,29.774,-122.007,39.266,14886.929,41264.659,20211209_072013,479189,185,62034,149
1,KBBX20211211_142828_V06,-48.553,0.155,275.522,397.129,16.412,-121.773,39.059,8205.795,50083.023,20211211_062828,479178,434,16604,431
3,KBBX20211211_143525_V06,-41.603,0.060,280.305,429.060,25.087,-121.745,38.915,12543.533,65277.109,20211211_063525,479181,358,18477,347
3,KBBX20211213_151452_V06,-3.664,0.151,41.379,167.377,63.079,-123.148,40.084,31539.612,145321.771,20211213_071452,479186,1312,191491,327
3,KBBX20211213_152059_V06,2.453,0.663,41.087,162.005,66.484,-123.150,40.108,33242.250,146696.008,20211213_072059,479187,1113,189340,340
3,KBBX20211213_152706_V06,8.570,-1.000,40.835,157.375,70.763,-123.152,40.128,35381.633,147909.334,20211213_072706,479189,1267,195942,312
3,KBBX20211213_153312_V06,14.670,0.572,48.768,143.125,64.774,-123.107,40.193,32387.016,148094.027,20211213_073312,479181,1188,201627,319
3,KBBX20211213_153858_V06,20.436,0.087,52.518,137.012,66.826,-123.085,40.221,33412.969,148165.810,20211213_073858,479184,1231,207199,391
1,KBBX20211213_143818_V06,-40.230,0.084,34.928,140.802,43.125,-123.188,40.203,21562.641,154602.201,20211213_063818,479183,393,184352,229
1,KBBX20211213_144423_V06,-34.147,0.142,34.808,139.053,48.364,-123.189,40.211,24182.230,155105.607,20211213_064423,479174,311,184233,226
4,KBBX20211213_152706_V06,8.570,0.555,41.733,156.300,57.709,-123.147,40.133,28854.412,147776.639,20211213_072706,479189,1267,195942,312
8,KBBX20211213_161945_V06,61.220,0.098,31.812,474.655,40.651,-123.173,38.699,20325.405,160022.913,20211213_081945,479184,815,220037,347
2,KBBX20211214_143501_V06,-44.230,0.156,26.980,452.539,47.441,-123.203,38.798,23720.371,156371.626,20211214_063501,479179,383,78439,156
2,KBBX20211214_143940_V06,-39.580,0.169,27.242,452.224,53.428,-123.202,38.800,26713.781,156180.225,20211214_063940,479185,446,75974,247
2,KBBX20211214_144419_V06,-34.930,0.064,30.312,449.981,53.889,-123.184,38.810,26944.440,154293.357,20211214_064419,479185,517,74233,398
1,KBBX20211214_142529_V06,-53.763,0.052,27.495,455.118,50.337,-123.200,38.787,25168.488,156780.401,20211214_062529,479187,337,88691,205
1,KBBX20211214_143023_V06,-48.863,0.159,27.184,455.023,54.923,-123.202,38.787,27461.552,156892.448,20211214_063023,479187,366,82577,175
10,KBBX20211214_151950_V06,0.587,0.082,300.292,249.841,14.829,-121.630,39.722,7414.623,25079.831,20211214_071950,479187,741,54170,696
10,KBBX20211214_152412_V06,4.953,0.155,300.231,250.355,20.881,-121.630,39.720,10440.465,24822.780,20211214_072412,479186,682,52583,650
7,KBBX20211214_151106_V06,-8.147,0.145,297.280,250.380,20.689,-121.648,39.720,10344.566,24847.183,20211214_071106,479182,652,60488,575
7,KBBX20211214_151529_V06,-3.763,0.178,298.640,249.346,16.876,-121.640,39.724,8437.977,25335.912,20211214_071529,479189,579,57894,526
1,KBBX20211215_143207_V06,-47.819,0.597,279.457,419.003,20.622,-121.750,38.960,10311.069,60381.398,20211215_063207,479187,87,87588,62
1,KBBX20211215_143646_V06,-43.169,0.263,279.735,416.841,26.867,-121.749,38.970,13433.448,59292.881,20211215_063646,479179,133,86113,113
4,KBBX20211215_152321_V06,3.414,0.064,28.238,252.945,32.853,-123.216,39.697,16426.517,137902.752,20211215_072321,479184,586,95103,569
4,KBBX20211215_152753_V06,7.948,-1.000,28.238,252.945,40.061,-123.216,39.697,20030.517,137902.752,20211215_072753,479181,728,96166,688
4,KBBX20211215_153225_V06,12.481,0.053,58.870,247.138,57.929,-123.038,39.726,28964.622,123428.178,20211215_073225,479188,727,97449,694
9,KBBX20211216_154919_V06,28.720,0.407,27.057,46.318,33.111,-123.245,40.627,16555.279,186314.687,20211216_074919,479180,301,49749,277
9,KBBX20211216_155336_V06,33.003,0.526,27.722,47.559,39.102,-123.241,40.622,19551.029,185648.579,20211216_075336,479192,250,49599,225
9,KBBX20211216_160212_V06,41.603,0.708,32.918,58.234,43.057,-123.209,40.574,21528.515,180127.274,20211216_080212,479187,243,47655,212
9,KBBX20211216_160630_V06,45.903,0.595,39.253,60.925,45.769,-123.171,40.563,22884.559,176879.721,20211216_080630,479188,261,46789,241
9,KBBX20211216_161048_V06,50.203,0.357,41.783,62.697,47.254,-123.156,40.555,23627.015,175348.781,20211216_081048,479192,269,46446,226
9,KBBX20211216_161506_V06,54.503,0.357,47.181,66.444,51.915,-123.124,40.538,25957.439,172094.328,20211216_081506,479183,266,45270,226
9,KBBX20211216_161923_V06,58.786,0.674,51.941,64.325,53.076,-123.096,40.548,26537.823,171081.914,20211216_081923,479189,194,44642,163
9,KBBX20211216_162341_V06,63.086,0.432,55.622,65.711,53.776,-123.074,40.542,26887.774,169272.222,20211216_082341,479183,241,43397,196
9,KBBX20211216_162758_V06,67.370,0.200,59.769,66.845,55.807,-123.049,40.537,27903.643,167385.727,20211216_082758,479187,163,43474,131
9,KBBX20211216_163216_V06,71.670,0.214,64.792,68.469,53.285,-123.020,40.530,26642.313,165022.161,20211216_083216,479193,175,42958,165
5,KBBX20211216_151251_V06,-7.747,0.195,261.072,439.938,17.038,-121.856,38.866,8519.199,72626.014,20211216_071251,479188,209,60504,177
5,KBBX20211216_151744_V06,-2.864,0.264,262.040,439.495,23.673,-121.850,38.868,11836.520,72283.960,20211216_071744,479186,540,58263,525
8,KBBX20211216_154502_V06,24.436,0.457,288.713,411.657,25.049,-121.697,38.993,12524.380,56113.179,20211216_074502,479186,375,50035,355
1,KBBX20211217_143522_V06,-45.863,0.085,285.463,420.334,18.074,-121.716,38.954,9036.957,60604.451,20211217_063522,479175,272,22521,267
1,KBBX20211217_144226_V06,-38.796,0.060,284.666,418.786,28.722,-121.720,38.961,14361.231,59886.033,20211217_064226,479175,336,21953,329
5,KBBX20211218_154845_V06,26.917,0.252,283.763,428.911,14.789,-121.725,38.915,7394.373,64965.015,20211218_074845,479182,257,14863,251
5,KBBX20211218_160253_V06,41.050,0.079,275.698,422.053,32.214,-121.772,38.946,16107.180,62224.244,20211218_080253,479187,359,14854,355
5,KBBX20211218_160957_V06,48.117,0.060,278.623,414.290,31.789,-121.755,38.981,15894.526,58136.147,20211218_080957,479182,451,14529,441
2,KBBX20211218_150617_V06,-15.550,0.308,280.708,404.836,23.522,-121.743,39.024,11760.824,53298.005,20211218_070617,479181,500,14134,489
2,KBBX20211218_151322_V06,-8.466,0.055,279.827,405.627,30.846,-121.748,39.020,15422.934,53768.014,20211218_071322,479182,512,15825,499
3,KBBX20211218_153436_V06,12.767,0.444,240.104,341.678,47.313,-121.979,39.308,23656.431,36484.930,20211218_073436,479181,400,15808,394
3,KBBX20211218_154140_V06,19.834,0.117,238.520,340.659,56.825,-121.988,39.312,28412.527,36854.203,20211218_074140,479174,382,15051,370
1,KBBX20211218_144502_V06,-36.800,0.151,283.039,415.346,21.922,-121.730,38.977,10961.130,58293.292,20211218_064502,479183,650,18153,638
4,KBBX20211218_153436_V06,12.767,0.052,369.955,318.539,22.005,-121.226,39.412,11002.388,36185.130,20211218_073436,479181,400,15808,394
6,KBBX20211218_163112_V06,69.367,0.060,275.822,412.312,23.166,-121.771,38.990,11583.197,57442.489,20211218_083112,479183,219,14627,214
1,KBBX20211219_142802_V06,-54.373,0.102,311.128,513.112,17.586,-121.568,38.536,8792.954,106701.134,20211219_062802,479179,112,24776,111
1,KBBX20211219_143241_V06,-49.723,0.345,310.812,514.552,24.861,-121.570,38.530,12430.312,107412.034,20211219_063241,479179,109,24614,109
2,KBBX20211219_151753_V06,-4.523,0.052,305.645,211.963,8.686,-121.599,39.893,4343.060,44108.884,20211219_071753,479186,152,21671,149
2,KBBX20211220_143305_V06,-49.866,0.395,236.630,390.715,19.521,-121.998,39.087,9760.645,55328.237,20211220_063305,479188,62,19289,60
2,KBBX20211220_144010_V06,-42.783,0.089,237.126,391.624,28.703,-121.995,39.083,14351.638,55560.856,20211220_064010,479175,134,19180,131
1,KBBX20211220_143305_V06,-49.866,0.445,310.231,86.496,6.072,-121.571,40.458,3036.240,106874.384,20211220_063305,479188,62,19289,60
3,KBBX20211220_154337_V06,20.667,0.062,215.181,360.765,17.624,-122.123,39.221,8812.008,52169.686,20211220_074337,479182,128,19437,125
3,KBBX20211221_144911_V06,-34.278,0.123,38.527,196.130,74.231,-123.162,39.954,37115.685,140674.339,20211221_064911,479189,91,27953,83
3,KBBX20211221_145338_V06,-29.828,0.080,38.396,195.785,80.328,-123.162,39.955,40164.193,140798.870,20211221_065338,479181,110,28034,102
1,KBBX20211221_144227_V06,-41.012,0.150,26.560,175.819,51.943,-123.234,40.044,25971.304,150158.522,20211221_064227,479175,70,25346,65
2,KBBX20211221_144227_V06,-41.012,0.054,24.414,498.275,41.790,-123.213,38.592,20895.037,169750.406,20211221_064227,479175,70,25346,65
4,KBBX20211221_145338_V06,-29.828,0.063,280.618,398.655,15.480,-121.744,39.052,7739.841,50270.498,20211221_065338,479181,110,28034,102
5,KBBX20211221_151617_V06,-7.178,0.119,232.233,362.319,29.502,-122.024,39.215,14751.032,46032.560,20211221_071617,479190,61,26732,51
6,KBBX20211221_153452_V06,11.405,0.101,227.845,358.583,28.931,-122.050,39.232,14465.319,46471.096,20211221_073452,479181,81,26222,67
7,KBBX20211221_154410_V06,20.705,0.068,20.010,264.971,25.873,-123.263,39.642,12936.388,141086.359,20211221_074410,479182,94,26774,87
7,KBBX20211221_154849_V06,25.355,-1.000,20.010,264.971,33.266,-123.263,39.642,16633.138,141086.359,20211221_074849,479190,81,27681,68
7,KBBX20211221_155327_V06,29.988,0.079,20.690,249.128,28.637,-123.260,39.714,14318.402,141952.512,20211221_075327,479183,79,27500,69
9,KBBX20211221_155327_V06,29.988,0.056,228.235,344.637,32.569,-122.048,39.294,16284.325,42256.966,20211221_075327,479183,79,27500,69
11,KBBX20211222_160557_V06,42.008,0.124,175.659,330.780,21.064,-122.353,39.355,10531.977,64047.099,20211222_080557,479191,91,160213,72
11,KBBX20211222_161105_V06,47.141,0.197,176.551,328.871,26.773,-122.348,39.364,13386.694,63389.767,20211222_081105,479187,108,162126,79
11,KBBX20211222_161612_V06,52.258,0.054,183.052,314.610,22.025,-122.311,39.428,11012.255,58928.389,20211222_081612,479189,110,161872,73
11,KBBX20211222_162119_V06,57.374,0.175,185.111,313.325,28.102,-122.299,39.434,14050.786,57829.412,20211222_082119,479187,127,161312,90
11,KBBX20211222_162627_V06,62.508,0.096,194.411,303.710,22.021,-122.245,39.478,11010.546,52827.020,20211222_082627,479190,155,157487,121
11,KBBX20211222_163135_V06,67.641,0.112,195.933,301.815,28.076,-122.237,39.486,14038.056,52041.607,20211222_083135,479187,83,157544,72
11,KBBX20211222_163629_V06,72.541,0.220,204.105,289.903,23.584,-122.189,39.540,11792.086,48212.766,20211222_083629,479181,70,155929,62
3,KBBX20211223_145020_V06,-34.058,0.114,36.348,154.970,61.850,-123.179,40.139,30925.093,150454.066,20211223_065020,479186,2773,210519,750
3,KBBX20211223_150231_V06,-21.874,0.138,36.243,151.565,68.622,-123.180,40.154,34311.233,151327.949,20211223_070231,479179,3429,205725,778
3,KBBX20211223_150838_V06,-15.758,0.149,39.838,149.194,65.877,-123.159,40.165,32938.650,150355.179,20211223_070838,479182,3976,204401,793
3,KBBX20211223_151444_V06,-9.658,0.063,42.703,145.547,53.811,-123.142,40.182,26905.373,150047.992,20211223_071444,479185,4376,201951,966
10,KBBX20211223_161537_V06,51.226,0.185,211.568,362.702,15.877,-122.144,39.213,7938.469,54202.503,20211223_081537,479187,1335,178047,498
10,KBBX20211223_162144_V06,57.342,0.421,211.192,362.041,21.858,-122.146,39.216,10929.169,54166.488,20211223_082144,479180,1245,174863,486
4,KBBX20211223_150838_V06,-15.758,0.079,215.719,344.412,30.506,-122.120,39.295,15252.766,47633.131,20211223_070838,479182,3976,204401,793
11,KBBX20211224_163737_V06,72.810,0.076,268.538,440.529,11.504,-121.813,38.863,5751.873,72003.842,20211224_083737,479191,271,52546,255
11,KBBX20211224_164216_V06,77.460,0.103,269.034,438.791,18.314,-121.810,38.871,9157.224,71101.604,20211224_084216,479184,353,51144,334
11,KBBX20211224_164654_V06,82.093,0.138,274.182,434.564,22.534,-121.780,38.890,11267.124,68509.095,20211224_084654,479191,225,51041,213
11,KBBX20211224_165132_V06,86.726,0.665,276.803,430.630,25.332,-121.765,38.908,12666.057,66336.955,20211224_085132,479185,178,51096,168
1,KBBX20211224_143633_V06,-48.257,0.153,284.355,418.808,29.560,-121.722,38.961,14780.207,59916.714,20211224_063633,479180,463,60340,185
1,KBBX20211224_144055_V06,-43.890,0.113,284.567,419.479,34.806,-121.721,38.958,17402.953,60236.035,20211224_064055,479182,478,59161,191
4,KBBX20211224_154633_V06,21.743,0.477,280.288,432.512,24.417,-121.745,38.899,12208.599,66985.330,20211224_074633,479183,1116,55143,1044
6,KBBX20211225_152458_V06,-0.223,0.118,167.391,396.238,19.658,-122.398,39.060,9829.235,81925.128,20211225_072458,479185,3121,199334,1673
7,KBBX20211225_153710_V06,11.977,0.069,41.897,177.347,48.668,-123.144,40.039,24333.775,142881.987,20211225_073710,479185,4011,197973,2374
12,KBBX20211225_163809_V06,72.960,0.063,40.907,240.920,68.044,-123.143,39.752,34022.034,132871.707,20211225_083809,479177,3597,191147,1371
1,KBBX20211226_142535_V06,-59.956,0.118,232.042,381.781,8.747,-122.025,39.127,4373.291,53165.993,20211226_062535,479191,54,31175,46
1,KBBX20211226_143007_V06,-55.423,0.064,232.353,381.469,14.370,-122.023,39.129,7185.177,52946.645,20211226_063007,479179,73,29043,72
1,KBBX20211226_143434_V06,-50.973,0.091,237.315,378.593,15.774,-121.994,39.142,7887.057,50264.929,20211226_063434,479187,133,28522,125
7,KBBX20211226_160348_V06,38.261,0.561,291.571,413.081,26.831,-121.680,38.987,13415.600,56697.388,20211226_080348,479181,232,30582,210
7,KBBX20211226_160826_V06,42.894,0.419,290.776,413.711,33.082,-121.685,38.984,16540.889,57042.431,20211226_080826,479182,179,30367,153
7,KBBX20211226_161305_V06,47.544,0.057,289.697,414.454,34.588,-121.691,38.981,17293.833,57458.292,20211226_081305,479181,188,30401,170
8,KBBX20211226_160348_V06,38.261,0.179,298.206,127.878,17.736,-121.642,40.271,8868.172,86065.679,20211226_080348,479181,232,30582,210
8,KBBX20211226_160826_V06,42.894,0.056,299.262,127.615,24.219,-121.636,40.272,12109.555,86193.537,20211226_080826,479182,179,30367,153
2,KBBX20211226_143007_V06,-55.423,0.095,219.877,347.418,11.660,-122.096,39.282,5829.823,46551.585,20211226_063007,479179,73,29043,72
3,KBBX20211226_144333_V06,-41.989,0.051,291.667,416.793,29.226,-121.680,38.970,14613.159,58544.955,20211226_064333,479180,86,30051,79
4,KBBX20211226_151245_V06,-12.789,0.164,294.679,414.845,32.721,-121.662,38.979,16360.254,57483.934,20211226_071245,479189,281,29642,263
6,KBBX20211226_154515_V06,19.711,0.110,287.478,413.505,17.079,-121.704,38.985,8539.467,57096.950,20211226_074515,479182,363,30446,332
4,KBBX20211227_144536_V06,-40.255,0.068,133.304,90.536,56.676,-122.614,40.435,28337.973,133849.292,20211227_064536,479181,74,102092,69
4,KBBX20211227_145044_V06,-35.122,0.224,134.894,92.360,62.593,-122.604,40.427,31296.374,132640.818,20211227_065044,479191,118,102660,105
8,KBBX20211227_151124_V06,-14.455,0.270,22.721,339.070,20.111,-123.239,39.309,10055.645,140008.887,20211227_071124,479186,184,101784,160
8,KBBX20211227_151603_V06,-9.805,0.282,23.291,338.874,27.352,-123.236,39.310,13676.032,139713.166,20211227_071603,479188,231,100350,208
11,KBBX20211227_153855_V06,13.062,0.121,342.889,421.348,21.822,-121.384,38.949,10910.955,64352.181,20211227_073855,479186,250,96694,229
11,KBBX20211227_154322_V06,17.512,0.111,342.191,418.529,27.534,-121.388,38.962,13766.913,62906.963,20211227_074322,479181,360,98324,339
22,KBBX20211227_162926_V06,63.578,0.146,84.716,426.219,27.969,-122.873,38.921,13984.524,124778.487,20211227_082926,479182,298,101761,276
22,KBBX20211227_163358_V06,68.112,0.068,85.154,426.608,34.333,-122.870,38.919,17166.567,124687.793,20211227_083358,479185,193,100079,172
1,KBBX20211227_143549_V06,-50.038,0.067,276.999,419.406,19.238,-121.764,38.958,9619.213,60800.497,20211227_063549,479181,67,103398,54
20,KBBX20211227_162454_V06,59.045,0.147,299.770,93.555,17.293,-121.633,40.426,8646.439,103222.781,20211227_082454,479188,278,103691,259
24,KBBX20211227_163830_V06,72.645,0.064,54.420,250.554,39.347,-123.064,39.710,19673.361,125254.116,20211227_083830,479181,151,97610,115
26,KBBX20211227_164734_V06,81.712,0.126,40.061,548.648,35.680,-123.119,38.367,17840.206,179856.765,20211227_084734,479181,111,94990,96
2,KBBX20211228_143913_V06,-46.920,0.815,28.146,421.364,45.584,-123.199,38.939,22791.756,148857.270,20211228_063913,479181,50,112815,38
2,KBBX20211228_144421_V06,-41.786,0.764,29.031,422.987,49.687,-123.194,38.932,24843.332,148786.970,20211228_064421,479190,88,103728,80
2,KBBX20211228_144928_V06,-36.670,0.614,34.275,423.484,51.870,-123.164,38.930,25935.183,146507.595,20211228_064928,479176,91,100460,84
2,KBBX20211228_145421_V06,-31.786,0.713,37.149,430.571,52.408,-123.147,38.898,26204.249,146747.461,20211228_065421,479186,73,97432,64
2,KBBX20211228_150353_V06,-22.253,0.765,41.041,435.957,54.464,-123.124,38.874,27232.085,146239.579,20211228_070353,479183,53,93507,45
2,KBBX20211228_150832_V06,-17.603,0.357,44.088,435.750,57.397,-123.106,38.875,28698.543,144843.964,20211228_070832,479185,34,94759,30
2,KBBX20211228_151513_V06,-10.920,0.147,50.552,446.369,59.339,-123.068,38.828,29669.499,144609.742,20211228_071513,479184,114,93474,104
2,KBBX20211228_151951_V06,-6.286,0.183,25.041,479.852,27.055,-123.212,38.675,13527.390,164278.171,20211228_071951,479190,237,87421,223
2,KBBX20211228_152430_V06,-1.636,0.182,26.043,480.650,33.725,-123.206,38.672,16862.735,164078.402,20211228_072430,479183,258,81754,239
2,KBBX20211228_152909_V06,3.014,0.330,36.119,488.696,30.035,-123.147,38.636,15017.665,162203.025,20211228_072909,479186,267,78282,253
1,KBBX20211228_142857_V06,-57.186,0.166,26.346,414.301,45.474,-123.211,38.971,22737.192,148282.690,20211228_062857,479184,40,129463,32
1,KBBX20211228_143405_V06,-52.053,0.133,26.444,414.080,51.220,-123.210,38.972,25610.118,148195.034,20211228_063405,479184,27,122121,26
3,KBBX20211228_144421_V06,-41.786,0.514,285.614,424.422,27.530,-121.715,38.936,13764.767,62625.256,20211228_064421,479190,88,103728,80
16,KBBX20211228_155237_V06,26.480,0.076,222.147,358.388,27.996,-122.083,39.232,13997.843,48657.788,20211228_075237,479185,189,83957,175
22,KBBX20211228_163604_V06,69.930,0.182,118.998,281.635,24.421,-122.685,39.574,12210.613,90965.540,20211228_083604,479190,183,124421,157
25,KBBX20211228_164156_V06,75.797,0.051,91.669,244.377,18.002,-122.847,39.740,9000.827,107814.492,20211228_084156,479180,153,128667,143
4,KBBX20211229_163748_V06,71.417,0.084,288.285,229.546,27.772,-121.700,39.813,13886.135,35710.515,20211229_083748,479185,90,139640,74
4,KBBX20211229_164227_V06,76.067,0.060,287.572,228.350,33.473,-121.704,39.819,16736.564,36359.708,20211229_084227,479188,50,137815,44
3,KBBX20211230_154318_V06,16.705,0.108,215.635,356.075,21.743,-122.120,39.243,10871.439,50650.420,20211230_074318,479182,220,14204,210
3,KBBX20211230_160241_V06,36.088,0.177,216.043,359.967,33.046,-122.118,39.225,16523.019,51587.025,20211230_080241,479182,130,14197,118
2,KBBX20211230_151219_V06,-14.278,0.085,304.349,208.982,7.686,-121.606,39.906,3842.770,45560.739,20211230_071219,479182,98,13941,94
4,KBBX20211230_154318_V06,16.705,0.086,287.377,397.097,19.735,-121.705,39.059,9867.304,48957.219,20211230_074318,479182,220,14204,210
2,KBBX20211231_153103_V06,4.279,0.051,221.919,349.523,19.340,-122.084,39.272,9670.002,46231.010,20211231_073103,479180,88,16204,84
