track_id,filename,from_sunrise,det_score,x,y,r,lon,lat,radius,geo_dist,local_time,n_radar_pixels,n_refAbove40_pixels,n_xcorrAbove0.95_pixels,n_xcorrBelow0.95_refAbove40_pixels
1,KDLH20200602_112221_V06,64.849,0.056,358.254,434.926,34.490,-91.832,46.229,17244.976,73482.324,20200602_062221,479167,24,26273,23
1,KDLH20200603_105135_V06,34.605,0.063,396.362,271.936,76.761,-91.577,46.961,38380.478,50182.609,20200603_055135,479166,1,30541,0
1,KDLH20200603_110546_V06,48.788,0.135,404.388,275.310,90.223,-91.524,46.946,45111.534,53633.800,20200603_060546,479169,4,28790,1
2,KDLH20200603_111253_V06,55.905,0.090,497.219,502.418,19.612,-90.939,45.919,9805.992,141304.938,20200603_061253,479169,2,28468,0
6,KDLH20200604_101138_V06,-4.862,0.139,509.710,118.296,19.973,-90.814,47.646,9986.725,138739.644,20200604_051138,479178,3312,93272,112
6,KDLH20200604_101753_V06,1.388,-1.000,509.710,118.296,29.911,-90.814,47.646,14955.475,138739.644,20200604_051753,479171,3236,93733,69
6,KDLH20200604_102347_V06,7.288,-1.000,509.710,118.296,39.292,-90.814,47.646,19645.975,138739.644,20200604_052347,479172,3469,95017,79
6,KDLH20200604_102947_V06,13.288,0.116,492.308,108.962,36.306,-90.929,47.689,18152.917,135534.183,20200604_052947,479177,3155,96306,44
18,KDLH20200604_112732_V06,71.038,0.112,194.919,380.147,19.190,-92.894,46.474,9595.064,66078.604,20200604_062732,479175,4005,127534,31
18,KDLH20200604_113332_V06,77.038,-1.000,194.919,380.147,28.730,-92.894,46.474,14365.064,66078.604,20200604_063332,479177,2972,127589,21
18,KDLH20200604_113905_V06,82.588,0.076,215.927,371.238,23.091,-92.757,46.515,11545.509,55097.945,20200604_063905,479173,2623,124699,9
22,KDLH20200604_113905_V06,82.588,0.094,464.917,116.470,66.843,-91.112,47.657,33421.532,123370.181,20200604_063905,479173,2623,124699,9
4,KDLH20200605_100729_V06,-8.571,0.080,359.235,310.049,21.573,-91.822,46.791,10786.560,30040.845,20200605_050729,479168,1954,126628,356
1,KDLH20200614_095229_V06,-21.462,0.057,344.220,345.639,2.743,-91.921,46.631,1371.532,31773.914,20200614_045229,479169,4,30705,2
2,KDLH20200622_113313_V06,78.325,0.145,390.552,264.183,73.452,-91.614,46.996,36725.754,48688.992,20200622_063313,479169,0,32144,0
6,KDLH20200623_103239_V06,17.460,0.060,280.276,302.788,8.350,-92.339,46.824,4174.953,9960.249,20200623_053239,479165,3,22344,1
9,KDLH20200623_113044_V06,75.543,0.144,512.165,324.381,13.125,-90.822,46.719,6562.420,106780.416,20200623_063044,479165,5,30018,5
13,KDLH20200624_111228_V06,56.940,0.069,508.806,122.643,27.612,-90.821,47.626,13806.129,136981.114,20200624_061228,479161,3,36925,2
13,KDLH20200624_111933_V06,64.023,0.136,511.163,121.988,36.089,-90.805,47.629,18044.339,138092.573,20200624_061933,479169,5,37426,5
1,KDLH20200624_091719_V06,-58.210,0.053,238.635,137.585,1.746,-92.617,47.567,872.854,86810.537,20200624_041719,479171,0,33512,0
2,KDLH20200624_095245_V06,-22.777,0.139,297.864,412.133,23.315,-92.224,46.333,11657.721,56076.520,20200624_045245,479168,1,32599,0
8,KDLH20200624_104926_V06,33.906,0.133,306.403,417.336,32.074,-92.168,46.309,16037.014,58755.404,20200624_054926,479168,1,34612,0
19,KDLH20200624_113343_V06,78.190,0.080,387.439,94.523,27.551,-91.627,47.760,13775.280,111653.803,20200624_063343,479167,0,38373,0
2,KDLH20200626_091816_V06,-58.047,0.078,364.358,113.317,8.403,-91.781,47.676,4201.611,98732.850,20200626_041816,479181,32,59850,1
12,KDLH20200626_110233_V06,46.237,0.086,382.033,224.952,31.624,-91.669,47.173,15812.016,55591.338,20200626_060233,479183,3,65453,3
14,KDLH20200626_110549_V06,49.503,0.053,398.681,95.345,24.417,-91.552,47.755,12208.614,113601.997,20200626_060549,479179,3,63889,2
1,KDLH20200627_100355_V06,-12.845,0.054,128.639,376.621,11.872,-93.326,46.487,5935.818,93855.248,20200627_050355,479171,6,22874,1
2,KDLH20200627_113055_V06,74.155,0.054,457.082,334.686,21.686,-91.183,46.676,10843.056,80433.038,20200627_063055,479166,3,25833,1
1,KDLH20200628_110844_V06,51.487,0.160,363.116,187.617,13.464,-91.792,47.342,6731.865,64446.961,20200628_060844,479170,6,25586,5
2,KDLH20200628_110844_V06,51.487,0.053,345.661,117.446,3.248,-91.906,47.658,1623.924,94088.702,20200628_060844,479170,6,25586,5
12,KDLH20200630_111510_V06,56.847,0.154,153.816,315.523,18.383,-93.167,46.763,9191.654,73503.036,20200630_061510,479174,7306,149468,39
12,KDLH20200630_111914_V06,60.914,0.077,153.035,315.140,23.586,-93.172,46.765,11793.109,73871.451,20200630_061914,479177,7215,150110,71
1,KDLH20200702_094652_V06,-32.662,0.051,382.761,174.886,7.505,-91.662,47.398,3752.266,75004.812,20200702_044652,479168,1,21795,1
2,KDLH20200702_111900_V06,59.471,0.052,324.008,411.810,32.832,-92.054,46.334,16416.107,57179.171,20200702_061900,479170,1,33783,1
1,KDLH20200703_093853_V06,-41.299,0.058,366.517,174.125,20.076,-91.769,47.402,10037.853,71184.926,20200703_043853,479169,1,21468,0
2,KDLH20200703_100009_V06,-20.032,0.070,29.816,450.645,39.180,-93.958,46.146,19590.208,154671.630,20200703_050009,479168,2,23225,1
3,KDLH20200703_103536_V06,15.418,0.122,453.325,352.050,23.602,-91.209,46.598,11800.915,80959.554,20200703_053536,479169,11,29640,3
2,KDLH20200704_112646_V06,65.899,0.189,27.674,435.324,37.208,-93.974,46.215,18604.191,152047.868,20200704_062646,479168,5,28050,4
2,KDLH20200704_113351_V06,72.983,0.056,27.064,434.185,43.899,-93.979,46.220,21949.344,152068.894,20200704_063351,479168,4,28639,2
1,KDLH20200704_103713_V06,16.349,0.061,331.214,408.445,36.371,-92.007,46.349,18185.558,56423.878,20200704_053713,479170,6,28467,3
3,KDLH20200705_092416_V06,-57.316,0.101,87.713,240.745,9.145,-93.608,47.095,4572.542,110201.053,20200705_042416,479173,86,45306,1
2,KDLH20200706_100308_V06,-19.196,0.121,323.776,130.624,11.295,-92.052,47.599,5647.621,85518.149,20200706_050308,479171,1,24794,1
2,KDLH20200706_101013_V06,-12.113,0.501,323.697,131.738,19.441,-92.052,47.594,9720.340,84961.089,20200706_051013,479165,4,28121,0
1,KDLH20200706_100308_V06,-19.196,0.153,288.714,138.016,8.878,-92.285,47.565,4438.919,81188.205,20200706_050308,479171,1,24794,1
2,KDLH20200707_102413_V06,1.112,0.162,376.652,190.557,69.151,-91.703,47.328,34575.294,66808.080,20200707_052413,479167,3,33098,1
2,KDLH20200707_103117_V06,8.179,0.326,373.010,194.892,79.309,-91.727,47.309,39654.376,63988.555,20200707_053117,479165,1,35046,1
2,KDLH20200707_103822_V06,15.262,0.404,368.104,206.963,85.657,-91.760,47.254,42828.278,57649.924,20200707_053822,479167,1,37940,0
2,KDLH20200707_104527_V06,22.345,0.172,376.787,213.922,86.533,-91.703,47.223,43266.642,57675.257,20200707_054527,479168,1,37904,1
2,KDLH20200707_105231_V06,29.412,0.182,382.769,219.513,83.564,-91.664,47.198,41781.929,57725.495,20200707_055231,479169,0,39321,0
2,KDLH20200707_110641_V06,43.579,0.226,368.783,233.722,92.856,-91.756,47.134,46427.833,47759.258,20200707_060641,479168,0,41408,0
2,KDLH20200707_111345_V06,50.645,-1.000,363.260,240.704,96.783,-91.793,47.103,48391.402,43352.559,20200707_061345,479167,2,43067,1
2,KDLH20200707_112050_V06,57.729,0.214,361.981,258.971,84.534,-91.802,47.021,42266.876,37165.298,20200707_062050,479169,0,43568,0
2,KDLH20200707_112755_V06,64.812,0.314,364.154,258.353,92.149,-91.788,47.023,46074.576,38243.563,20200707_062755,479170,0,44249,0
4,KDLH20200707_113500_V06,71.895,0.427,380.061,272.969,75.187,-91.684,46.957,37593.685,42250.441,20200707_063500,479166,4,44409,2
4,KDLH20200707_114205_V06,78.979,0.533,385.442,275.279,78.255,-91.649,46.947,39127.398,44473.287,20200707_064205,479166,1,45251,1
4,KDLH20200707_114910_V06,86.062,0.113,389.589,266.214,88.928,-91.621,46.987,44464.230,47873.798,20200707_064910,479169,0,45567,0
1,KDLH20200707_102413_V06,1.112,0.173,357.278,295.329,8.833,-91.834,46.857,4416.298,28733.981,20200707_052413,479167,3,33098,1
7,KDLH20200709_094028_V06,-44.274,0.151,26.987,278.057,32.262,-94.002,46.922,16130.938,136946.601,20200709_044028,479176,19888,329044,1600
17,KDLH20200709_110959_V06,45.243,0.182,136.467,110.031,27.509,-93.299,47.686,13754.381,125330.955,20200709_060959,479179,6129,290048,252
21,KDLH20200709_112455_V06,60.176,0.074,173.984,351.631,5.888,-93.032,46.602,2944.181,68091.446,20200709_062455,479170,3994,244570,218
1,KDLH20200710_100250_V06,-22.766,0.494,322.989,133.084,5.539,-92.057,47.588,2769.253,84245.767,20200710_050250,479167,3,18910,2
3,KDLH20200710_100250_V06,-22.766,0.093,286.211,141.780,2.316,-92.301,47.548,1157.883,79410.112,20200710_050250,479167,3,18910,2
2,KDLH20200711_113008_V06,63.650,0.060,235.527,139.525,2.153,-92.638,47.558,1076.504,86471.170,20200711_063008,479168,4,26594,0
2,KDLH20200711_113713_V06,70.733,0.098,235.520,140.042,9.203,-92.638,47.556,4601.569,86232.432,20200711_063713,479166,3,27867,1
1,KDLH20200711_104740_V06,21.183,0.240,249.735,150.357,14.563,-92.543,47.509,7281.263,78929.683,20200711_054740,479168,4,23248,1
1,KDLH20200713_102806_V06,-0.228,0.720,47.320,461.222,10.853,-93.844,46.100,5426.661,149866.535,20200713_052806,479167,5,29203,3
1,KDLH20200713_103512_V06,6.872,0.597,47.628,458.625,18.368,-93.842,46.112,9183.919,149041.643,20200713_053512,479169,4,29091,4
1,KDLH20200713_104216_V06,13.939,0.821,49.578,453.185,20.082,-93.830,46.136,10040.761,146779.628,20200713_054216,479165,9,28455,8
1,KDLH20200713_104922_V06,21.039,0.073,40.010,446.364,31.177,-93.893,46.166,15588.311,149178.511,20200713_054922,479170,5,28030,4
1,KDLH20200713_110331_V06,35.189,0.054,32.756,456.409,36.086,-93.939,46.120,18042.815,154824.926,20200713_060331,479168,3,27144,3
1,KDLH20200715_101048_V06,-19.466,0.071,326.929,107.759,17.653,-92.030,47.701,8826.412,97058.903,20200715_051048,479167,0,21658,0
2,KDLH20200715_102457_V06,-5.316,0.184,203.642,516.719,12.992,-92.830,45.860,6495.759,118587.352,20200715_052457,479166,6,25520,4
3,KDLH20200715_114254_V06,72.634,0.109,326.128,338.614,28.191,-92.039,46.663,14095.648,23311.529,20200715_064254,479169,4,31454,3
3,KDLH20200716_102330_V06,-7.767,0.216,52.009,44.313,46.581,-93.871,47.975,23290.434,178097.850,20200716_052330,479167,3,44424,2
3,KDLH20200716_103028_V06,-0.801,0.374,55.977,42.088,54.144,-93.844,47.985,27071.879,177528.958,20200716_053028,479167,2,46699,2
3,KDLH20200716_103727_V06,6.183,0.067,67.471,36.805,52.481,-93.768,48.010,26240.538,175599.811,20200716_053727,479166,5,46533,5
4,KDLH20200716_103727_V06,6.183,0.054,436.166,152.137,2.683,-91.306,47.498,1341.270,100504.338,20200716_053727,479166,5,46533,5
1,KDLH20200717_104529_V06,13.194,0.062,28.078,413.561,49.900,-93.975,46.312,24949.984,147341.009,20200717_054529,479167,5,25698,3
1,KDLH20200717_105235_V06,20.294,0.059,27.648,408.114,57.538,-93.979,46.337,28769.119,146513.153,20200717_055235,479167,2,26539,2
1,KDLH20200717_110645_V06,34.460,0.054,29.219,411.129,57.126,-93.968,46.323,28563.097,146348.797,20200717_060645,479165,1,26209,0
1,KDLH20200719_112219_V06,47.924,0.120,27.996,206.772,51.318,-94.006,47.242,25659.195,143768.674,20200719_062219,479169,1,38566,1
5,KDLH20200722_110421_V06,26.672,0.103,288.882,97.154,33.479,-92.284,47.749,16739.748,101575.296,20200722_060421,479169,0,128934,0
1,KDLH20200723_102607_V06,-12.688,0.196,77.491,367.297,18.975,-93.660,46.525,9487.311,116231.532,20200723_052607,479171,3,23703,3
1,KDLH20200723_103313_V06,-5.588,0.287,78.257,366.919,29.408,-93.655,46.527,14704.195,115810.483,20200723_053313,479167,6,20926,1
1,KDLH20200723_104019_V06,1.512,0.217,82.546,360.618,41.819,-93.628,46.555,20909.614,112872.395,20200723_054019,479167,1,20297,0
3,KDLH20200723_104727_V06,8.645,0.137,188.229,515.557,13.908,-92.929,45.865,6953.777,121406.105,20200723_054727,479169,1,20575,0
1,KDLH20200726_100258_V06,-39.298,0.146,47.975,218.281,70.225,-93.873,47.192,35112.328,132471.381,20200726_050258,479168,2693,84741,118
1,KDLH20200726_100655_V06,-35.348,-1.000,47.975,218.281,76.505,-93.873,47.192,38252.578,132471.381,20200726_050655,479183,2893,87781,81
1,KDLH20200726_101052_V06,-31.398,0.111,53.183,213.085,84.448,-93.839,47.216,42224.209,130836.334,20200726_051052,479165,3140,90463,120
6,KDLH20200726_112850_V06,46.568,0.095,55.802,203.453,70.115,-93.823,47.260,35057.465,131295.546,20200726_062850,479182,8198,123385,438
6,KDLH20200726_113314_V06,50.968,0.089,55.398,202.496,74.672,-93.826,47.264,37336.015,131659.766,20200726_063314,479174,8709,127287,626
6,KDLH20200726_113753_V06,55.618,0.056,58.404,192.642,64.055,-93.807,47.309,32027.683,132187.775,20200726_063753,479168,8125,131850,393
3,KDLH20200726_100655_V06,-35.348,0.106,52.149,233.933,84.221,-93.843,47.122,42110.657,128252.512,20200726_050655,479183,2893,87781,81
4,KDLH20200726_103933_V06,-2.715,0.053,25.184,207.258,36.715,-94.025,47.240,18357.670,145021.474,20200726_053933,479172,4715,99316,267
1,KDLH20200727_102629_V06,-16.959,0.234,96.319,387.230,10.959,-93.535,46.437,5479.353,110787.016,20200727_052629,479169,0,58021,0
1,KDLH20200727_103335_V06,-9.859,0.241,100.278,387.719,22.651,-93.509,46.435,11325.695,109068.029,20200727_053335,479166,0,62522,0
1,KDLH20200728_102354_V06,-20.731,0.323,94.417,378.306,12.819,-93.548,46.477,6409.328,109995.664,20200728_052354,479166,0,60545,0
1,KDLH20200728_103101_V06,-13.614,0.440,96.427,380.255,21.702,-93.535,46.468,10851.184,109410.786,20200728_053101,479167,1,62127,1
2,KDLH20200728_102354_V06,-20.731,0.280,353.655,553.238,7.072,-91.865,45.697,3536.162,129429.809,20200728_052354,479166,0,60545,0
3,KDLH20200728_113652_V06,52.236,0.072,38.746,190.962,65.977,-93.938,47.314,32988.510,141547.662,20200728_063652,479166,12,52053,12
1,KDLH20200729_103200_V06,-13.829,0.845,88.828,378.901,19.889,-93.585,46.474,9944.462,112715.324,20200729_053200,479167,1,62242,0
1,KDLH20200729_103905_V06,-6.746,0.575,90.562,379.847,29.494,-93.573,46.470,14746.920,112071.048,20200729_053905,479168,1,61178,0
1,KDLH20200729_104611_V06,0.354,0.345,93.446,380.793,39.714,-93.554,46.466,19856.901,110896.511,20200729_054611,479167,2,59902,1
2,KDLH20200729_103200_V06,-13.829,0.304,348.376,551.633,18.491,-91.899,45.705,9245.457,128120.606,20200729_053200,479167,1,62242,0
2,KDLH20200729_103905_V06,-6.746,0.609,350.204,553.164,27.769,-91.887,45.698,13884.737,129046.802,20200729_053905,479168,1,61178,0
2,KDLH20200729_104611_V06,0.354,0.325,352.778,557.628,33.560,-91.871,45.678,16779.777,131489.351,20200729_054611,479167,2,59902,1
3,KDLH20200729_110935_V06,23.754,0.063,285.412,66.805,34.576,-92.307,47.886,17288.137,116825.513,20200729_060935,479171,0,50087,0
1,KDLH20200730_102936_V06,-17.437,0.935,82.280,377.144,15.026,-93.627,46.481,7512.834,115491.277,20200730_052936,479167,1,31052,1
1,KDLH20200730_103642_V06,-10.337,0.845,81.953,378.288,26.217,-93.629,46.476,13108.391,115837.751,20200730_053642,479169,2,30646,1
1,KDLH20200730_104347_V06,-3.254,0.682,83.018,383.041,35.084,-93.622,46.455,17541.771,116164.824,20200730_054347,479164,1,34457,1
1,KDLH20200730_105054_V06,3.863,0.334,81.783,383.844,45.394,-93.630,46.451,22697.217,116885.026,20200730_055054,479165,9,38095,3
2,KDLH20200730_103642_V06,-10.337,0.359,332.537,558.367,24.683,-92.001,45.675,12341.652,130203.909,20200730_053642,479169,2,30646,1
2,KDLH20200730_104347_V06,-3.254,0.728,334.112,560.741,32.660,-91.991,45.664,16330.234,131481.418,20200730_054347,479164,1,34457,1
2,KDLH20200730_105054_V06,3.863,0.554,331.926,564.378,37.876,-92.005,45.648,18937.986,133149.523,20200730_055054,479165,9,38095,3
1,KDLH20200731_102624_V06,-21.854,0.449,86.115,374.127,10.351,-93.603,46.495,5175.479,113182.937,20200731_052624,479167,0,36482,0
1,KDLH20200731_103330_V06,-14.754,0.860,86.627,372.293,20.931,-93.600,46.503,10465.472,112643.376,20200731_053330,479166,0,33602,0
1,KDLH20200731_104037_V06,-7.637,0.794,87.337,369.645,33.272,-93.595,46.515,16636.117,111888.199,20200731_054037,479168,0,31219,0
1,KDLH20200731_104743_V06,-0.537,0.666,88.472,374.136,42.048,-93.587,46.495,21023.982,112071.765,20200731_054743,479164,1,29750,0
1,KDLH20200731_110156_V06,13.679,0.338,83.277,373.907,49.807,-93.621,46.496,24903.404,114489.129,20200731_060156,479166,2,27483,0
2,KDLH20200731_103330_V06,-14.754,0.901,340.614,551.080,19.831,-91.949,45.707,9915.279,127171.595,20200731_053330,479166,0,33602,0
2,KDLH20200731_104037_V06,-7.637,0.937,338.359,553.338,28.141,-91.963,45.697,14070.468,128112.941,20200731_054037,479168,0,31219,0
2,KDLH20200731_104743_V06,-0.537,0.715,336.884,557.009,35.042,-91.973,45.681,17520.837,129821.081,20200731_054743,479164,1,29750,0
2,KDLH20200731_110156_V06,13.679,0.077,333.878,555.909,40.703,-91.992,45.686,20351.441,129070.889,20200731_060156,479166,2,27483,0
3,KDLH20200731_103330_V06,-14.754,0.268,249.134,378.572,15.261,-92.541,46.483,7630.459,46800.164,20200731_053330,479166,0,33602,0
3,KDLH20200801_103652_V06,-12.612,0.482,354.312,549.919,17.179,-91.861,45.712,8589.342,127876.324,20200801_053652,479174,91,45783,0
3,KDLH20200801_104030_V06,-8.979,0.217,354.541,549.993,23.022,-91.860,45.712,11511.140,127936.874,20200801_054030,479180,57,44990,1
3,KDLH20200801_104408_V06,-5.345,0.314,355.346,549.900,28.478,-91.854,45.712,14238.972,127977.768,20200801_054408,479178,78,44210,3
3,KDLH20200801_104746_V06,-1.712,0.550,356.752,548.803,31.818,-91.845,45.717,15909.192,127596.918,20200801_054746,479173,68,42823,0
3,KDLH20200801_105124_V06,1.921,0.069,356.511,549.103,35.177,-91.847,45.716,17588.264,127716.218,20200801_055124,479169,69,41813,2
3,KDLH20200801_105502_V06,5.555,0.080,354.467,554.064,35.161,-91.860,45.694,17580.386,129918.371,20200801_055502,479170,68,40607,7
5,KDLH20200801_104030_V06,-8.979,0.752,97.963,377.613,13.148,-93.525,46.480,6573.959,108215.922,20200801_054030,479180,57,44990,1
5,KDLH20200801_104408_V06,-5.345,0.692,98.927,377.185,18.677,-93.519,46.482,9338.412,107689.230,20200801_054408,479178,78,44210,3
5,KDLH20200801_104746_V06,-1.712,0.670,102.566,375.640,24.749,-93.496,46.489,12374.343,105713.864,20200801_054746,479173,68,42823,0
5,KDLH20200801_105124_V06,1.921,0.708,104.722,376.828,28.395,-93.481,46.484,14197.314,104923.673,20200801_055124,479169,69,41813,2
5,KDLH20200801_105502_V06,5.555,0.437,106.395,375.426,34.675,-93.471,46.491,17337.447,103889.205,20200801_055502,479170,68,40607,7
6,KDLH20200801_104408_V06,-5.345,0.089,265.783,404.821,26.377,-92.432,46.365,13188.616,55132.094,20200801_054408,479178,78,44210,3
7,KDLH20200801_110557_V06,16.471,0.077,27.339,298.001,50.580,-93.997,46.832,25290.010,136334.010,20200801_060557,479183,31,39355,1
2,KDLH20200802_102643_V06,-23.994,0.057,79.568,382.824,6.109,-93.644,46.455,3054.507,117739.089,20200802_052643,479165,0,35788,0
2,KDLH20200802_103350_V06,-16.878,0.902,74.898,390.508,14.885,-93.674,46.420,7442.311,121308.072,20200802_053350,479170,0,36154,0
2,KDLH20200802_104055_V06,-9.794,0.751,71.738,399.105,23.307,-93.693,46.382,11653.447,124424.100,20200802_054055,479166,0,36133,0
2,KDLH20200802_104802_V06,-2.678,0.519,68.933,404.985,33.472,-93.711,46.355,16736.115,126899.573,20200802_054802,479168,0,35559,0
3,KDLH20200802_104055_V06,-9.794,0.641,340.836,564.809,13.101,-91.948,45.645,6550.270,133969.636,20200802_054055,479166,0,36133,0
3,KDLH20200802_104802_V06,-2.678,0.589,340.848,566.660,22.462,-91.948,45.637,11231.104,134885.020,20200802_054802,479168,0,35559,0
3,KDLH20200802_110213_V06,11.506,0.108,339.004,569.657,35.820,-91.960,45.624,17909.974,136231.638,20200802_060213,479167,2,35193,2
5,KDLH20200803_104029_V06,-11.467,0.872,82.820,376.442,13.376,-93.624,46.484,6688.107,115120.168,20200803_054029,479168,0,28852,0
5,KDLH20200803_104734_V06,-4.384,0.882,82.085,379.496,21.078,-93.628,46.471,10538.772,115981.310,20200803_054734,479166,1,26249,1
5,KDLH20200803_110148_V06,9.850,0.351,84.589,390.282,36.134,-93.611,46.422,18066.764,116782.770,20200803_060148,479162,1,24701,1
5,KDLH20200803_110854_V06,16.950,0.083,84.268,380.280,22.743,-93.614,46.467,11371.721,115092.365,20200803_060854,479169,0,23855,0
6,KDLH20200803_104029_V06,-11.467,0.851,343.438,553.869,14.545,-91.931,45.695,7272.619,128779.252,20200803_054029,479168,0,28852,0
6,KDLH20200803_104734_V06,-4.384,0.853,342.216,558.095,24.722,-91.939,45.676,12360.871,130762.666,20200803_054734,479166,1,26249,1
6,KDLH20200803_110148_V06,9.850,0.397,339.263,561.759,33.580,-91.958,45.659,16790.171,132343.793,20200803_060148,479162,1,24701,1
1,KDLH20200804_103723_V06,-15.813,0.876,91.487,380.779,11.292,-93.567,46.466,5645.898,111806.519,20200804_053723,479167,0,36956,0
1,KDLH20200804_104429_V06,-8.713,0.855,90.610,384.432,18.952,-93.572,46.449,9476.242,112885.697,20200804_054429,479166,0,33157,0
1,KDLH20200804_105137_V06,-1.579,0.684,92.925,389.295,27.055,-93.557,46.427,13527.362,112753.840,20200804_055137,479163,1,30526,0
1,KDLH20200804_110549_V06,12.621,0.487,91.549,392.754,45.873,-93.565,46.412,22936.321,114078.113,20200804_060549,479166,0,27190,0
1,KDLH20200804_111255_V06,19.721,0.069,90.349,391.268,54.109,-93.573,46.418,27054.357,114327.812,20200804_061255,479167,0,25489,0
2,KDLH20200804_103723_V06,-15.813,0.582,355.723,554.324,12.561,-91.852,45.692,6280.631,130178.456,20200804_053723,479167,0,36956,0
2,KDLH20200804_104429_V06,-8.713,0.719,357.357,556.887,22.594,-91.842,45.681,11296.845,131606.282,20200804_054429,479166,0,33157,0
2,KDLH20200804_105137_V06,-1.579,0.536,361.571,562.013,31.927,-91.815,45.658,15963.357,134574.862,20200804_055137,479163,1,30526,0
1,KDLH20200807_105534_V06,-1.402,0.300,73.246,429.412,20.391,-93.680,46.245,10195.312,130542.146,20200807_055534,479166,91,30289,6
1,KDLH20200807_110216_V06,5.298,0.116,75.484,428.091,28.797,-93.666,46.251,14398.749,129243.034,20200807_060216,479162,116,29355,2
1,KDLH20200807_110532_V06,8.565,0.242,88.611,425.879,22.830,-93.581,46.262,11414.947,123015.090,20200807_060532,479175,125,28192,3
1,KDLH20200807_110848_V06,11.832,0.064,89.381,426.244,27.003,-93.576,46.261,13501.513,122778.389,20200807_060848,479181,125,27933,3
6,KDLH20200809_111753_V06,18.376,0.168,289.805,156.778,25.968,-92.277,47.481,12983.814,71792.022,20200809_061753,479181,2761,87136,66
7,KDLH20200810_105501_V06,-5.767,0.132,61.245,425.270,21.256,-93.758,46.263,10628.207,134811.587,20200810_055501,479178,3202,140385,169
7,KDLH20200810_110350_V06,3.050,-1.000,61.245,425.270,35.275,-93.758,46.263,17637.457,134811.587,20200810_060350,479174,2686,142884,139
7,KDLH20200810_110807_V06,7.333,0.058,74.904,429.095,34.616,-93.669,46.247,17308.203,129743.612,20200810_060807,479177,2440,142238,77
4,KDLH20200810_102934_V06,-31.217,0.073,436.813,251.595,24.072,-91.309,47.051,12036.156,72561.813,20200810_052934,479169,4522,123499,268
8,KDLH20200810_105501_V06,-5.767,0.056,279.459,272.266,17.319,-92.345,46.962,8659.477,17256.014,20200810_055501,479178,3202,140385,169
1,KDLH20200811_103858_V06,-23.096,0.219,378.443,63.947,7.400,-91.685,47.897,3699.924,124372.979,20200811_053858,479169,25,41853,15
2,KDLH20200811_110017_V06,-1.780,0.091,107.119,370.240,20.423,-93.466,46.514,10211.590,102636.195,20200811_060017,479166,13,46856,13
3,KDLH20200811_110017_V06,-1.780,0.087,375.093,554.323,29.701,-91.728,45.692,14850.507,132588.752,20200811_060017,479166,13,46856,13
1,KDLH20200812_104617_V06,-17.062,0.799,351.525,545.727,11.305,-91.879,45.731,5652.260,125535.597,20200812_054617,479170,28,34327,23
1,KDLH20200812_110030_V06,-2.846,0.670,354.113,535.677,29.789,-91.862,45.776,14894.279,120904.914,20200812_060030,479167,11,41476,7
1,KDLH20200812_110735_V06,4.238,0.530,356.157,532.577,33.259,-91.849,45.790,16629.520,119630.547,20200812_060735,479167,3,41533,2
1,KDLH20200812_111442_V06,11.354,0.170,357.691,529.068,40.739,-91.839,45.806,20369.657,118110.551,20200812_061442,479166,12,45433,7
2,KDLH20200812_104617_V06,-17.062,0.657,87.237,366.230,10.655,-93.596,46.531,5327.518,111416.373,20200812_054617,479170,28,34327,23
2,KDLH20200812_110030_V06,-2.846,0.520,88.457,362.089,27.020,-93.589,46.549,13509.873,110233.399,20200812_060030,479167,11,41476,7
2,KDLH20200812_110735_V06,4.238,0.094,90.798,359.661,33.060,-93.574,46.560,16530.033,108771.385,20200812_060735,479167,3,41533,2
3,KDLH20200812_110735_V06,4.238,0.089,429.642,511.473,19.691,-91.375,45.883,9845.304,124024.164,20200812_060735,479167,3,41533,2
3,KDLH20200812_111442_V06,11.354,0.122,426.880,513.733,32.144,-91.393,45.873,16071.844,124278.264,20200812_061442,479166,12,45433,7
3,KDLH20200812_112148_V06,18.454,0.154,427.168,512.870,36.279,-91.391,45.876,18139.655,123981.313,20200812_062148,479164,8,47369,6
4,KDLH20200812_111442_V06,11.354,0.070,405.258,199.142,49.634,-91.514,47.288,24817.062,72889.629,20200812_061442,479166,12,45433,7
4,KDLH20200812_112148_V06,18.454,0.243,407.345,201.021,55.884,-91.500,47.280,27942.223,73006.682,20200812_062148,479164,8,47369,6
4,KDLH20200812_112854_V06,25.554,0.169,410.187,200.456,60.877,-91.481,47.282,30438.646,74246.787,20200812_062854,479167,15,46435,8
4,KDLH20200812_113601_V06,32.671,-1.000,412.864,200.284,66.197,-91.464,47.283,33098.748,75302.036,20200812_063601,479166,27,47485,22
4,KDLH20200812_114307_V06,39.771,0.108,411.904,203.745,58.346,-91.470,47.267,29172.855,73802.945,20200812_064307,479168,43,46094,28
6,KDLH20200812_114307_V06,39.771,0.105,31.303,114.059,41.070,-93.998,47.659,20534.771,163380.237,20200812_064307,479168,43,46094,28
6,KDLH20200812_115013_V06,46.871,0.052,29.337,117.518,48.124,-94.011,47.644,24061.765,163216.040,20200812_065013,479171,40,44623,25
2,KDLH20200813_100715_V06,-57.381,0.057,159.298,418.785,19.562,-93.123,46.299,9781.015,92068.995,20200813_050715,479168,915,63553,12
3,KDLH20200814_101102_V06,-54.886,0.427,118.330,119.496,101.684,-93.419,47.642,50842.201,128048.756,20200814_051102,479173,9020,275566,156
29,KDLH20200814_122419_V06,78.398,0.106,62.491,137.605,67.585,-93.788,47.557,33792.648,143859.867,20200814_072419,479155,5161,141148,366
30,KDLH20200814_122835_V06,82.664,0.240,394.107,110.333,21.722,-91.583,47.688,10860.752,105864.997,20200814_072835,479165,5358,137735,640
2,KDLH20200815_105022_V06,-16.843,0.357,88.702,386.434,7.083,-93.585,46.440,3541.625,114146.448,20200815_055022,479164,2,42595,2
4,KDLH20200815_122926_V06,82.224,0.180,367.771,259.078,75.592,-91.764,47.020,37796.200,39583.971,20200815_072926,479167,0,47814,0
3,KDLH20200816_105018_V06,-18.201,0.888,92.743,384.198,13.420,-93.559,46.450,6710.199,111853.281,20200816_055018,479178,1,70759,0
3,KDLH20200816_105356_V06,-14.568,0.762,92.827,385.499,18.141,-93.558,46.444,9070.385,112061.225,20200816_055356,479181,12,69711,2
3,KDLH20200816_110112_V06,-7.301,0.846,95.958,390.509,20.548,-93.537,46.422,10273.861,111607.679,20200816_060112,479171,31,66147,1
3,KDLH20200816_110450_V06,-3.668,0.780,100.161,397.083,26.716,-93.509,46.393,13358.080,111086.104,20200816_060450,479177,42,65248,3
3,KDLH20200816_110827_V06,-0.051,0.351,100.839,402.924,30.297,-93.504,46.367,15148.381,112092.312,20200816_060827,479166,28,65606,1
3,KDLH20200816_111205_V06,3.582,0.084,101.086,406.416,33.518,-93.502,46.351,16758.962,112795.357,20200816_061205,479169,14,65064,3
3,KDLH20200816_111543_V06,7.215,-1.000,101.781,410.765,37.020,-93.497,46.331,18510.014,113533.687,20200816_061543,479169,4,64586,3
3,KDLH20200816_111921_V06,10.849,0.056,101.464,402.600,31.256,-93.500,46.368,15628.068,111740.103,20200816_061921,479180,4,64920,3
4,KDLH20200816_110112_V06,-7.301,0.920,352.762,550.858,20.727,-91.871,45.708,10363.289,128173.519,20200816_060112,479171,31,66147,1
4,KDLH20200816_110450_V06,-3.668,0.910,355.233,552.232,27.221,-91.855,45.702,13610.481,129104.355,20200816_060450,479177,42,65248,3
4,KDLH20200816_110827_V06,-0.051,0.791,356.816,553.984,29.810,-91.845,45.694,14904.938,130130.784,20200816_060827,479166,28,65606,1
4,KDLH20200816_111205_V06,3.582,0.698,358.781,554.597,31.300,-91.832,45.691,15650.215,130647.425,20200816_061205,479169,14,65064,3
4,KDLH20200816_111543_V06,7.215,0.635,360.360,556.366,35.868,-91.822,45.683,17933.936,131688.044,20200816_061543,479169,4,64586,3
4,KDLH20200816_111921_V06,10.849,0.181,361.449,557.641,40.120,-91.815,45.677,20059.969,132433.932,20200816_061921,479180,4,64920,3
1,KDLH20200817_104704_V06,-22.728,0.368,91.527,390.515,14.719,-93.566,46.422,7359.749,113637.605,20200817_054704,479165,0,26414,0
1,KDLH20200817_110115_V06,-8.545,0.896,92.503,395.264,21.408,-93.559,46.400,10703.840,114160.100,20200817_060115,479165,7,26306,7
1,KDLH20200817_110820_V06,-1.462,0.759,96.558,403.964,28.019,-93.532,46.362,14009.263,114233.754,20200817_060820,479168,4,25957,3
1,KDLH20200817_111527_V06,5.655,0.178,98.333,410.838,33.320,-93.519,46.331,16659.893,115059.323,20200817_061527,479166,13,27256,10
2,KDLH20200817_110115_V06,-8.545,0.933,361.243,562.260,23.530,-91.817,45.657,11764.894,134657.766,20200817_060115,479165,7,26306,7
2,KDLH20200817_110820_V06,-1.462,0.915,364.190,561.914,29.370,-91.798,45.658,14685.083,134832.350,20200817_060820,479168,4,25957,3
2,KDLH20200817_111527_V06,5.655,0.693,369.741,561.341,31.117,-91.762,45.660,15558.613,135243.203,20200817_061527,479166,13,27256,10
2,KDLH20200817_112232_V06,12.738,0.156,372.465,561.836,32.349,-91.745,45.658,16174.319,135839.523,20200817_062232,479164,4,28688,4
3,KDLH20200817_110820_V06,-1.462,0.062,185.021,561.243,12.864,-92.947,45.659,6431.952,142713.262,20200817_060820,479168,4,25957,3
4,KDLH20200817_112232_V06,12.738,0.083,354.896,318.505,21.741,-91.850,46.753,10870.392,28965.502,20200817_062232,479164,4,28688,4
4,KDLH20200818_113744_V06,26.644,0.074,363.007,263.663,32.057,-91.796,47.000,16028.721,36367.128,20200818_063744,479166,14,30150,11
4,KDLH20200818_114450_V06,33.744,0.209,362.786,265.462,42.361,-91.797,46.992,21180.384,35829.431,20200818_064450,479165,31,28526,30
4,KDLH20200818_115156_V06,40.844,0.191,361.047,267.246,45.602,-91.809,46.984,22801.083,34639.586,20200818_065156,479166,16,28454,13
4,KDLH20200818_120607_V06,55.027,0.098,361.115,271.682,51.473,-91.808,46.964,25736.641,33678.464,20200818_070607,479170,14,27298,12
4,KDLH20200818_121315_V06,62.160,0.312,361.037,273.200,58.518,-91.809,46.957,29259.138,33330.838,20200818_071315,479170,13,27069,11
4,KDLH20200818_122022_V06,69.277,0.141,354.053,268.712,59.731,-91.855,46.977,29865.690,31227.869,20200818_072022,479167,5,27285,2
4,KDLH20200818_122727_V06,76.360,0.370,341.637,273.107,60.158,-91.936,46.958,30079.235,24783.630,20200818_072727,479169,8,26757,5
1,KDLH20200818_104804_V06,-23.023,0.093,83.150,367.231,3.771,-93.623,46.526,1885.669,113516.485,20200818_054804,479166,5,36512,3
1,KDLH20200818_110216_V06,-8.823,0.063,84.027,368.651,15.800,-93.617,46.519,7899.902,113310.646,20200818_060216,479165,1,37939,1
1,KDLH20200818_110922_V06,-1.723,0.129,87.518,385.792,31.631,-93.592,46.443,15815.600,114574.215,20200818_060922,479168,5,36644,1
1,KDLH20200818_111627_V06,5.360,0.178,87.805,400.499,40.831,-93.589,46.377,20415.579,117395.639,20200818_061627,479164,3,35227,3
2,KDLH20200818_110216_V06,-8.823,0.807,350.451,556.711,23.277,-91.886,45.682,11638.285,130811.030,20200818_060216,479165,1,37939,1
2,KDLH20200818_110922_V06,-1.723,0.873,349.085,556.799,30.078,-91.895,45.681,15039.052,130723.800,20200818_060922,479168,5,36644,1
2,KDLH20200818_111627_V06,5.360,0.812,347.773,556.691,31.370,-91.903,45.682,15685.184,130549.233,20200818_061627,479164,3,35227,3
2,KDLH20200818_112333_V06,12.460,0.207,350.414,558.963,36.964,-91.886,45.672,18481.864,131912.304,20200818_062333,479167,3,33573,2
5,KDLH20200818_114450_V06,33.744,0.075,339.202,308.880,23.943,-91.953,46.797,11971.603,20097.579,20200818_064450,479165,31,28526,30
2,KDLH20200819_105206_V06,-20.285,0.779,95.609,367.789,7.260,-93.542,46.524,3629.873,107669.704,20200819_055206,479175,7,41983,5
2,KDLH20200819_105544_V06,-16.652,0.839,97.743,366.272,12.273,-93.528,46.531,6136.743,106418.857,20200819_055544,479169,5,38628,5
2,KDLH20200819_110252_V06,-9.518,0.923,105.916,363.922,20.843,-93.475,46.542,10421.619,102169.674,20200819_060252,479172,3,40964,2
2,KDLH20200819_110630_V06,-5.885,0.827,108.110,362.545,26.512,-93.461,46.549,13255.916,100912.823,20200819_060630,479177,6,45472,2
2,KDLH20200819_111001_V06,-2.368,0.760,111.944,361.756,28.939,-93.436,46.553,14469.300,98968.402,20200819_061001,479178,2,48300,2
2,KDLH20200819_111332_V06,1.148,0.516,116.096,362.485,32.970,-93.409,46.550,16485.237,97114.585,20200819_061332,479164,3,47203,3
2,KDLH20200819_111703_V06,4.665,0.305,120.003,357.675,41.825,-93.384,46.571,20912.371,94505.716,20200819_061703,479171,0,43994,0
5,KDLH20200819_110252_V06,-9.518,0.213,362.530,539.719,21.872,-91.808,45.758,10935.755,123869.916,20200819_060252,479172,3,40964,2
5,KDLH20200819_110630_V06,-5.885,0.137,363.494,540.006,27.998,-91.802,45.757,13998.755,124131.170,20200819_060630,479177,6,45472,2
5,KDLH20200819_111001_V06,-2.368,-1.000,364.136,540.197,33.821,-91.798,45.756,16910.625,124305.844,20200819_061001,479178,2,48300,2
5,KDLH20200819_111332_V06,1.148,0.098,371.266,540.820,35.774,-91.752,45.753,17887.246,125571.616,20200819_061332,479164,3,47203,3
4,KDLH20200819_105544_V06,-16.652,0.130,387.483,102.550,23.358,-91.627,47.723,11678.867,107981.346,20200819_055544,479169,5,38628,5
4,KDLH20200820_110208_V06,-11.548,0.188,32.941,186.392,40.708,-93.977,47.334,20354.246,145109.594,20200820_060208,479177,2610,55860,504
4,KDLH20200820_110554_V06,-7.781,0.189,33.495,184.286,47.110,-93.973,47.344,23554.917,145270.743,20200820_060554,479174,2631,57822,471
4,KDLH20200820_110954_V06,-3.781,0.283,36.396,173.085,55.256,-93.956,47.395,27628.248,146282.916,20200820_060954,479187,2656,62541,567
4,KDLH20200820_111334_V06,-0.115,-1.000,38.509,164.928,62.400,-93.943,47.431,31199.968,147158.046,20200820_061334,479172,2719,66210,586
4,KDLH20200820_111752_V06,4.185,-1.000,40.987,155.363,70.777,-93.928,47.475,35388.621,148330.267,20200820_061752,479179,2518,68155,544
4,KDLH20200820_112208_V06,8.452,0.060,48.752,161.495,65.422,-93.876,47.448,32710.948,143447.949,20200820_062208,479177,2236,71528,305
4,KDLH20200820_112638_V06,12.952,-1.000,53.457,157.702,68.750,-93.845,47.465,34375.122,142331.033,20200820_062638,479173,2037,75421,230
4,KDLH20200820_113109_V06,17.469,0.115,54.521,173.817,63.104,-93.836,47.393,31552.215,138005.266,20200820_063109,479184,1939,78005,280
4,KDLH20200820_113539_V06,21.969,0.073,57.020,165.481,70.514,-93.820,47.431,35256.857,138865.552,20200820_063539,479170,2102,82183,219
4,KDLH20200820_114010_V06,26.485,-1.000,59.720,162.362,74.811,-93.803,47.445,37405.555,138454.648,20200820_064010,479183,2339,86918,155
4,KDLH20200820_114441_V06,31.002,0.070,66.268,171.706,78.203,-93.758,47.404,39101.672,133313.404,20200820_064441,479158,2820,88429,142
4,KDLH20200820_114926_V06,35.752,0.085,67.540,182.527,76.281,-93.748,47.355,38140.333,130228.125,20200820_064926,479179,2972,90985,148
4,KDLH20200820_115410_V06,40.485,0.055,69.324,170.385,84.806,-93.738,47.410,42402.856,132298.381,20200820_065410,479184,3057,94333,147
4,KDLH20200820_120341_V06,50.002,-1.000,73.453,160.145,96.111,-93.712,47.456,48055.423,133119.470,20200820_070341,479187,3690,100770,263
4,KDLH20200820_120826_V06,54.752,0.078,81.136,162.707,99.366,-93.661,47.445,49683.208,129181.001,20200820_070826,479171,3971,104416,211
6,KDLH20200820_110208_V06,-11.548,0.062,93.055,382.330,8.335,-93.557,46.459,4167.539,111360.113,20200820_060208,479177,2610,55860,504
6,KDLH20200820_110554_V06,-7.781,0.797,94.222,383.518,13.015,-93.549,46.453,6507.628,111040.333,20200820_060554,479174,2631,57822,471
6,KDLH20200820_110954_V06,-3.781,0.833,98.304,385.524,15.650,-93.522,46.445,7825.099,109539.430,20200820_060954,479187,2656,62541,567
6,KDLH20200820_111334_V06,-0.115,0.787,99.282,387.364,19.148,-93.516,46.436,9574.180,109453.465,20200820_061334,479172,2719,66210,586
6,KDLH20200820_111752_V06,4.185,0.697,101.530,388.142,23.297,-93.501,46.433,11648.477,108580.834,20200820_061752,479179,2518,68155,544
6,KDLH20200820_112208_V06,8.452,0.364,102.753,388.236,26.975,-93.493,46.433,13487.678,108041.424,20200820_062208,479177,2236,71528,305
6,KDLH20200820_112638_V06,12.952,0.212,103.172,389.785,30.038,-93.490,46.426,15018.857,108169.442,20200820_062638,479173,2037,75421,230
6,KDLH20200820_113109_V06,17.469,0.078,107.211,386.459,40.135,-93.464,46.441,20067.620,105644.286,20200820_063109,479184,1939,78005,280
3,KDLH20200820_105438_V06,-19.048,0.138,363.633,548.842,10.539,-91.801,45.717,5269.356,128424.508,20200820_055438,479169,3046,62082,439
3,KDLH20200820_110208_V06,-11.548,0.746,369.606,550.626,20.425,-91.763,45.709,10212.431,130056.046,20200820_060208,479177,2610,55860,504
3,KDLH20200820_110554_V06,-7.781,0.754,376.360,550.587,24.161,-91.719,45.709,12080.458,130981.704,20200820_060554,479174,2631,57822,471
3,KDLH20200820_110954_V06,-3.781,0.692,382.196,551.228,28.832,-91.682,45.706,14416.024,132166.348,20200820_060954,479187,2656,62541,567
3,KDLH20200820_111334_V06,-0.115,0.681,386.197,552.516,32.340,-91.656,45.700,16170.146,133411.438,20200820_061334,479172,2719,66210,586
3,KDLH20200820_111752_V06,4.185,0.245,388.808,553.535,34.307,-91.640,45.695,17153.524,134319.269,20200820_061752,479179,2518,68155,544
1,KDLH20200820_102655_V06,-46.765,0.052,68.240,220.455,79.277,-93.739,47.185,39638.454,122515.280,20200820_052655,479169,1149,58265,189
1,KDLH20200820_103206_V06,-41.581,0.092,67.755,224.481,84.114,-93.741,47.166,42057.208,122107.391,20200820_053206,479153,1523,61059,213
1,KDLH20200820_103549_V06,-37.865,0.077,71.250,226.699,87.161,-93.718,47.157,43580.503,120103.649,20200820_053549,479164,1707,62562,232
1,KDLH20200820_103918_V06,-34.381,0.072,74.733,235.315,86.644,-93.694,47.118,43322.082,117184.924,20200820_053918,479181,1867,64683,297
1,KDLH20200820_104308_V06,-30.548,0.053,75.822,245.588,86.089,-93.686,47.072,43044.690,115343.365,20200820_054308,479170,2077,65723,332
2,KDLH20200820_104651_V06,-26.831,0.088,27.185,147.357,45.032,-94.021,47.509,22515.791,156307.361,20200820_054651,479177,2365,65301,408
2,KDLH20200820_105034_V06,-23.115,-1.000,27.185,147.357,50.941,-94.021,47.509,25470.541,156307.361,20200820_055034,479169,2539,63492,440
2,KDLH20200820_105438_V06,-19.048,0.143,28.427,150.590,53.875,-94.012,47.495,26937.675,154980.147,20200820_055438,479169,3046,62082,439
7,KDLH20200820_112638_V06,12.952,0.125,49.555,191.324,55.999,-93.866,47.314,27999.273,136503.994,20200820_062638,479173,2037,75421,230
1,KDLH20200821_110225_V06,-12.561,0.677,354.492,543.548,16.400,-91.860,45.741,8199.877,124784.580,20200821_060225,479168,0,35884,0
1,KDLH20200821_110931_V06,-5.461,0.897,358.073,541.748,25.722,-91.837,45.749,12860.923,124312.871,20200821_060931,479168,0,38034,0
1,KDLH20200821_111636_V06,1.622,0.810,362.532,542.624,33.079,-91.808,45.745,16539.541,125276.567,20200821_061636,479167,0,42766,0
1,KDLH20200821_112342_V06,8.722,0.489,366.073,544.697,39.178,-91.785,45.735,19588.985,126730.310,20200821_062342,479167,0,44998,0
1,KDLH20200821_113048_V06,15.822,0.083,368.499,535.846,47.569,-91.769,45.775,23784.399,122796.208,20200821_063048,479169,0,46147,0
2,KDLH20200821_110931_V06,-5.461,0.907,88.179,366.231,19.329,-93.590,46.531,9664.710,110967.014,20200821_060931,479168,0,38034,0
2,KDLH20200821_111636_V06,1.622,0.916,89.091,365.317,28.326,-93.584,46.535,14162.862,110395.598,20200821_061636,479167,0,42766,0
2,KDLH20200821_112342_V06,8.722,0.536,90.972,369.187,31.640,-93.572,46.518,15820.043,110090.364,20200821_062342,479167,0,44998,0
2,KDLH20200821_113048_V06,15.822,0.067,94.950,361.253,42.135,-93.547,46.554,21067.298,107001.915,20200821_063048,479169,0,46147,0
8,KDLH20200822_110430_V06,-11.774,0.105,85.913,374.772,8.790,-93.604,46.492,4395.059,113384.587,20200822_060430,479176,1928,71698,108
8,KDLH20200822_110834_V06,-7.707,0.818,86.462,374.897,13.902,-93.600,46.492,6951.133,113146.025,20200822_060834,479177,1924,69479,89
8,KDLH20200822_111238_V06,-3.641,0.758,87.907,374.844,17.601,-93.591,46.492,8800.292,112455.553,20200822_061238,479175,2036,68298,151
8,KDLH20200822_111642_V06,0.426,0.793,89.731,374.475,23.354,-93.579,46.494,11677.133,111534.227,20200822_061642,479169,2046,68900,123
8,KDLH20200822_112046_V06,4.493,0.538,91.216,374.003,28.636,-93.570,46.496,14317.924,110755.758,20200822_062046,479175,1898,73061,124
8,KDLH20200822_112450_V06,8.559,0.367,94.326,374.354,34.567,-93.549,46.495,17283.732,109350.497,20200822_062450,479171,1862,79004,98
8,KDLH20200822_112853_V06,12.609,0.067,94.117,375.841,35.616,-93.551,46.488,17808.202,109703.898,20200822_062853,479171,1716,85198,119
4,KDLH20200822_105304_V06,-23.207,0.303,213.522,348.259,11.544,-92.774,46.618,5772.079,49516.097,20200822_055304,479166,2007,79987,120
4,KDLH20200822_110026_V06,-15.841,0.400,215.398,350.586,17.976,-92.762,46.608,8988.045,49286.255,20200822_060026,479183,1941,74232,104
4,KDLH20200822_110430_V06,-11.774,-1.000,216.330,351.743,21.817,-92.756,46.603,10908.494,49188.506,20200822_060430,479176,1928,71698,108
4,KDLH20200822_110834_V06,-7.707,-1.000,217.262,352.900,25.658,-92.750,46.598,12828.943,49101.804,20200822_060834,479177,1924,69479,89
4,KDLH20200822_111238_V06,-3.641,-1.000,218.195,354.057,29.499,-92.743,46.593,14749.392,49026.209,20200822_061238,479175,2036,68298,151
4,KDLH20200822_111642_V06,0.426,0.059,207.458,360.522,28.393,-92.813,46.563,14196.357,55287.761,20200822_061642,479169,2046,68900,123
4,KDLH20200822_112046_V06,4.493,-1.000,204.726,363.346,30.680,-92.831,46.550,15340.126,57205.275,20200822_062046,479175,1898,73061,124
4,KDLH20200822_112450_V06,8.559,0.310,222.537,367.709,17.831,-92.715,46.531,8915.525,51441.624,20200822_062450,479171,1862,79004,98
4,KDLH20200822_112853_V06,12.609,0.168,222.747,368.057,23.385,-92.713,46.530,11692.729,51477.693,20200822_062853,479171,1716,85198,119
3,KDLH20200822_104251_V06,-33.424,0.134,209.604,342.984,11.753,-92.800,46.642,5876.371,50047.554,20200822_054251,479179,1637,82763,77
3,KDLH20200822_104655_V06,-29.357,0.165,210.075,343.567,16.612,-92.797,46.639,8305.935,49961.165,20200822_054655,479165,1736,83085,83
5,KDLH20200822_105304_V06,-23.207,0.075,170.883,407.620,14.990,-93.048,46.350,7494.875,84043.447,20200822_055304,479166,2007,79987,120
7,KDLH20200822_110430_V06,-11.774,0.118,411.062,300.963,22.136,-91.482,46.830,11067.799,55532.955,20200822_060430,479176,1928,71698,108
7,KDLH20200822_110834_V06,-7.707,0.059,419.187,302.116,17.204,-91.429,46.825,8602.192,59602.741,20200822_060834,479177,1924,69479,89
16,KDLH20200822_121634_V06,60.293,0.078,433.903,231.854,13.837,-91.327,47.140,6918.461,75123.137,20200822_071634,479181,2616,91614,170
5,KDLH20200823_111254_V06,-4.670,0.847,360.135,550.477,21.282,-91.824,45.710,10640.926,128796.988,20200823_061254,479167,30,37715,0
5,KDLH20200823_112000_V06,2.430,0.830,363.549,550.931,29.606,-91.802,45.707,14803.076,129426.274,20200823_062000,479170,32,40951,0
5,KDLH20200823_112706_V06,9.530,0.726,366.772,549.891,31.856,-91.781,45.712,15928.229,129329.033,20200823_062706,479170,0,46353,0
5,KDLH20200823_113411_V06,16.613,0.442,371.577,550.922,38.018,-91.750,45.707,19009.025,130465.704,20200823_063411,479165,0,51829,0
6,KDLH20200823_111254_V06,-4.670,0.548,103.288,382.133,31.865,-93.490,46.460,15932.274,106584.870,20200823_061254,479167,30,37715,0
2,KDLH20200825_110143_V06,-18.444,0.125,74.713,368.458,13.294,-93.678,46.520,6646.993,117729.134,20200825_060143,479171,2,59513,2
2,KDLH20200825_110459_V06,-15.178,0.123,74.566,368.413,18.183,-93.679,46.520,9091.265,117793.139,20200825_060459,479177,14,57604,5
2,KDLH20200825_110814_V06,-11.928,0.061,73.519,368.560,23.826,-93.686,46.519,11913.193,118315.522,20200825_060814,479171,10,56501,3
2,KDLH20200825_111331_V06,-6.644,0.198,68.443,367.293,28.055,-93.719,46.524,14027.717,120568.471,20200825_061331,479159,13,56100,4
2,KDLH20200825_111708_V06,-3.028,0.091,69.031,366.894,31.794,-93.715,46.526,15896.811,120230.352,20200825_061708,479171,12,55191,6
1,KDLH20200825_110143_V06,-18.444,0.599,338.310,544.303,7.785,-91.964,45.738,3892.413,123644.177,20200825_060143,479171,2,59513,2
1,KDLH20200825_110459_V06,-15.178,0.199,338.372,544.354,12.401,-91.963,45.738,6200.439,123674.338,20200825_060459,479177,14,57604,5
1,KDLH20200825_110814_V06,-11.928,-1.000,338.411,544.387,17.200,-91.963,45.737,8600.162,123693.548,20200825_060814,479171,10,56501,3
1,KDLH20200825_111331_V06,-6.644,0.107,333.035,542.722,20.068,-91.997,45.745,10033.940,122479.653,20200825_061331,479159,13,56100,4
1,KDLH20200825_111708_V06,-3.028,0.270,331.593,540.068,21.312,-92.007,45.757,10656.129,121068.728,20200825_061708,479171,12,55191,6
1,KDLH20200825_112039_V06,0.489,0.156,330.955,540.649,28.169,-92.011,45.754,14084.481,121315.768,20200825_062039,479166,20,54025,16
3,KDLH20200825_120727_V06,47.289,0.062,415.950,469.029,33.549,-91.460,46.074,16774.746,102488.065,20200825_070727,479182,10,41618,6
3,KDLH20200825_121105_V06,50.922,-1.000,415.950,469.029,39.326,-91.460,46.074,19663.246,102488.065,20200825_071105,479168,19,30453,17
3,KDLH20200825_121802_V06,57.872,0.095,421.623,439.353,19.234,-91.422,46.207,9616.907,92481.687,20200825_071802,479166,24,30008,16
6,KDLH20200826_111340_V06,-7.789,0.058,111.429,371.967,9.685,-93.438,46.507,4842.514,100918.730,20200826_061340,479169,2077,103647,35
6,KDLH20200826_111822_V06,-3.089,-1.000,111.429,371.967,17.158,-93.438,46.507,8579.014,100918.730,20200826_061822,479172,1760,98132,16
6,KDLH20200826_112247_V06,1.328,0.619,120.172,363.225,27.131,-93.382,46.547,13565.447,95309.476,20200826_062247,479178,1610,93337,22
6,KDLH20200826_112711_V06,5.728,0.098,128.015,354.036,36.112,-93.332,46.588,18056.040,90137.068,20200826_062711,479174,1759,90444,15
7,KDLH20200826_111822_V06,-3.089,0.632,116.452,361.022,25.367,-93.407,46.556,12683.627,96712.678,20200826_061822,479172,1760,98132,16
1,KDLH20200827_112016_V06,-2.483,0.053,179.927,552.399,9.498,-92.981,45.699,4749.164,139752.417,20200827_062016,479168,6,32890,4
1,KDLH20200827_112722_V06,4.617,0.088,179.016,553.661,18.311,-92.986,45.693,9155.627,140517.953,20200827_062722,479164,5,33976,3
2,KDLH20200827_114136_V06,18.851,0.051,333.450,538.774,27.528,-91.995,45.763,13763.819,120552.769,20200827_064136,479170,10,36110,10
2,KDLH20200828_105518_V06,-28.742,0.057,160.831,197.160,19.605,-93.130,47.296,9802.650,86521.961,20200828_055518,479173,6563,224158,802
1,KDLH20200829_111333_V06,-11.785,0.748,89.977,392.947,9.986,-93.576,46.411,4992.846,114835.310,20200829_061333,479168,1,30411,1
1,KDLH20200829_112039_V06,-4.685,0.867,96.937,404.371,21.021,-93.529,46.360,10510.708,114157.623,20200829_062039,479169,1,29224,1
1,KDLH20200829_112744_V06,2.399,0.672,105.206,415.354,30.346,-93.474,46.311,15172.999,113193.942,20200829_062744,479167,2,28585,2
1,KDLH20200829_113451_V06,9.515,0.407,111.267,422.997,38.662,-93.434,46.277,19330.951,112636.818,20200829_063451,479169,4,29113,3
1,KDLH20200829_114156_V06,16.599,0.237,107.712,430.711,39.867,-93.456,46.242,19933.628,116254.149,20200829_064156,479170,2,29666,2
2,KDLH20200829_111333_V06,-11.785,0.603,359.065,578.976,17.964,-91.831,45.581,8981.951,142580.072,20200829_061333,479168,1,30411,1
2,KDLH20200829_112039_V06,-4.685,0.207,359.808,580.049,25.118,-91.827,45.577,12559.206,143181.904,20200829_062039,479169,1,29224,1
2,KDLH20200829_112744_V06,2.399,0.100,362.756,581.933,21.165,-91.808,45.568,10582.610,144416.715,20200829_062744,479167,2,28585,2
1,KDLH20200830_110400_V06,-22.626,0.081,81.834,365.276,9.591,-93.632,46.534,4795.592,113861.236,20200830_060400,479167,2,25109,2
1,KDLH20200830_111105_V06,-15.543,0.605,83.930,363.890,19.040,-93.618,46.541,9520.249,112659.106,20200830_061105,479168,1,22627,0
1,KDLH20200830_111810_V06,-8.460,0.431,87.198,364.037,24.281,-93.597,46.540,12140.736,111114.265,20200830_061810,479169,1,22118,1
1,KDLH20200830_112509_V06,-1.476,0.411,89.306,363.341,29.723,-93.583,46.544,14861.263,110004.609,20200830_062509,479169,3,22484,3
1,KDLH20200830_113213_V06,5.590,0.504,87.605,360.105,33.031,-93.595,46.558,16515.618,110367.961,20200830_063213,479166,4,22705,0
1,KDLH20200830_113912_V06,12.574,0.124,92.471,356.337,41.997,-93.563,46.576,20998.510,107519.757,20200830_063912,479167,2,21908,2
2,KDLH20200830_111810_V06,-8.460,0.477,349.043,539.143,24.120,-91.895,45.761,12060.108,122060.118,20200830_061810,479169,1,22118,1
2,KDLH20200830_112509_V06,-1.476,0.632,349.193,537.729,32.000,-91.894,45.767,16000.074,121382.598,20200830_062509,479169,3,22484,3
3,KDLH20200830_112509_V06,-1.476,0.056,340.788,113.726,2.090,-91.938,47.674,1045.116,95343.451,20200830_062509,479169,3,22484,3
4,KDLH20200830_121435_V06,47.957,0.066,385.269,214.648,24.216,-91.647,47.219,12108.116,60323.673,20200830_071435,479167,3,19839,2
2,KDLH20200831_112643_V06,-1.201,0.091,67.960,293.258,68.188,-93.731,46.857,34094.200,116069.048,20200831_062643,479170,1739,429687,69
3,KDLH20200901_112111_V06,-8.024,0.704,99.357,371.936,11.263,-93.517,46.506,5631.604,106574.543,20200901_062111,479167,16,30144,15
3,KDLH20200901_112817_V06,-0.924,0.806,104.866,371.381,20.805,-93.481,46.509,10402.712,103889.854,20200901_062817,479165,7,32306,3
3,KDLH20200901_113522_V06,6.159,0.690,109.955,368.569,27.788,-93.448,46.522,13894.146,101018.527,20200901_063522,479167,12,32549,12
3,KDLH20200901_114228_V06,13.259,0.101,118.034,369.574,38.487,-93.395,46.518,19243.392,97406.718,20200901_064228,479167,26,31470,19
1,KDLH20200901_103838_V06,-50.574,0.143,235.086,141.259,3.439,-92.641,47.550,1719.252,85750.314,20200901_053838,479165,22,32072,4
4,KDLH20200901_120345_V06,34.542,0.434,427.791,332.661,12.020,-91.374,46.687,6009.768,65949.244,20200901_070345,479169,69,26000,57
5,KDLH20200901_120345_V06,34.542,0.074,378.832,143.769,42.142,-91.686,47.538,21071.163,87496.430,20200901_070345,479169,69,26000,57
2,KDLH20200903_104723_V06,-44.404,0.147,170.201,27.826,28.960,-93.080,48.058,14480.036,150769.967,20200903_054723,479170,143,86692,17
2,KDLH20200903_105039_V06,-41.138,0.166,171.261,28.202,33.770,-93.073,48.056,16884.981,150372.911,20200903_055039,479167,70,85411,11
1,KDLH20200903_104406_V06,-47.688,0.143,329.227,169.407,19.433,-92.016,47.424,9716.747,66911.563,20200903_054406,479169,213,87079,24
9,KDLH20200903_113627_V06,4.662,0.142,16.527,254.125,18.762,-94.074,47.028,9381.118,143580.477,20200903_063627,479177,10,70855,2
3,KDLH20200904_114234_V06,9.489,0.459,153.400,562.321,18.230,-93.150,45.653,9114.901,150253.000,20200904_064234,479170,26,23759,22
3,KDLH20200904_114931_V06,16.439,0.265,156.055,564.153,26.740,-93.133,45.645,13369.955,150413.640,20200904_064931,479168,35,23240,28
1,KDLH20200904_112822_V06,-4.711,0.099,97.568,384.366,12.696,-93.527,46.450,6348.181,109654.565,20200904_062822,479167,0,32946,0
2,KDLH20200906_120112_V06,25.543,0.179,26.968,366.626,48.613,-93.989,46.523,24306.301,140521.774,20200906_070112,479166,28,15594,26
2,KDLH20200906_120807_V06,32.460,0.097,29.042,371.105,61.192,-93.975,46.503,30596.232,140066.145,20200906_070807,479167,44,15006,41
1,KDLH20200906_113344_V06,-1.924,0.189,332.531,325.632,30.568,-91.997,46.721,15283.787,20707.693,20200906_063344,479169,4,16278,3
2,KDLH20200907_122259_V06,46.036,0.429,461.552,302.478,20.082,-91.151,46.821,10041.199,80785.352,20200907_072259,479166,7,33272,6
2,KDLH20200907_123004_V06,53.119,0.066,463.855,299.081,33.204,-91.136,46.836,16601.791,81928.569,20200907_073004,479168,8,33291,7
2,KDLH20200907_123709_V06,60.203,0.141,474.868,302.770,37.142,-91.064,46.819,18570.973,87445.172,20200907_073709,479167,8,33596,5
2,KDLH20200907_124407_V06,67.169,0.080,487.099,310.517,39.216,-90.985,46.783,19607.750,93697.363,20200907_074407,479169,9,33029,7
1,KDLH20200907_114742_V06,10.753,0.214,341.011,245.004,82.367,-91.940,47.084,41183.529,34301.784,20200907_064742,479169,9,26388,6
1,KDLH20200913_111054_V06,-33.803,0.160,25.694,118.764,28.143,-94.035,47.638,14071.716,164385.343,20200913_061054,479166,0,14163,0
1,KDLH20200913_111759_V06,-26.720,0.411,31.363,113.550,42.167,-93.998,47.662,21083.521,163500.322,20200913_061759,479171,0,14838,0
1,KDLH20200913_112503_V06,-19.653,0.425,45.433,115.871,50.142,-93.904,47.653,25071.169,157089.199,20200913_062503,479165,1,16446,0
1,KDLH20200913_113208_V06,-12.570,0.492,56.040,123.650,55.144,-93.832,47.619,27572.083,150512.093,20200913_063208,479166,0,34770,0
2,KDLH20200913_113636_V06,-8.103,0.173,22.893,51.917,29.888,-94.064,47.938,14944.134,185966.074,20200913_063636,479166,1,39776,1
2,KDLH20200913_114116_V06,-3.436,0.512,24.908,53.092,36.271,-94.051,47.933,18135.368,184823.393,20200913_064116,479171,0,41884,0
2,KDLH20200913_114555_V06,1.214,0.577,35.658,56.706,40.317,-93.978,47.918,20158.615,179630.692,20200913_064555,479169,0,43158,0
2,KDLH20200913_115035_V06,5.880,0.422,44.540,61.212,43.898,-93.918,47.898,21948.844,174842.381,20200913_065035,479169,1,44119,0
4,KDLH20200913_121833_V06,33.847,0.100,46.374,375.413,69.124,-93.861,46.486,34561.951,132300.319,20200913_071833,479159,221,47596,84
4,KDLH20200913_122311_V06,38.480,0.070,47.713,375.451,76.950,-93.853,46.486,38474.949,131664.138,20200913_072311,479172,223,47918,64
1,KDLH20200916_120135_V06,12.987,0.051,317.571,229.127,108.783,-92.094,47.156,54391.373,36509.442,20200916_070135,479169,4,17450,1
1,KDLH20200923_120211_V06,4.446,0.742,79.875,428.518,38.797,-93.637,46.250,19398.275,127447.998,20200923_070211,479164,20,45428,16
1,KDLH20200923_120916_V06,11.530,0.690,78.447,426.648,46.521,-93.647,46.258,23260.506,127598.598,20200923_070916,479165,31,45708,24
1,KDLH20200923_121620_V06,18.596,0.393,76.699,422.344,47.935,-93.658,46.277,23967.290,127309.860,20200923_071620,479167,11,47271,9
1,KDLH20200923_122325_V06,25.680,0.556,74.246,425.682,46.797,-93.674,46.262,23398.405,129190.607,20200923_072325,479165,24,48819,20
1,KDLH20200923_123029_V06,32.746,0.279,77.153,422.996,46.794,-93.655,46.275,23397.128,127268.039,20200923_073029,479171,10,50528,8
1,KDLH20200923_123733_V06,39.813,0.439,79.172,420.579,46.124,-93.643,46.286,23062.006,125801.602,20200923_073733,479168,10,50955,8
1,KDLH20200923_124436_V06,46.863,0.056,73.212,426.710,50.899,-93.680,46.257,25449.738,129892.348,20200923_074436,479170,26,51579,19
1,KDLH20200923_125141_V06,53.946,0.066,66.379,438.360,56.764,-93.723,46.205,28382.145,135759.141,20200923_075141,479165,16,52108,14
4,KDLH20200923_124436_V06,46.863,0.786,185.786,158.188,6.575,-92.967,47.472,3287.560,91042.929,20200923_074436,479170,26,51579,19
4,KDLH20200923_125141_V06,53.946,0.131,186.232,158.823,13.868,-92.964,47.469,6933.824,90656.236,20200923_075141,479165,16,52108,14
2,KDLH20200923_120211_V06,4.446,0.116,131.601,393.164,37.950,-93.305,46.413,18975.239,96225.998,20200923_070211,479164,20,45428,16
3,KDLH20200923_121620_V06,18.596,0.055,318.276,417.247,40.639,-92.091,46.310,20319.363,59331.463,20200923_071620,479167,11,47271,9
5,KDLH20200923_124436_V06,46.863,0.054,464.045,353.713,29.529,-91.139,46.590,14764.507,86307.490,20200923_074436,479170,26,51579,19
5,KDLH20200924_122119_V06,22.266,0.074,324.110,220.942,72.598,-92.051,47.192,36299.145,41326.081,20200924_072119,479160,45,44240,22
5,KDLH20200924_122537_V06,26.566,0.184,324.793,219.884,76.535,-92.046,47.197,38267.627,41932.100,20200924_072537,479169,17,41289,12
5,KDLH20200924_122955_V06,30.866,0.082,327.148,215.913,74.056,-92.031,47.215,37027.877,44180.373,20200924_072955,479168,12,39188,8
5,KDLH20200924_123413_V06,35.166,-1.000,329.065,212.697,73.274,-92.018,47.229,36636.991,46006.765,20200924_073413,479168,27,36919,15
5,KDLH20200924_123831_V06,39.466,0.057,334.198,209.679,64.992,-91.984,47.243,32496.109,48288.971,20200924_073831,479174,14,34882,8
3,KDLH20200924_120824_V06,9.349,0.171,346.921,203.629,51.663,-91.900,47.270,25831.638,53593.264,20200924_070824,479166,103,54912,19
3,KDLH20200924_121243_V06,13.666,0.069,347.308,203.895,56.299,-91.897,47.269,28149.423,53558.863,20200924_071243,479168,41,51698,18
3,KDLH20200924_121701_V06,17.966,0.151,350.288,203.661,48.855,-91.877,47.270,24427.628,54336.883,20200924_071701,479165,36,47736,9
7,KDLH20200924_131255_V06,73.866,0.060,292.459,228.670,91.341,-92.259,47.158,45670.612,35863.615,20200924_081255,479168,26,28396,16
1,KDLH20200925_111359_V06,-46.383,0.089,449.472,290.439,8.497,-91.229,46.876,4248.306,74888.593,20200925_061359,479166,0,38544,0
1,KDLH20200926_131119_V06,69.632,0.059,95.883,404.550,40.224,-93.536,46.359,20112.043,114667.554,20200926_081119,479166,53,47249,51
7,KDLH20200928_113214_V06,-32.097,0.065,18.589,232.596,22.477,-94.064,47.125,11238.451,144685.185,20200928_063214,479164,2,27229,2
7,KDLH20200928_113919_V06,-25.013,0.133,20.700,234.938,31.469,-94.050,47.115,15734.638,143388.816,20200928_063919,479169,21,33196,21
7,KDLH20200928_114623_V06,-17.947,0.278,24.409,232.867,34.964,-94.026,47.125,17481.950,141824.820,20200928_064623,479165,6,37909,5
7,KDLH20200928_115327_V06,-10.880,0.197,28.076,234.155,45.182,-94.002,47.119,22590.930,139891.048,20200928_065327,479164,7,39064,5
7,KDLH20200928_120234_V06,-1.763,0.111,36.649,229.398,61.236,-93.946,47.141,30618.042,136325.250,20200928_070234,479164,8,34993,5
7,KDLH20200928_120928_V06,5.137,0.072,39.812,247.274,62.380,-93.922,47.061,31190.008,132738.435,20200928_070928,479171,10,32680,7
7,KDLH20200928_121617_V06,11.953,0.069,40.172,256.873,72.225,-93.919,47.018,36112.569,131691.237,20200928_071617,479167,17,33532,10
12,KDLH20200928_124406_V06,39.770,0.065,426.057,313.084,9.238,-91.384,46.775,4619.236,63367.235,20200928_074406,479168,9,39621,4
12,KDLH20200928_125110_V06,46.837,0.300,425.828,315.063,18.623,-91.386,46.766,9311.531,63362.959,20200928_075110,479168,10,41860,6
12,KDLH20200928_130517_V06,60.953,0.523,426.061,315.261,22.625,-91.385,46.765,11312.280,63490.440,20200928_080517,479167,11,46545,8
12,KDLH20200928_131221_V06,68.020,0.208,427.722,319.686,25.692,-91.374,46.745,12845.932,64615.189,20200928_081221,479165,8,49042,6
1,KDLH20200928_111101_V06,-53.313,0.151,145.058,384.688,5.315,-93.218,46.452,2657.360,88288.051,20200928_061101,479168,0,24491,0
1,KDLH20200928_111805_V06,-46.247,0.106,145.456,386.355,12.658,-93.215,46.444,6328.793,88516.969,20200928_061805,479167,4,24433,3
11,KDLH20200928_122957_V06,25.620,0.106,81.344,428.468,16.565,-93.628,46.250,8282.621,126801.392,20200928_072957,479167,8,35474,7
11,KDLH20200928_123701_V06,32.687,0.080,82.440,428.021,28.486,-93.620,46.252,14242.959,126215.812,20200928_073701,479165,3,37675,2
14,KDLH20200928_131925_V06,75.087,0.131,454.437,272.953,11.938,-91.195,46.954,5969.166,78393.664,20200928_081925,479168,12,51322,8
14,KDLH20200928_132629_V06,82.153,0.450,453.837,275.287,19.450,-91.199,46.944,9725.050,77904.801,20200928_082629,479169,6,53620,4
16,KDLH20200928_132629_V06,82.153,0.285,48.375,328.784,34.141,-93.855,46.696,17070.587,126632.890,20200928_082629,479169,6,53620,4
16,KDLH20200928_133333_V06,89.220,0.282,49.700,331.607,42.189,-93.846,46.683,21094.495,126143.932,20200928_083333,479168,10,55049,4
4,KDLH20200928_112509_V06,-39.180,0.118,29.929,242.162,53.841,-93.988,47.083,26920.586,138097.371,20200928_062509,479166,5,24217,4
15,KDLH20200928_131925_V06,75.087,0.109,38.690,315.112,40.987,-93.920,46.756,20493.711,130873.330,20200928_081925,479168,12,51322,8
3,KDLH20200929_112756_V06,-37.724,0.437,13.995,246.720,20.454,-94.092,47.061,10227.166,145462.968,20200929_062756,479168,0,65089,0
3,KDLH20200929_113500_V06,-30.657,0.591,18.278,252.342,28.258,-94.063,47.036,14129.196,142862.491,20200929_063500,479166,1,70498,1
3,KDLH20200929_114203_V06,-23.607,0.147,24.396,259.939,32.976,-94.022,47.003,16487.849,139250.114,20200929_064203,479163,15,84545,15
19,KDLH20200929_132832_V06,82.876,0.084,341.003,243.960,61.253,-91.940,47.089,30626.663,34719.202,20200929_082832,479167,179,118801,4
19,KDLH20200929_133340_V06,88.009,0.351,340.109,244.079,70.369,-91.946,47.088,35184.444,34409.082,20200929_083340,479171,148,119499,6
2,KDLH20200929_111346_V06,-51.891,0.101,300.727,145.146,21.401,-92.205,47.533,10700.623,77427.885,20200929_061346,479167,2,65937,2
4,KDLH20200929_114203_V06,-23.607,0.138,20.507,117.854,28.858,-94.070,47.641,14429.070,166803.439,20200929_064203,479163,15,84545,15
1,KDLH20200930_111547_V06,-51.205,0.124,172.308,362.317,17.848,-93.042,46.554,8923.828,71043.174,20200930_061547,479164,117,74382,9
1,KDLH20200930_112025_V06,-46.571,0.135,172.030,363.525,23.963,-93.044,46.548,11981.396,71434.812,20200930_062025,479168,88,72588,5
1,KDLH20200930_112519_V06,-41.671,-1.000,171.800,364.523,30.719,-93.045,46.544,15359.535,71760.946,20200930_062519,479166,69,70384,1
1,KDLH20200930_112959_V06,-37.005,0.051,164.339,379.117,32.989,-93.093,46.478,16494.631,78523.003,20200930_062959,479167,45,69640,4
6,KDLH20200930_113919_V06,-27.671,0.658,190.284,407.878,16.836,-92.922,46.349,8418.217,76933.985,20200930_063919,479168,22,70635,3
6,KDLH20200930_114358_V06,-23.021,0.151,190.798,409.494,22.479,-92.919,46.342,11239.382,77320.807,20200930_064358,479168,21,74614,5
7,KDLH20200930_114358_V06,-23.021,0.060,176.503,391.900,15.603,-93.013,46.421,7801.617,76969.283,20200930_064358,479168,21,74614,5
7,KDLH20200930_114837_V06,-18.371,0.201,176.461,393.640,22.020,-93.013,46.413,11009.960,77508.793,20200930_064837,479167,5,79505,1
13,KDLH20200930_130910_V06,62.179,0.052,282.378,160.250,49.108,-92.327,47.465,24554.205,70428.294,20200930_080910,479169,14,38042,9
4,KDLH20201001_112748_V06,-40.522,0.135,314.829,448.317,13.381,-92.114,46.170,6690.584,74528.222,20201001_062748,479164,17,60223,2
4,KDLH20201001_113228_V06,-35.856,0.104,315.212,449.675,19.566,-92.111,46.164,9782.878,75222.901,20201001_063228,479171,19,61351,6
8,KDLH20201001_120024_V06,-7.922,0.150,376.503,136.691,22.658,-91.701,47.570,11328.991,90169.989,20201001_070024,479170,26,78959,6
8,KDLH20201001_120503_V06,-3.272,0.434,375.380,138.112,28.132,-91.709,47.564,14066.232,89288.584,20201001_070503,479163,39,76505,9
26,KDLH20201001_133048_V06,82.478,0.354,380.703,424.711,32.786,-91.686,46.275,16393.061,74272.805,20201001_083048,479167,1,56190,1
26,KDLH20201001_133752_V06,89.544,0.437,380.671,429.036,37.713,-91.687,46.255,18856.612,76088.991,20201001_083752,479167,3,57568,2
3,KDLH20201001_112309_V06,-45.172,0.073,31.097,270.839,49.902,-93.976,46.954,24950.912,135239.912,20201001_062309,479165,22,59338,4
3,KDLH20201001_112748_V06,-40.522,-1.000,31.097,270.839,57.295,-93.976,46.954,28647.662,135239.912,20201001_062748,479164,17,60223,2
3,KDLH20201001_113228_V06,-35.856,0.082,28.855,287.088,45.351,-93.988,46.881,22675.503,135726.170,20201001_063228,479171,19,61351,6
6,KDLH20201001_114147_V06,-26.539,0.068,352.142,355.129,37.210,-91.870,46.588,18605.227,37940.624,20201001_064147,479170,11,71712,2
11,KDLH20201001_120942_V06,1.378,0.245,198.749,142.486,24.029,-92.882,47.543,12014.347,93624.890,20201001_070942,479170,53,72744,15
15,KDLH20201001_121900_V06,10.678,0.053,313.743,503.501,13.367,-92.121,45.922,6683.725,101982.198,20201001_071900,479166,30,66745,6
21,KDLH20201001_130728_V06,59.144,0.079,346.172,434.441,18.502,-91.910,46.232,9250.978,71074.373,20201001_080728,479165,9,59501,5
25,KDLH20201001_132344_V06,75.411,0.167,380.911,408.489,41.010,-91.684,46.348,20505.146,67669.099,20201001_082344,479171,10,54808,6
27,KDLH20201001_133048_V06,82.478,0.108,241.678,154.797,11.552,-92.597,47.489,5775.961,78239.185,20201001_083048,479167,1,56190,1
1,KDLH20201003_112512_V06,-45.803,0.058,47.942,464.138,55.913,-93.839,46.087,27956.287,150395.060,20201003_062512,479168,0,58837,0
1,KDLH20201003_113217_V06,-38.720,-1.000,47.942,464.138,67.175,-93.839,46.087,33587.537,150395.060,20201003_063217,479170,2,55060,2
1,KDLH20201003_113922_V06,-31.637,0.059,56.209,462.623,67.707,-93.786,46.095,33853.301,146526.507,20201003_063922,479163,7,50236,3
2,KDLH20201003_123601_V06,25.013,0.056,22.870,475.423,45.283,-94.000,46.034,22641.508,163992.821,20201003_073601,479171,19,36783,17
2,KDLH20201003_124305_V06,32.080,0.090,23.829,473.368,52.112,-93.994,46.043,26055.789,163038.993,20201003_074305,479162,4,33524,4
5,KDLH20201005_114258_V06,-30.735,0.132,289.232,240.122,11.461,-92.281,47.106,5730.553,30419.397,20201005_064258,479167,9,41882,9
8,KDLH20201005_121016_V06,-3.435,0.068,406.922,324.574,15.885,-91.510,46.724,7942.608,54854.553,20201005_071016,479167,39,25074,39
9,KDLH20201005_122345_V06,10.049,0.060,378.341,234.226,17.874,-91.693,47.132,8936.977,51145.942,20201005_072345,479170,31,22509,29
1,KDLH20201006_120628_V06,-8.591,0.364,279.263,158.864,12.937,-92.347,47.472,6468.357,71325.664,20201006_070628,479164,50,52977,41
1,KDLH20201007_113225_V06,-44.002,0.682,385.465,303.079,31.125,-91.650,46.822,15562.359,42760.170,20201007_063225,479166,0,19149,0
6,KDLH20201013_131823_V06,53.688,0.094,378.240,62.450,51.671,-91.686,47.904,25835.445,125051.628,20201013_081823,479163,43,66087,5
1,KDLH20201016_125018_V06,21.393,0.110,30.471,258.538,32.373,-93.982,47.010,16186.323,136349.764,20201016_075018,479167,12,46494,11
1,KDLH20201017_134728_V06,77.146,0.124,52.983,442.305,57.644,-93.810,46.186,28821.781,142537.890,20201017_084728,479171,60,400560,7
1,KDLH20201020_113647_V06,-57.809,0.060,259.327,150.729,8.292,-92.480,47.508,4146.229,77356.762,20201020_063647,479168,0,81085,0
1,KDLH20201023_131621_V06,37.446,0.111,45.827,293.028,57.397,-93.876,46.856,28698.277,127134.539,20201023_081621,479167,5,251637,1
1,KDLH20201025_115100_V06,-50.798,0.090,24.673,460.844,35.240,-93.990,46.099,17620.117,159433.257,20201025_065100,479168,0,127306,0
2,KDLH20201025_121213_V06,-29.581,0.050,34.595,272.529,60.813,-93.953,46.947,30406.410,133411.564,20201025_071213,479166,0,132272,0
2,KDLH20201026_133659_V06,53.733,0.082,368.413,308.624,29.742,-91.762,46.797,14870.911,34477.083,20201026_083659,479164,2,57781,2
1,KDLH20201028_114625_V06,-59.748,0.361,403.810,294.123,8.011,-91.529,46.861,4005.283,51988.172,20201028_064625,479166,0,45750,0
1,KDLH20201104_131156_V06,15.495,0.102,110.579,413.218,54.574,-93.440,46.321,27286.924,110338.732,20201104_071156,479164,17,24624,11
8,KDLH20201109_131656_V06,13.137,0.068,323.244,485.908,33.552,-92.060,46.001,16775.993,93677.759,20201109_071656,479165,2205,226511,424
1,KDLH20201113_121839_V06,-50.992,0.076,357.915,417.772,8.441,-91.834,46.307,4220.562,65620.985,20201113_061839,479166,0,62684,0
2,KDLH20201113_133614_V06,26.591,0.087,337.719,296.109,28.793,-91.962,46.854,14396.606,18959.551,20201113_073614,479166,0,25772,0
1,KDLH20201114_123954_V06,-31.192,0.088,20.584,141.373,31.491,-94.065,47.535,15745.575,160651.660,20201114_063954,479167,0,16446,0
1,KDLH20201114_124638_V06,-24.459,0.112,22.607,142.712,42.655,-94.052,47.530,21327.642,159441.617,20201114_064638,479170,0,15799,0
4,KDLH20201114_133351_V06,22.758,0.082,44.546,132.732,67.137,-93.908,47.577,33568.489,152672.313,20201114_073351,479164,0,7936,0
1,KDLH20201116_133620_V06,22.363,0.083,31.369,91.483,40.843,-94.001,47.761,20421.545,170030.752,20201116_073620,479166,6,131470,6
8,KDLH20201119_143530_V06,77.278,0.153,30.966,96.858,36.583,-94.003,47.737,18291.744,168557.308,20201119_083530,479171,7,53415,2
8,KDLH20201119_144016_V06,82.045,0.469,32.668,95.196,43.321,-93.992,47.744,21660.325,168382.594,20201119_084016,479176,9,54806,2
8,KDLH20201119_144518_V06,87.078,0.570,40.609,83.729,53.099,-93.941,47.797,26549.726,168861.595,20201119_084518,479177,9,59595,0
4,KDLH20201119_133551_V06,17.628,0.055,27.984,409.365,53.026,-93.976,46.331,26513.147,146588.856,20201119_073551,479166,3,46236,0
7,KDLH20201119_142206_V06,63.878,0.053,41.025,151.091,52.026,-93.928,47.494,26013.193,149366.772,20201119_082206,479169,20,43836,6
9,KDLH20201119_144016_V06,82.045,0.050,436.010,440.855,29.270,-91.329,46.200,14635.244,97901.686,20201119_084016,479176,9,54806,2
1,KDLH20201120_131859_V06,-0.634,0.066,248.612,32.558,44.912,-92.554,48.039,22455.790,136166.973,20201120_071859,479168,0,38735,0
6,KDLH20201120_141521_V06,55.733,0.083,352.701,73.805,66.263,-91.858,47.854,33131.260,116126.695,20201120_081521,479167,2,84954,2
3,KDLH20201123_123847_V06,-44.939,0.179,376.109,309.807,13.710,-91.711,46.792,6855.160,38369.007,20201123_063847,479167,0,43642,0
3,KDLH20201123_124829_V06,-35.239,0.075,377.612,308.089,22.915,-91.701,46.799,11457.518,39016.062,20201123_064829,479169,2,41996,2
1,KDLH20201123_122906_V06,-54.622,0.132,439.400,323.368,7.258,-91.298,46.728,3629.185,70672.431,20201123_062906,479166,0,43844,0
9,KDLH20201124_133156_V06,6.873,0.081,47.031,408.603,54.649,-93.853,46.337,27324.604,137647.998,20201124_073156,479166,0,197334,0
9,KDLH20201124_134138_V06,16.573,0.233,44.998,392.085,59.384,-93.868,46.411,29691.993,135559.579,20201124_074138,479169,0,197037,0
12,KDLH20201124_142302_V06,57.973,0.078,149.977,518.551,44.498,-93.175,45.850,22249.104,132543.760,20201124_082302,479169,0,206757,0
2,KDLH20201126_132402_V06,-3.652,0.160,300.636,395.357,16.513,-92.206,46.408,8256.330,47679.740,20201126_072402,479164,0,42263,0
3,KDLH20201126_133344_V06,6.048,0.052,38.879,154.051,66.463,-93.942,47.480,33231.300,149570.308,20201126_073344,479168,0,44226,0
1,KDLH20201204_131912_V06,-18.142,0.102,374.324,416.347,13.357,-91.727,46.313,6678.402,69030.106,20201204_071912,479168,0,5909,0
1,KDLH20201205_131141_V06,-26.753,0.066,385.161,396.412,2.499,-91.656,46.402,1249.317,64319.125,20201205_071141,479169,0,6339,0
1,KDLH20201205_131839_V06,-19.786,-1.000,385.161,396.412,13.576,-91.656,46.402,6787.817,64319.125,20201205_071839,479168,0,6963,0
1,KDLH20201205_132524_V06,-13.036,0.055,391.714,400.411,26.435,-91.614,46.384,13217.386,67995.813,20201205_072524,479166,0,7389,0
1,KDLH20201205_133208_V06,-6.303,0.074,394.597,392.857,32.757,-91.594,46.418,16378.560,66277.812,20201205_073208,479168,0,7683,0
1,KDLH20201213_133329_V06,-12.591,0.214,22.818,306.173,32.012,-94.025,46.795,16006.130,138625.506,20201213_073329,479168,1,21824,1
1,KDLH20201213_134034_V06,-5.508,0.474,25.479,308.744,40.048,-94.007,46.783,20023.984,137330.129,20201213_074034,479169,0,21237,0
1,KDLH20201213_134728_V06,1.392,0.298,36.432,309.184,43.400,-93.936,46.783,21699.768,131864.222,20201213_074728,479166,1,21281,0
3,KDLH20201213_144249_V06,56.742,0.102,27.341,288.476,39.200,-93.998,46.875,19600.130,136451.412,20201213_084249,479166,0,31284,0
3,KDLH20201213_144953_V06,63.809,-1.000,27.341,288.476,50.436,-93.998,46.875,25218.130,136451.412,20201213_084953,479166,1,33481,1
3,KDLH20201213_150356_V06,77.859,0.142,36.373,284.641,53.627,-93.940,46.893,26813.739,132037.151,20201213_090356,479166,0,34840,0
2,KDLH20201214_150447_V06,77.910,0.061,298.918,264.021,15.235,-92.217,46.999,7617.691,17997.634,20201214_090447,479165,2,22324,0
1,KDLH20201221_132430_V06,-26.843,0.063,34.724,494.208,49.800,-93.921,45.950,24899.990,164383.651,20201221_072430,479128,8,226562,4
1,KDLH20201223_133918_V06,-12.936,0.220,22.858,444.538,23.261,-94.004,46.173,11630.299,156284.301,20201223_073918,479124,9,40683,8
1,KDLH20201223_134734_V06,-4.669,0.188,24.101,440.693,34.485,-93.997,46.190,17242.664,154850.469,20201223_074734,479121,5,41056,4
1,KDLH20201225_130019_V06,-52.633,0.106,385.787,362.455,5.030,-91.650,46.555,2514.780,53056.627,20201225_070019,479122,2,12106,2
2,KDLH20201227_142426_V06,30.952,0.066,29.992,453.712,38.640,-93.957,46.132,19319.786,155347.694,20201227_082426,479119,0,116855,0
2,KDLH20201227_143309_V06,39.669,0.102,30.849,447.645,44.772,-93.952,46.159,22385.845,153493.719,20201227_083309,479131,4,123423,2
2,KDLH20201227_144150_V06,48.352,-1.000,31.640,442.043,51.444,-93.948,46.185,25721.875,151816.801,20201227_084150,479118,1,131379,0
2,KDLH20201227_145033_V06,57.069,0.192,32.230,439.403,51.732,-93.944,46.197,25866.199,150941.989,20201227_085033,479136,3,139370,3
2,KDLH20201227_150756_V06,74.452,0.350,39.665,420.436,68.892,-93.899,46.283,34446.179,143421.822,20201227_090756,479126,8,146136,7
2,KDLH20201227_151638_V06,83.152,0.237,40.722,419.552,74.315,-93.892,46.287,37157.730,142756.518,20201227_091638,479135,2,151481,2
3,KDLH20201227_144150_V06,48.352,0.062,38.003,84.217,45.431,-93.958,47.794,22715.702,169709.155,20201227_084150,479118,1,131379,0
3,KDLH20201227_145033_V06,57.069,0.113,42.336,88.233,53.111,-93.929,47.777,26555.638,166760.100,20201227_085033,479136,3,139370,3
1,KDLH20201228_143556_V06,42.255,0.213,25.899,419.993,39.341,-93.988,46.283,19670.498,149607.657,20201228_083556,479127,8,91508,6
1,KDLH20201228_144438_V06,50.955,0.159,25.204,421.893,46.093,-93.992,46.275,23046.409,150308.476,20201228_084438,479116,8,87624,5
1,KDLH20201228_150202_V06,68.355,0.055,32.718,427.590,44.024,-93.943,46.250,22012.145,148086.749,20201228_090202,479133,2,85532,2
