track_id,filename,from_sunrise,det_score,x,y,r,lon,lat,radius,geo_dist,local_time,n_radar_pixels,n_refAbove40_pixels,n_xcorrAbove0.95_pixels,n_xcorrBelow0.95_refAbove40_pixels
11,KSJT20170602_122352_V06,45.963,0.052,296.784,160.811,29.960,-100.509,31.999,14980.179,69612.937,20170602_072352,479169,48,56336,21
18,KSJT20170602_125202_V06,74.129,0.089,426.667,327.787,24.518,-99.827,31.244,12259.018,64839.663,20170602_075202,479160,593,61273,61
19,KSJT20170602_125202_V06,74.129,0.068,52.799,548.749,50.144,-101.776,30.243,25071.831,175345.599,20170602_075202,479160,593,61273,61
2,KSJT20170605_114655_V06,9.550,0.070,405.414,117.648,2.500,-99.933,32.192,1250.229,105314.538,20170605_064655,479167,35,50825,31
4,KSJT20170605_124521_V06,67.984,0.301,242.262,180.972,10.548,-100.797,31.907,5274.054,66146.368,20170605_074521,479172,71,41536,63
2,KSJT20170607_114756_V06,10.804,0.112,398.179,111.958,10.555,-99.971,32.218,5277.706,106064.870,20170607_064756,479173,77,43750,25
5,KSJT20170608_104918_V06,-47.747,0.267,234.570,76.114,15.984,-100.840,32.380,7992.174,116625.568,20170608_054918,479172,56,62182,49
5,KSJT20170608_110848_V06,-28.247,0.135,233.578,73.541,31.273,-100.845,32.392,15636.323,117999.355,20170608_060848,479167,51,48602,45
12,KSJT20170608_113022_V06,-6.681,0.122,252.425,112.935,8.906,-100.745,32.214,4453.226,96509.973,20170608_063022,479176,80,35097,43
12,KSJT20170608_114007_V06,3.069,0.193,251.782,103.938,23.015,-100.748,32.255,11507.501,100951.856,20170608_064007,479169,72,37943,56
8,KSJT20170608_111833_V06,-18.497,0.320,258.780,165.418,38.035,-100.710,31.978,19017.485,70376.470,20170608_061833,479171,51,35575,38
13,KSJT20170608_114951_V06,12.803,0.168,398.245,111.458,10.699,-99.971,32.220,5349.606,106301.625,20170608_064951,479161,84,38361,64
15,KSJT20170608_122849_V06,51.769,0.100,183.224,226.223,43.966,-101.108,31.702,21983.238,69064.625,20170608_072849,479172,84,38382,61
3,KSJT20170609_104115_V06,-55.739,0.066,264.084,355.144,12.561,-100.680,31.122,6280.634,32904.602,20170609_054115,479173,90,51180,63
3,KSJT20170609_104524_V06,-51.589,0.120,263.074,356.236,18.491,-100.686,31.117,9245.716,33638.163,20170609_054524,479177,112,50493,94
6,KSJT20170609_113001_V06,-6.972,0.125,9.722,288.162,15.540,-102.019,31.415,7769.807,145259.725,20170609_063001,479188,154,56473,126
6,KSJT20170609_113405_V06,-2.906,0.142,10.126,288.768,21.295,-102.016,31.413,10647.445,145045.903,20170609_063405,479174,101,61958,75
1,KSJT20170609_103707_V06,-59.872,0.262,400.238,104.074,17.082,-99.960,32.253,8540.874,110039.445,20170609_053707,479173,62,52012,39
2,KSJT20170609_103707_V06,-59.872,0.086,196.029,106.245,27.051,-101.044,32.244,13525.257,109944.367,20170609_053707,479173,62,52012,39
1,KSJT20170610_112202_V06,-14.922,0.091,273.844,355.875,16.048,-100.629,31.119,8023.949,30847.322,20170610_062202,479176,58,29839,53
2,KSJT20170610_113145_V06,-5.205,0.051,302.322,82.895,4.808,-100.480,32.350,2403.946,108558.610,20170610_063145,479169,60,40229,60
1,KSJT20170611_112915_V06,-7.694,0.099,262.770,358.814,16.224,-100.687,31.106,8111.916,34803.731,20170611_062915,479172,59,28083,57
1,KSJT20170613_113041_V06,-6.311,0.144,453.122,245.692,8.303,-99.685,31.613,4151.600,81233.832,20170613_063041,479177,43,30992,35
1,KSJT20170613_113456_V06,-2.061,0.173,453.354,244.963,14.014,-99.684,31.617,7006.805,81465.286,20170613_063456,479183,42,33201,42
1,KSJT20170616_112159_V06,-15.260,0.627,457.376,60.424,17.271,-99.655,32.449,8635.708,143321.079,20170616_062159,479169,85,47845,62
1,KSJT20170616_113143_V06,-5.526,0.603,459.936,65.005,26.066,-99.642,32.428,13033.085,142128.536,20170616_063143,479169,72,45962,54
1,KSJT20170616_114127_V06,4.207,0.470,463.975,72.009,31.873,-99.621,32.396,15936.488,140416.826,20170616_064127,479173,47,51023,44
1,KSJT20170617_104639_V06,-50.721,0.052,428.836,507.813,14.845,-99.822,30.432,7422.255,122254.541,20170617_054639,479175,58,54792,57
2,KSJT20170617_112538_V06,-11.738,0.162,355.423,106.678,6.912,-100.198,32.243,3455.799,100554.689,20170617_062538,479172,60,48667,59
1,KSJT20170618_113256_V06,-4.588,0.130,472.054,265.492,17.818,-99.586,31.524,8908.882,87740.210,20170618_063256,479174,47,49236,39
1,KSJT20170618_114241_V06,5.162,0.062,474.510,266.989,30.929,-99.574,31.517,15464.285,88802.303,20170618_064241,479166,53,51044,51
1,KSJT20170619_120450_V06,27.139,0.053,26.309,356.073,28.726,-101.927,31.110,14362.831,139688.110,20170619_070450,479173,111,47723,35
1,KSJT20170620_112456_V06,-12.955,0.571,436.634,68.300,24.284,-99.766,32.414,12142.063,134492.974,20170620_062456,479169,50,90107,48
1,KSJT20170620_113441_V06,-3.205,0.846,440.838,76.380,30.628,-99.744,32.377,15314.201,132137.295,20170620_063441,479185,39,69865,29
1,KSJT20170620_114426_V06,6.545,0.096,443.193,89.242,38.950,-99.732,32.319,19475.097,127400.452,20170620_064426,479184,32,67939,28
2,KSJT20170620_120355_V06,26.029,0.077,237.238,149.540,14.748,-100.824,32.049,7373.949,81512.628,20170620_070355,479166,32,75082,31
3,KSJT20170620_122324_V06,45.512,0.078,538.386,479.815,20.976,-99.250,30.554,10487.782,149299.294,20170620_072324,479173,56,75244,50
2,KSJT20170621_113103_V06,-7.053,0.120,433.990,66.166,22.760,-99.780,32.424,11380.051,134751.359,20170621_063103,479174,45,81853,39
2,KSJT20170621_113527_V06,-2.653,0.557,435.145,67.112,29.942,-99.774,32.419,14970.996,134630.060,20170621_063527,479169,48,89188,36
2,KSJT20170621_113950_V06,1.730,0.739,437.123,71.547,36.846,-99.764,32.399,18422.997,133222.946,20170621_063950,479185,50,90132,44
2,KSJT20170621_114412_V06,6.097,0.470,436.116,74.164,40.648,-99.769,32.387,20324.162,131842.023,20170621_064412,479189,35,86303,32
3,KSJT20170622_113638_V06,-1.705,0.682,441.154,83.649,16.351,-99.743,32.344,8175.323,129162.979,20170622_063638,479174,14,76779,13
3,KSJT20170622_114624_V06,8.061,0.206,440.434,88.071,31.284,-99.747,32.325,15642.234,127117.595,20170622_064624,479167,16,84381,13
3,KSJT20170622_120553_V06,27.545,0.223,436.538,92.692,34.900,-99.767,32.304,17450.017,124116.149,20170622_070553,479165,13,92657,8
1,KSJT20170622_110726_V06,-30.905,0.836,446.750,87.812,16.425,-99.713,32.326,8212.471,128995.556,20170622_060726,479170,2,118177,2
1,KSJT20170622_111710_V06,-21.172,0.439,449.314,92.313,28.287,-99.700,32.305,14143.559,127895.137,20170622_061710,479170,1,112410,0
4,KSJT20170622_113638_V06,-1.705,0.138,304.933,105.440,17.317,-100.466,32.248,8658.310,97311.232,20170622_063638,479174,14,76779,13
5,KSJT20170622_124451_V06,66.511,0.051,239.347,125.786,33.424,-100.814,32.156,16711.929,92235.005,20170622_074451,479162,49,79437,37
1,KSJT20170623_112428_V06,-14.128,0.104,457.740,87.271,27.780,-99.655,32.328,13890.060,132415.468,20170623_062428,479165,49,55492,47
1,KSJT20170623_113413_V06,-4.378,-1.000,457.740,87.271,43.283,-99.655,32.328,21641.310,132415.468,20170623_063413,479169,50,54986,40
1,KSJT20170623_114356_V06,5.339,0.405,462.349,73.472,34.595,-99.630,32.390,17297.508,139348.626,20170623_064356,479172,53,61234,49
3,KSJT20170623_120326_V06,24.839,0.247,511.035,485.995,18.161,-99.393,30.528,9080.637,140649.962,20170623_070326,479169,40,59677,38
4,KSJT20170623_120326_V06,24.839,0.063,31.201,131.388,32.729,-101.916,32.124,16364.708,158652.757,20170623_070326,479169,40,59677,38
1,KSJT20170624_103924_V06,-59.470,0.094,525.671,480.633,59.594,-99.316,30.551,29797.100,144530.171,20170624_053924,479167,764,61741,33
11,KSJT20170624_123343_V06,54.847,0.056,351.955,421.112,16.906,-100.221,30.825,8452.911,65892.928,20170624_073343,479168,7830,97240,387
5,KSJT20170625_114623_V06,7.219,0.358,434.184,78.228,34.176,-99.779,32.369,17087.757,129603.185,20170625_064623,479170,31,73670,26
1,KSJT20170627_111844_V06,-21.074,0.269,445.587,58.128,23.703,-99.718,32.459,11851.341,141153.820,20170627_061844,479181,62,45581,37
1,KSJT20170627_112307_V06,-16.691,0.930,445.384,59.469,25.482,-99.719,32.453,12740.927,140527.109,20170627_062307,479173,50,58344,31
1,KSJT20170627_112730_V06,-12.307,0.948,442.394,58.912,29.424,-99.735,32.456,14711.969,139999.401,20170627_062730,479180,73,66986,42
1,KSJT20170627_113154_V06,-7.907,0.878,443.474,60.082,32.974,-99.729,32.451,16487.119,139772.580,20170627_063154,479167,86,72140,41
1,KSJT20170627_113617_V06,-3.524,0.241,444.873,60.242,36.523,-99.722,32.450,18261.621,140064.512,20170627_063617,479178,78,75653,42
1,KSJT20170628_104534_V06,-54.589,0.073,394.728,153.133,2.476,-99.991,32.032,1238.125,87383.433,20170628_054534,479172,69,48887,62
3,KSJT20170628_122505_V06,44.928,0.078,263.426,358.999,13.539,-100.684,31.105,6769.447,34708.016,20170628_072505,479178,59,51414,56
1,KSJT20170629_112420_V06,-16.187,0.436,470.779,55.855,25.251,-99.584,32.469,12625.729,148973.218,20170629_062420,479173,47,39730,40
1,KSJT20170629_113404_V06,-6.454,0.722,479.570,59.080,30.230,-99.537,32.454,15115.044,150239.638,20170629_063404,479167,51,48638,49
1,KSJT20170630_114215_V06,1.348,0.052,465.472,71.723,42.950,-99.613,32.397,21475.121,140971.107,20170630_064215,479173,65,54897,61
4,KSJT20170701_113208_V06,-9.165,0.107,504.356,346.637,13.585,-99.421,31.156,6792.295,104805.034,20170701_063208,479182,18320,162920,1880
4,KSJT20170701_113740_V06,-3.632,0.247,504.182,347.647,20.668,-99.422,31.152,10334.022,104834.058,20170701_063740,479180,20843,166094,1768
4,KSJT20170701_114311_V06,1.885,0.070,504.812,348.713,23.588,-99.418,31.147,11794.079,105262.433,20170701_064311,479169,20708,169398,1774
14,KSJT20170701_125429_V06,73.185,0.243,420.497,75.129,18.313,-99.852,32.384,9156.361,127560.499,20170701_075429,479172,3723,166857,108
14,KSJT20170701_130530_V06,84.201,0.271,423.438,74.002,28.125,-99.836,32.389,14062.746,128755.851,20170701_080530,479186,3496,157352,163
6,KSJT20170701_113740_V06,-3.632,0.281,420.531,335.694,7.227,-99.860,31.209,3613.544,62852.793,20170701_063740,479180,20843,166094,1768
9,KSJT20170701_120416_V06,22.968,0.069,41.259,220.180,49.000,-101.857,31.724,24499.823,135386.787,20170701_070416,479177,14589,175561,1858
15,KSJT20170701_125429_V06,73.185,0.096,162.971,284.016,7.215,-101.213,31.441,3607.594,68978.974,20170701_075429,479172,3723,166857,108
4,KSJT20170703_113715_V06,-4.888,0.061,263.002,360.233,13.031,-100.686,31.099,6515.526,35344.325,20170703_063715,479163,52,45906,44
8,KSJT20170704_113816_V06,-4.313,0.244,509.044,338.922,11.406,-99.396,31.191,5702.795,106318.035,20170704_063816,479178,52,43565,52
8,KSJT20170704_114218_V06,-0.280,0.360,509.644,337.725,17.440,-99.392,31.196,8719.902,106505.515,20170704_064218,479174,25,44247,25
8,KSJT20170704_114620_V06,3.753,0.170,511.025,336.997,18.646,-99.385,31.199,9322.882,107121.628,20170704_064620,479176,52,43223,47
8,KSJT20170704_115044_V06,8.153,0.093,516.291,333.496,20.826,-99.357,31.215,10412.912,109434.641,20170704_065044,479168,47,42237,46
6,KSJT20170704_113010_V06,-12.413,0.061,271.090,354.559,11.287,-100.644,31.125,5643.311,30872.605,20170704_063010,479182,44,42613,44
7,KSJT20170704_113413_V06,-8.363,0.087,507.048,335.286,14.747,-99.406,31.207,7373.291,105016.504,20170704_063413,479180,47,42151,46
9,KSJT20170704_122648_V06,44.220,0.102,266.740,359.508,13.829,-100.667,31.103,6914.385,34086.145,20170704_072648,479166,46,27037,44
3,KSJT20170705_112337_V06,-19.419,0.162,439.708,76.382,11.233,-99.750,32.377,5616.371,131836.333,20170705_062337,479188,2722,109385,71
3,KSJT20170705_112908_V06,-13.902,0.051,439.733,76.731,18.836,-99.750,32.376,9417.820,131695.140,20170705_062908,479171,2388,109363,51
2,KSJT20170705_111236_V06,-30.435,0.343,442.626,73.538,7.163,-99.734,32.390,3581.348,133816.123,20170705_061236,479192,3103,114615,79
11,KSJT20170706_112223_V06,-21.120,0.645,441.408,53.072,25.425,-99.740,32.482,12712.475,142275.859,20170706_062223,479174,4914,133477,153
11,KSJT20170706_112754_V06,-15.604,0.764,446.267,52.941,30.582,-99.714,32.483,15290.762,143555.183,20170706_062754,479173,5345,136266,218
11,KSJT20170706_113325_V06,-10.087,0.916,447.023,55.439,29.073,-99.710,32.471,14536.727,142675.776,20170706_063325,479183,5702,141382,239
11,KSJT20170706_113837_V06,-4.887,0.866,449.459,58.303,30.942,-99.697,32.459,15471.209,142087.240,20170706_063837,479179,5678,143982,204
11,KSJT20170706_114348_V06,0.296,0.807,447.948,59.603,34.947,-99.706,32.453,17473.583,141137.455,20170706_064348,479179,6323,147226,282
11,KSJT20170706_114859_V06,5.480,0.835,450.669,58.106,44.364,-99.691,32.459,22182.072,142490.239,20170706_064859,479183,6060,149099,267
11,KSJT20170706_115410_V06,10.663,0.688,450.199,58.943,50.132,-99.694,32.456,25065.844,142010.531,20170706_065410,479184,6377,151632,319
11,KSJT20170706_120458_V06,21.463,0.147,448.327,65.330,55.959,-99.704,32.427,27979.671,138808.428,20170706_070458,479182,6573,153489,319
1,KSJT20170706_104550_V06,-57.670,0.108,235.331,183.854,6.067,-100.834,31.894,3033.520,66467.797,20170706_054550,479184,5544,125306,127
19,KSJT20170706_122115_V06,37.746,0.083,230.572,263.163,17.191,-100.858,31.537,8595.663,39297.602,20170706_072115,479174,6433,151315,289
28,KSJT20170706_125421_V06,70.846,0.132,34.810,214.107,54.965,-101.892,31.751,27482.658,139376.450,20170706_075421,479174,4328,136600,117
2,KSJT20170707_112259_V06,-21.002,0.944,440.750,67.622,9.101,-99.744,32.417,4550.671,135840.003,20170707_062259,479165,93,29924,71
2,KSJT20170707_113243_V06,-11.268,0.350,446.228,72.020,25.625,-99.715,32.397,12812.746,135422.753,20170707_063243,479175,175,56790,126
2,KSJT20170707_114228_V06,-1.518,0.791,448.473,68.322,35.057,-99.703,32.413,17528.634,137585.508,20170707_064228,479170,185,64584,130
2,KSJT20170707_120155_V06,17.932,0.669,458.237,74.824,50.690,-99.651,32.384,25344.809,137607.640,20170707_070155,479172,185,50102,125
2,KSJT20170707_121140_V06,27.682,0.124,459.241,72.020,57.378,-99.646,32.396,28688.877,139043.842,20170707_071140,479174,184,48804,136
1,KSJT20170707_110330_V06,-40.485,0.052,397.954,107.322,17.733,-99.973,32.239,8866.749,108073.711,20170707_060330,479167,90,32922,70
3,KSJT20170708_113013_V06,-14.262,0.951,445.191,71.698,16.830,-99.721,32.398,8415.020,135279.743,20170708_063013,479172,76,50540,58
3,KSJT20170708_113958_V06,-4.512,0.915,447.339,74.400,29.232,-99.709,32.386,14615.838,134725.852,20170708_063958,479170,72,64738,56
3,KSJT20170708_114944_V06,5.255,0.937,449.279,76.651,42.749,-99.699,32.376,21374.286,134321.624,20170708_064944,479171,68,69923,57
3,KSJT20170708_120914_V06,24.755,0.220,452.644,80.715,55.949,-99.681,32.357,27974.266,133590.824,20170708_070914,479176,66,59345,45
5,KSJT20170708_123829_V06,54.005,0.092,462.253,497.212,22.451,-99.647,30.479,11225.452,127689.643,20170708_073829,479173,138,53579,55
5,KSJT20170708_124814_V06,63.755,0.071,464.083,499.814,34.079,-99.638,30.467,17039.539,129275.934,20170708_074814,479176,103,53668,66
4,KSJT20170708_114944_V06,5.255,0.118,25.513,288.817,39.150,-101.936,31.413,19574.966,137357.156,20170708_064944,479171,68,69923,57
1,KSJT20170709_111859_V06,-26.001,0.135,459.403,72.888,16.557,-99.645,32.392,8278.748,138734.820,20170709_061859,479160,83,27711,49
1,KSJT20170709_112842_V06,-16.284,0.122,455.546,70.814,32.057,-99.666,32.402,16028.469,138492.430,20170709_062842,479168,103,33184,66
1,KSJT20170709_113827_V06,-6.534,0.546,444.031,81.353,47.439,-99.727,32.355,23719.483,130911.569,20170709_063827,479170,95,52091,52
1,KSJT20170709_114812_V06,3.216,0.508,453.604,77.808,46.719,-99.676,32.370,23359.476,135058.808,20170709_064812,479170,91,57388,55
1,KSJT20170709_120740_V06,22.682,0.613,451.526,80.122,53.545,-99.687,32.360,26772.668,133516.138,20170709_070740,479169,76,41625,61
1,KSJT20170709_121725_V06,32.432,0.177,453.397,83.896,64.258,-99.678,32.343,32129.048,132506.272,20170709_071725,479159,96,39435,58
7,KSJT20170710_112908_V06,-16.368,0.689,443.356,65.929,8.658,-99.730,32.424,4328.804,137241.037,20170710_062908,479177,120,23040,92
7,KSJT20170710_113852_V06,-6.634,0.366,458.723,63.372,29.561,-99.648,32.435,14780.671,142465.373,20170710_063852,479167,85,46953,60
7,KSJT20170710_114838_V06,3.132,0.764,470.278,61.546,41.965,-99.587,32.443,20982.388,146504.810,20170710_064838,479182,79,61207,59
7,KSJT20170710_120807_V06,22.616,0.259,468.361,63.421,52.643,-99.597,32.435,26321.684,145185.464,20170710_070807,479181,103,55742,70
1,KSJT20170710_105006_V06,-55.401,0.200,243.237,180.191,8.745,-100.792,31.911,4372.421,66287.737,20170710_055006,479171,75,35035,70
1,KSJT20170710_110937_V06,-35.884,0.128,244.219,181.239,14.568,-100.787,31.906,7283.928,65604.140,20170710_060937,479173,99,30679,76
3,KSJT20170710_105006_V06,-55.401,0.071,265.149,360.667,13.741,-100.675,31.097,6870.634,34982.587,20170710_055006,479171,75,35035,70
3,KSJT20170710_110937_V06,-35.884,0.064,265.124,356.531,20.300,-100.675,31.116,10149.774,33211.702,20170710_060937,479173,99,30679,76
6,KSJT20170710_110937_V06,-35.884,0.268,447.701,65.035,5.952,-99.707,32.428,2975.792,138766.126,20170710_060937,479173,99,30679,76
9,KSJT20170710_114838_V06,3.132,0.162,247.318,181.309,11.962,-100.771,31.906,5980.803,64928.842,20170710_064838,479182,79,61207,59
1,KSJT20170711_110151_V06,-44.179,0.102,263.182,358.840,11.762,-100.685,31.106,5880.905,34704.936,20170711_060151,479164,62,35995,57
1,KSJT20170712_111455_V06,-31.650,0.050,458.525,54.790,9.025,-99.649,32.474,4512.325,145995.225,20170712_061455,479168,49,30903,44
1,KSJT20170712_112439_V06,-21.917,0.894,454.531,39.504,31.668,-99.670,32.543,15834.125,151441.445,20170712_062439,479178,50,24615,48
1,KSJT20170712_113424_V06,-12.167,0.945,455.039,38.872,38.367,-99.667,32.546,19183.672,151842.728,20170712_063424,479164,84,20292,82
1,KSJT20170712_114407_V06,-2.450,0.894,457.577,42.541,44.579,-99.654,32.529,22289.611,150926.837,20170712_064407,479159,73,21382,59
1,KSJT20170712_120338_V06,17.067,0.818,454.466,46.326,52.912,-99.670,32.512,26456.092,148501.285,20170712_070338,479176,47,14610,47
1,KSJT20170713_110411_V06,-42.931,0.081,454.094,54.919,11.350,-99.673,32.474,5675.121,144749.173,20170713_060411,479187,41,49312,40
1,KSJT20170713_110854_V06,-38.214,0.325,453.015,52.997,19.716,-99.678,32.482,9858.052,145279.262,20170713_060854,479162,38,48849,33
1,KSJT20170713_111351_V06,-33.264,0.730,453.637,50.352,21.316,-99.675,32.494,10658.207,146567.571,20170713_061351,479169,37,49154,37
1,KSJT20170713_111849_V06,-28.298,0.885,452.496,40.368,32.254,-99.681,32.539,16126.890,150552.129,20170713_061849,479167,65,48444,54
1,KSJT20170713_112346_V06,-23.348,0.792,454.388,41.411,33.915,-99.671,32.534,16957.383,150585.693,20170713_062346,479191,54,46093,49
1,KSJT20170713_112830_V06,-18.614,0.895,455.796,43.598,34.131,-99.663,32.525,17065.366,150011.748,20170713_062830,479175,42,43196,33
1,KSJT20170713_113301_V06,-14.098,0.907,455.545,41.949,38.883,-99.664,32.532,19441.489,150652.357,20170713_063301,479169,65,42087,50
1,KSJT20170713_113730_V06,-9.614,0.885,457.075,42.505,41.862,-99.656,32.529,20931.177,150811.172,20170713_063730,479174,49,41767,43
1,KSJT20170713_114200_V06,-5.114,0.864,459.103,44.053,44.867,-99.646,32.522,22433.400,150684.100,20170713_064200,479181,33,42869,26
1,KSJT20170713_114617_V06,-0.831,0.810,458.575,46.115,46.670,-99.648,32.513,23335.009,149669.399,20170713_064617,479165,46,44136,34
1,KSJT20170713_115033_V06,3.436,0.835,457.514,51.178,49.871,-99.654,32.490,24935.260,147244.020,20170713_065033,479174,50,44174,45
1,KSJT20170713_115436_V06,7.486,0.678,456.864,51.437,52.538,-99.658,32.489,26268.966,146961.036,20170713_065436,479166,68,44440,57
1,KSJT20170713_120242_V06,15.586,0.678,452.524,55.064,54.738,-99.681,32.473,27368.862,144271.683,20170713_070242,479171,46,44167,29
1,KSJT20170713_120646_V06,19.652,0.345,452.905,58.635,57.915,-99.679,32.457,28957.447,142860.891,20170713_070646,479170,48,43833,34
2,KSJT20170713_110854_V06,-38.214,0.255,182.892,311.633,24.242,-101.107,31.317,12121.105,58842.236,20170713_060854,479162,38,48849,33
2,KSJT20170714_111904_V06,-28.605,0.155,262.696,354.550,11.667,-100.688,31.125,5833.607,33042.624,20170714_061904,479175,2510,58596,342
1,KSJT20170715_104851_V06,-59.387,0.551,404.200,214.225,6.478,-99.942,31.757,3238.960,67481.453,20170715_054851,479170,111,42818,87
1,KSJT20170716_110339_V06,-45.162,0.531,451.290,70.806,7.352,-99.688,32.402,3676.064,137312.057,20170716_060339,479174,52,67108,47
1,KSJT20170716_111323_V06,-35.429,0.872,449.565,68.310,13.189,-99.697,32.413,6594.531,137885.496,20170716_061323,479164,37,71113,37
1,KSJT20170716_112308_V06,-25.679,0.945,452.557,66.513,20.831,-99.681,32.421,10415.711,139453.903,20170716_062308,479172,29,66867,29
1,KSJT20170716_113253_V06,-15.929,0.919,452.672,66.254,29.375,-99.681,32.423,14687.339,139594.015,20170716_063253,479171,43,50800,41
1,KSJT20170716_114236_V06,-6.212,0.890,451.979,71.027,39.020,-99.685,32.401,19509.868,137410.043,20170716_064236,479164,70,62431,67
1,KSJT20170716_120205_V06,13.271,0.660,453.803,69.638,44.753,-99.675,32.407,22376.620,138493.608,20170716_070205,479178,25,77988,24
1,KSJT20170716_121151_V06,23.038,0.681,453.212,69.912,42.954,-99.678,32.406,21477.066,138215.736,20170716_071151,479172,35,73285,32
1,KSJT20170716_122135_V06,32.771,0.684,450.365,69.175,44.543,-99.693,32.409,22271.553,137740.410,20170716_072135,479172,45,69516,43
1,KSJT20170716_123121_V06,42.538,0.193,446.525,69.251,46.993,-99.713,32.409,23496.646,136669.815,20170716_073121,479170,53,68110,48
7,KSJT20170716_121151_V06,23.038,0.286,420.328,398.502,24.516,-99.863,30.925,12257.940,77752.020,20170716_071151,479172,35,73285,32
4,KSJT20170717_114042_V06,-8.694,0.267,438.441,66.653,39.960,-99.756,32.421,19980.000,135662.138,20170717_064042,479171,113,65486,58
4,KSJT20170717_120012_V06,10.806,0.703,440.014,67.018,52.565,-99.748,32.420,26282.732,135908.413,20170717_070012,479179,84,79763,50
4,KSJT20170717_120958_V06,20.572,0.642,435.089,61.967,53.107,-99.774,32.442,26553.396,136847.320,20170717_070958,479170,94,72074,61
4,KSJT20170717_121943_V06,30.322,0.071,435.323,65.793,58.335,-99.773,32.425,29167.624,135245.202,20170717_071943,479176,80,69777,45
3,KSJT20170717_111128_V06,-37.928,0.121,264.513,357.110,13.076,-100.678,31.113,6537.987,33618.901,20170717_061128,479167,106,32679,25
3,KSJT20170717_112113_V06,-28.178,0.060,263.090,357.560,20.131,-100.686,31.111,10065.613,34188.738,20170717_062113,479174,131,27054,33
1,KSJT20170718_111324_V06,-36.584,0.057,458.387,68.857,7.721,-99.650,32.411,3860.630,140101.158,20170718_061324,479171,37,24353,35
1,KSJT20170718_112310_V06,-26.818,0.716,448.018,54.145,27.610,-99.705,32.477,13804.950,143487.029,20170718_062310,479179,45,16993,41
1,KSJT20170718_113255_V06,-17.068,0.909,447.190,50.877,32.635,-99.709,32.492,16317.738,144678.213,20170718_063255,479161,43,30155,41
1,KSJT20170718_114240_V06,-7.318,0.950,447.789,51.539,38.916,-99.706,32.489,19458.238,144546.081,20170718_064240,479165,48,62625,40
1,KSJT20170718_120210_V06,12.182,0.882,452.156,58.195,51.788,-99.683,32.459,25893.781,142846.997,20170718_070210,479167,43,64786,37
1,KSJT20170718_121155_V06,21.932,0.055,448.914,71.548,64.492,-99.701,32.399,32246.247,136350.490,20170718_071155,479158,42,64219,36
2,KSJT20170718_111324_V06,-36.584,0.054,538.370,480.766,17.078,-99.250,30.550,8539.094,149579.888,20170718_061324,479171,37,24353,35
3,KSJT20170718_114240_V06,-7.318,0.054,267.181,358.375,16.260,-100.664,31.108,8130.194,33484.112,20170718_064240,479165,48,62625,40
4,KSJT20170718_120210_V06,12.182,0.084,26.951,423.842,48.533,-101.919,30.805,24266.279,149910.439,20170718_070210,479167,43,64786,37
1,KSJT20170719_111825_V06,-32.164,0.069,459.431,65.633,14.534,-99.645,32.425,7266.769,141727.036,20170719_061825,479177,61,25355,59
1,KSJT20170719_112810_V06,-22.414,0.595,460.180,59.896,26.522,-99.640,32.451,13261.203,144315.450,20170719_062810,479169,40,19011,35
1,KSJT20170719_113755_V06,-12.664,0.735,451.305,59.575,37.635,-99.688,32.453,18817.364,142036.509,20170719_063755,479164,39,41581,38
1,KSJT20170719_114740_V06,-2.914,0.915,450.789,59.038,42.600,-99.690,32.455,21299.962,142126.727,20170719_064740,479177,82,58841,70
1,KSJT20170719_120710_V06,16.586,0.897,445.604,67.696,56.215,-99.718,32.416,28107.672,137081.832,20170719_070710,479174,71,53474,68
1,KSJT20170719_121656_V06,26.352,0.640,441.044,70.979,66.288,-99.743,32.402,33144.115,134484.378,20170719_071656,479173,53,50103,49
1,KSJT20170719_122641_V06,36.102,0.172,440.261,77.953,66.655,-99.747,32.370,33327.689,131318.512,20170719_072641,479166,55,48753,53
1,KSJT20170720_111001_V06,-41.168,0.402,463.075,69.386,8.224,-99.626,32.408,4112.080,141223.450,20170720_061001,479172,67,29681,62
1,KSJT20170720_111946_V06,-31.418,0.058,465.619,69.058,18.135,-99.612,32.409,9067.253,142094.592,20170720_061946,479174,57,25710,54
1,KSJT20170720_112930_V06,-21.684,-1.000,468.007,68.751,28.359,-99.599,32.411,14179.674,142918.255,20170720_062930,479175,43,17992,42
1,KSJT20170720_113914_V06,-11.951,0.419,463.890,57.483,37.880,-99.621,32.462,18939.915,146350.984,20170720_063914,479169,43,32976,42
1,KSJT20170720_114859_V06,-2.201,0.727,462.906,63.900,46.240,-99.626,32.433,23119.812,143423.948,20170720_064859,479179,81,45205,71
1,KSJT20170720_120828_V06,17.282,0.798,458.070,72.015,59.359,-99.652,32.396,29679.630,138711.198,20170720_070828,479171,71,39073,67
1,KSJT20170720_121812_V06,27.016,0.067,458.366,76.344,60.028,-99.651,32.377,30014.040,137023.315,20170720_071812,479170,48,33973,41
1,KSJT20170721_111653_V06,-34.910,0.248,472.204,72.384,6.895,-99.577,32.394,3447.372,142708.977,20170721_061653,479168,66,28498,58
1,KSJT20170721_112638_V06,-25.160,-1.000,472.204,72.384,22.397,-99.577,32.394,11198.622,142708.977,20170721_062638,479175,43,21027,41
1,KSJT20170721_113623_V06,-15.410,-1.000,472.204,72.384,37.900,-99.577,32.394,18949.872,142708.977,20170721_063623,479176,52,24028,50
1,KSJT20170721_114608_V06,-5.660,0.364,468.263,76.896,49.830,-99.598,32.374,24915.187,139721.269,20170721_064608,479180,57,40073,54
1,KSJT20170721_120536_V06,13.807,0.873,471.657,60.678,51.280,-99.580,32.447,25639.872,147259.196,20170721_070536,479173,60,37671,54
1,KSJT20170721_121520_V06,23.540,0.651,467.196,69.112,61.098,-99.604,32.409,30548.828,142534.021,20170721_071520,479167,47,30959,43
1,KSJT20170721_122504_V06,33.273,0.522,466.214,76.232,66.837,-99.609,32.377,33418.622,139372.845,20170721_072504,479170,66,29550,63
1,KSJT20170721_123447_V06,42.990,0.253,476.462,83.661,64.893,-99.555,32.343,32446.356,139590.032,20170721_073447,479174,46,30848,44
1,KSJT20170721_124431_V06,52.723,0.051,481.238,83.027,68.912,-99.530,32.346,34455.974,141354.402,20170721_074431,479176,46,33246,42
2,KSJT20170722_130020_V06,67.926,0.058,262.363,257.622,8.257,-100.690,31.562,4128.717,28339.447,20170722_080020,479164,39,31787,39
3,KSJT20170722_131005_V06,77.676,0.064,268.330,354.540,13.962,-100.658,31.125,6980.900,31533.799,20170722_081005,479169,62,37548,59
7,KSJT20170723_114956_V06,-3.093,0.150,455.618,74.312,29.768,-99.665,32.386,14883.926,137069.377,20170723_064956,479180,75,53727,35
7,KSJT20170723_115447_V06,1.757,0.506,457.081,74.527,35.786,-99.658,32.385,17892.842,137397.801,20170723_065447,479181,93,54588,29
7,KSJT20170723_120439_V06,11.623,0.740,461.997,75.833,40.885,-99.632,32.379,20442.727,138287.525,20170723_070439,479178,74,48301,31
7,KSJT20170723_120942_V06,16.673,0.769,469.086,73.683,45.359,-99.594,32.388,22679.400,141252.626,20170723_070942,479181,75,46032,27
7,KSJT20170723_121445_V06,21.723,0.465,472.397,73.565,49.410,-99.576,32.389,24705.222,142297.113,20170723_071445,479177,63,44872,55
7,KSJT20170723_121927_V06,26.423,0.099,473.059,72.240,53.409,-99.573,32.395,26704.320,143024.568,20170723_071927,479188,106,43605,31
2,KSJT20170723_112623_V06,-26.643,0.224,461.719,69.437,21.276,-99.633,32.408,10637.783,140812.501,20170723_062623,479164,68,45071,18
2,KSJT20170723_113038_V06,-22.393,0.086,461.851,69.688,28.326,-99.632,32.407,14162.803,140747.358,20170723_063038,479174,46,43609,19
2,KSJT20170723_113529_V06,-17.543,-1.000,461.963,69.903,36.288,-99.631,32.406,18143.851,140691.645,20170723_063529,479175,34,42286,15
2,KSJT20170723_114018_V06,-12.727,0.126,460.710,74.491,26.899,-99.638,32.385,13449.562,138457.335,20170723_064018,479169,64,44708,17
1,KSJT20170723_111251_V06,-40.177,0.089,453.532,77.058,14.111,-99.677,32.374,7055.668,135347.043,20170723_061251,479183,71,47556,28
6,KSJT20170724_113612_V06,-17.450,0.123,435.287,61.513,17.540,-99.773,32.444,8769.966,137093.798,20170724_063612,479170,107,58695,37
6,KSJT20170724_114115_V06,-12.400,0.955,436.061,61.694,18.346,-99.769,32.444,9172.965,137206.399,20170724_064115,479186,135,58330,54
6,KSJT20170724_114618_V06,-7.350,0.874,436.332,61.349,21.541,-99.767,32.445,10770.270,137423.488,20170724_064618,479168,100,63215,43
6,KSJT20170724_115121_V06,-2.300,0.832,437.480,60.763,25.817,-99.761,32.448,12908.396,137962.856,20170724_065121,479178,106,70623,60
6,KSJT20170724_120122_V06,7.717,0.578,437.920,63.609,32.786,-99.759,32.435,16392.849,136841.565,20170724_070122,479176,106,76135,56
6,KSJT20170724_120626_V06,12.784,0.233,438.638,62.870,40.867,-99.755,32.438,20433.490,137341.888,20170724_070626,479171,125,72882,45
9,KSJT20170724_120122_V06,7.717,0.104,224.246,23.700,13.054,-100.896,32.616,6526.896,143248.097,20170724_070122,479176,106,76135,56
2,KSJT20170725_114331_V06,-10.760,0.133,266.022,360.463,15.621,-100.670,31.098,7810.333,34678.128,20170725_064331,479169,41,59352,36
3,KSJT20170725_131108_V06,76.857,0.051,470.867,488.668,29.915,-99.602,30.517,14957.553,127270.397,20170725_081108,479179,58,54429,56
1,KSJT20170726_111321_V06,-41.557,0.067,459.594,60.144,13.117,-99.644,32.450,6558.609,144049.417,20170726_061321,479168,55,29055,55
1,KSJT20170726_112305_V06,-31.823,0.684,462.572,57.876,24.304,-99.628,32.460,12152.183,145819.981,20170726_062305,479171,46,25022,44
1,KSJT20170726_113250_V06,-22.073,0.640,466.048,58.209,32.286,-99.609,32.458,16143.005,146658.460,20170726_063250,479173,44,21742,38
1,KSJT20170726_114233_V06,-12.357,0.511,455.288,66.397,45.968,-99.667,32.422,22984.144,140253.903,20170726_064233,479164,71,49328,68
1,KSJT20170726_120200_V06,7.093,0.630,467.336,65.187,48.175,-99.603,32.427,24087.705,144168.827,20170726_070200,479169,64,78623,58
1,KSJT20170726_121145_V06,16.843,0.556,466.663,64.733,56.490,-99.606,32.429,28245.120,144159.080,20170726_071145,479162,60,54055,53
1,KSJT20170726_122130_V06,26.593,0.090,459.654,68.657,65.187,-99.644,32.411,32593.414,140542.462,20170726_072130,479172,42,41178,41
1,KSJT20170727_111051_V06,-44.689,0.109,460.212,62.770,8.709,-99.640,32.438,4354.717,143131.093,20170727_061051,479172,56,27404,54
1,KSJT20170727_112035_V06,-34.956,0.285,461.997,60.859,17.203,-99.631,32.447,8601.533,144422.740,20170727_062035,479170,96,25256,76
1,KSJT20170727_113018_V06,-25.239,0.570,459.023,59.486,31.968,-99.647,32.453,15983.938,144165.954,20170727_063018,479159,52,17040,50
1,KSJT20170727_114002_V06,-15.506,0.518,465.440,57.953,39.074,-99.612,32.460,19537.042,146592.268,20170727_064002,479173,53,18408,46
1,KSJT20170727_114947_V06,-5.756,0.605,468.514,60.746,44.368,-99.596,32.447,22184.071,146321.355,20170727_064947,479158,66,26318,60
1,KSJT20170727_120915_V06,13.711,0.875,473.661,71.084,58.657,-99.569,32.400,29328.719,143667.000,20170727_070915,479168,66,16119,65
1,KSJT20170727_121900_V06,23.461,0.623,480.184,78.117,61.997,-99.535,32.368,30998.631,142914.749,20170727_071900,479175,39,15271,35
1,KSJT20170727_122844_V06,33.194,0.383,489.892,81.046,62.343,-99.484,32.354,31171.685,144913.443,20170727_072844,479175,39,14934,39
1,KSJT20170727_123828_V06,42.928,0.153,499.902,81.932,61.926,-99.430,32.350,30963.015,147914.254,20170727_073828,479167,49,14640,47
2,KSJT20170727_120915_V06,13.711,0.515,266.194,360.100,13.485,-100.669,31.100,6742.533,34477.821,20170727_070915,479168,66,16119,65
2,KSJT20170730_112729_V06,-29.965,0.883,436.476,68.684,9.270,-99.767,32.412,4634.781,134287.772,20170730_062729,479171,249,65373,156
2,KSJT20170730_113153_V06,-25.565,0.672,436.985,68.179,14.418,-99.764,32.414,7209.178,134634.778,20170730_063153,479176,304,63900,222
2,KSJT20170730_113618_V06,-21.149,0.665,431.564,61.479,21.205,-99.793,32.445,10602.503,136199.666,20170730_063618,479170,294,63921,207
2,KSJT20170730_114232_V06,-14.915,-1.000,425.561,53.813,30.449,-99.824,32.479,15224.405,138178.848,20170730_064232,479175,478,77331,361
2,KSJT20170730_114655_V06,-10.532,0.512,433.928,63.285,18.943,-99.780,32.437,9471.542,135987.840,20170730_064655,479164,635,86167,504
2,KSJT20170730_115118_V06,-6.149,0.269,431.885,62.791,24.810,-99.791,32.439,12404.986,135703.212,20170730_065118,479178,667,89760,542
2,KSJT20170730_115540_V06,-1.782,-1.000,430.334,62.417,30.916,-99.799,32.441,15457.970,135492.184,20170730_065540,479155,672,90735,563
2,KSJT20170730_120427_V06,7.001,0.521,425.327,67.973,33.061,-99.826,32.416,16530.388,131855.626,20170730_070427,479185,629,83601,465
1,KSJT20170730_110110_V06,-56.282,0.074,122.381,114.943,3.649,-101.434,32.202,1824.403,128252.489,20170730_060110,479174,262,52148,212
4,KSJT20170731_120158_V06,3.879,0.276,436.772,67.642,36.660,-99.765,32.417,18329.979,134811.451,20170731_070158,479179,79,71118,48
4,KSJT20170731_120601_V06,7.929,0.688,436.946,67.969,42.407,-99.764,32.415,21203.408,134715.094,20170731_070601,479181,79,71058,42
4,KSJT20170731_121017_V06,12.195,0.817,436.583,69.102,44.690,-99.766,32.410,22345.223,134135.040,20170731_071017,479173,102,69603,40
4,KSJT20170731_121433_V06,16.462,0.667,435.810,70.745,50.147,-99.770,32.403,25073.488,133231.308,20170731_071433,479175,92,68234,42
4,KSJT20170731_121855_V06,20.829,0.420,434.769,76.505,56.535,-99.776,32.377,28267.254,130491.989,20170731_071855,479173,95,66416,58
4,KSJT20170731_122319_V06,25.229,0.133,433.951,78.635,62.940,-99.781,32.367,31469.865,129369.120,20170731_072319,479179,84,65602,49
1,KSJT20170731_113452_V06,-23.221,0.122,393.027,315.574,6.459,-100.004,31.300,3229.279,47160.878,20170731_063452,479178,51,37980,43
1,KSJT20170731_113909_V06,-18.938,0.343,392.957,315.642,12.050,-100.004,31.300,6024.899,47131.898,20170731_063909,479181,63,34672,47
1,KSJT20170731_114318_V06,-14.788,0.081,394.464,316.971,13.913,-99.996,31.294,6956.659,47988.001,20170731_064318,479178,44,41391,38
8,KSJT20170802_112254_V06,-36.469,0.244,149.548,305.013,15.102,-101.283,31.346,7550.907,75267.887,20170802_062254,479178,473,213859,46
1,KSJT20170804_113352_V06,-26.783,0.110,448.902,92.628,17.802,-99.702,32.304,8900.906,127646.974,20170804_063352,479174,64,43984,55
1,KSJT20170804_114336_V06,-17.050,0.082,438.886,96.479,38.589,-99.755,32.287,19294.487,123197.055,20170804_064336,479172,58,37880,52
1,KSJT20170804_120306_V06,2.450,0.441,430.013,111.272,55.460,-99.803,32.220,27729.855,114587.873,20170804_070306,479189,123,50581,114
1,KSJT20170804_121251_V06,12.200,0.451,430.742,100.724,53.531,-99.798,32.268,26765.467,119168.307,20170804_071251,479177,86,56737,79
2,KSJT20170804_114336_V06,-17.050,0.103,345.065,311.036,10.522,-100.255,31.321,5261.116,23198.197,20170804_064336,479172,58,37880,52
16,KSJT20170807_130112_V06,58.630,0.160,9.938,219.546,17.493,-102.023,31.725,8746.672,150506.611,20170807_080112,479181,4440,107371,123
16,KSJT20170807_130642_V06,64.130,0.336,10.337,220.603,24.134,-102.020,31.720,12067.208,150173.418,20170807_080642,479163,5477,108873,141
16,KSJT20170807_131212_V06,69.630,0.277,11.230,224.722,24.124,-102.015,31.702,12061.986,149210.286,20170807_081212,479185,6127,110357,159
16,KSJT20170807_131940_V06,77.097,0.314,12.653,234.022,22.442,-102.007,31.660,11220.857,147411.925,20170807_081940,479180,6349,110382,201
16,KSJT20170807_132512_V06,82.630,0.415,14.387,238.655,24.994,-101.998,31.639,12497.217,146063.109,20170807_082512,479177,6719,110041,256
16,KSJT20170807_133044_V06,88.163,0.288,16.179,247.856,24.996,-101.988,31.598,12498.139,144285.692,20170807_083044,479185,7661,110060,334
10,KSJT20170807_120038_V06,-1.937,0.958,439.252,69.488,29.135,-99.752,32.408,14567.463,134654.063,20170807_070038,479174,4603,98988,97
10,KSJT20170807_120609_V06,3.580,0.866,440.291,72.408,36.591,-99.747,32.395,18295.642,133678.447,20170807_070609,479174,5043,100076,178
10,KSJT20170807_121139_V06,9.080,0.789,443.317,71.048,41.638,-99.731,32.401,20818.832,135054.351,20170807_071139,479180,4408,100251,106
10,KSJT20170807_121704_V06,14.497,0.767,446.487,68.084,47.631,-99.714,32.415,23815.478,137152.873,20170807_071704,479168,4734,98742,125
10,KSJT20170807_122234_V06,19.997,0.252,448.603,66.492,55.474,-99.702,32.422,27736.842,138391.650,20170807_072234,479174,4674,98870,100
12,KSJT20170807_123337_V06,31.047,0.065,8.679,179.243,16.719,-102.032,31.906,8359.714,157678.626,20170807_073337,479182,3959,101823,48
12,KSJT20170807_123908_V06,36.563,0.107,8.831,180.187,23.707,-102.031,31.902,11853.640,157428.152,20170807_073908,479179,4104,104047,71
12,KSJT20170807_124438_V06,42.063,0.052,18.087,187.104,28.652,-101.982,31.872,14326.115,151839.008,20170807_074438,479168,4353,106141,76
20,KSJT20170807_132512_V06,82.630,0.094,275.793,193.508,11.613,-100.620,31.851,5806.629,54604.455,20170807_082512,479177,6719,110041,256
1,KSJT20170810_120112_V06,-3.283,0.493,472.955,86.100,22.536,-99.574,32.332,11268.192,137537.937,20170810_070112,479169,78,46845,71
1,KSJT20170810_121057_V06,6.467,0.189,457.580,77.561,45.654,-99.655,32.371,22827.119,136299.511,20170810_071057,479180,102,58143,92
1,KSJT20170810_122040_V06,16.184,0.263,444.407,70.853,61.334,-99.725,32.402,30667.025,135426.645,20170810_072040,479165,79,57848,70
1,KSJT20170810_123025_V06,25.934,0.056,447.186,69.564,64.595,-99.710,32.408,32297.412,136715.235,20170810_073025,479170,79,56155,73
2,KSJT20170810_120112_V06,-3.283,0.089,520.185,461.940,36.255,-99.344,30.636,18127.415,136662.270,20170810_070112,479169,78,46845,71
1,KSJT20170811_114404_V06,-21.052,0.770,463.520,73.980,15.752,-99.623,32.387,7876.076,139484.691,20170811_064404,479167,40,19949,40
1,KSJT20170811_120333_V06,-1.569,0.899,463.571,63.296,24.231,-99.623,32.436,12115.679,143861.149,20170811_070333,479171,81,46681,71
1,KSJT20170811_121317_V06,8.165,0.940,469.256,67.544,29.842,-99.593,32.416,14920.946,143773.704,20170811_071317,479171,72,46557,58
1,KSJT20170811_122301_V06,17.898,0.708,472.509,69.455,39.453,-99.575,32.407,19726.278,143970.509,20170811_072301,479178,62,43600,54
1,KSJT20170811_123246_V06,27.648,0.166,471.229,74.422,51.158,-99.582,32.385,25578.849,141602.218,20170811_073246,479172,75,40929,68
2,KSJT20170811_114404_V06,-21.052,0.055,467.891,76.830,8.346,-99.600,32.374,4173.061,139635.490,20170811_064404,479167,40,19949,40
2,KSJT20170811_120333_V06,-1.569,0.580,481.805,86.811,21.137,-99.527,32.329,10568.294,140091.705,20170811_070333,479171,81,46681,71
2,KSJT20170811_121317_V06,8.165,0.182,495.776,93.792,24.042,-99.453,32.297,12020.966,142170.568,20170811_071317,479171,72,46557,58
4,KSJT20170811_114404_V06,-21.052,0.051,264.817,359.513,13.515,-100.677,31.103,6757.509,34567.670,20170811_064404,479167,40,19949,40
1,KSJT20170812_132950_V06,84.080,0.055,264.106,354.111,16.321,-100.680,31.127,8160.252,32466.781,20170812_082950,479183,95,35122,68
5,KSJT20170813_121204_V06,5.681,0.094,426.426,177.648,18.958,-99.824,31.921,9479.034,87968.038,20170813_071204,479177,341,69218,94
8,KSJT20170813_124901_V06,42.631,0.081,235.450,183.807,8.769,-100.833,31.895,4384.623,66459.399,20170813_074901,479171,235,60489,124
9,KSJT20170813_131037_V06,64.231,0.067,236.158,181.073,8.234,-100.830,31.907,4117.157,67489.692,20170813_081037,479167,257,58806,83
3,KSJT20170814_112357_V06,-43.068,0.054,16.876,177.176,17.912,-101.989,31.916,8956.196,154308.770,20170814_062357,479161,194,69918,17
2,KSJT20170817_113108_V06,-37.770,0.062,446.651,35.566,38.205,-99.711,32.561,19102.619,151188.713,20170817_063108,479174,63,55970,36
1,KSJT20170818_111108_V06,-58.395,0.186,394.424,119.555,10.079,-99.992,32.184,5039.303,101828.760,20170818_061108,479156,59,42454,47
1,KSJT20170818_112051_V06,-48.679,0.147,395.621,117.538,17.519,-99.985,32.193,8759.501,102999.690,20170818_062051,479166,86,39653,57
2,KSJT20170818_112051_V06,-48.679,0.782,230.526,175.730,7.110,-100.860,31.931,3555.101,71185.808,20170818_062051,479166,86,39653,57
2,KSJT20170823_112745_V06,-44.875,0.057,281.468,376.708,16.641,-100.589,31.025,8320.473,39457.503,20170823_062745,479174,210,52264,35
3,KSJT20170823_115337_V06,-19.008,0.065,414.663,251.961,18.217,-99.888,31.586,9108.257,62159.636,20170823_065337,479180,313,71014,34
4,KSJT20170823_120419_V06,-8.308,0.057,280.302,173.757,2.800,-100.596,31.940,1399.940,63885.444,20170823_070419,479178,290,76524,30
5,KSJT20170823_121934_V06,6.942,0.055,341.401,158.213,13.780,-100.273,32.010,6889.790,73854.048,20170823_071934,479171,309,67320,49
2,KSJT20170824_120321_V06,-9.887,0.051,353.582,253.956,3.949,-100.210,31.578,1974.693,35323.553,20170824_070321,479171,20,42594,16
3,KSJT20170824_131131_V06,58.280,0.083,21.318,210.701,24.726,-101.963,31.765,12362.789,146319.771,20170824_081131,479171,89,74454,82
4,KSJT20170825_121947_V06,5.936,0.552,27.467,396.855,49.440,-101.918,30.926,24720.112,144616.165,20170825_071947,479163,68,43559,66
4,KSJT20170825_122931_V06,15.670,0.057,28.276,396.359,58.301,-101.914,30.929,29150.452,144151.598,20170825_072931,479172,47,47989,45
5,KSJT20170825_121947_V06,5.936,0.270,432.721,183.198,10.131,-99.791,31.896,5065.586,88399.271,20170825_071947,479163,68,43559,66
5,KSJT20170825_122931_V06,15.670,0.543,432.908,184.062,15.986,-99.790,31.892,7993.087,88184.570,20170825_072931,479172,47,47989,45
1,KSJT20170825_114051_V06,-32.997,0.168,519.318,368.627,31.126,-99.343,31.056,15562.859,114902.301,20170825_064051,479170,32,31116,32
2,KSJT20170826_121514_V06,0.779,0.555,311.386,199.671,9.066,-100.432,31.824,4532.948,50486.501,20170826_071514,479175,119,32720,61
2,KSJT20170827_120720_V06,-7.726,0.229,279.966,178.342,4.508,-100.598,31.920,2253.815,61648.276,20170827_070720,479188,142,44621,83
5,KSJT20170827_121122_V06,-3.693,0.113,435.160,269.306,16.893,-99.781,31.508,8446.571,69300.867,20170827_071122,479185,115,42394,51
1,KSJT20170828_120612_V06,-9.462,0.080,341.561,290.506,5.562,-100.274,31.414,2781.025,21315.614,20170828_070612,479177,83,26840,67
1,KSJT20170828_121556_V06,0.271,0.051,341.901,292.319,14.724,-100.272,31.406,7361.964,21299.504,20170828_071556,479175,104,27743,77
2,KSJT20170828_121556_V06,0.271,0.561,246.924,436.371,11.439,-100.769,30.756,5719.606,73167.678,20170828_071556,479175,104,27743,77
3,KSJT20170828_121556_V06,0.271,0.195,308.737,201.073,13.907,-100.446,31.817,6953.449,49656.106,20170828_071556,479175,104,27743,77
4,KSJT20170828_121556_V06,0.271,0.134,351.392,264.564,6.545,-100.222,31.531,3272.285,31212.298,20170828_071556,479175,104,27743,77
5,KSJT20170828_121556_V06,0.271,0.055,254.177,497.954,32.665,-100.731,30.478,16332.460,101594.301,20170828_071556,479175,104,27743,77
1,KSJT20170829_120258_V06,-13.296,0.733,442.427,265.235,5.552,-99.742,31.526,2776.226,73304.065,20170829_070258,479170,105,21845,99
1,KSJT20170829_121242_V06,-3.563,0.464,440.049,270.148,16.025,-99.755,31.504,8012.533,71597.651,20170829_071242,479171,79,29571,68
1,KSJT20170829_122227_V06,6.187,0.513,439.499,270.465,13.621,-99.758,31.502,6810.715,71295.540,20170829_072227,479163,93,38037,76
3,KSJT20170829_121242_V06,-3.563,0.297,236.241,61.685,8.387,-100.831,32.445,4193.359,123348.207,20170829_071242,479171,79,29571,68
6,KSJT20170829_123212_V06,15.937,0.144,27.796,402.970,56.239,-101.916,30.899,28119.492,145514.481,20170829_073212,479163,167,37243,147
1,KSJT20170830_121014_V06,-6.628,0.577,444.255,267.241,8.945,-99.733,31.517,4472.408,73963.781,20170830_071014,479172,80,22289,70
1,KSJT20170830_121959_V06,3.122,0.890,442.774,271.912,16.683,-99.741,31.496,8341.582,72755.210,20170830_071959,479176,120,24317,106
1,KSJT20170830_122943_V06,12.855,0.670,443.637,276.182,21.473,-99.736,31.476,10736.502,72799.342,20170830_072943,479175,99,33234,85
2,KSJT20170830_121014_V06,-6.628,0.157,314.969,370.338,23.220,-100.414,31.054,11610.144,35956.471,20170830_071014,479172,80,22289,70
3,KSJT20170830_121014_V06,-6.628,0.136,250.959,428.468,15.225,-100.748,30.791,7612.549,68755.139,20170830_071014,479172,80,22289,70
4,KSJT20170830_121014_V06,-6.628,0.117,442.074,341.841,10.503,-99.747,31.180,5251.419,74053.352,20170830_071014,479172,80,22289,70
5,KSJT20170830_121959_V06,3.122,0.078,236.084,59.723,11.858,-100.832,32.454,5929.155,124316.614,20170830_071959,479176,120,24317,106
1,KSJT20170831_120755_V06,-9.541,0.099,450.647,262.140,7.134,-99.699,31.539,3567.223,77665.558,20170831_070755,479174,12,23843,7
1,KSJT20170831_121738_V06,0.176,0.677,453.433,264.966,16.400,-99.684,31.527,8199.758,78690.805,20170831_071738,479173,92,28917,80
1,KSJT20170831_122722_V06,9.909,0.550,455.612,270.250,20.924,-99.673,31.503,10461.753,79214.943,20170831_072722,479172,23,36248,21
1,KSJT20170831_123706_V06,19.643,0.077,455.842,275.634,27.848,-99.672,31.478,13923.935,78867.635,20170831_073706,479178,126,37652,100
3,KSJT20170831_121738_V06,0.176,0.152,240.170,62.314,15.657,-100.810,32.442,7828.346,122550.041,20170831_071738,479173,92,28917,80
3,KSJT20170831_122722_V06,9.909,0.069,240.014,61.262,22.650,-100.811,32.447,11324.843,123079.216,20170831_072722,479172,23,36248,21
2,KSJT20170831_120755_V06,-9.541,0.085,350.708,258.445,8.178,-100.225,31.558,4088.921,32779.935,20170831_070755,479174,12,23843,7
4,KSJT20170831_131602_V06,58.576,0.053,28.629,418.695,56.002,-101.910,30.828,28000.891,148096.643,20170831_081602,479169,49,56312,25
1,KSJT20170901_122439_V06,6.598,0.111,254.934,47.551,4.891,-100.732,32.509,2445.322,128220.031,20170901_072439,479170,107,47586,98
2,KSJT20170901_132306_V06,65.048,0.106,242.082,183.359,12.241,-100.798,31.897,6120.283,65114.558,20170901_082306,479172,55,82882,50
2,KSJT20170902_114246_V06,-35.877,0.051,266.919,355.577,12.697,-100.666,31.120,6348.625,32338.754,20170902_064246,479178,43,29859,37
6,KSJT20170903_121753_V06,-1.351,0.439,449.084,258.977,13.055,-99.707,31.554,6527.687,77312.358,20170903_071753,479175,71,58674,33
6,KSJT20170903_122738_V06,8.399,0.666,449.495,258.865,19.629,-99.705,31.554,9814.354,77525.434,20170903_072738,479172,133,52741,41
6,KSJT20170903_123724_V06,18.165,0.704,448.660,259.683,22.591,-99.709,31.551,11295.330,77015.172,20170903_073724,479155,194,69195,71
6,KSJT20170903_124235_V06,23.349,0.746,449.874,260.814,26.685,-99.703,31.545,13342.470,77456.214,20170903_074235,479173,128,70562,57
6,KSJT20170903_124754_V06,28.665,0.544,450.262,263.439,29.902,-99.701,31.534,14951.244,77322.959,20170903_074754,479182,120,70822,40
6,KSJT20170903_125311_V06,33.949,0.132,452.712,259.281,36.351,-99.688,31.552,18175.339,79023.812,20170903_075311,479173,135,71106,49
1,KSJT20170903_112852_V06,-50.368,0.137,513.872,469.860,16.477,-99.377,30.600,8238.737,136558.906,20170903_062852,479165,110,75045,52
7,KSJT20170903_121753_V06,-1.351,0.269,269.144,239.240,21.659,-100.655,31.645,10829.382,34073.009,20170903_071753,479175,71,58674,33
8,KSJT20170903_121753_V06,-1.351,0.091,347.729,149.284,10.240,-100.240,32.050,5120.026,79046.615,20170903_071753,479175,71,58674,33
10,KSJT20170903_121753_V06,-1.351,0.053,405.680,429.435,16.622,-99.940,30.786,8310.932,83548.870,20170903_071753,479175,71,58674,33
11,KSJT20170903_122738_V06,8.399,0.077,314.073,48.853,9.602,-100.417,32.504,4800.854,125770.356,20170903_072738,479172,133,52741,41
12,KSJT20170903_122738_V06,8.399,0.076,263.863,213.958,15.927,-100.683,31.759,7963.398,46661.126,20170903_072738,479172,133,52741,41
1,KSJT20170904_120134_V06,-18.257,0.205,453.597,255.877,6.210,-99.683,31.568,3104.881,79904.386,20170904_070134,479166,85,26979,61
1,KSJT20170904_121119_V06,-8.507,0.347,453.323,255.398,13.375,-99.685,31.570,6687.739,79839.266,20170904_071119,479182,70,33434,50
1,KSJT20170904_122103_V06,1.226,0.648,457.124,252.059,16.863,-99.665,31.585,8431.652,82137.595,20170904_072103,479166,145,32823,119
1,KSJT20170904_123046_V06,10.943,0.063,459.290,247.248,31.046,-99.653,31.606,15523.060,83898.918,20170904_073046,479169,110,41495,75
1,KSJT20170905_112039_V06,-59.762,0.094,276.055,354.265,8.518,-100.618,31.126,4259.113,29656.614,20170905_062039,479173,168,51359,126
2,KSJT20170905_123051_V06,10.438,0.153,163.422,419.889,9.063,-101.206,30.828,4531.481,90866.485,20170905_073051,479171,103,34398,81
3,KSJT20170905_123051_V06,10.438,0.127,482.965,261.827,21.910,-99.529,31.540,10954.819,93452.141,20170905_073051,479171,103,34398,81
4,KSJT20170905_131933_V06,59.138,0.052,272.955,59.309,11.285,-100.636,32.456,5642.403,121102.761,20170905_081933,479174,135,49099,81
1,KSJT20170906_120322_V06,-17.632,0.157,445.339,261.255,2.879,-99.727,31.544,1439.548,75207.225,20170906_070322,479181,87,30427,72
1,KSJT20170906_121306_V06,-7.898,0.442,438.816,264.724,13.076,-99.761,31.528,6537.854,71613.894,20170906_071306,479167,82,34173,76
1,KSJT20170906_122249_V06,1.818,0.879,430.945,270.514,14.778,-99.803,31.502,7389.028,67111.652,20170906_072249,479173,124,37537,104
1,KSJT20170906_123434_V06,13.568,0.787,427.915,270.787,17.874,-99.819,31.501,8936.788,65604.299,20170906_073434,479156,118,40565,85
3,KSJT20170906_121306_V06,-7.898,0.156,282.452,156.351,18.403,-100.585,32.019,9201.626,72358.552,20170906_071306,479167,82,34173,76
4,KSJT20170906_121306_V06,-7.898,0.051,441.198,335.715,5.175,-99.751,31.208,2587.479,72822.614,20170906_071306,479167,82,34173,76
1,KSJT20170907_121030_V06,-11.084,0.327,446.081,255.355,9.285,-99.723,31.570,4642.307,76375.302,20170907_071030,479167,121,47987,71
1,KSJT20170907_122013_V06,-1.367,0.624,444.018,255.888,18.203,-99.734,31.568,9101.732,75311.229,20170907_072013,479166,96,54270,70
1,KSJT20170907_122957_V06,8.366,0.097,442.422,256.503,28.679,-99.742,31.565,14339.453,74458.307,20170907_072957,479175,125,61242,84
2,KSJT20170907_130113_V06,39.633,0.083,30.278,421.021,49.087,-101.902,30.818,24543.528,147814.380,20170907_080113,479174,119,69748,91
1,KSJT20170908_113834_V06,-43.603,0.114,235.547,186.074,4.726,-100.833,31.884,2362.974,65447.185,20170908_063834,479169,79,21968,60
1,KSJT20170909_120453_V06,-17.871,0.649,443.235,255.745,6.571,-99.738,31.568,3285.290,74957.723,20170909_070453,479169,45,15208,45
1,KSJT20170909_121438_V06,-8.121,0.544,443.724,255.584,15.439,-99.735,31.569,7719.567,75215.170,20170909_071438,479177,38,44393,37
1,KSJT20170909_122422_V06,1.613,0.464,441.609,253.760,17.820,-99.746,31.577,8909.794,74483.705,20170909_072422,479171,73,43019,68
1,KSJT20170910_120213_V06,-21.122,0.138,443.695,258.962,5.109,-99.736,31.554,2554.504,74720.316,20170910_070213,479158,28,20426,23
1,KSJT20170910_121157_V06,-11.389,0.100,442.872,257.160,16.058,-99.740,31.562,8028.794,74578.279,20170910_071157,479174,41,35744,36
1,KSJT20170910_122142_V06,-1.639,0.411,443.732,255.650,15.564,-99.735,31.569,7782.140,75209.546,20170910_072142,479165,107,46175,96
1,KSJT20170911_120922_V06,-14.557,0.156,447.616,260.347,8.227,-99.715,31.548,4113.472,76424.352,20170911_070922,479173,74,37551,69
1,KSJT20170911_121907_V06,-4.807,0.526,449.096,259.329,15.255,-99.707,31.552,7627.333,77271.659,20170911_071907,479178,55,44698,53
1,KSJT20170911_122850_V06,4.910,0.779,449.833,260.541,18.440,-99.703,31.547,9219.876,77470.830,20170911_072850,479176,93,52608,85
2,KSJT20170911_122850_V06,4.910,0.481,239.152,45.473,17.120,-100.816,32.518,8560.194,130849.628,20170911_072850,479176,93,52608,85
2,KSJT20170911_123835_V06,14.660,0.121,238.388,45.501,27.060,-100.820,32.518,13529.959,130925.289,20170911_073835,479174,55,59909,50
1,KSJT20170912_120646_V06,-17.742,0.374,449.588,259.546,3.319,-99.704,31.551,1659.653,77480.960,20170912_070646,479164,111,52363,52
1,KSJT20170912_121630_V06,-8.009,0.346,451.302,261.009,12.596,-99.696,31.544,6298.173,78122.921,20170912_071630,479172,115,29549,66
1,KSJT20170912_122613_V06,1.708,0.066,451.425,268.360,17.562,-99.695,31.511,8781.089,77347.494,20170912_072613,479174,204,27533,137
3,KSJT20170912_122613_V06,1.708,0.205,252.593,54.104,4.889,-100.744,32.480,2444.504,125212.134,20170912_072613,479174,204,27533,137
3,KSJT20170912_123558_V06,11.458,0.075,252.945,55.581,13.738,-100.742,32.473,6868.986,124453.869,20170912_073558,479173,121,32966,69
5,KSJT20170912_131454_V06,50.391,0.063,29.283,391.273,58.063,-101.909,30.952,29031.252,142844.900,20170912_081454,479174,143,48175,87
2,KSJT20170913_122258_V06,-2.128,0.224,452.383,260.263,16.417,-99.690,31.548,8208.282,78739.446,20170913_072258,479164,148,51759,99
2,KSJT20170913_123243_V06,7.622,0.272,453.320,260.987,27.055,-99.685,31.544,13527.691,79102.665,20170913_073243,479174,224,59876,152
1,KSJT20170913_120330_V06,-21.594,0.059,400.750,215.080,2.942,-99.961,31.753,1470.825,65882.435,20170913_070330,479175,59,66209,35
3,KSJT20170913_124228_V06,17.372,0.050,41.455,95.823,11.718,-101.865,32.284,5858.757,164722.562,20170913_074228,479169,163,65514,97
1,KSJT20170914_124128_V06,15.786,0.628,252.492,22.223,23.453,-100.745,32.623,11726.549,140904.980,20170914_074128,479172,75,87476,64
4,KSJT20170915_131511_V06,48.915,0.159,50.495,388.662,61.816,-101.798,30.965,30908.197,132394.935,20170915_081511,479168,226,108373,46
4,KSJT20170915_131927_V06,53.182,0.089,52.608,390.276,68.416,-101.787,30.957,34207.803,131674.297,20170915_081927,479179,174,108713,36
1,KSJT20170915_114732_V06,-38.735,0.115,266.140,356.824,14.127,-100.670,31.115,7063.484,33073.717,20170915_064732,479191,37,99011,31
2,KSJT20170915_120505_V06,-21.185,0.089,450.071,253.872,4.989,-99.702,31.577,2494.686,78499.964,20170915_070505,479180,68,99231,42
2,KSJT20170916_113649_V06,-50.040,0.092,25.926,182.991,49.472,-101.941,31.891,24735.775,149003.137,20170916_063649,479159,84,75123,33
3,KSJT20170916_121234_V06,-14.290,0.116,454.964,251.473,9.298,-99.676,31.587,4648.937,81192.073,20170916_071234,479180,74,82910,37
3,KSJT20170917_121206_V06,-15.347,0.830,453.141,252.938,6.916,-99.686,31.581,3457.851,80104.323,20170917_071206,479167,51,38960,45
3,KSJT20170917_122150_V06,-5.613,0.324,455.631,251.373,17.491,-99.672,31.588,8745.574,81525.288,20170917_072150,479177,66,49108,61
3,KSJT20170917_123135_V06,4.137,0.282,461.505,248.314,19.556,-99.641,31.601,9777.774,84786.741,20170917_073135,479163,109,33530,107
3,KSJT20170917_124119_V06,13.870,0.102,465.935,240.143,28.315,-99.618,31.638,14157.375,88200.655,20170917_074119,479175,84,31091,83
1,KSJT20170917_114255_V06,-44.530,0.794,379.608,327.801,13.467,-100.074,31.245,6733.578,42161.328,20170917_064255,479175,58,40967,48
5,KSJT20170917_121206_V06,-15.347,0.074,262.745,358.618,14.356,-100.687,31.107,7178.194,34727.652,20170917_071206,479167,51,38960,45
1,KSJT20170918_121219_V06,-15.721,0.680,450.309,247.545,7.923,-99.700,31.605,3961.411,79599.523,20170918_071219,479170,53,28673,51
1,KSJT20170918_122202_V06,-6.004,0.517,448.785,249.046,21.685,-99.708,31.598,10842.583,78634.085,20170918_072202,479169,72,39829,67
1,KSJT20170918_123147_V06,3.746,0.398,453.828,246.781,25.972,-99.682,31.609,12985.968,81387.042,20170918_073147,479177,94,34773,91
1,KSJT20170919_120238_V06,-25.997,0.112,450.148,255.301,2.950,-99.701,31.570,1475.067,78330.095,20170919_070238,479176,147,54971,30
1,KSJT20170919_120640_V06,-21.964,0.240,450.525,254.755,8.593,-99.699,31.573,4296.673,78588.747,20170919_070640,479184,178,50012,46
1,KSJT20170919_121044_V06,-17.897,0.428,452.519,251.603,10.128,-99.689,31.587,5063.873,80006.728,20170919_071044,479180,191,47546,48
1,KSJT20170919_121448_V06,-13.830,0.130,452.352,255.303,17.084,-99.690,31.570,8541.998,79386.597,20170919_071448,479178,192,47898,57
2,KSJT20170920_121237_V06,-16.608,0.202,449.685,249.526,7.869,-99.704,31.596,3934.719,78982.850,20170920_071237,479183,147,52030,42
2,KSJT20170920_121653_V06,-12.341,0.450,451.206,247.406,13.736,-99.696,31.606,6868.135,80045.718,20170920_071653,479165,159,50578,64
1,KSJT20170920_115048_V06,-38.425,0.121,265.497,356.158,14.227,-100.673,31.118,7113.501,32955.081,20170920_065048,479176,215,64395,66
3,KSJT20170920_122954_V06,0.675,0.068,264.341,27.729,15.513,-100.682,32.599,7756.470,137298.025,20170920_072954,479172,219,44395,85
1,KSJT20170921_121008_V06,-19.687,0.190,450.269,254.386,6.748,-99.701,31.574,3373.821,78519.868,20170921_071008,479172,63,54043,59
1,KSJT20170921_121953_V06,-9.937,0.523,453.483,247.879,17.803,-99.684,31.604,8901.728,81045.682,20170921_071953,479177,69,57027,65
1,KSJT20170922_121639_V06,-13.769,0.626,452.280,242.787,10.057,-99.690,31.627,5028.519,81336.501,20170922_071639,479171,87,23219,85
3,KSJT20170922_121639_V06,-13.769,0.062,332.038,141.450,2.282,-100.323,32.086,1140.770,80877.244,20170922_071639,479171,87,23219,85
1,KSJT20170923_121343_V06,-17.302,0.520,445.065,250.151,7.370,-99.728,31.594,3684.937,76695.271,20170923_071343,479178,48,16799,42
1,KSJT20170923_122327_V06,-7.569,0.141,442.197,247.854,22.617,-99.743,31.604,11308.694,75728.485,20170923_072327,479165,64,16778,64
4,KSJT20170923_123311_V06,2.165,0.520,284.114,162.717,13.368,-100.576,31.990,6684.235,69099.744,20170923_073311,479170,116,13396,113
4,KSJT20170923_124254_V06,11.881,0.057,290.241,158.956,31.108,-100.544,32.007,15553.998,70690.638,20170923_074254,479171,77,13009,72
2,KSJT20170923_121343_V06,-17.302,0.218,253.138,414.909,5.321,-100.737,30.853,2660.578,62048.674,20170923_071343,479178,48,16799,42
1,KSJT20170924_121054_V06,-20.721,0.334,443.007,250.512,11.054,-99.739,31.592,5527.222,75663.911,20170924_071054,479186,984,93337,38
1,KSJT20170924_121606_V06,-15.521,0.415,443.765,250.180,16.024,-99.735,31.594,8012.214,76076.038,20170924_071606,479187,970,91437,49
5,KSJT20170925_122043_V06,-11.509,0.648,444.691,251.939,8.067,-99.730,31.586,4033.459,76232.184,20170925_072043,479177,1660,135646,80
5,KSJT20170925_122614_V06,-5.992,0.089,444.391,250.422,16.298,-99.732,31.592,8148.966,76332.601,20170925_072614,479185,1694,137356,66
5,KSJT20170925_123124_V06,-0.825,0.051,443.048,247.111,19.570,-99.738,31.607,9785.054,76255.991,20170925_073124,479172,1642,140480,77
4,KSJT20170926_122511_V06,-7.649,0.258,449.439,253.129,9.164,-99.705,31.580,4581.871,78308.712,20170926_072511,479184,492,64407,48
4,KSJT20170926_122926_V06,-3.399,0.411,449.284,252.752,15.158,-99.706,31.582,7579.216,78291.178,20170926_072926,479165,525,66774,52
4,KSJT20170926_123343_V06,0.884,0.076,448.396,251.357,17.150,-99.710,31.588,8575.169,78082.266,20170926_073343,479175,608,68288,49
1,KSJT20170928_114112_V06,-52.855,0.058,261.828,150.773,2.562,-100.694,32.044,1280.766,77015.886,20170928_064112,479167,74,99896,52
1,KSJT20170929_114257_V06,-51.721,0.061,302.003,109.154,6.261,-100.482,32.232,3130.646,95428.030,20170929_064257,479158,80,90499,56
1,KSJT20170930_123410_V06,-1.124,0.305,286.998,177.561,2.591,-100.561,31.923,1295.635,61563.791,20170930_073410,479173,107,67710,83
4,KSJT20170930_123410_V06,-1.124,0.063,334.943,144.928,4.911,-100.307,32.070,2455.513,79480.247,20170930_073410,479173,107,67710,83
1,KSJT20171001_122954_V06,-6.014,0.223,294.191,177.596,4.719,-100.523,31.923,2359.306,61270.728,20171001_072954,479172,87,62872,85
1,KSJT20171001_123937_V06,3.703,0.062,294.211,179.907,15.608,-100.523,31.913,7804.034,60116.307,20171001_073937,479164,135,47829,120
2,KSJT20171001_122954_V06,-6.014,0.105,406.640,176.347,32.538,-99.928,31.927,16269.211,81642.601,20171001_072954,479172,87,62872,85
3,KSJT20171001_122954_V06,-6.014,0.082,246.116,85.982,2.744,-100.778,32.336,1372.055,110348.497,20171001_072954,479172,87,62872,85
1,KSJT20171003_122714_V06,-9.938,0.101,254.347,416.804,3.461,-100.731,30.844,1730.583,62704.305,20171003_072714,479174,60,20343,57
1,KSJT20171005_122713_V06,-11.230,0.207,255.935,417.476,2.642,-100.723,30.841,1321.201,62734.119,20171005_072713,479170,54,58264,44
1,KSJT20171006_121940_V06,-19.424,0.154,347.442,147.874,2.363,-100.241,32.057,1181.614,79676.037,20171006_071940,479174,37,31013,37
3,KSJT20171006_121940_V06,-19.424,0.104,242.048,88.027,5.031,-100.800,32.327,2515.671,109876.195,20171006_071940,479174,37,31013,37
2,KSJT20171007_122611_V06,-13.557,0.126,346.626,162.559,7.814,-100.246,31.991,3907.143,72567.314,20171007_072611,479173,46,20716,23
2,KSJT20171007_123557_V06,-3.791,0.880,342.483,163.782,11.051,-100.267,31.985,5525.749,71344.550,20171007_073557,479173,92,20180,74
2,KSJT20171007_124541_V06,5.943,0.054,342.916,166.432,15.797,-100.265,31.973,7898.446,70146.452,20171007_074541,479168,175,20113,152
1,KSJT20171008_124321_V06,2.954,0.090,400.211,203.772,75.618,-99.963,31.804,37808.834,69465.972,20171008_074321,479170,172,60904,160
2,KSJT20171008_132216_V06,41.871,0.071,468.819,489.191,19.491,-99.613,30.515,9745.263,126780.673,20171008_082216,479178,55,67528,44
6,KSJT20171010_130621_V06,24.627,0.066,333.971,330.494,44.655,-100.314,31.233,22327.709,22824.841,20171010_080621,479178,648,54772,65
6,KSJT20171010_131118_V06,29.577,0.064,346.678,326.836,37.310,-100.247,31.250,18654.766,26921.412,20171010_081118,479174,626,53161,76
7,KSJT20171010_130621_V06,24.627,0.065,30.804,110.113,30.820,-101.920,32.219,15409.925,164714.656,20171010_080621,479178,648,54772,65
1,KSJT20171011_122449_V06,-17.579,0.060,449.197,271.024,8.253,-99.707,31.499,4126.587,75992.310,20171011_072449,479167,3,46948,2
2,KSJT20171011_124417_V06,1.888,0.188,290.052,177.537,4.617,-100.545,31.923,2308.361,61433.002,20171011_074417,479164,67,27424,63
1,KSJT20171012_122950_V06,-13.241,0.055,401.782,153.144,2.705,-99.953,32.032,1352.375,89339.810,20171012_072950,479171,51,29496,48
1,KSJT20171014_123436_V06,-9.851,0.607,263.978,358.195,13.841,-100.681,31.109,6920.559,34220.471,20171014_073436,479173,70,33101,59
2,KSJT20171014_140214_V06,77.783,0.065,266.840,363.260,14.064,-100.666,31.086,7032.082,35712.197,20171014_090214,479176,58,18591,50
4,KSJT20171015_121840_V06,-26.482,0.053,338.558,160.220,13.640,-100.288,32.001,6819.859,72500.401,20171015_071840,479161,573,77348,71
4,KSJT20171015_122322_V06,-21.782,0.231,339.883,159.647,19.073,-100.281,32.004,9536.561,72954.999,20171015_072322,479172,459,82156,67
9,KSJT20171015_124605_V06,0.935,0.075,419.247,264.673,14.423,-99.864,31.529,7211.708,62184.709,20171015_074605,479167,378,87220,84
9,KSJT20171015_125023_V06,5.235,-1.000,419.247,264.673,21.260,-99.864,31.529,10630.208,62184.709,20171015_075023,479168,385,86347,94
9,KSJT20171015_125439_V06,9.501,0.331,423.650,268.247,24.924,-99.841,31.513,12461.920,63831.080,20171015_075439,479180,415,84369,88
2,KSJT20171015_115253_V06,-52.265,0.323,313.347,163.864,10.819,-100.422,31.985,5409.504,68394.542,20171015_065253,479176,913,84842,78
6,KSJT20171015_122322_V06,-21.782,0.066,367.647,300.894,24.045,-100.137,31.367,12022.594,33826.499,20171015_072322,479172,459,82156,67
7,KSJT20171015_122806_V06,-17.049,0.056,329.338,346.663,12.058,-100.338,31.161,6028.755,27559.615,20171015_072806,479184,552,89437,75
10,KSJT20171015_125023_V06,5.235,0.052,380.891,303.140,15.476,-100.067,31.356,7737.984,40475.797,20171015_075023,479168,385,86347,94
11,KSJT20171015_125439_V06,9.501,0.135,247.301,120.990,8.358,-100.772,32.178,4179.119,93303.064,20171015_075439,479180,415,84369,88
12,KSJT20171015_125439_V06,9.501,0.054,193.089,235.655,20.228,-101.056,31.660,10113.928,62390.600,20171015_075439,479180,415,84369,88
22,KSJT20171015_140535_V06,80.435,0.057,343.141,44.502,40.063,-100.263,32.523,20031.612,129557.335,20171015_090535,479169,2330,95393,156
23,KSJT20171015_141012_V06,85.051,0.067,189.786,262.970,13.592,-101.073,31.537,6796.175,58134.073,20171015_091012,479175,2538,96061,199
1,KSJT20171016_123352_V06,-11.987,0.110,244.726,89.234,10.621,-100.786,32.321,5310.583,108946.537,20171016_073352,479160,127,36854,112
1,KSJT20171016_124336_V06,-2.253,0.142,244.874,90.640,22.011,-100.785,32.315,11005.344,108248.183,20171016_074336,479164,217,30923,172
2,KSJT20171016_123352_V06,-11.987,0.077,250.602,428.702,5.501,-100.750,30.790,2750.549,68928.284,20171016_073352,479160,127,36854,112
4,KSJT20171016_140140_V06,75.813,0.050,235.962,182.174,5.432,-100.831,31.902,2715.940,67051.751,20171016_090140,479169,114,35449,85
3,KSJT20171017_124241_V06,-3.881,0.108,266.303,88.484,10.447,-100.671,32.325,5223.444,107091.909,20171017_074241,479170,136,27322,123
4,KSJT20171017_124241_V06,-3.881,0.080,393.676,213.876,5.362,-99.998,31.759,2681.141,63624.713,20171017_074241,479170,136,27322,123
5,KSJT20171017_124241_V06,-3.881,0.056,245.565,92.641,10.186,-100.781,32.306,5093.245,107192.665,20171017_074241,479170,136,27322,123
1,KSJT20171018_121356_V06,-33.349,0.612,357.914,81.146,15.253,-100.185,32.358,7626.274,113193.690,20171018_071356,479191,83,50875,71
3,KSJT20171018_134033_V06,53.267,0.068,352.870,87.842,8.243,-100.211,32.327,4121.395,109323.408,20171018_084033,479176,77,31588,57
5,KSJT20171020_140355_V06,75.178,0.069,267.788,368.189,28.511,-100.661,31.063,14255.459,37707.183,20171020_090355,479168,68,47096,44
2,KSJT20171022_123338_V06,-16.587,0.103,352.031,269.568,4.165,-100.218,31.508,2082.493,30138.655,20171022_073338,479181,63,52219,56
2,KSJT20171022_123740_V06,-12.553,0.058,351.922,269.870,10.757,-100.219,31.507,5378.650,30015.423,20171022_073740,479167,57,49704,52
1,KSJT20171022_123338_V06,-16.587,0.172,393.679,168.670,5.566,-99.997,31.962,2782.879,80658.607,20171022_073338,479181,63,52219,56
1,KSJT20171023_123446_V06,-16.204,0.119,367.687,255.753,4.652,-100.136,31.570,2326.118,40433.052,20171023_073446,479171,51,32674,49
3,KSJT20171023_124430_V06,-6.471,0.396,263.672,358.423,14.447,-100.683,31.108,7223.461,34398.452,20171023_074430,479167,180,33196,174
1,KSJT20171024_120031_V06,-51.211,0.102,396.997,106.796,15.291,-99.978,32.241,7645.264,108092.522,20171024_070031,479175,121,32041,86
1,KSJT20171025_120902_V06,-43.458,0.055,396.220,112.523,9.208,-99.982,32.215,4603.912,105363.720,20171025_070902,479174,46,34996,24
2,KSJT20171025_124802_V06,-4.458,0.086,386.592,211.920,2.823,-100.035,31.767,1411.304,61758.160,20171025_074802,479176,187,19189,126
3,KSJT20171025_131717_V06,24.792,0.114,242.680,181.083,9.301,-100.795,31.907,4650.345,66005.518,20171025_081717,479168,146,17542,95
1,KSJT20171026_131539_V06,22.389,0.120,265.271,359.317,14.155,-100.674,31.103,7077.732,34367.704,20171026_081539,479169,215,12153,188
4,KSJT20171028_134027_V06,45.631,0.116,397.846,109.941,12.439,-99.973,32.227,6219.742,106883.571,20171028_084027,479179,102,14267,71
4,KSJT20171028_135012_V06,55.381,0.352,398.136,110.717,17.962,-99.972,32.224,8980.853,106605.288,20171028_085012,479173,111,16637,61
1,KSJT20171028_121242_V06,-42.119,0.117,399.074,114.247,10.498,-99.967,32.208,5249.081,105261.214,20171028_071242,479162,102,31155,70
5,KSJT20171028_135012_V06,55.381,0.067,379.681,167.516,2.736,-100.071,31.968,1367.775,77300.000,20171028_085012,479173,111,16637,61
1,KSJT20171030_121046_V06,-45.634,0.056,384.805,212.675,4.840,-100.045,31.764,2419.968,60863.493,20171030_071046,479166,53,27783,46
1,KSJT20171101_124501_V06,-12.989,0.082,265.538,358.244,11.010,-100.673,31.108,5505.142,33837.928,20171101_074501,479170,63,18590,50
2,KSJT20171101_124501_V06,-12.989,0.064,393.719,104.225,14.404,-99.995,32.253,7202.156,108525.223,20171101_074501,479170,63,18590,50
1,KSJT20171102_121544_V06,-43.084,0.222,504.691,149.440,7.333,-99.409,32.045,3666.603,127049.816,20171102_071544,479170,206,83792,142
4,KSJT20171102_131722_V06,18.550,0.078,265.685,362.498,14.977,-100.672,31.089,7488.661,35649.254,20171102_081722,479178,565,64972,407
4,KSJT20171102_132137_V06,22.800,0.077,264.571,361.871,13.108,-100.678,31.092,6553.904,35648.505,20171102_082137,479172,438,64403,321
6,KSJT20171102_133420_V06,35.516,0.104,264.769,361.918,11.962,-100.677,31.092,5980.976,35619.960,20171102_083420,479172,292,60796,161
7,KSJT20171102_140418_V06,65.483,0.086,263.703,359.973,13.476,-100.682,31.101,6737.883,35050.872,20171102_090418,479167,212,60612,135
7,KSJT20171102_140833_V06,69.733,-1.000,263.703,359.973,20.233,-100.682,31.101,10116.633,35050.872,20171102_090833,479175,261,61184,157
7,KSJT20171102_141249_V06,74.000,0.104,264.715,358.031,15.787,-100.677,31.109,7893.665,33958.336,20171102_091249,479176,279,62750,162
1,KSJT20171104_133827_V06,37.995,0.084,272.042,387.522,29.501,-100.639,30.976,14750.738,45939.365,20171104_083827,479171,84,39850,63
1,KSJT20171105_123351_V06,-27.432,0.256,349.319,67.133,9.627,-100.230,32.421,4813.267,119015.982,20171105_063351,479174,145,38339,100
1,KSJT20171106_124716_V06,-14.848,0.137,295.297,94.016,18.851,-100.517,32.300,9425.430,103018.816,20171106_064716,479170,411,38727,307
2,KSJT20171106_124716_V06,-14.848,0.123,267.055,358.652,12.607,-100.665,31.106,6303.677,33635.607,20171106_064716,479170,411,38727,307
1,KSJT20171107_121243_V06,-50.235,0.084,237.956,167.177,5.768,-100.820,31.970,2883.932,73299.552,20171107_061243,479163,8,32607,0
1,KSJT20171111_122210_V06,-44.179,0.092,259.574,359.111,10.778,-100.704,31.104,5388.956,35806.157,20171111_062210,479177,39,40005,33
1,KSJT20171111_123154_V06,-34.446,-1.000,259.574,359.111,26.254,-100.704,31.104,13126.956,35806.157,20171111_063154,479167,50,34862,47
1,KSJT20171111_124138_V06,-24.713,0.177,264.134,355.930,14.376,-100.680,31.119,7188.080,33221.102,20171111_064138,479165,72,26338,53
1,KSJT20171114_130329_V06,-5.446,0.105,263.610,362.717,13.748,-100.683,31.088,6873.766,36254.771,20171114_070329,479174,174,23362,169
1,KSJT20171117_123940_V06,-31.864,0.307,262.117,356.189,17.134,-100.691,31.118,8567.142,33883.253,20171117_063940,479164,90,43728,61
3,KSJT20171118_123131_V06,-40.883,0.060,469.441,197.290,9.256,-99.597,31.831,4627.895,99070.094,20171118_063131,479166,319,89366,223
3,KSJT20171118_123554_V06,-36.500,0.235,469.204,197.334,15.691,-99.599,31.831,7845.614,98957.645,20171118_063554,479164,336,86895,259
1,KSJT20171118_122245_V06,-49.650,0.094,470.143,253.838,13.266,-99.596,31.576,6633.026,88146.761,20171118_062245,479176,364,90479,244
2,KSJT20171118_123131_V06,-40.883,0.092,501.267,152.101,15.886,-99.427,32.034,7942.863,124882.618,20171118_063131,479166,319,89366,223
4,KSJT20171118_131027_V06,-1.950,0.067,465.670,179.029,37.413,-99.616,31.914,18706.470,102567.574,20171118_071027,479162,308,77113,270
5,KSJT20171118_140853_V06,56.483,0.155,453.181,115.404,3.664,-99.680,32.201,1832.043,119937.643,20171118_080853,479169,125,57134,79
7,KSJT20171118_142822_V06,75.967,0.232,241.339,180.617,8.557,-100.802,31.909,4278.503,66508.090,20171118_082822,479177,90,48517,79
1,KSJT20171120_132430_V06,10.363,0.304,400.088,104.950,17.518,-99.961,32.250,8758.785,109615.292,20171120_072430,479168,96,10841,74
1,KSJT20171122_124217_V06,-33.586,0.080,266.825,357.741,16.243,-100.666,31.111,8121.424,33296.464,20171122_064217,479170,68,15057,64
2,KSJT20171123_125000_V06,-26.731,0.069,286.474,263.304,16.942,-100.563,31.537,8470.791,19554.877,20171123_065000,479168,102,9123,57
3,KSJT20171124_132128_V06,3.876,0.467,303.375,292.353,27.692,-100.474,31.406,13845.798,4179.321,20171124_072128,479174,241,11180,201
1,KSJT20171128_123848_V06,-42.180,0.061,387.299,211.621,10.527,-100.031,31.769,5263.416,62112.525,20171128_063848,479173,53,22271,48
2,KSJT20171128_123848_V06,-42.180,0.056,438.939,365.358,20.561,-99.764,31.074,10280.537,76771.885,20171128_063848,479173,53,22271,48
1,KSJT20171130_123024_V06,-52.238,0.128,273.499,354.091,5.213,-100.631,31.127,2606.512,30117.261,20171130_063024,479172,95,11396,60
1,KSJT20171130_124009_V06,-42.488,0.105,273.652,354.805,12.809,-100.630,31.124,6404.384,30404.752,20171130_064009,479176,97,14886,65
2,KSJT20171130_123024_V06,-52.238,0.109,397.096,114.637,14.115,-99.977,32.206,7057.514,104626.802,20171130_063024,479172,95,11396,60
2,KSJT20171130_124009_V06,-42.488,0.284,397.449,114.952,20.612,-99.975,32.204,10305.874,104569.212,20171130_064009,479176,97,14886,65
7,KSJT20171130_141752_V06,55.229,0.057,399.584,110.841,10.835,-99.964,32.223,5417.713,106885.502,20171130_081752,479171,98,11708,68
7,KSJT20171130_142738_V06,64.996,0.059,399.037,110.969,19.639,-99.967,32.222,9819.707,106701.893,20171130_082738,479173,95,12107,54
3,KSJT20171130_124009_V06,-42.488,0.302,437.610,126.861,10.599,-99.763,32.150,5299.473,110582.059,20171130_064009,479176,97,14886,65
4,KSJT20171130_124009_V06,-42.488,0.184,384.922,212.814,5.666,-100.044,31.763,2832.882,60854.553,20171130_064009,479176,97,14886,65
6,KSJT20171130_140806_V06,45.462,0.270,397.419,108.834,13.019,-99.975,32.232,6509.399,107278.819,20171130_080806,479166,123,11487,54
1,KSJT20171202_141240_V06,48.404,0.054,266.063,359.875,16.786,-100.670,31.101,8393.200,34412.108,20171202_081240,479166,72,13714,48
1,KSJT20171203_134313_V06,18.154,0.071,23.187,203.911,40.047,-101.954,31.796,20023.672,146508.366,20171203_074313,479166,135,10018,127
1,KSJT20171203_140241_V06,37.621,0.236,27.162,181.992,53.847,-101.934,31.895,26923.686,148632.500,20171203_080241,479165,107,10397,99
1,KSJT20171203_141226_V06,47.371,0.175,32.586,159.786,50.650,-101.907,31.996,25325.026,150971.878,20171203_081226,479162,99,10802,94
1,KSJT20171204_130440_V06,-21.185,0.074,263.629,368.441,18.578,-100.683,31.062,9289.078,38752.425,20171204_070440,479160,58,21457,48
1,KSJT20171205_143958_V06,73.337,0.092,275.090,351.156,4.561,-100.623,31.140,2280.254,28449.206,20171205_083958,479167,61,6938,53
1,KSJT20171210_124801_V06,-42.325,0.159,400.135,110.795,11.425,-99.961,32.223,5712.734,107034.309,20171210_064801,479178,95,17368,73
1,KSJT20171210_130733_V06,-22.791,0.196,399.864,111.271,16.665,-99.963,32.221,8332.666,106760.733,20171210_070733,479173,87,11836,44
1,KSJT20171211_124417_V06,-46.759,0.160,265.390,358.225,13.513,-100.674,31.108,6756.323,33867.510,20171211_064417,479172,131,12212,102
1,KSJT20171212_123938_V06,-52.095,0.290,287.283,307.426,6.869,-100.559,31.338,3434.467,7363.115,20171212_063938,479178,88,6715,66
1,KSJT20171212_124923_V06,-42.345,0.069,286.357,305.791,5.418,-100.564,31.345,2709.137,7410.723,20171212_064923,479176,95,8621,73
2,KSJT20171212_123938_V06,-52.095,0.134,436.692,275.205,10.271,-99.773,31.481,5135.651,69461.107,20171212_063938,479178,88,6715,66
1,KSJT20171213_124927_V06,-42.947,0.165,391.386,215.404,10.539,-100.010,31.752,5269.379,62265.276,20171213_064927,479169,139,11212,92
6,KSJT20171214_142914_V06,56.184,0.068,265.896,360.417,14.333,-100.671,31.099,7166.565,34689.109,20171214_082914,479175,87,11331,66
1,KSJT20171215_133949_V06,6.133,0.054,266.058,361.597,11.649,-100.670,31.093,5824.360,35165.014,20171215_073949,479160,220,9159,210
5,KSJT20171216_141818_V06,44.000,0.070,294.783,422.206,20.371,-100.519,30.820,10185.686,61158.857,20171216_081818,479166,77,14087,73
1,KSJT20171217_124617_V06,-48.613,0.119,267.215,356.444,11.951,-100.664,31.116,5975.494,32637.445,20171217_064617,479175,68,3614,57
2,KSJT20171217_130546_V06,-29.130,0.155,370.809,318.690,4.802,-100.120,31.286,2400.917,36617.133,20171217_070546,479165,92,5250,79
3,KSJT20171217_133502_V06,0.137,0.446,304.953,285.451,13.001,-100.466,31.437,6500.458,7684.632,20171217_073502,479168,241,7708,212
1,KSJT20171218_123611_V06,-59.290,0.390,289.943,51.593,9.665,-100.546,32.491,4832.558,124305.020,20171218_063611,479167,26,6588,25
3,KSJT20171218_142327_V06,47.977,0.054,267.015,359.585,13.642,-100.665,31.102,6821.131,34052.975,20171218_082327,479172,76,5992,57
3,KSJT20171218_143311_V06,57.710,-1.000,267.015,359.585,29.118,-100.665,31.102,14559.131,34052.975,20171218_083311,479167,67,5719,45
3,KSJT20171218_144257_V06,67.477,0.089,265.888,357.195,13.228,-100.671,31.113,6614.017,33297.714,20171218_084257,479169,65,5552,55
1,KSJT20171223_124608_V06,-51.899,0.055,270.652,356.195,7.772,-100.646,31.118,3885.881,31698.716,20171223_064608,479174,47,6104,43
1,KSJT20171225_124459_V06,-53.910,0.120,266.309,355.606,11.756,-100.669,31.120,5877.832,32508.107,20171225_064459,479170,52,4136,52
2,KSJT20171225_124459_V06,-53.910,0.107,233.569,185.664,5.369,-100.843,31.886,2684.675,66116.966,20171225_064459,479170,52,4136,52
3,KSJT20171225_131413_V06,-24.676,0.089,286.406,256.585,17.672,-100.564,31.567,8836.205,22746.709,20171225_071413,479167,40,3416,40
1,KSJT20171226_124430_V06,-54.786,0.118,265.671,357.550,13.747,-100.672,31.111,6873.346,33505.576,20171226_064430,479169,62,10332,35
2,KSJT20171226_124430_V06,-54.786,0.094,240.366,322.656,4.692,-100.805,31.269,2346.186,31896.172,20171226_064430,479169,62,10332,35
1,KSJT20171229_124433_V06,-55.759,0.131,384.632,108.713,2.980,-100.043,32.233,1489.998,104586.140,20171229_064433,479178,188,75926,174
1,KSJT20171230_132104_V06,-19.531,0.077,295.396,247.055,5.153,-100.516,31.610,2576.584,26572.251,20171230_072104,479159,8,3703,8
