track_id,filename,from_sunrise,det_score,x,y,r,lon,lat,radius,geo_dist,local_time,n_radar_pixels,n_refAbove40_pixels,n_xcorrAbove0.95_pixels,n_xcorrBelow0.95_refAbove40_pixels
2,KCRP20170602_120322_V06,29.218,0.244,318.427,476.741,21.538,-97.418,26.986,10769.177,88849.654,20170602_070322,479171,203,33654,77
2,KCRP20170602_121304_V06,38.918,0.109,321.985,477.645,28.750,-97.400,26.982,14374.891,89499.870,20170602_071304,479178,148,32738,54
1,KCRP20170602_104542_V06,-48.449,0.091,299.038,141.431,11.292,-97.516,28.499,5646.065,79286.156,20170602_054542,479179,121,38491,48
1,KCRP20170604_113907_V06,5.248,0.746,163.494,85.074,10.127,-98.210,28.752,5063.519,127305.991,20170604_063907,479180,31,32682,22
3,KCRP20170605_105417_V06,-39.477,0.132,64.220,239.806,72.574,-98.710,28.050,36286.781,121671.040,20170605_055417,479169,2286,70515,186
3,KCRP20170605_110416_V06,-29.494,-1.000,64.220,239.806,88.447,-98.710,28.050,44223.531,121671.040,20170605_060416,479191,2797,69754,217
3,KCRP20170605_110915_V06,-24.510,0.069,48.059,241.070,85.927,-98.792,28.044,42963.446,129370.723,20170605_060915,479182,3104,69292,224
7,KCRP20170605_111928_V06,-14.294,0.449,28.212,365.485,31.101,-98.886,27.482,15550.400,139783.093,20170605_061928,479181,2980,66681,189
7,KCRP20170605_112440_V06,-9.094,0.473,28.636,370.244,36.252,-98.883,27.460,18126.034,140154.037,20170605_062440,479183,3057,66186,227
16,KCRP20170605_124601_V06,72.256,0.097,209.743,361.423,60.514,-97.968,27.506,30257.111,54587.284,20170605_074601,479181,6237,85586,201
1,KCRP20170606_103437_V06,-59.058,0.144,316.062,400.768,12.814,-97.430,27.329,6407.183,51019.932,20170606_053437,479190,573,36656,90
3,KCRP20170606_103933_V06,-54.124,0.064,26.475,345.893,6.819,-98.896,27.570,3409.591,138674.168,20170606_053933,479178,656,36177,89
4,KCRP20170606_104924_V06,-44.274,0.246,223.430,558.380,18.378,-97.895,26.617,9188.911,134743.518,20170606_054924,479178,840,38860,113
1,KCRP20170607_113747_V06,4.174,0.133,325.600,483.858,8.882,-97.382,26.954,4440.779,92815.982,20170607_063747,479176,269,50617,138
1,KCRP20170607_114729_V06,13.874,0.484,323.351,486.181,17.896,-97.393,26.944,8947.808,93819.707,20170607_064729,479186,371,43596,205
1,KCRP20170607_120654_V06,33.290,0.257,323.562,490.352,15.873,-97.392,26.925,7936.708,95902.156,20170607_070654,479178,376,37059,224
1,KCRP20170607_121636_V06,42.990,0.194,320.548,493.514,25.864,-97.407,26.911,12932.067,97300.918,20170607_071636,479179,426,34847,268
1,KCRP20170610_111919_V06,-14.226,0.091,271.182,105.835,11.813,-97.658,28.660,5906.296,98146.013,20170610_061919,479185,114,21446,102
1,KCRP20170618_120429_V06,30.213,0.057,300.837,355.318,19.659,-97.507,27.534,9829.704,27662.251,20170618_070429,479176,162,27558,133
3,KCRP20170620_113928_V06,4.820,0.506,331.231,487.251,9.823,-97.354,26.939,4911.458,94918.782,20170620_063928,479168,160,77261,134
3,KCRP20170620_114424_V06,9.753,0.799,327.161,488.846,17.153,-97.374,26.932,8576.342,95394.682,20170620_064424,479180,134,74150,116
3,KCRP20170620_114919_V06,14.670,0.800,324.194,491.842,20.068,-97.389,26.918,10033.982,96681.028,20170620_064919,479177,118,68520,78
3,KCRP20170620_115414_V06,19.587,0.727,322.551,494.565,22.329,-97.397,26.906,11164.525,97933.859,20170620_065414,479174,130,65761,92
3,KCRP20170620_120405_V06,29.437,0.593,321.263,496.507,24.765,-97.404,26.897,12382.379,98827.271,20170620_070405,479178,70,59596,58
3,KCRP20170620_120900_V06,34.353,0.436,317.373,498.890,29.401,-97.423,26.886,14700.495,99823.506,20170620_070900,479169,144,59197,109
3,KCRP20170620_121355_V06,39.270,0.115,312.382,500.659,33.978,-97.449,26.878,16988.801,100520.557,20170620_071355,479180,138,58100,97
1,KCRP20170620_112442_V06,-9.947,0.447,414.391,107.480,15.648,-96.926,28.651,7824.032,111969.814,20170620_062442,479187,126,82503,101
1,KCRP20170620_112938_V06,-5.013,0.750,415.348,107.954,21.883,-96.921,28.649,10941.503,112012.110,20170620_062938,479174,127,80751,92
1,KCRP20170620_113433_V06,-0.097,0.810,413.858,110.191,24.710,-96.929,28.639,12355.052,110669.561,20170620_063433,479176,164,79874,137
1,KCRP20170620_113928_V06,4.820,0.138,412.731,108.452,26.290,-96.934,28.647,13144.822,111129.201,20170620_063928,479168,160,77261,134
1,KCRP20170621_111302_V06,-21.829,0.692,418.091,107.882,5.924,-96.907,28.649,2961.857,112755.001,20170621_061302,479173,121,80366,75
1,KCRP20170621_112244_V06,-12.129,0.212,416.619,110.039,15.794,-96.914,28.640,7897.064,111450.925,20170621_062244,479178,117,67102,78
3,KCRP20170621_114209_V06,7.288,0.076,328.730,484.621,9.136,-97.366,26.951,4567.801,93421.427,20170621_064209,479182,108,44742,66
3,KCRP20170621_120131_V06,26.654,0.233,336.102,484.163,17.881,-97.329,26.953,8940.558,93834.357,20170621_070131,479175,87,36130,53
1,KCRP20170622_110151_V06,-33.245,0.360,475.113,289.841,19.853,-96.622,27.827,9926.399,87703.658,20170622_060151,479177,190,100530,87
1,KCRP20170622_110647_V06,-28.312,0.064,475.940,289.972,26.268,-96.618,27.826,13133.828,88112.897,20170622_060647,479181,207,99384,80
3,KCRP20170622_114114_V06,6.138,0.085,255.187,230.944,7.383,-97.739,28.095,3691.473,41161.128,20170622_064114,479185,201,74328,84
7,KCRP20170622_121541_V06,40.588,0.050,283.400,487.013,31.070,-97.594,26.940,15534.915,93874.205,20170622_071541,479186,154,63868,102
3,KCRP20170624_113900_V06,3.388,0.185,306.873,382.137,20.096,-97.476,27.413,10048.237,41212.192,20170624_063900,479182,902,43373,102
3,KCRP20170624_114356_V06,8.321,0.097,306.858,381.100,26.308,-97.476,27.418,13154.094,40694.554,20170624_064356,479174,921,43599,87
4,KCRP20170625_112717_V06,-8.612,0.169,413.873,96.382,11.826,-96.928,28.701,5912.857,116648.329,20170625_062717,479170,787,58144,69
4,KCRP20170625_113212_V06,-3.695,0.550,414.360,97.449,18.873,-96.926,28.696,9436.301,116302.684,20170625_063212,479181,651,55717,68
4,KCRP20170625_113708_V06,1.238,0.277,416.273,99.941,27.128,-96.916,28.685,13563.835,115696.776,20170625_063708,479173,697,51743,70
4,KCRP20170625_114202_V06,6.138,0.265,412.871,100.689,30.427,-96.933,28.682,15213.581,114525.935,20170625_064202,479178,600,51097,61
5,KCRP20170625_120144_V06,25.838,0.158,321.168,479.432,13.693,-97.404,26.974,6846.661,90338.392,20170625_070144,479171,805,55432,95
5,KCRP20170625_120638_V06,30.738,0.136,322.124,479.569,20.000,-97.399,26.974,10000.247,90463.447,20170625_070638,479177,807,55512,77
1,KCRP20170625_110241_V06,-33.212,0.074,343.315,59.913,16.617,-97.289,28.867,8308.552,121981.693,20170625_060241,479176,1244,60391,58
2,KCRP20170625_111232_V06,-23.362,0.102,362.305,102.761,2.288,-97.192,28.673,1144.135,103423.038,20170625_061232,479174,984,61577,65
3,KCRP20170625_111727_V06,-18.445,0.111,287.060,111.020,11.929,-97.577,28.636,5964.512,94711.242,20170625_061727,479174,950,59499,70
6,KCRP20170625_120144_V06,25.838,0.116,366.534,347.407,9.712,-97.174,27.570,4856.113,40847.803,20170625_070144,479171,805,55432,95
8,KCRP20170629_121708_V06,39.957,0.086,131.617,306.744,28.623,-98.365,27.751,14311.527,84258.870,20170629_071708,479173,1864,50720,129
8,KCRP20170629_122204_V06,44.891,-1.000,131.617,306.744,36.467,-98.365,27.751,18233.527,84258.870,20170629_072204,479183,1953,49934,126
8,KCRP20170629_122659_V06,49.807,0.066,125.116,303.581,36.506,-98.398,27.765,18252.906,87460.328,20170629_072659,479183,2039,50711,107
8,KCRP20170629_123154_V06,54.724,0.064,125.920,288.983,31.332,-98.394,27.831,15665.924,87214.317,20170629_073154,479180,2011,50223,148
8,KCRP20170629_123716_V06,60.091,0.071,126.481,286.459,38.357,-98.392,27.842,19178.283,87023.090,20170629_073716,479180,2027,50423,155
2,KCRP20170629_110323_V06,-33.793,0.149,24.717,415.394,51.509,-98.901,27.256,25754.574,149245.069,20170629_060323,479177,1772,45700,149
2,KCRP20170629_110818_V06,-28.876,0.054,25.229,387.828,50.091,-98.900,27.381,25045.366,144233.214,20170629_060818,479178,2002,43674,157
1,KCRP20170630_103739_V06,-59.881,0.054,304.747,267.608,8.411,-97.487,27.930,4205.364,16368.837,20170630_053739,479179,133,25477,110
1,KCRP20170701_113544_V06,-2.165,0.181,268.130,231.752,12.660,-97.673,28.092,6329.960,37661.302,20170701_063544,479173,122,29333,115
3,KCRP20170702_121415_V06,35.971,0.139,311.531,164.814,34.292,-97.452,28.394,17145.962,67838.238,20170702_071415,479177,149,21744,73
3,KCRP20170707_111301_V06,-27.334,0.059,396.265,175.479,29.894,-97.020,28.345,14946.815,78696.473,20170707_061301,479177,1427,49081,80
11,KCRP20170707_122024_V06,40.049,0.061,303.806,368.681,20.864,-97.492,27.474,10431.868,34393.303,20170707_072024,479199,2061,48607,165
14,KCRP20170707_124022_V06,60.016,0.054,339.232,372.806,26.390,-97.312,27.455,13195.005,41351.850,20170707_074022,479187,1610,48866,123
4,KCRP20170709_113941_V06,-1.567,0.930,294.208,87.763,9.375,-97.540,28.741,4687.458,106158.068,20170709_063941,479173,203,41594,101
4,KCRP20170709_114436_V06,3.350,0.610,294.545,87.284,15.235,-97.539,28.744,7617.500,106392.914,20170709_064436,479172,240,39890,152
4,KCRP20170709_114932_V06,8.283,0.930,295.572,86.886,15.408,-97.533,28.745,7703.916,106580.235,20170709_064932,479175,290,35073,167
4,KCRP20170709_115427_V06,13.200,0.799,297.009,86.785,17.045,-97.526,28.746,8522.317,106617.899,20170709_065427,479184,292,31452,185
4,KCRP20170709_120418_V06,23.050,0.278,297.371,85.163,21.336,-97.524,28.753,10667.947,107426.451,20170709_070418,479175,421,29244,264
6,KCRP20170709_124340_V06,62.416,0.313,425.276,100.644,8.218,-96.870,28.682,4108.852,117725.511,20170709_074340,479179,289,30128,177
6,KCRP20170709_124835_V06,67.333,0.534,426.210,99.668,14.594,-96.865,28.686,7297.009,118387.095,20170709_074835,479179,341,31206,219
6,KCRP20170709_125329_V06,72.233,0.061,429.476,95.745,18.094,-96.848,28.704,9046.774,120917.397,20170709_075329,479180,304,32337,169
1,KCRP20170709_113000_V06,-11.250,0.710,430.362,90.350,12.365,-96.844,28.728,6182.453,123437.270,20170709_063000,479176,206,29647,104
1,KCRP20170709_113941_V06,-1.567,0.128,429.651,88.100,24.403,-96.847,28.738,12201.440,124208.369,20170709_063941,479173,203,41594,101
7,KCRP20170710_113520_V06,-6.380,0.202,263.552,226.818,6.727,-97.696,28.114,3363.403,40877.758,20170710_063520,479182,472,32749,322
7,KCRP20170710_114016_V06,-1.447,0.082,263.832,227.360,13.892,-97.695,28.112,6945.866,40572.874,20170710_064016,479178,422,32516,283
7,KCRP20170710_114703_V06,5.337,0.116,268.756,229.323,18.952,-97.670,28.103,9476.010,38637.426,20170710_064703,479179,419,31346,292
1,KCRP20170710_111539_V06,-26.063,0.136,366.214,101.441,2.380,-97.172,28.679,1189.987,104654.136,20170710_061539,479189,481,43295,315
1,KCRP20170710_112034_V06,-21.147,0.059,366.183,101.320,8.435,-97.172,28.680,4217.671,104706.565,20170710_062034,479178,487,40132,344
3,KCRP20170710_112034_V06,-21.147,0.114,424.986,95.647,6.381,-96.871,28.704,3190.655,119772.471,20170710_062034,479178,487,40132,344
3,KCRP20170710_112529_V06,-16.230,0.311,425.291,94.792,12.724,-96.870,28.708,6361.949,120216.790,20170710_062529,479175,502,37006,359
3,KCRP20170710_113025_V06,-11.297,0.764,428.117,91.288,10.561,-96.855,28.724,5280.525,122448.398,20170710_063025,479189,513,33974,378
3,KCRP20170710_113520_V06,-6.380,0.332,429.094,91.049,17.332,-96.850,28.725,8665.840,122806.467,20170710_063520,479182,472,32749,322
4,KCRP20170710_112529_V06,-16.230,0.335,286.284,105.796,11.311,-97.581,28.660,5655.304,97344.057,20170710_062529,479175,502,37006,359
8,KCRP20170710_115158_V06,10.253,0.120,428.714,87.949,17.227,-96.852,28.739,8613.331,124029.171,20170710_065158,479182,423,31583,282
3,KCRP20170712_112846_V06,-13.897,0.517,254.967,193.465,7.153,-97.740,28.264,3576.515,57830.795,20170712_062846,479185,412,34993,126
1,KCRP20170714_115243_V06,9.073,0.160,411.096,102.515,13.586,-96.943,28.674,6792.805,113294.413,20170714_065243,479176,145,22990,89
7,KCRP20170716_111248_V06,-31.850,0.063,353.509,305.368,9.213,-97.239,27.759,4606.361,26888.792,20170716_061248,479172,2259,71153,130
7,KCRP20170716_111809_V06,-26.500,0.124,352.762,304.810,16.586,-97.243,27.762,8292.947,26490.322,20170716_061809,479182,2306,72697,103
14,KCRP20170716_115136_V06,6.950,0.388,293.886,99.301,12.028,-97.542,28.689,6014.210,100396.102,20170716_065136,479182,3811,75097,141
14,KCRP20170716_120313_V06,18.567,0.516,295.264,100.143,17.818,-97.535,28.686,8908.779,99956.714,20170716_070313,479176,3855,80952,131
14,KCRP20170716_120901_V06,24.367,0.157,292.761,100.803,13.281,-97.548,28.683,6640.610,99664.350,20170716_070901,479169,3761,82545,193
19,KCRP20170716_130112_V06,76.550,0.086,174.883,82.019,7.042,-98.151,28.766,3520.813,125668.052,20170716_080112,479179,3899,87644,154
19,KCRP20170716_130659_V06,82.334,0.136,176.451,82.725,14.707,-98.143,28.763,7353.278,124972.573,20170716_080659,479173,4070,88553,127
12,KCRP20170716_114001_V06,-4.633,0.273,292.646,104.505,9.420,-97.548,28.666,4709.881,97816.396,20170716_064001,479179,3217,68864,174
13,KCRP20170716_114001_V06,-4.633,0.205,112.246,57.744,14.273,-98.473,28.874,7136.279,153247.898,20170716_064001,479179,3217,68864,174
17,KCRP20170716_122625_V06,41.767,0.051,418.187,98.541,5.989,-96.906,28.691,2994.476,116783.669,20170716_072625,479179,4230,83996,59
18,KCRP20170716_124937_V06,64.967,0.115,87.570,215.791,23.764,-98.592,28.160,11882.137,114256.007,20170716_074937,479181,4150,84820,55
20,KCRP20170716_130659_V06,82.334,0.115,422.732,95.288,4.728,-96.883,28.706,2364.101,119342.179,20170716_080659,479173,4070,88553,127
3,KCRP20170717_113412_V06,-10.962,0.271,300.846,99.724,2.797,-97.507,28.687,1398.579,100138.649,20170717_063412,479172,1674,71416,70
3,KCRP20170717_113726_V06,-7.728,0.132,300.854,99.789,7.225,-97.506,28.687,3612.489,100106.460,20170717_063726,479171,1701,77583,58
7,KCRP20170718_115544_V06,10.055,0.055,28.054,439.316,40.661,-98.883,27.148,20330.660,152777.037,20170718_065544,479181,198,72396,60
8,KCRP20170718_120524_V06,19.721,0.073,302.730,423.763,18.749,-97.497,27.225,9374.716,61896.430,20170718_070524,479180,242,68305,99
9,KCRP20170718_121504_V06,29.388,0.125,28.198,431.579,31.332,-98.882,27.183,15665.903,150987.917,20170718_071504,479190,224,70394,90
11,KCRP20170718_122626_V06,40.755,0.098,26.940,432.949,34.974,-98.889,27.177,17486.877,151852.708,20170718_072626,479184,161,57762,57
11,KCRP20170718_123123_V06,45.705,0.070,29.284,426.140,30.436,-98.877,27.208,15217.848,149330.716,20170718_073123,479176,162,58877,80
5,KCRP20170719_114548_V06,-0.400,0.212,324.711,469.515,9.488,-97.386,27.019,4743.867,85653.143,20170719_064548,479178,98,31018,83
5,KCRP20170719_120510_V06,18.966,0.294,325.883,466.328,16.983,-97.380,27.033,8491.621,84164.960,20170719_070510,479185,106,34108,90
5,KCRP20170719_121450_V06,28.633,0.142,325.192,462.325,16.970,-97.384,27.051,8484.897,82134.170,20170719_071450,479176,109,35224,86
1,KCRP20170719_110705_V06,-39.117,0.714,318.895,381.677,10.035,-97.415,27.415,5017.427,41916.980,20170719_060705,479182,114,21141,91
1,KCRP20170719_111646_V06,-29.434,0.457,319.894,382.254,17.170,-97.410,27.413,8584.896,42312.877,20170719_061646,479180,136,19994,113
6,KCRP20170719_120510_V06,18.966,0.258,317.640,421.232,23.821,-97.422,27.237,11910.471,61254.412,20170719_070510,479185,106,34108,90
6,KCRP20170719_121450_V06,28.633,0.134,317.734,419.379,34.378,-97.421,27.245,17188.779,60344.321,20170719_071450,479176,109,35224,86
4,KCRP20170719_113607_V06,-10.084,0.110,276.562,320.178,70.098,-97.630,27.693,35049.236,15463.286,20170719_063607,479174,124,22551,110
3,KCRP20170720_122433_V06,37.823,0.062,309.561,431.113,47.593,-97.463,27.192,23796.627,65730.560,20170720_072433,479184,163,34373,102
3,KCRP20170720_122928_V06,42.740,-1.000,309.561,431.113,55.411,-97.463,27.192,27705.377,65730.560,20170720_072928,479175,192,30818,122
3,KCRP20170720_123909_V06,52.423,0.107,300.621,400.770,74.673,-97.508,27.329,37336.357,50386.105,20170720_073909,479172,141,30062,109
1,KCRP20170720_120005_V06,13.357,0.404,307.606,438.526,39.900,-97.472,27.159,19950.195,69367.296,20170720_070005,479177,135,30390,101
1,KCRP20170720_120947_V06,23.057,-1.000,307.606,438.526,55.323,-97.472,27.159,27661.695,69367.296,20170720_070947,479182,136,34297,103
1,KCRP20170720_121443_V06,27.990,0.150,286.827,402.116,73.570,-97.577,27.323,36784.927,51481.000,20170720_071443,479177,144,34951,113
4,KCRP20170720_122928_V06,42.740,0.082,294.951,396.614,75.861,-97.536,27.348,37930.534,48372.821,20170720_072928,479175,192,30818,122
1,KCRP20170721_115236_V06,5.343,0.090,326.050,461.642,12.800,-97.380,27.054,6399.838,81863.593,20170721_065236,479181,245,31577,165
1,KCRP20170721_120226_V06,15.177,0.126,325.625,459.176,23.527,-97.382,27.066,11763.419,80612.534,20170721_070226,479183,225,30601,131
2,KCRP20170721_115236_V06,5.343,0.067,332.233,429.694,11.519,-97.348,27.199,5759.413,66819.698,20170721_065236,479181,245,31577,165
3,KCRP20170721_122658_V06,39.710,0.063,298.182,399.081,73.996,-97.520,27.337,36998.146,49548.770,20170721_072658,479182,254,30788,218
3,KCRP20170721_123153_V06,44.627,-1.000,298.182,399.081,81.814,-97.520,27.337,40906.896,49548.770,20170721_073153,479187,300,30391,231
3,KCRP20170721_123648_V06,49.543,0.058,303.959,399.254,68.447,-97.491,27.336,34223.526,49666.420,20170721_073648,479184,246,30044,198
4,KCRP20170721_122658_V06,39.710,0.052,32.224,182.391,3.700,-98.876,28.308,1849.894,146232.426,20170721_072658,479182,254,30788,218
1,KCRP20170722_120924_V06,21.610,0.091,331.463,421.440,15.351,-97.352,27.236,7675.697,62724.970,20170722_070924,479180,214,23870,119
2,KCRP20170723_120706_V06,18.774,0.622,327.517,416.504,16.596,-97.372,27.258,8298.040,59854.535,20170723_070706,479181,184,27290,153
2,KCRP20170723_121646_V06,28.441,0.299,328.612,415.948,25.673,-97.366,27.261,12836.728,59713.110,20170723_071646,479168,165,27591,140
2,KCRP20170724_122224_V06,33.536,0.071,191.915,63.971,2.646,-98.065,28.848,1323.248,129799.748,20170724_072224,479185,162,31653,124
3,KCRP20170724_130149_V06,72.953,0.373,24.771,345.559,8.022,-98.904,27.571,4010.980,139486.919,20170724_080149,479187,185,36838,143
3,KCRP20170726_114911_V06,-0.762,0.392,305.304,444.439,31.496,-97.484,27.132,15747.886,72268.146,20170726_064911,479182,135,22696,96
1,KCRP20170727_120331_V06,13.029,0.119,522.442,155.087,17.241,-96.376,28.433,8620.628,132740.556,20170727_070331,479178,459,19223,109
1,KCRP20170728_114606_V06,-4.931,0.125,417.259,54.441,11.239,-96.910,28.890,5619.316,136059.490,20170728_064606,479180,417,23487,362
1,KCRP20170728_115101_V06,-0.014,0.547,417.135,54.443,19.700,-96.910,28.890,9850.108,136031.941,20170728_065101,479185,538,25063,428
1,KCRP20170728_120051_V06,9.819,0.386,419.676,52.315,30.348,-96.897,28.900,15173.751,137541.110,20170728_070051,479180,479,22146,404
2,KCRP20170728_114606_V06,-4.931,0.095,327.402,468.535,8.743,-97.373,27.023,4371.381,85373.963,20170728_064606,479180,417,23487,362
2,KCRP20170728_115101_V06,-0.014,0.302,326.952,467.354,15.469,-97.375,27.029,7734.644,84755.068,20170728_065101,479185,538,25063,428
4,KCRP20170728_121535_V06,24.553,0.061,290.527,404.642,71.487,-97.559,27.312,35743.324,52534.879,20170728_071535,479176,468,20866,381
1,KCRP20170729_114807_V06,-3.457,0.752,427.461,46.914,16.085,-96.857,28.924,8042.564,141685.172,20170729_064807,479180,316,26876,223
1,KCRP20170729_120730_V06,15.926,0.648,435.059,49.432,30.914,-96.818,28.913,15457.221,142324.506,20170729_070730,479173,206,23847,154
2,KCRP20170729_114807_V06,-3.457,0.120,427.661,90.168,2.058,-96.857,28.729,1028.847,122807.489,20170729_064807,479180,316,26876,223
2,KCRP20170729_120730_V06,15.926,0.069,391.943,72.622,14.439,-97.040,28.809,7219.695,122631.788,20170729_070730,479173,206,23847,154
5,KCRP20170729_120730_V06,15.926,0.060,185.466,75.848,12.933,-98.097,28.794,6466.394,125859.170,20170729_070730,479173,206,23847,154
6,KCRP20170729_122653_V06,35.310,0.095,330.496,457.953,33.374,-97.357,27.071,16687.166,80435.115,20170729_072653,479174,243,24829,178
8,KCRP20170729_130537_V06,74.043,0.072,25.588,247.551,25.571,-98.906,28.013,12785.683,139689.547,20170729_080537,479177,241,26600,174
1,KCRP20170730_111704_V06,-35.050,0.050,217.572,100.006,11.734,-97.933,28.686,5867.077,108157.291,20170730_061704,479177,802,44120,705
2,KCRP20170730_120734_V06,15.450,0.626,429.630,58.868,20.752,-96.847,28.870,10376.041,136883.569,20170730_070734,479174,960,53701,822
3,KCRP20170730_124620_V06,54.217,0.430,419.005,93.699,3.078,-96.902,28.713,1539.001,119082.203,20170730_074620,479184,611,43177,493
2,KCRP20170731_114517_V06,-7.376,0.121,401.934,66.443,13.675,-96.989,28.837,6837.299,127416.134,20170731_064517,479169,1042,68044,137
2,KCRP20170731_115442_V06,2.041,0.401,403.982,64.558,25.129,-96.978,28.845,12564.635,128690.657,20170731_065442,479181,1203,86245,131
2,KCRP20170731_120212_V06,9.541,0.211,404.692,67.389,32.785,-96.975,28.832,16392.733,127542.563,20170731_070212,479191,1157,95305,114
2,KCRP20170731_120558_V06,13.307,0.077,406.734,67.252,35.766,-96.964,28.833,17883.249,128026.976,20170731_070558,479189,1169,98319,101
1,KCRP20170801_115246_V06,-0.435,0.072,408.389,111.495,19.871,-96.957,28.633,9935.307,108722.370,20170801_065246,479184,254,41331,143
7,KCRP20170802_120812_V06,14.458,0.142,332.593,469.731,17.667,-97.347,27.018,8833.334,86416.002,20170802_070812,479182,290,66162,108
7,KCRP20170802_121306_V06,19.358,0.414,332.504,468.900,24.058,-97.347,27.022,12029.188,85999.633,20170802_071306,479183,236,66827,105
7,KCRP20170802_121801_V06,24.274,0.362,334.664,465.595,24.726,-97.336,27.037,12362.765,84592.246,20170802_071801,479183,299,67036,106
7,KCRP20170802_122256_V06,29.191,0.304,336.526,462.351,26.131,-97.327,27.051,13065.632,83204.598,20170802_072256,479177,305,67920,120
7,KCRP20170802_122752_V06,34.124,0.353,337.963,464.109,30.071,-97.320,27.043,15035.691,84221.239,20170802_072752,479175,359,69104,157
7,KCRP20170802_123246_V06,39.024,0.070,339.702,463.488,33.245,-97.311,27.046,16622.740,84119.907,20170802_073246,479185,312,69078,124
2,KCRP20170802_115130_V06,-2.242,0.371,411.279,107.197,3.481,-96.942,28.653,1740.646,111305.904,20170802_065130,479169,322,49920,105
2,KCRP20170802_120118_V06,7.558,0.312,412.413,106.874,13.169,-96.936,28.654,6584.385,111729.624,20170802_070118,479181,305,65131,94
2,KCRP20170802_120812_V06,14.458,0.073,410.405,109.893,15.599,-96.946,28.640,7799.295,109920.467,20170802_070812,479182,290,66162,108
4,KCRP20170802_120118_V06,7.558,0.416,421.764,60.235,18.989,-96.887,28.864,9494.614,134456.026,20170802_070118,479181,305,65131,94
4,KCRP20170802_120812_V06,14.458,0.427,418.074,58.610,32.234,-96.906,28.872,16116.819,134360.295,20170802_070812,479182,290,66162,108
4,KCRP20170802_121306_V06,19.358,0.128,419.143,60.068,33.955,-96.900,28.865,16977.361,133942.519,20170802_071306,479183,236,66827,105
8,KCRP20170802_121306_V06,19.358,0.059,339.864,427.510,26.499,-97.310,27.208,13249.643,66798.185,20170802_071306,479183,236,66827,105
8,KCRP20170802_121801_V06,24.274,0.066,340.635,426.470,32.410,-97.306,27.213,16204.940,66418.916,20170802_071801,479183,299,67036,106
6,KCRP20170802_120118_V06,7.558,0.059,364.562,106.275,2.637,-97.181,28.658,1318.550,102099.753,20170802_070118,479181,305,65131,94
9,KCRP20170802_130213_V06,68.474,0.062,100.752,102.751,13.439,-98.530,28.670,6719.683,140184.605,20170802_080213,479183,303,69635,117
4,KCRP20170803_115411_V06,-0.099,0.487,330.882,432.967,10.219,-97.355,27.184,5109.306,68253.291,20170803_065411,479181,5281,101429,78
4,KCRP20170803_120454_V06,10.618,0.323,331.425,429.808,19.940,-97.352,27.198,9969.796,66778.590,20170803_070454,479180,6573,104789,45
4,KCRP20170803_121015_V06,15.968,0.490,333.629,421.913,23.425,-97.341,27.234,11712.590,63232.901,20170803_071015,479178,7253,105889,49
4,KCRP20170803_121733_V06,23.268,0.056,333.983,415.096,28.847,-97.339,27.264,14423.446,60004.248,20170803_071733,479175,7214,108353,61
2,KCRP20170805_123357_V06,38.593,0.074,27.800,412.484,51.110,-98.885,27.270,25555.092,147263.117,20170805_073357,479182,266,44885,124
2,KCRP20170805_123853_V06,43.526,0.056,28.139,412.649,57.733,-98.884,27.269,28866.350,147137.740,20170805_073853,479180,233,45783,107
1,KCRP20170805_120730_V06,12.143,0.143,28.227,416.261,50.998,-98.883,27.252,25499.037,147798.004,20170805_070730,479177,250,46928,119
3,KCRP20170805_125336_V06,58.243,0.104,29.078,421.420,51.249,-98.878,27.229,25624.718,148443.114,20170805_075336,479179,193,47213,106
1,KCRP20170806_121108_V06,15.241,0.118,414.669,288.632,19.503,-96.929,27.834,9751.743,57615.448,20170806_071108,479179,146,34244,127
1,KCRP20170806_122049_V06,24.924,0.096,414.939,273.478,12.610,-96.927,27.902,6304.871,58979.431,20170806_072049,479176,133,37594,118
2,KCRP20170807_121134_V06,15.141,0.157,439.714,249.634,13.351,-96.801,28.009,6675.610,74257.556,20170807_071134,479184,560,38937,148
2,KCRP20170807_121629_V06,20.057,0.099,440.326,249.030,19.470,-96.797,28.012,9735.171,74648.089,20170807_071629,479175,517,40734,158
3,KCRP20170808_120547_V06,8.826,0.785,412.622,70.144,31.095,-96.934,28.820,15547.527,127982.102,20170808_070547,479187,160,59154,59
3,KCRP20170808_121008_V06,13.176,0.902,412.363,69.409,36.216,-96.935,28.823,18107.936,128255.502,20170808_071008,479192,122,60815,55
3,KCRP20170808_121430_V06,17.543,0.770,410.411,65.410,35.233,-96.945,28.841,17616.444,129637.156,20170808_071430,479177,94,61221,56
3,KCRP20170808_121853_V06,21.926,0.371,410.524,62.786,38.915,-96.945,28.853,19457.446,130849.468,20170808_071853,479181,92,63257,50
1,KCRP20170808_114400_V06,-12.957,0.077,302.369,399.332,11.313,-97.499,27.336,5656.713,49680.021,20170808_064400,479211,122,49166,61
1,KCRP20170808_114821_V06,-8.607,0.059,301.013,398.742,17.391,-97.506,27.338,8695.627,49373.481,20170808_064821,479179,116,50376,66
1,KCRP20170808_115243_V06,-4.241,0.078,307.208,399.423,18.967,-97.474,27.335,9483.554,49841.937,20170808_065243,479194,103,53005,59
5,KCRP20170808_121008_V06,13.176,0.637,395.365,116.527,10.247,-97.023,28.611,5123.371,103388.716,20170808_071008,479192,122,60815,55
5,KCRP20170808_121430_V06,17.543,0.167,395.116,117.299,16.098,-97.025,28.607,8049.017,102988.757,20170808_071430,479177,94,61221,56
9,KCRP20170809_114941_V06,-7.803,0.461,419.823,116.128,8.410,-96.898,28.612,4204.784,109734.340,20170809_064941,479178,719,44669,64
9,KCRP20170809_120022_V06,2.880,0.055,420.260,117.340,17.149,-96.896,28.607,8574.728,109346.916,20170809_070022,479175,609,39688,20
9,KCRP20170809_120542_V06,8.213,0.842,426.835,117.275,25.459,-96.862,28.607,12729.676,111215.738,20170809_070542,479176,616,40546,40
9,KCRP20170809_121104_V06,13.580,0.150,434.967,115.654,36.180,-96.821,28.614,18089.952,114236.256,20170809_071104,479181,770,41573,33
8,KCRP20170809_114420_V06,-13.153,0.107,82.495,400.566,28.428,-98.610,27.326,14214.178,119814.270,20170809_064420,479181,612,47776,34
8,KCRP20170809_114941_V06,-7.803,0.406,82.804,400.693,33.737,-98.608,27.325,16868.720,119700.820,20170809_064941,479178,719,44669,64
8,KCRP20170809_120022_V06,2.880,0.223,86.883,396.809,35.329,-98.588,27.343,17664.402,117037.462,20170809_070022,479175,609,39688,20
3,KCRP20170809_113338_V06,-23.853,0.126,94.500,402.687,28.579,-98.549,27.317,14289.380,114863.877,20170809_063338,479180,725,54768,31
3,KCRP20170809_113859_V06,-18.503,0.488,92.120,402.160,33.920,-98.561,27.319,16959.760,115813.133,20170809_063859,479175,575,51929,21
5,KCRP20170809_113859_V06,-18.503,0.143,193.390,297.490,6.046,-98.052,27.794,3023.245,53319.578,20170809_063859,479175,575,51929,21
5,KCRP20170809_114420_V06,-13.153,0.210,193.132,297.771,12.508,-98.053,27.793,6253.904,53445.652,20170809_064420,479181,612,47776,34
14,KCRP20170809_120542_V06,8.213,0.066,196.749,299.008,14.890,-98.035,27.787,7444.910,51627.657,20170809_070542,479176,616,40546,40
14,KCRP20170809_121104_V06,13.580,0.174,195.324,300.190,20.489,-98.042,27.782,10244.498,52338.232,20170809_071104,479181,770,41573,33
7,KCRP20170809_113859_V06,-18.503,0.051,373.219,343.079,13.115,-97.140,27.589,6557.642,42476.000,20170809_063859,479175,575,51929,21
12,KCRP20170809_114941_V06,-7.803,0.053,331.448,476.172,8.284,-97.352,26.989,4141.795,89478.309,20170809_064941,479178,719,44669,64
13,KCRP20170809_120022_V06,2.880,0.154,290.212,168.557,14.635,-97.561,28.377,7317.635,65903.274,20170809_070022,479175,609,39688,20
15,KCRP20170809_121104_V06,13.580,0.142,426.297,159.672,12.596,-96.866,28.416,6298.023,94396.413,20170809_071104,479181,770,41573,33
16,KCRP20170809_123320_V06,35.847,0.306,519.821,81.098,47.058,-96.385,28.767,23529.152,155112.352,20170809_073320,479182,987,45400,51
4,KCRP20170810_114740_V06,-10.347,0.154,416.925,101.628,5.030,-96.913,28.678,2514.969,115133.804,20170810_064740,479180,249,27319,50
4,KCRP20170810_115234_V06,-5.447,0.415,417.208,101.996,10.940,-96.911,28.676,5469.862,115047.295,20170810_065234,479184,278,32434,43
4,KCRP20170810_120224_V06,4.386,0.101,415.719,103.511,11.818,-96.919,28.669,5909.152,114016.164,20170810_070224,479183,415,36374,44
6,KCRP20170810_114740_V06,-10.347,0.056,327.771,320.350,12.288,-97.370,27.692,6143.764,17214.430,20170810_064740,479180,249,27319,50
6,KCRP20170810_115234_V06,-5.447,0.053,328.130,320.505,19.238,-97.368,27.691,9618.912,17405.084,20170810_065234,479184,278,32434,43
1,KCRP20170810_113751_V06,-20.164,0.052,332.193,141.885,7.619,-97.346,28.497,3809.277,80679.355,20170810_063751,479181,279,28646,33
2,KCRP20170810_114245_V06,-15.264,0.448,197.616,71.748,3.818,-98.035,28.813,1908.833,125081.282,20170810_064245,479179,227,25524,44
3,KCRP20170811_111015_V06,-48.289,0.106,321.984,382.039,24.985,-97.400,27.414,12492.254,42466.490,20170811_061015,479180,89,30796,21
1,KCRP20170812_120626_V06,7.371,0.487,426.152,47.597,20.892,-96.864,28.921,10445.957,141086.474,20170812_070626,479191,201,30879,142
2,KCRP20170812_124509_V06,46.088,0.068,291.014,534.041,43.517,-97.556,26.728,21758.663,117106.644,20170812_074509,479175,205,32722,137
1,KCRP20170813_115847_V06,-0.799,0.175,432.730,54.734,5.179,-96.831,28.889,2589.680,139438.672,20170813_065847,479175,225,38082,131
1,KCRP20170813_120341_V06,4.101,0.759,434.151,52.857,10.999,-96.823,28.897,5499.398,140602.252,20170813_070341,479172,179,40876,109
1,KCRP20170813_121816_V06,18.684,0.215,436.038,49.522,27.562,-96.813,28.912,13781.209,142517.881,20170813_071816,479184,192,34300,127
1,KCRP20170817_120521_V06,3.708,0.091,191.607,29.622,10.609,-98.067,29.003,5304.585,145648.086,20170817_070521,479183,152,14320,125
1,KCRP20170818_120409_V06,2.000,0.149,418.585,35.624,16.476,-96.903,28.975,8237.816,144876.516,20170818_070409,479175,145,15227,125
1,KCRP20170819_121325_V06,10.760,0.806,416.027,42.683,35.776,-96.916,28.944,17888.134,141132.978,20170819_071325,479184,199,30153,144
1,KCRP20170819_122306_V06,20.444,0.736,417.099,42.420,45.212,-96.910,28.945,22606.019,141474.225,20170819_072306,479180,199,30989,131
2,KCRP20170819_121325_V06,10.760,0.187,192.253,222.028,7.270,-98.059,28.135,3634.892,66499.934,20170819_071325,479184,199,30153,144
1,KCRP20170824_113431_V06,-30.627,0.058,234.517,101.411,10.337,-97.846,28.679,5168.743,104553.190,20170824_063431,479182,1014,40039,82
1,KCRP20170824_113925_V06,-25.727,0.066,233.054,102.847,8.953,-97.853,28.673,4476.515,104104.746,20170824_063925,479173,967,40631,56
3,KCRP20170824_121107_V06,5.973,0.151,205.168,304.990,19.489,-97.992,27.761,9744.513,47481.646,20170824_071107,479173,962,42039,83
4,KCRP20170824_124903_V06,43.906,0.107,511.829,184.398,40.442,-96.431,28.301,20220.921,120659.943,20170824_074903,479189,1026,42928,111
4,KCRP20170824_125425_V06,49.273,-1.000,511.829,184.398,48.975,-96.431,28.301,24487.421,120659.943,20170824_075425,479168,1143,43009,115
4,KCRP20170824_130507_V06,59.973,0.146,510.721,190.904,37.493,-96.437,28.272,18746.471,118643.546,20170824_080507,479177,1180,43070,93
5,KCRP20170825_121814_V06,12.601,0.078,171.632,168.510,21.698,-98.166,28.376,10849.194,91880.402,20170825_071814,479173,7385,215930,167
8,KCRP20170825_124543_V06,40.084,0.427,211.205,145.899,25.559,-97.964,28.478,12779.705,88926.476,20170825_074543,479179,7257,200799,169
9,KCRP20170825_125112_V06,45.567,0.098,100.524,407.045,13.638,-98.518,27.297,6819.222,113191.650,20170825_075112,479192,8037,196326,229
13,KCRP20170825_132411_V06,78.551,0.110,166.973,167.702,32.933,-98.189,28.379,16466.267,93806.815,20170825_082411,479176,7214,178184,160
8,KCRP20170826_122208_V06,16.015,0.080,255.640,288.886,30.088,-97.736,27.834,15043.806,22865.666,20170826_072208,479186,1484,267301,32
11,KCRP20170827_122111_V06,14.582,0.439,368.791,478.693,30.674,-97.164,26.977,15336.828,95738.308,20170827_072111,479190,1176,97336,44
11,KCRP20170827_122607_V06,19.515,0.291,372.757,477.279,35.970,-97.144,26.983,17984.976,95814.269,20170827_072607,479199,1085,97675,35
11,KCRP20170827_123104_V06,24.465,0.283,385.583,471.613,38.060,-97.080,27.009,19030.224,95884.481,20170827_073104,479191,950,98194,28
11,KCRP20170827_123600_V06,29.399,0.242,400.300,465.866,36.836,-97.005,27.035,18418.071,96917.021,20170827_073600,479178,815,99861,38
11,KCRP20170827_124056_V06,34.332,0.400,421.204,458.210,29.339,-96.900,27.069,14669.523,99650.262,20170827_074056,479183,658,99234,37
11,KCRP20170827_124553_V06,39.282,0.119,424.157,456.273,35.394,-96.885,27.077,17696.902,99794.963,20170827_074553,479182,516,99848,30
14,KCRP20170827_123104_V06,24.465,0.072,34.585,257.198,22.037,-98.860,27.970,11018.492,134422.087,20170827_073104,479191,950,98194,28
14,KCRP20170827_123600_V06,29.399,0.212,35.240,256.623,30.474,-98.856,27.973,15236.920,134145.096,20170827_073600,479178,815,99861,38
14,KCRP20170827_124056_V06,34.332,0.288,43.233,262.989,32.915,-98.815,27.945,16457.314,129710.317,20170827_074056,479183,658,99234,37
14,KCRP20170827_124553_V06,39.282,0.223,46.973,266.833,39.950,-98.796,27.928,19974.811,127595.859,20170827_074553,479182,516,99848,30
8,KCRP20170827_121040_V06,4.065,0.068,347.103,488.681,28.165,-97.274,26.932,14082.313,97235.719,20170827_071040,479192,1353,99616,35
8,KCRP20170827_121548_V06,9.199,0.086,349.862,487.108,34.431,-97.260,26.939,17215.669,96819.015,20170827_071548,479194,1294,97335,39
1,KCRP20170827_112428_V06,-42.135,0.099,242.909,259.322,41.076,-97.801,27.967,20537.958,35050.336,20170827_062428,479187,1660,119799,32
7,KCRP20170827_120144_V06,-4.868,0.063,254.920,141.452,151.007,-97.741,28.499,75503.441,82415.903,20170827_070144,479182,1284,108313,45
19,KCRP20170827_125049_V06,44.215,0.084,104.668,224.297,47.297,-98.505,28.122,23648.600,104744.416,20170827_075049,479181,382,99934,37
22,KCRP20170827_131059_V06,64.382,0.070,414.486,245.046,63.722,-96.929,28.031,31861.233,63495.893,20170827_081059,479193,90,100672,38
18,KCRP20170828_132503_V06,77.969,0.076,92.154,151.174,93.628,-98.572,28.451,46814.087,127817.385,20170828_082503,479186,49,167726,39
18,KCRP20170828_132905_V06,82.002,0.073,92.785,153.763,97.784,-98.568,28.440,48891.953,126810.230,20170828_082905,479178,57,166672,36
1,KCRP20170829_114421_V06,-23.209,0.180,428.227,329.168,56.544,-96.861,27.651,28271.801,65751.114,20170829_064421,479172,32,15886,14
4,KCRP20170829_132117_V06,73.725,0.113,299.995,45.353,16.158,-97.511,28.933,8079.113,127323.669,20170829_082117,479177,28,20499,17
1,KCRP20170830_123239_V06,24.617,0.050,173.903,382.530,13.114,-98.148,27.410,6556.950,75352.155,20170830_073239,479182,112,15190,95
2,KCRP20170830_132120_V06,73.300,0.178,259.345,75.785,19.027,-97.719,28.795,9513.620,113935.399,20170830_082120,479171,197,28493,172
2,KCRP20170831_120742_V06,-0.805,0.186,331.751,477.589,21.116,-97.351,26.982,10558.139,90202.467,20170831_070742,479178,42,18552,33
2,KCRP20170831_121723_V06,8.878,0.101,330.236,463.891,40.817,-97.358,27.044,20408.373,83328.211,20170831_071723,479183,64,21227,35
2,KCRP20170831_122704_V06,18.561,0.136,331.022,445.559,57.256,-97.354,27.127,28628.030,74413.927,20170831_072704,479180,57,20532,41
6,KCRP20170831_131053_V06,62.378,0.064,325.252,94.199,28.313,-97.382,28.712,14156.467,103672.364,20170831_081053,479165,327,41959,190
6,KCRP20170831_131547_V06,67.278,0.088,325.149,94.090,34.500,-97.382,28.713,17250.179,103720.173,20170831_081547,479181,338,41976,199
6,KCRP20170831_132042_V06,72.195,0.058,324.357,93.236,36.615,-97.386,28.717,18307.338,104096.697,20170831_082042,479176,263,43161,153
1,KCRP20170831_113812_V06,-30.305,0.064,287.177,281.459,8.590,-97.576,27.868,4295.105,11271.510,20170831_063812,479173,97,35455,76
3,KCRP20170831_121723_V06,8.878,0.114,140.485,397.135,17.119,-98.317,27.343,8559.596,93381.343,20170831_071723,479183,64,21227,35
4,KCRP20170831_130559_V06,57.478,0.070,384.318,446.821,8.794,-97.086,27.121,4396.933,84655.038,20170831_080559,479164,383,41824,208
5,KCRP20170831_131053_V06,62.378,0.067,402.478,518.094,40.273,-96.996,26.799,20136.360,120485.351,20170831_081053,479165,327,41959,190
7,KCRP20170831_132042_V06,72.195,0.057,292.534,169.361,19.813,-97.549,28.373,9906.433,65426.221,20170831_082042,479176,263,43161,153
8,KCRP20170831_133032_V06,82.028,0.051,240.972,485.994,13.895,-97.808,26.944,6947.521,97568.007,20170831_083032,479186,494,40259,289
1,KCRP20170901_120137_V06,-7.358,0.241,331.630,480.351,8.769,-97.352,26.970,4384.258,91551.732,20170901_070137,479179,65,29831,25
1,KCRP20170901_120632_V06,-2.442,0.115,331.883,480.053,15.470,-97.350,26.971,7735.162,91427.100,20170901_070632,479179,60,30289,40
1,KCRP20170901_121128_V06,2.492,-1.000,332.086,479.814,22.417,-97.349,26.972,11208.728,91327.092,20170901_071128,479176,41,31158,30
1,KCRP20170901_121622_V06,7.392,0.109,332.012,480.423,21.233,-97.350,26.970,10616.713,91620.481,20170901_071622,479175,46,31774,33
1,KCRP20170901_122117_V06,12.308,0.068,328.300,485.558,30.082,-97.368,26.947,15040.802,93851.675,20170901_072117,479177,70,20834,56
3,KCRP20170901_120632_V06,-2.442,0.070,336.431,401.968,8.326,-97.327,27.324,4162.827,54140.233,20170901_070632,479179,60,30289,40
4,KCRP20170901_120632_V06,-2.442,0.067,244.144,153.882,11.183,-97.796,28.443,5591.337,78215.138,20170901_070632,479179,60,30289,40
5,KCRP20170901_121622_V06,7.392,0.068,405.850,279.360,14.811,-96.973,27.876,7405.338,53921.616,20170901_071622,479175,46,31774,33
6,KCRP20170901_125020_V06,41.358,0.079,200.128,190.754,16.930,-98.020,28.276,8465.046,74008.474,20170901_075020,479185,109,24763,97
1,KCRP20170902_120850_V06,-0.609,0.233,323.516,472.505,11.226,-97.392,27.005,5613.053,87050.448,20170902_070850,479177,95,19117,79
1,KCRP20170902_121831_V06,9.074,0.687,324.062,472.604,18.507,-97.390,27.005,9253.492,87136.598,20170902_071831,479177,65,22021,58
1,KCRP20170902_122812_V06,18.758,0.456,320.351,472.797,24.675,-97.408,27.004,12337.505,86995.811,20170902_072812,479172,84,23738,73
1,KCRP20170902_123753_V06,28.441,0.349,321.699,471.288,25.116,-97.402,27.011,12558.164,86328.425,20170902_073753,479176,93,25734,75
3,KCRP20170902_122812_V06,18.758,0.108,409.299,276.288,13.401,-96.956,27.890,6700.626,55920.827,20170902_072812,479172,84,23738,73
3,KCRP20170902_123753_V06,28.441,0.596,412.031,275.446,19.910,-96.942,27.894,9955.220,57345.133,20170902_073753,479176,93,25734,75
3,KCRP20170902_124734_V06,38.124,0.129,411.718,273.915,21.350,-96.943,27.900,10675.148,57361.451,20170902_074734,479176,150,26988,134
1,KCRP20170903_111315_V06,-56.658,0.054,179.294,180.578,3.511,-98.126,28.321,1755.386,84899.252,20170903_061315,479183,36,37426,28
1,KCRP20170904_121220_V06,1.962,0.205,426.592,137.603,36.649,-96.864,28.515,18324.726,102954.021,20170904_071220,479171,266,34259,72
1,KCRP20170904_121714_V06,6.862,0.238,425.610,138.963,45.127,-96.869,28.509,22563.589,102116.213,20170904_071714,479171,252,37829,64
2,KCRP20170905_120155_V06,-8.917,0.127,431.474,150.086,30.562,-96.840,28.459,15281.204,99699.271,20170905_070155,479183,120,31739,38
2,KCRP20170905_120650_V06,-4.000,0.746,432.996,148.293,35.955,-96.832,28.467,17977.686,100874.866,20170905_070650,479183,130,32986,33
2,KCRP20170905_121145_V06,0.917,0.806,436.407,145.247,38.052,-96.814,28.480,19026.247,103144.698,20170905_071145,479189,184,34944,28
2,KCRP20170905_121641_V06,5.850,0.575,437.771,146.550,44.128,-96.807,28.474,22064.118,103111.285,20170905_071641,479191,213,36705,47
2,KCRP20170905_122136_V06,10.767,0.410,434.849,145.842,50.350,-96.822,28.478,25174.955,102407.267,20170905_072136,479180,243,37020,41
2,KCRP20170905_122631_V06,15.683,0.407,434.716,143.799,54.898,-96.823,28.487,27448.909,103134.992,20170905_072631,479176,279,38015,45
2,KCRP20170905_123126_V06,20.600,0.284,432.471,147.110,61.469,-96.834,28.472,30734.487,101148.502,20170905_073126,479177,302,37969,48
2,KCRP20170905_123621_V06,25.517,0.267,429.177,147.957,68.059,-96.851,28.468,34029.586,99754.306,20170905_073621,479177,314,38907,38
4,KCRP20170905_130055_V06,50.083,0.163,376.859,235.758,10.784,-97.120,28.073,5391.941,50085.607,20170905_080055,479183,691,39474,74
2,KCRP20170906_120336_V06,-7.694,0.162,435.273,163.493,22.889,-96.821,28.398,11444.439,96089.558,20170906_070336,479178,246,12141,167
2,KCRP20170906_120857_V06,-2.344,0.426,435.461,163.429,30.164,-96.820,28.398,15081.960,96178.779,20170906_070857,479186,255,12046,196
1,KCRP20170906_113649_V06,-34.477,0.074,434.435,354.965,6.776,-96.830,27.534,3387.762,72618.634,20170906_063649,479170,181,10962,109
3,KCRP20170906_120857_V06,-2.344,0.060,100.871,115.538,12.583,-98.529,28.612,6291.252,135718.964,20170906_070857,479186,255,12046,196
4,KCRP20170906_122410_V06,12.873,0.090,401.690,291.999,13.707,-96.995,27.819,6853.443,51002.058,20170906_072410,479176,291,13933,134
5,KCRP20170906_131650_V06,65.539,0.067,403.154,475.597,10.527,-96.991,26.991,5263.604,101827.012,20170906_081650,479174,533,18556,168
1,KCRP20170907_123638_V06,24.880,0.051,304.006,412.291,15.938,-97.491,27.277,7968.857,56181.364,20170907_073638,479176,1382,11463,903
3,KCRP20170908_120311_V06,-9.028,0.372,426.562,151.021,17.949,-96.865,28.455,8974.728,97740.372,20170908_070311,479180,590,27117,311
4,KCRP20170908_120311_V06,-9.028,0.059,321.877,361.162,6.998,-97.400,27.508,3498.857,32478.381,20170908_070311,479180,590,27117,311
5,KCRP20170908_120311_V06,-9.028,0.050,471.015,458.431,22.913,-96.649,27.066,11456.462,116561.830,20170908_070311,479180,590,27117,311
6,KCRP20170908_121300_V06,0.788,0.064,172.819,379.171,6.318,-98.154,27.425,3158.882,74904.891,20170908_071300,479176,502,27670,277
8,KCRP20170908_123242_V06,20.488,0.167,454.030,463.170,20.330,-96.735,27.045,10164.829,112193.615,20170908_073242,479183,367,30211,155
9,KCRP20170908_131658_V06,64.755,0.055,349.537,460.759,23.378,-97.261,27.058,11688.950,84109.150,20170908_081658,479179,1184,39248,144
2,KCRP20170909_120421_V06,-8.319,0.737,428.146,148.359,19.837,-96.857,28.467,9918.339,99267.611,20170909_070421,479176,259,14812,173
2,KCRP20170909_121403_V06,1.381,0.354,424.626,150.975,34.233,-96.875,28.455,17116.749,97134.057,20170909_071403,479183,228,15365,124
2,KCRP20170909_122344_V06,11.064,0.204,417.045,158.912,50.889,-96.914,28.419,25444.347,91658.866,20170909_072344,479187,273,17895,160
1,KCRP20170909_120421_V06,-8.319,0.752,321.237,359.486,9.613,-97.403,27.515,4806.276,31581.699,20170909_070421,479176,259,14812,173
1,KCRP20170909_121403_V06,1.381,0.082,321.022,360.730,18.930,-97.404,27.510,9465.178,32132.705,20170909_071403,479183,228,15365,124
3,KCRP20170910_121622_V06,3.240,0.054,325.542,481.988,13.600,-97.382,26.963,6800.064,91885.621,20170910_071622,479180,300,25406,167
3,KCRP20170910_122117_V06,8.157,0.581,325.026,483.571,19.497,-97.385,26.956,9748.269,92634.401,20170910_072117,479179,294,15760,169
3,KCRP20170910_123058_V06,17.840,0.721,325.810,486.058,20.811,-97.381,26.944,10405.360,93919.600,20170910_073058,479183,268,17552,191
3,KCRP20170910_124040_V06,27.540,0.793,323.954,487.785,25.553,-97.390,26.937,12776.744,94653.526,20170910_074040,479178,271,19884,139
3,KCRP20170910_125022_V06,37.240,0.593,323.091,489.393,30.933,-97.395,26.929,15466.392,95397.471,20170910_075022,479167,279,21541,138
3,KCRP20170910_130945_V06,56.623,0.174,342.244,514.767,63.372,-97.298,26.815,31686.089,109441.375,20170910_080945,479181,242,23268,125
3,KCRP20170910_131927_V06,66.323,0.295,344.254,515.115,68.871,-97.288,26.813,34435.340,109810.063,20170910_081927,479179,203,22545,98
3,KCRP20170910_132909_V06,76.023,0.067,346.330,513.043,70.086,-97.278,26.822,35042.914,109011.289,20170910_082909,479175,219,22588,114
1,KCRP20170910_115146_V06,-21.360,0.894,430.248,150.832,9.130,-96.846,28.455,4564.945,99014.896,20170910_065146,479174,355,29189,205
1,KCRP20170910_120136_V06,-11.527,0.940,422.279,154.748,24.362,-96.887,28.438,12181.063,94934.529,20170910_070136,479184,354,25371,217
1,KCRP20170910_120632_V06,-6.593,0.843,419.777,155.059,27.686,-96.899,28.436,13842.863,94014.144,20170910_070632,479170,330,25079,168
1,KCRP20170910_121127_V06,-1.677,0.723,418.437,154.107,29.706,-96.906,28.441,14853.043,93957.414,20170910_071127,479182,303,24763,160
1,KCRP20170910_121622_V06,3.240,0.420,417.317,155.650,34.351,-96.912,28.434,17175.414,93005.463,20170910_071622,479180,300,25406,167
1,KCRP20170910_122117_V06,8.157,0.165,417.418,157.527,39.897,-96.912,28.425,19948.499,92311.564,20170910_072117,479179,294,15760,169
1,KCRP20170911_114951_V06,-23.734,0.849,431.571,150.017,8.561,-96.839,28.459,4280.392,99756.978,20170911_064951,479185,369,31778,187
1,KCRP20170911_115447_V06,-18.801,0.870,431.406,152.695,14.829,-96.840,28.447,7414.648,98699.405,20170911_065447,479177,524,32598,289
1,KCRP20170911_120436_V06,-8.984,0.896,430.959,152.485,21.539,-96.842,28.448,10769.604,98629.452,20170911_070436,479180,581,24945,330
1,KCRP20170911_120932_V06,-4.051,0.795,434.949,156.945,27.815,-96.822,28.428,13907.457,98330.714,20170911_070932,479180,521,24180,313
1,KCRP20170911_121427_V06,0.866,0.252,434.005,163.411,38.134,-96.827,28.398,19067.049,95674.056,20170911_071427,479182,537,24807,318
1,KCRP20170911_121922_V06,5.783,0.064,429.493,165.707,46.229,-96.850,28.388,23114.283,93277.862,20170911_071922,479173,598,25145,355
6,KCRP20170911_123407_V06,20.533,0.431,336.009,493.783,17.937,-97.330,26.909,8968.401,98549.974,20170911_073407,479185,522,28705,266
6,KCRP20170911_123901_V06,25.433,0.577,336.054,495.984,24.889,-97.329,26.899,12444.455,99636.396,20170911_073901,479175,424,29288,228
6,KCRP20170911_124356_V06,30.349,0.492,336.730,501.300,28.526,-97.326,26.875,14263.227,102311.720,20170911_074356,479171,406,30395,251
6,KCRP20170911_124851_V06,35.266,0.122,337.210,505.199,30.853,-97.324,26.858,15426.640,104272.611,20170911_074851,479178,402,30948,211
4,KCRP20170911_122418_V06,10.716,0.065,332.623,489.252,14.982,-97.347,26.930,7490.835,96021.796,20170911_072418,479178,574,26844,336
4,KCRP20170911_122913_V06,15.633,0.227,333.451,489.912,20.765,-97.342,26.927,10382.643,96417.883,20170911_072913,479180,443,27870,243
7,KCRP20170911_123407_V06,20.533,0.194,332.655,545.099,13.536,-97.347,26.678,6768.142,123632.568,20170911_073407,479185,522,28705,266
7,KCRP20170911_123901_V06,25.433,0.175,333.320,545.107,19.620,-97.343,26.678,9810.218,123680.917,20170911_073901,479175,424,29288,228
7,KCRP20170911_124356_V06,30.349,0.101,336.997,547.354,15.056,-97.325,26.668,7527.880,125052.736,20170911_074356,479171,406,30395,251
3,KCRP20170911_120932_V06,-4.051,0.099,325.394,361.323,15.578,-97.382,27.507,7789.103,33186.280,20170911_070932,479180,521,24180,313
5,KCRP20170911_122913_V06,15.633,0.063,327.139,545.063,15.218,-97.375,26.678,7608.961,123280.580,20170911_072913,479180,443,27870,243
1,KCRP20170912_121100_V06,-3.042,0.287,435.041,158.621,36.104,-96.822,28.420,18051.861,97755.036,20170912_071100,479169,57,23802,44
1,KCRP20170912_122041_V06,6.642,0.585,437.621,159.718,45.455,-96.809,28.415,22727.680,98258.151,20170912_072041,479175,78,25033,45
1,KCRP20170912_123023_V06,16.342,0.638,441.214,158.906,47.081,-96.790,28.419,23540.417,99810.830,20170912_073023,479183,97,27024,68
1,KCRP20170912_124003_V06,26.008,0.197,438.905,159.392,54.419,-96.802,28.416,27209.675,98824.405,20170912_074003,479164,87,28148,64
1,KCRP20170912_124944_V06,35.692,0.092,440.858,156.167,58.304,-96.792,28.431,29151.756,100658.880,20170912_074944,479175,88,29838,62
2,KCRP20170912_121100_V06,-3.042,0.200,403.646,282.212,8.404,-96.985,27.863,4202.007,52580.745,20170912_071100,479169,57,23802,44
2,KCRP20170912_122041_V06,6.642,0.841,405.465,283.108,16.580,-96.975,27.859,8289.961,53404.385,20170912_072041,479175,78,25033,45
2,KCRP20170912_123023_V06,16.342,0.706,408.549,285.485,22.169,-96.960,27.848,11084.253,54757.606,20170912_073023,479183,97,27024,68
2,KCRP20170912_124003_V06,26.008,0.300,410.612,286.438,29.853,-96.949,27.844,14926.605,55719.988,20170912_074003,479164,87,28148,64
2,KCRP20170912_124944_V06,35.692,0.059,406.164,284.606,38.194,-96.972,27.852,19096.890,53637.104,20170912_074944,479175,88,29838,62
4,KCRP20170912_122041_V06,6.642,0.514,336.752,477.019,13.070,-97.326,26.985,6535.024,90397.018,20170912_072041,479175,78,25033,45
4,KCRP20170912_123023_V06,16.342,0.601,336.597,475.346,21.047,-97.326,26.993,10523.501,89562.040,20170912_073023,479183,97,27024,68
4,KCRP20170912_124003_V06,26.008,0.588,338.331,475.759,25.318,-97.318,26.991,12658.973,89944.943,20170912_074003,479164,87,28148,64
4,KCRP20170912_124944_V06,35.692,0.545,337.611,477.827,31.287,-97.321,26.981,15643.261,90880.620,20170912_074944,479175,88,29838,62
5,KCRP20170913_121231_V06,-1.983,0.505,446.003,139.680,26.991,-96.765,28.505,13495.327,108419.461,20170913_071231,479173,270,34904,164
5,KCRP20170913_121727_V06,2.951,0.372,447.254,139.066,33.223,-96.759,28.508,16611.326,109068.336,20170913_071727,479176,323,36944,196
5,KCRP20170913_122222_V06,7.867,0.252,450.293,134.322,35.090,-96.743,28.529,17544.783,111845.041,20170913_072222,479182,265,38068,132
7,KCRP20170913_124204_V06,27.567,0.116,143.092,344.017,34.765,-98.305,27.583,17382.545,81482.252,20170913_074204,479174,286,40637,176
7,KCRP20170913_124700_V06,32.501,0.086,142.717,340.938,40.269,-98.307,27.597,20134.324,81261.812,20170913_074700,479184,346,26690,235
1,KCRP20170913_120240_V06,-11.833,0.669,112.125,97.903,6.425,-98.472,28.692,3212.598,137967.820,20170913_070240,479183,288,34558,168
2,KCRP20170913_120735_V06,-6.916,0.268,326.805,471.011,11.122,-97.376,27.012,5560.900,86549.484,20170913_070735,479178,296,33570,181
4,KCRP20170913_120735_V06,-6.916,0.065,433.146,142.450,30.311,-96.831,28.493,15155.472,103138.256,20170913_070735,479178,296,33570,181
1,KCRP20170914_113622_V06,-38.591,0.323,277.569,528.548,18.319,-97.624,26.753,9159.513,114822.861,20170914_063622,479182,543,44020,424
1,KCRP20170914_114604_V06,-28.891,0.109,278.260,531.839,26.201,-97.620,26.738,13100.737,116428.125,20170914_064604,479179,675,40385,517
2,KCRP20170914_113622_V06,-38.591,0.061,312.560,555.411,35.050,-97.448,26.631,17525.084,127860.017,20170914_063622,479182,543,44020,424
3,KCRP20170914_122649_V06,11.859,0.055,302.794,409.754,24.378,-97.497,27.289,12189.137,54894.611,20170914_072649,479176,1517,29445,1368
2,KCRP20170915_120541_V06,-9.733,0.108,445.504,130.034,11.993,-96.767,28.549,5996.738,111870.432,20170915_070541,479174,205,31821,154
2,KCRP20170915_121724_V06,1.983,0.437,440.797,129.692,31.128,-96.791,28.550,15563.863,110485.727,20170915_071724,479181,206,47777,140
2,KCRP20170916_120433_V06,-11.327,0.748,445.236,132.390,16.559,-96.769,28.538,8279.354,110890.480,20170916_070433,479185,134,22045,117
2,KCRP20170916_121413_V06,-1.660,0.488,445.126,130.647,26.722,-96.769,28.546,13361.232,111514.558,20170916_071413,479169,131,30620,108
2,KCRP20170916_122354_V06,8.023,0.065,442.784,129.257,34.582,-96.781,28.552,17291.108,111288.568,20170916_072354,479175,122,26223,100
4,KCRP20170916_123536_V06,19.723,0.073,97.549,275.588,12.532,-98.539,27.890,6265.999,101958.671,20170916_073536,479182,113,31347,90
4,KCRP20170916_124519_V06,29.440,0.050,96.482,276.728,21.950,-98.544,27.885,10975.116,102422.004,20170916_074519,479176,121,33459,111
3,KCRP20170916_121413_V06,-1.660,0.092,94.421,278.284,8.450,-98.555,27.878,4224.806,103361.575,20170916_071413,479169,131,30620,108
1,KCRP20170917_120307_V06,-13.221,0.925,443.421,140.138,15.786,-96.778,28.503,7893.124,107384.060,20170917_070307,479178,114,21106,108
1,KCRP20170917_121248_V06,-3.538,0.958,441.213,138.719,29.692,-96.790,28.510,14846.249,107182.639,20170917_071248,479175,107,21544,97
1,KCRP20170917_122229_V06,6.145,0.880,441.023,133.327,42.408,-96.790,28.534,21203.833,109164.437,20170917_072229,479181,87,25765,84
1,KCRP20170917_123209_V06,15.812,0.394,438.343,126.452,49.823,-96.804,28.565,24911.364,110970.348,20170917_073209,479174,99,27001,86
2,KCRP20170917_120307_V06,-13.221,0.583,442.003,80.888,6.012,-96.784,28.771,3006.157,130551.821,20170917_070307,479178,114,21106,108
2,KCRP20170918_120104_V06,-15.734,0.662,441.852,132.952,17.955,-96.786,28.536,8977.261,109575.347,20170918_070104,479172,577,33518,124
2,KCRP20170918_120559_V06,-10.817,0.830,442.721,131.643,22.752,-96.782,28.542,11376.047,110355.712,20170918_070559,479175,636,29923,104
2,KCRP20170918_121053_V06,-5.917,0.753,443.805,131.231,25.452,-96.776,28.543,12726.201,110863.526,20170918_071053,479174,730,31279,119
2,KCRP20170918_121549_V06,-0.984,0.792,444.088,130.311,29.341,-96.775,28.548,14670.388,111305.868,20170918_071549,479182,759,34578,108
2,KCRP20170918_122043_V06,3.916,0.459,445.636,132.107,37.068,-96.767,28.539,18534.138,111127.918,20170918_072043,479191,819,36289,84
2,KCRP20170918_122539_V06,8.850,0.231,446.197,128.285,41.628,-96.764,28.557,20813.832,112760.604,20170918_072539,479178,1005,37201,76
4,KCRP20170918_121053_V06,-5.917,0.090,288.107,406.827,20.989,-97.571,27.302,10494.656,53743.265,20170918_071053,479174,730,31279,119
1,KCRP20170919_121647_V06,-0.481,0.958,441.109,122.186,29.175,-96.790,28.584,14587.463,113500.511,20170919_071647,479178,209,25834,115
1,KCRP20170919_122628_V06,9.202,0.916,442.194,121.720,44.962,-96.784,28.586,22480.773,114020.970,20170919_072628,479171,216,25586,106
1,KCRP20170919_123609_V06,18.886,0.778,442.417,113.148,53.820,-96.783,28.625,26910.192,117469.291,20170919_073609,479178,246,25317,141
1,KCRP20170919_124550_V06,28.569,0.085,443.843,104.416,57.097,-96.775,28.664,28548.525,121391.701,20170919_074550,479177,279,25278,133
6,KCRP20170920_121552_V06,-1.863,0.701,443.661,126.097,25.015,-96.777,28.567,12507.576,112783.580,20170920_071552,479181,228,23395,132
6,KCRP20170920_122047_V06,3.054,0.614,443.875,124.126,32.552,-96.776,28.575,16275.861,113613.097,20170920_072047,479178,209,25578,112
6,KCRP20170920_122542_V06,7.970,0.512,443.828,119.251,40.371,-96.776,28.597,20185.476,115495.607,20170920_072542,479176,248,25959,114
6,KCRP20170920_123036_V06,12.870,0.373,442.995,116.556,46.252,-96.780,28.610,23126.123,116296.194,20170920_073036,479180,252,27089,125
6,KCRP20170920_123532_V06,17.804,0.189,440.523,111.822,50.436,-96.792,28.631,25218.128,117428.553,20170920_073532,479172,282,27264,104
5,KCRP20170920_121057_V06,-6.780,0.078,329.008,360.474,19.198,-97.364,27.511,9599.016,33535.652,20170920_071057,479185,260,22271,132
5,KCRP20170920_121552_V06,-1.863,0.092,328.173,359.193,25.664,-97.368,27.517,12831.922,32777.738,20170920_071552,479181,228,23395,132
7,KCRP20170920_123532_V06,17.804,0.090,238.773,521.221,26.642,-97.819,26.785,13320.793,114768.502,20170920_073532,479172,282,27264,104
7,KCRP20170920_124026_V06,22.704,0.177,239.642,520.341,35.146,-97.814,26.789,17573.051,114229.006,20170920_074026,479183,251,27092,136
4,KCRP20170920_112151_V06,-55.880,0.050,406.933,378.349,10.897,-96.970,27.429,5448.494,66281.711,20170920_062151,479177,202,29525,81
1,KCRP20170921_120554_V06,-12.297,0.059,439.998,133.154,14.081,-96.796,28.535,7040.596,108900.460,20170921_070554,479176,138,17219,116
1,KCRP20170921_121536_V06,-2.597,0.809,437.466,129.463,27.890,-96.808,28.552,13945.188,109521.473,20170921_071536,479173,191,17533,157
1,KCRP20170921_122517_V06,7.087,0.815,437.174,124.687,37.734,-96.810,28.573,18867.173,111300.639,20170921_072517,479179,162,19441,120
1,KCRP20170921_123459_V06,16.787,0.659,438.620,121.628,49.538,-96.802,28.587,24769.084,112951.521,20170921_073459,479175,213,19870,123
2,KCRP20170921_121536_V06,-2.597,0.061,331.277,360.589,24.853,-97.353,27.510,12426.306,34092.672,20170921_071536,479173,191,17533,157
3,KCRP20170921_123459_V06,16.787,0.082,227.959,507.372,23.205,-97.873,26.848,11602.479,109764.482,20170921_073459,479175,213,19870,123
4,KCRP20170921_133038_V06,72.437,0.063,303.560,350.563,17.005,-97.493,27.556,8502.707,25343.884,20170921_083038,479178,274,23781,126
1,KCRP20170922_120147_V06,-16.882,0.551,435.716,139.033,11.525,-96.818,28.508,5762.589,105272.372,20170922_070147,479175,219,41031,131
1,KCRP20170922_120555_V06,-12.749,-1.000,435.716,139.033,18.097,-96.818,28.508,9048.589,105272.372,20170922_070555,479197,162,38637,94
1,KCRP20170922_121017_V06,-8.382,0.195,434.553,135.727,22.543,-96.824,28.523,11271.293,106171.967,20170922_071017,479173,215,38235,77
1,KCRP20170922_121419_V06,-4.349,0.830,437.556,131.305,22.972,-96.808,28.543,11485.925,108834.426,20170922_071419,479201,149,39162,69
1,KCRP20170922_121840_V06,0.001,0.903,435.192,130.106,29.631,-96.820,28.549,14815.566,108559.546,20170922_071840,479172,207,39897,92
1,KCRP20170922_122302_V06,4.368,0.800,433.815,127.516,34.993,-96.827,28.560,17496.418,109152.657,20170922_072302,479184,208,41538,106
1,KCRP20170922_122709_V06,8.485,0.647,432.902,124.798,40.318,-96.832,28.573,20158.877,109952.890,20170922_072709,479188,207,43103,110
1,KCRP20170922_123131_V06,12.851,0.260,429.763,122.141,44.169,-96.848,28.585,22084.621,110082.384,20170922_073131,479191,186,42843,83
2,KCRP20170922_120147_V06,-16.882,0.347,218.790,82.883,8.095,-97.927,28.763,4047.707,115903.965,20170922_070147,479175,219,41031,131
4,KCRP20170922_120147_V06,-16.882,0.055,117.021,83.642,4.881,-98.448,28.757,2440.279,141679.521,20170922_070147,479175,219,41031,131
2,KCRP20170923_120321_V06,-15.786,0.954,438.589,142.867,11.559,-96.803,28.491,5779.427,104758.926,20170923_070321,479172,419,28804,57
2,KCRP20170923_120816_V06,-10.870,0.952,439.557,141.487,15.532,-96.798,28.497,7766.036,105596.622,20170923_070816,479180,462,29178,66
2,KCRP20170923_121310_V06,-5.970,0.799,437.030,139.185,21.438,-96.811,28.508,10718.923,105639.281,20170923_071310,479173,458,31082,98
2,KCRP20170923_121804_V06,-1.070,0.798,428.224,134.689,33.405,-96.856,28.528,16702.419,104605.585,20170923_071804,479177,366,33474,98
2,KCRP20170923_122300_V06,3.864,0.693,423.599,129.628,42.097,-96.879,28.551,21048.619,105241.621,20170923_072300,479179,375,35602,92
2,KCRP20170923_122755_V06,8.780,0.312,420.827,125.212,48.043,-96.893,28.571,24021.591,106242.810,20170923_072755,479179,315,37153,87
8,KCRP20170923_133143_V06,72.580,0.075,288.196,246.134,18.514,-97.571,28.027,9257.221,27572.260,20170923_083143,479184,622,39887,75
8,KCRP20170923_133704_V06,77.930,0.084,287.872,246.773,27.574,-97.572,28.024,13787.162,27295.570,20170923_083704,479180,685,39846,111
2,KCRP20170924_120142_V06,-17.909,0.291,437.972,146.845,7.195,-96.806,28.473,3597.530,103068.930,20170924_070142,479166,243,32410,97
2,KCRP20170924_120730_V06,-12.109,0.851,438.871,143.922,11.954,-96.802,28.486,5976.939,104457.393,20170924_070730,479180,254,30147,56
2,KCRP20170924_121225_V06,-7.193,0.912,435.772,139.845,18.198,-96.817,28.505,9099.235,104980.458,20170924_071225,479182,421,30263,100
2,KCRP20170924_121720_V06,-2.276,0.832,435.129,137.273,24.485,-96.821,28.516,12242.271,105758.818,20170924_071720,479177,382,31315,109
2,KCRP20170924_122216_V06,2.657,0.798,427.060,130.875,34.302,-96.862,28.545,17150.899,105767.907,20170924_072216,479189,364,32484,109
2,KCRP20170924_122710_V06,7.557,0.262,418.218,125.987,43.655,-96.907,28.568,21827.381,105185.486,20170924_072710,479181,476,33428,100
6,KCRP20170924_130322_V06,43.757,0.158,490.999,417.657,29.770,-96.547,27.250,14885.136,112165.020,20170924_080322,479178,615,35460,130
7,KCRP20170924_130843_V06,49.107,0.137,283.270,237.765,26.217,-97.596,28.065,13108.383,32222.452,20170924_080843,479176,502,34949,118
3,KCRP20170925_120408_V06,-15.951,0.877,441.722,143.641,11.313,-96.787,28.487,5656.582,105514.504,20170925_070408,479178,184,30547,123
3,KCRP20170925_120903_V06,-11.035,0.887,443.434,142.380,15.328,-96.778,28.493,7664.226,106556.695,20170925_070903,479168,183,27885,119
3,KCRP20170925_121358_V06,-6.118,0.902,444.473,139.123,19.949,-96.773,28.508,9974.495,108113.363,20170925_071358,479171,169,27233,111
3,KCRP20170925_121854_V06,-1.185,0.745,442.505,136.012,25.765,-96.783,28.522,12882.366,108627.498,20170925_071854,479185,231,27271,131
3,KCRP20170925_122348_V06,3.715,0.197,430.836,133.034,38.152,-96.842,28.536,19076.126,106060.915,20170925_072348,479189,241,27935,151
3,KCRP20170925_122842_V06,8.615,0.060,425.021,127.506,43.506,-96.872,28.561,21752.766,106518.158,20170925_072842,479186,254,29356,106
4,KCRP20170926_112408_V06,-56.429,0.063,394.518,119.697,11.353,-97.028,28.597,5676.262,101787.495,20170926_062408,479190,720,122476,56
10,KCRP20170926_124427_V06,23.887,0.080,307.704,402.415,13.534,-97.472,27.322,6767.241,51352.141,20170926_074427,479179,705,120831,135
10,KCRP20170926_124921_V06,28.787,0.130,303.631,396.486,11.109,-97.492,27.349,5554.710,48277.146,20170926_074921,479178,740,120690,120
14,KCRP20170926_133331_V06,72.954,0.052,330.468,393.946,29.337,-97.357,27.360,14668.528,49381.700,20170926_083331,479186,1103,112490,103
3,KCRP20170927_123241_V06,11.640,0.073,433.993,183.885,17.385,-96.828,28.306,8692.261,88652.196,20170927_073241,479184,571,59969,98
3,KCRP20170927_123718_V06,16.256,0.053,433.430,183.348,23.196,-96.831,28.309,11597.850,88616.137,20170927_073718,479185,575,60125,71
5,KCRP20170927_132333_V06,62.506,0.089,526.706,475.975,12.614,-96.369,26.985,6306.873,143494.543,20170927_082333,479190,255,53815,67
5,KCRP20170927_132811_V06,67.140,0.220,526.113,476.151,18.175,-96.372,26.984,9087.397,143314.742,20170927_082811,479182,222,53235,95
2,KCRP20170927_121848_V06,-2.244,0.074,327.377,358.477,19.151,-97.372,27.520,9575.716,32284.247,20170927_071848,479177,458,58585,64
2,KCRP20170928_122201_V06,0.489,0.788,431.007,142.445,24.287,-96.842,28.493,12143.440,102452.891,20170928_072201,479179,5738,108570,344
2,KCRP20170928_122750_V06,6.306,0.851,433.961,141.181,33.215,-96.827,28.499,16607.542,103885.453,20170928_072750,479193,5816,109979,275
2,KCRP20170928_123338_V06,12.106,0.546,436.258,142.708,40.166,-96.815,28.492,20083.220,104051.465,20170928_073338,479190,5378,111455,323
2,KCRP20170928_123928_V06,17.939,0.439,435.265,143.986,44.124,-96.820,28.486,22062.069,103243.784,20170928_073928,479191,4900,113730,234
4,KCRP20170928_123928_V06,17.939,0.140,327.754,481.471,8.141,-97.371,26.965,4070.513,91790.538,20170928_073928,479191,4900,113730,234
5,KCRP20170928_130243_V06,41.189,0.464,384.526,285.493,25.448,-97.082,27.849,12723.957,42880.855,20170928_080243,479191,3436,121822,284
3,KCRP20170929_115249_V06,-29.198,0.171,437.682,164.933,9.233,-96.808,28.391,4616.646,96435.816,20170929_065249,479177,328,25676,94
3,KCRP20170929_120239_V06,-19.364,0.574,438.961,170.537,20.667,-96.802,28.366,10333.298,94961.712,20170929_070239,479179,350,21866,70
3,KCRP20170929_120734_V06,-14.448,0.812,439.875,172.480,24.219,-96.797,28.357,12109.342,94639.165,20170929_070734,479186,360,19127,109
3,KCRP20170929_121228_V06,-9.548,0.434,431.232,173.386,26.278,-96.842,28.354,13138.812,91176.640,20170929_071228,479175,318,17671,110
3,KCRP20170929_121723_V06,-4.631,0.249,421.398,177.180,26.518,-96.892,28.337,13258.827,86345.566,20170929_071723,479177,356,17375,105
6,KCRP20170929_123207_V06,10.102,0.133,327.356,477.489,13.158,-97.373,26.983,6579.159,89792.393,20170929_073207,479172,258,20307,128
6,KCRP20170929_123703_V06,15.036,0.130,327.778,477.644,19.192,-97.371,26.982,9595.855,89901.544,20170929_073703,479169,247,21135,114
6,KCRP20170929_124157_V06,19.936,-1.000,328.114,477.768,25.540,-97.369,26.982,12770.003,89988.823,20170929_074157,479180,260,21265,102
6,KCRP20170929_124652_V06,24.852,0.103,333.755,481.518,13.814,-97.341,26.965,6906.753,92315.082,20170929_074652,479181,249,21811,93
6,KCRP20170929_125148_V06,29.786,0.067,333.508,482.447,20.304,-97.342,26.961,10152.019,92749.217,20170929_075148,479185,263,21908,105
4,KCRP20170929_120734_V06,-14.448,0.065,313.493,379.547,3.550,-97.443,27.425,1774.979,40341.695,20170929_070734,479186,360,19127,109
4,KCRP20170930_122714_V06,4.729,0.127,412.640,162.573,37.961,-96.936,28.403,18980.682,88845.371,20170930_072714,479177,236,12352,137
4,KCRP20170930_123654_V06,14.395,0.454,417.162,162.676,46.983,-96.913,28.402,23491.577,90256.463,20170930_073654,479175,249,14358,147
4,KCRP20170930_124635_V06,24.079,0.231,416.728,163.764,51.532,-96.915,28.397,25765.845,89701.927,20170930_074635,479177,368,15616,158
6,KCRP20170930_123654_V06,14.395,0.219,357.998,518.612,2.955,-97.219,26.797,1477.674,113087.208,20170930_073654,479175,249,14358,147
6,KCRP20170930_124635_V06,24.079,0.128,354.528,520.407,10.971,-97.237,26.789,5485.714,113525.891,20170930_074635,479177,368,15616,158
2,KCRP20170930_113335_V06,-48.921,0.073,365.900,342.799,13.630,-97.177,27.590,6814.926,39289.061,20170930_063335,479176,237,15893,101
5,KCRP20170930_122714_V06,4.729,0.086,409.536,310.096,16.891,-96.955,27.737,8445.564,55000.060,20170930_072714,479177,236,12352,137
10,KCRP20170930_130557_V06,43.445,0.104,340.517,533.878,3.178,-97.307,26.728,1589.179,118680.668,20170930_080557,479170,309,16828,149
3,KCRP20171001_122344_V06,0.735,0.204,431.731,159.678,22.083,-96.839,28.415,11041.561,96233.344,20171001_072344,479178,187,35241,62
3,KCRP20171001_122839_V06,5.651,0.563,431.998,161.265,29.078,-96.837,28.408,14539.012,95748.118,20171001_072839,479166,174,38184,53
3,KCRP20171001_123333_V06,10.551,0.819,429.153,164.406,30.244,-96.852,28.394,15121.881,93629.780,20171001_073333,479177,106,42021,52
3,KCRP20171001_123827_V06,15.451,0.814,425.374,169.419,33.213,-96.871,28.372,16606.724,90512.569,20171001_073827,479169,114,45322,61
3,KCRP20171001_124322_V06,20.368,0.614,422.268,169.500,39.881,-96.887,28.371,19940.558,89414.192,20171001_074322,479172,119,48128,50
3,KCRP20171001_124817_V06,25.285,0.527,418.640,170.856,43.366,-96.906,28.365,21683.205,87683.543,20171001_074817,479185,107,50228,65
3,KCRP20171001_125312_V06,30.201,-1.000,415.127,172.100,47.493,-96.924,28.360,23746.654,86041.839,20171001_075312,479172,135,52270,70
3,KCRP20171001_130748_V06,44.801,0.777,413.008,171.322,62.016,-96.934,28.363,31007.802,85628.108,20171001_080748,479177,121,32669,75
3,KCRP20171001_131729_V06,54.485,0.298,415.286,169.557,77.499,-96.923,28.371,38749.738,87043.599,20171001_081729,479175,133,32662,52
3,KCRP20171001_132711_V06,64.185,0.350,417.830,169.235,78.657,-96.910,28.373,39328.417,88010.431,20171001_082711,479178,125,31403,68
5,KCRP20171001_125312_V06,30.201,0.216,405.711,162.784,62.390,-96.971,28.402,31194.916,86606.994,20171001_075312,479172,135,52270,70
6,KCRP20171001_130748_V06,44.801,0.050,378.884,224.709,9.189,-97.109,28.123,4594.383,54523.784,20171001_080748,479177,121,32669,75
7,KCRP20171001_133653_V06,73.885,0.366,343.301,433.055,12.437,-97.292,27.183,6218.536,69961.606,20171001_083653,479179,182,30472,68
8,KCRP20171001_133653_V06,73.885,0.195,414.945,578.625,29.110,-96.934,26.525,14554.928,150701.944,20171001_083653,479179,182,30472,68
1,KCRP20171002_120706_V06,-16.396,0.436,435.330,148.485,8.182,-96.820,28.466,4090.786,101576.387,20171002_070706,479178,105,18632,44
1,KCRP20171002_121647_V06,-6.713,0.875,434.382,146.474,14.363,-96.825,28.475,7181.279,102015.634,20171002_071647,479180,137,18459,68
1,KCRP20171002_122627_V06,2.954,0.069,439.518,146.875,28.863,-96.799,28.473,14431.492,103576.887,20171002_072627,479184,141,20412,68
5,KCRP20171002_122627_V06,2.954,0.701,341.092,382.222,15.414,-97.303,27.413,7707.052,45959.168,20171002_072627,479184,141,20412,68
5,KCRP20171002_123608_V06,12.637,0.301,340.577,381.430,25.297,-97.306,27.416,12648.278,45490.008,20171002_073608,479179,103,19794,78
7,KCRP20171002_124549_V06,22.320,0.081,30.357,282.149,30.363,-98.880,27.858,15181.435,135116.830,20171002_074549,479183,130,18998,75
7,KCRP20171002_130510_V06,41.670,0.076,31.706,296.878,56.559,-98.872,27.791,28279.450,134156.033,20171002_080510,479180,108,19148,82
7,KCRP20171002_131451_V06,51.354,-1.000,32.371,304.133,69.704,-98.868,27.759,34852.136,133830.565,20171002_081451,479176,124,18965,82
7,KCRP20171002_132431_V06,61.020,0.100,35.753,260.279,46.891,-98.854,27.957,23445.660,133607.708,20171002_082431,479176,117,17872,63
4,KCRP20171002_120706_V06,-16.396,0.058,212.934,208.184,8.168,-97.954,28.197,4083.778,63266.425,20171002_070706,479178,105,18632,44
6,KCRP20171002_124549_V06,22.320,0.224,363.559,479.415,21.955,-97.191,26.974,10977.567,95170.233,20171002_074549,479183,130,18998,75
9,KCRP20171002_132431_V06,61.020,0.057,434.076,149.037,74.253,-96.826,28.463,37126.579,100953.326,20171002_082431,479176,117,17872,63
18,KCRP20171003_134155_V06,77.918,0.584,271.156,436.371,20.689,-97.656,27.168,10344.715,69694.260,20171003_084155,479175,2617,53598,107
18,KCRP20171003_134742_V06,83.702,0.575,267.887,434.528,25.200,-97.673,27.177,12600.142,69153.786,20171003_084742,479184,2491,53164,102
15,KCRP20171003_133020_V06,66.335,0.072,271.391,408.320,13.800,-97.655,27.295,6899.944,56017.482,20171003_083020,479186,2431,53251,109
16,KCRP20171003_133020_V06,66.335,0.052,234.858,394.587,31.535,-97.840,27.357,15767.611,57424.249,20171003_083020,479186,2431,53251,109
17,KCRP20171003_133607_V06,72.118,0.054,395.499,355.342,17.750,-97.027,27.533,8874.840,55187.821,20171003_083607,479178,2514,53200,120
19,KCRP20171003_134742_V06,83.702,0.120,244.365,303.951,23.112,-97.793,27.766,11556.070,27887.504,20171003_084742,479184,2491,53164,102
2,KCRP20171004_114933_V06,-34.955,0.077,305.947,335.786,21.458,-97.481,27.622,10729.164,18138.331,20171004_064933,479181,4530,87044,384
3,KCRP20171004_123005_V06,5.578,0.078,410.219,139.806,25.144,-96.948,28.505,12571.964,97224.669,20171004_073005,479180,3393,86330,182
3,KCRP20171005_120937_V06,-15.399,0.059,412.849,130.485,2.479,-96.934,28.547,1239.555,101821.127,20171005_070937,479179,175,52775,61
3,KCRP20171005_121433_V06,-10.466,0.067,412.559,130.072,9.017,-96.936,28.549,4508.336,101913.127,20171005_071433,479180,140,51279,77
3,KCRP20171005_121928_V06,-5.549,0.106,416.491,132.446,13.630,-96.916,28.539,6814.904,102034.892,20171005_071928,479178,104,51571,72
3,KCRP20171005_122422_V06,-0.649,0.564,426.156,137.930,27.111,-96.866,28.514,13555.540,102691.203,20171005_072422,479188,113,51750,64
3,KCRP20171005_122918_V06,4.284,0.348,428.575,136.954,35.881,-96.854,28.518,17940.524,103821.204,20171005_072918,479182,138,51837,102
5,KCRP20171005_122918_V06,4.284,0.060,346.237,416.134,7.505,-97.277,27.260,3752.506,62499.934,20171005_072918,479182,138,51837,102
6,KCRP20171005_133751_V06,72.834,0.078,524.425,468.950,30.717,-96.380,27.017,15358.644,140455.391,20171005_083751,479178,127,31978,95
1,KCRP20171006_120832_V06,-16.999,0.888,440.727,158.072,9.911,-96.793,28.422,4955.589,99934.567,20171006_070832,479178,152,39295,81
1,KCRP20171006_121326_V06,-12.099,0.797,439.274,156.808,16.899,-96.800,28.428,8449.289,99876.468,20171006_071326,479176,216,35861,159
1,KCRP20171006_121822_V06,-7.166,0.539,434.914,149.051,27.517,-96.822,28.463,13758.458,101226.513,20171006_071822,479167,183,35740,128
1,KCRP20171006_122317_V06,-2.249,0.840,437.746,150.774,25.807,-96.808,28.455,12903.349,101541.167,20171006_072317,479171,164,37491,90
1,KCRP20171006_122811_V06,2.651,0.835,434.087,144.744,35.416,-96.826,28.483,17708.171,102571.813,20171006_072811,479181,182,39491,117
1,KCRP20171006_123307_V06,7.584,0.925,434.689,144.043,42.748,-96.823,28.486,21373.969,103033.635,20171006_073307,479170,186,41856,141
1,KCRP20171006_123802_V06,12.501,0.886,432.958,149.620,45.160,-96.832,28.461,22580.215,100364.256,20171006_073802,479177,143,43693,85
1,KCRP20171006_124258_V06,17.434,0.801,430.594,151.131,49.778,-96.844,28.454,24888.812,99015.959,20171006_074258,479175,144,45721,90
1,KCRP20171006_124754_V06,22.368,0.759,427.076,148.896,55.395,-96.862,28.464,27697.404,98717.855,20171006_074754,479187,197,32967,121
1,KCRP20171006_130715_V06,41.718,0.130,419.444,150.558,70.156,-96.901,28.457,35077.951,95655.178,20171006_080715,479182,185,33777,129
1,KCRP20171006_131656_V06,51.401,0.331,410.412,154.373,74.709,-96.947,28.440,37354.469,91375.875,20171006_081656,479179,197,32574,124
6,KCRP20171006_131656_V06,51.401,0.071,525.928,478.326,26.719,-96.373,26.975,13359.568,143912.548,20171006_081656,479179,197,32574,124
7,KCRP20171006_132638_V06,61.101,0.061,395.252,374.863,21.173,-97.029,27.445,10586.338,60575.231,20171006_082638,479184,204,31181,132
1,KCRP20171007_121027_V06,-15.604,0.094,433.672,160.261,13.831,-96.829,28.413,6915.668,96689.291,20171007_071027,479182,133,33875,92
1,KCRP20171007_121522_V06,-10.687,0.803,434.684,158.266,17.528,-96.824,28.422,8764.113,97760.412,20171007_071522,479173,191,31805,140
1,KCRP20171007_122017_V06,-5.770,0.311,431.344,151.554,27.188,-96.840,28.452,13594.197,99105.561,20171007_072017,479184,208,33025,147
1,KCRP20171007_122512_V06,-0.854,0.171,429.478,148.759,34.249,-96.850,28.465,17124.461,99547.055,20171007_072512,479178,224,34517,159
1,KCRP20171007_123007_V06,4.063,0.200,429.020,147.982,37.466,-96.852,28.468,18732.916,99694.179,20171007_073007,479178,261,36421,175
6,KCRP20171007_124946_V06,23.713,0.157,435.604,167.976,46.246,-96.819,28.378,23122.841,94629.315,20171007_074946,479177,346,43436,170
6,KCRP20171007_125441_V06,28.630,0.712,434.026,170.641,50.095,-96.827,28.366,25047.502,93135.025,20171007_075441,479190,339,44317,193
6,KCRP20171007_130430_V06,38.446,0.695,429.416,171.531,50.526,-96.851,28.362,25262.949,91176.771,20171007_080430,479177,339,46670,178
6,KCRP20171007_130926_V06,43.380,0.081,440.466,159.209,70.636,-96.794,28.417,35318.245,99439.288,20171007_080926,479173,409,47697,206
4,KCRP20171007_122017_V06,-5.770,0.489,410.593,499.728,25.884,-96.954,26.882,12941.825,114151.287,20171007_072017,479184,208,33025,147
4,KCRP20171007_122512_V06,-0.854,-1.000,410.593,499.728,33.701,-96.954,26.882,16850.575,114151.287,20171007_072512,479178,224,34517,159
4,KCRP20171007_123007_V06,4.063,0.062,413.399,505.490,38.817,-96.940,26.855,19408.593,117351.372,20171007_073007,479178,261,36421,175
3,KCRP20171008_123647_V06,10.203,0.510,444.461,158.533,41.295,-96.774,28.420,20647.537,101096.185,20171008_073647,479177,173,25623,88
3,KCRP20171008_124143_V06,15.136,0.781,443.626,154.830,45.867,-96.778,28.437,22933.537,102106.086,20171008_074143,479181,91,26394,55
3,KCRP20171008_124638_V06,20.053,0.718,437.906,152.520,51.788,-96.807,28.447,25893.926,100955.789,20171008_074638,479179,177,27549,85
3,KCRP20171008_125132_V06,24.953,0.795,447.370,148.993,55.213,-96.758,28.463,27606.414,105500.138,20171008_075132,479182,125,28605,89
3,KCRP20171008_130122_V06,34.786,0.549,446.673,145.786,58.594,-96.762,28.478,29297.014,106413.158,20171008_080122,479182,158,30040,121
2,KCRP20171008_123153_V06,5.303,0.059,220.920,582.806,24.827,-97.907,26.507,12413.342,146827.205,20171008_073153,479173,164,25143,103
2,KCRP20171008_123647_V06,10.203,-1.000,220.920,582.806,32.618,-97.907,26.507,16308.842,146827.205,20171008_073647,479177,173,25623,88
2,KCRP20171008_124143_V06,15.136,0.188,216.872,573.671,32.400,-97.928,26.548,16200.122,143008.827,20171008_074143,479181,91,26394,55
2,KCRP20171008_124638_V06,20.053,0.507,219.622,567.392,33.887,-97.914,26.577,16943.353,139605.946,20171008_074638,479179,177,27549,85
2,KCRP20171008_125132_V06,24.953,0.156,226.443,563.582,31.759,-97.880,26.594,15879.256,136826.821,20171008_075132,479182,125,28605,89
5,KCRP20171008_130618_V06,39.719,0.195,304.177,408.747,16.039,-97.490,27.293,8019.396,54413.594,20171008_080618,479179,261,13810,198
5,KCRP20171008_131559_V06,49.403,0.083,306.041,408.825,24.487,-97.480,27.293,12243.615,54496.419,20171008_081559,479174,283,14937,220
1,KCRP20171008_122659_V06,0.403,0.071,261.715,577.878,18.393,-97.703,26.530,9196.270,140251.706,20171008_072659,479179,144,24719,102
1,KCRP20171009_124543_V06,18.603,0.154,429.905,449.603,28.891,-96.856,27.107,14445.605,99066.121,20171009_074543,479182,264,26367,234
1,KCRP20171009_130504_V06,37.953,0.157,424.834,450.555,44.415,-96.881,27.103,22207.303,97788.640,20171009_080504,479186,357,27424,295
4,KCRP20171010_120615_V06,-21.402,0.323,344.305,409.917,10.532,-97.287,27.288,5266.180,59254.922,20171010_070615,479178,956,33090,110
4,KCRP20171010_121136_V06,-16.052,0.186,343.246,409.746,16.881,-97.292,27.289,8440.732,58979.621,20171010_071136,479174,1042,32616,102
6,KCRP20171010_120615_V06,-21.402,0.052,194.038,60.641,12.458,-98.054,28.863,6228.912,130882.370,20171010_070615,479178,956,33090,110
3,KCRP20171011_121737_V06,-10.581,0.168,430.301,156.925,7.750,-96.846,28.428,3875.187,96758.367,20171011_071737,479183,239,17788,135
3,KCRP20171011_122232_V06,-5.664,0.503,429.430,157.825,13.516,-96.850,28.424,6757.950,96132.464,20171011_072232,479182,274,18795,161
3,KCRP20171011_122726_V06,-0.764,0.116,428.179,161.346,20.200,-96.857,28.408,10099.855,94412.294,20171011_072726,479186,262,19385,158
6,KCRP20171011_131207_V06,43.919,0.206,373.486,213.425,60.013,-97.137,28.174,30006.641,56779.132,20171011_081207,479169,191,21631,139
1,KCRP20171012_114444_V06,-44.015,0.069,281.605,534.148,15.264,-97.603,26.727,7632.083,117434.779,20171012_064444,479181,1830,26784,701
2,KCRP20171012_123204_V06,3.318,0.059,178.459,430.940,15.885,-98.124,27.192,7942.480,89327.152,20171012_073204,479173,1578,28155,968
3,KCRP20171012_123658_V06,8.218,0.161,426.846,166.113,13.495,-96.864,28.386,6747.303,92216.712,20171012_073658,479189,1453,29080,851
1,KCRP20171013_123748_V06,8.493,0.077,377.795,440.441,10.395,-97.118,27.150,5197.254,80274.292,20171013_073748,479181,112,22822,67
1,KCRP20171013_124730_V06,18.193,0.063,389.379,449.377,33.324,-97.060,27.109,16661.773,87037.226,20171013_074730,479176,149,24893,85
1,KCRP20171013_130652_V06,37.560,0.279,402.980,450.305,52.540,-96.992,27.105,26270.123,91099.603,20171013_080652,479179,167,29353,127
2,KCRP20171013_123748_V06,8.493,0.052,283.560,387.391,4.026,-97.594,27.390,2013.227,44461.710,20171013_073748,479181,112,22822,67
4,KCRP20171014_123839_V06,8.778,0.433,398.129,460.578,19.578,-97.016,27.058,9789.165,94093.758,20171014_073839,479174,73,27910,60
4,KCRP20171014_124820_V06,18.462,0.167,394.524,462.151,32.211,-97.034,27.051,16105.408,93845.086,20171014_074820,479176,56,28911,51
1,KCRP20171015_114109_V06,-49.294,0.147,327.499,480.306,9.032,-97.372,26.970,4516.190,91195.559,20171015_064109,479178,38,34272,34
2,KCRP20171015_122936_V06,-0.844,0.161,314.385,85.457,11.266,-97.437,28.752,5633.007,107512.337,20171015_072936,479172,161,33125,145
3,KCRP20171015_124859_V06,18.540,0.063,377.048,484.370,40.327,-97.123,26.951,20163.300,99910.847,20171015_074859,479186,23,30682,19
1,KCRP20171016_132259_V06,51.961,0.184,229.374,354.288,9.025,-97.868,27.538,4512.667,44540.010,20171016_082259,479174,177,13504,141
1,KCRP20171018_122853_V06,-3.317,0.680,435.342,154.776,18.059,-96.820,28.437,9029.331,99256.496,20171018_072853,479179,854,25957,538
2,KCRP20171018_122853_V06,-3.317,0.087,287.050,444.884,27.499,-97.576,27.130,13749.290,72730.720,20171018_072853,479179,854,25957,538
3,KCRP20171018_123836_V06,6.399,0.289,40.473,63.013,8.882,-98.841,28.847,4440.873,175725.062,20171018_073836,479173,720,27769,447
4,KCRP20171019_130938_V06,36.833,0.107,385.147,219.925,4.731,-97.077,28.144,2365.738,58442.323,20171019_080938,479175,220,37835,152
4,KCRP20171019_131920_V06,46.533,0.087,383.846,220.884,13.096,-97.084,28.140,6548.118,57639.843,20171019_081920,479178,205,39610,121
2,KCRP20171019_120146_V06,-31.034,0.087,325.346,126.957,1.683,-97.381,28.565,841.610,87444.722,20171019_070146,479175,106,26294,54
1,KCRP20171021_120021_V06,-33.671,0.056,27.299,213.055,31.039,-98.899,28.169,15519.417,143113.095,20171021_070021,479181,195,28478,99
1,KCRP20171022_124202_V06,7.392,0.090,225.422,564.257,19.714,-97.885,26.591,9856.930,137289.646,20171022_074202,479184,744,62279,110
1,KCRP20171022_124547_V06,11.142,0.128,225.678,564.582,25.908,-97.884,26.589,12954.145,137411.220,20171022_074547,479184,760,63397,127
1,KCRP20171022_124932_V06,14.892,0.242,227.519,564.208,34.357,-97.875,26.591,17178.664,136984.993,20171022_074932,479181,837,63795,102
1,KCRP20171022_125318_V06,18.658,0.375,226.999,561.831,36.918,-97.877,26.602,18458.918,135908.410,20171022_075318,479182,857,63757,102
1,KCRP20171022_130048_V06,26.158,0.651,228.293,556.109,41.966,-97.871,26.628,20983.030,132979.004,20171022_080048,479198,791,63939,107
1,KCRP20171022_130433_V06,29.908,0.451,228.913,551.096,44.797,-97.868,26.650,22398.533,130482.520,20171022_080433,479184,716,64332,131
1,KCRP20171022_130819_V06,33.675,0.090,227.438,544.174,46.289,-97.875,26.682,23144.691,127363.995,20171022_080819,479185,613,63997,126
1,KCRP20171022_131204_V06,37.425,-1.000,226.690,538.229,48.253,-97.879,26.708,24126.388,124626.963,20171022_081204,479186,530,64059,92
1,KCRP20171022_131549_V06,41.175,0.058,225.704,524.234,40.590,-97.884,26.772,20295.204,118110.679,20171022_081549,479182,429,63905,93
1,KCRP20171023_121711_V06,-18.086,0.099,432.420,143.769,15.289,-96.835,28.487,7644.421,102400.347,20171023_071711,479179,795,17634,635
1,KCRP20171023_122653_V06,-8.386,0.554,424.994,142.618,20.465,-96.873,28.492,10232.456,100489.592,20171023_072653,479172,1026,20047,831
1,KCRP20171023_123634_V06,1.297,0.685,431.933,153.071,38.108,-96.837,28.445,19054.134,98735.080,20171023_073634,479176,886,20913,713
1,KCRP20171023_124615_V06,10.980,0.545,435.726,152.846,55.198,-96.818,28.446,27598.839,100094.563,20171023_074615,479187,832,21470,714
2,KCRP20171023_121711_V06,-18.086,0.065,436.756,158.926,5.166,-96.813,28.419,2582.939,98239.349,20171023_071711,479179,795,17634,635
2,KCRP20171023_122653_V06,-8.386,0.926,436.550,160.535,15.685,-96.814,28.411,7842.494,97591.609,20171023_072653,479172,1026,20047,831
2,KCRP20171023_123634_V06,1.297,-1.000,436.358,162.045,26.479,-96.815,28.405,13239.743,96985.976,20171023_073634,479176,886,20913,713
2,KCRP20171023_124615_V06,10.980,-1.000,436.165,163.554,37.274,-96.816,28.398,18636.992,96382.545,20171023_074615,479187,832,21470,714
2,KCRP20171023_130538_V06,30.364,-1.000,435.779,166.576,58.882,-96.818,28.384,29440.780,95181.426,20171023_080538,479184,699,22505,590
2,KCRP20171023_131520_V06,40.064,0.125,419.877,155.511,74.098,-96.899,28.434,37048.892,93871.589,20171023_081520,479180,662,24299,537
2,KCRP20171023_132500_V06,49.730,0.309,405.215,178.540,69.470,-96.974,28.331,34734.811,80347.249,20171023_082500,479185,560,25202,454
2,KCRP20171024_120827_V06,-27.454,0.087,467.671,177.068,46.193,-96.656,28.336,23096.344,103954.152,20171024_070827,479167,198,15340,163
2,KCRP20171024_121809_V06,-17.754,0.196,459.786,174.748,52.062,-96.696,28.347,26030.950,101513.124,20171024_071809,479174,282,14099,220
1,KCRP20171024_120827_V06,-27.454,0.105,27.369,275.539,37.792,-98.895,27.887,18895.988,136862.849,20171024_070827,479167,198,15340,163
4,KCRP20171024_123732_V06,1.629,0.106,41.704,65.883,41.908,-98.834,28.834,20953.796,174303.947,20171024_073732,479178,382,14125,284
5,KCRP20171024_124714_V06,11.329,0.170,331.539,483.513,19.257,-97.352,26.956,9628.359,93101.766,20171024_074714,479175,439,16175,344
1,KCRP20171026_121603_V06,-21.145,0.078,440.384,148.053,2.961,-96.794,28.468,1480.522,103435.197,20171026_071603,479175,836,30909,420
1,KCRP20171026_122058_V06,-16.228,0.111,439.533,149.340,11.574,-96.798,28.462,5787.203,102673.981,20171026_072058,479178,816,32695,494
1,KCRP20171026_122553_V06,-11.312,0.297,438.595,151.736,21.578,-96.803,28.451,10789.008,101477.592,20171026_072553,479185,738,37315,419
2,KCRP20171026_122058_V06,-16.228,0.059,330.592,250.723,30.796,-97.355,28.006,15398.186,29000.235,20171026_072058,479178,816,32695,494
1,KCRP20171027_123205_V06,-5.767,0.125,223.468,572.135,12.453,-97.895,26.555,6226.602,141346.020,20171027_073205,479182,265,37261,186
1,KCRP20171027_124147_V06,3.933,0.538,230.254,565.173,27.623,-97.861,26.587,13811.352,137095.839,20171027_074147,479181,216,41783,165
1,KCRP20171027_130110_V06,23.316,0.577,236.188,544.918,51.825,-97.831,26.678,25912.291,126547.317,20171027_080110,479183,298,39468,251
1,KCRP20171027_131052_V06,33.016,0.197,244.274,534.733,64.611,-97.791,26.724,32305.479,120628.558,20171027_081052,479177,290,40196,224
2,KCRP20171027_123205_V06,-5.767,0.060,182.513,343.573,9.075,-98.106,27.586,4537.472,62653.205,20171027_073205,479182,265,37261,186
1,KCRP20171028_122332_V06,-14.980,0.853,417.962,163.555,17.284,-96.909,28.398,8641.762,90183.480,20171028_072332,479175,133,35651,124
1,KCRP20171028_123314_V06,-5.280,0.579,435.607,167.355,30.790,-96.819,28.381,15395.219,94847.189,20171028_073314,479183,145,30419,130
1,KCRP20171028_124255_V06,4.403,0.556,440.983,170.864,47.379,-96.792,28.365,23689.326,95593.478,20171028_074255,479172,105,28294,80
5,KCRP20171028_130220_V06,23.820,0.080,25.153,415.072,39.484,-98.899,27.258,19741.978,148982.015,20171028_080220,479177,127,24906,117
6,KCRP20171028_132145_V06,43.237,0.165,398.995,229.303,63.695,-97.007,28.102,31847.328,60823.569,20171028_082145,479180,142,21409,110
1,KCRP20171029_133316_V06,54.084,0.439,387.257,271.837,12.878,-97.068,27.910,6439.121,45844.626,20171029_083316,479183,151,22667,110
1,KCRP20171030_123651_V06,-3.009,0.136,129.598,115.516,6.082,-98.382,28.613,3041.248,125569.572,20171030_073651,479184,427,28585,278
1,KCRP20171031_123058_V06,-9.575,0.064,166.216,345.039,5.500,-98.188,27.579,2750.210,70580.773,20171031_073058,479184,1107,42931,85
5,KCRP20171031_134003_V06,59.509,0.064,271.326,296.340,20.977,-97.656,27.800,10488.426,14453.385,20171031_084003,479172,2137,61617,118
1,KCRP20171102_114624_V06,-55.526,0.050,297.539,358.860,14.104,-97.523,27.518,7051.775,29455.884,20171102_064624,479182,181,46202,158
2,KCRP20171102_124430_V06,2.574,0.263,242.553,559.863,18.821,-97.799,26.611,9410.628,133068.638,20171102_074430,479180,195,37112,162
1,KCRP20171104_122323_V06,-19.954,0.202,367.140,216.128,2.765,-97.169,28.162,1382.381,53717.576,20171104_072323,479175,163,26177,118
5,KCRP20171107_121313_V06,-32.285,0.117,278.451,438.192,7.486,-97.620,27.160,3743.183,69930.879,20171107_061313,479180,182,30266,137
9,KCRP20171108_134314_V06,56.998,0.065,377.251,398.382,21.911,-97.120,27.339,10955.462,62543.624,20171108_074314,479183,346,35529,165
9,KCRP20171108_134809_V06,61.915,0.144,376.603,397.889,27.447,-97.124,27.342,13723.317,62149.733,20171108_074809,479188,415,36035,177
2,KCRP20171108_121251_V06,-33.385,0.071,281.388,391.248,10.002,-97.605,27.372,5000.999,46563.563,20171108_061251,479182,332,29464,144
4,KCRP20171108_123726_V06,-8.802,0.076,326.082,427.552,15.736,-97.379,27.208,7867.937,65095.712,20171108_063726,479184,285,29114,164
8,KCRP20171108_134314_V06,56.998,0.162,424.954,382.159,36.833,-96.879,27.412,18416.733,74772.242,20171108_074314,479183,346,35529,165
8,KCRP20171109_130034_V06,13.592,0.071,394.717,191.785,23.994,-97.028,28.271,11996.845,71906.084,20171109_070034,479170,162,47173,139
8,KCRP20171109_130529_V06,18.509,0.544,392.085,191.288,30.185,-97.042,28.274,15092.582,71235.159,20171109_070529,479179,104,45291,84
8,KCRP20171109_131024_V06,23.426,0.833,398.014,193.129,44.686,-97.011,28.265,22342.919,72505.596,20171109_071024,479168,117,43573,100
8,KCRP20171109_131518_V06,28.326,0.811,389.248,199.233,47.672,-97.056,28.238,23836.142,67303.514,20171109_071518,479183,103,42553,85
8,KCRP20171109_132013_V06,33.242,0.708,374.728,201.896,46.908,-97.130,28.226,23453.766,61661.534,20171109_072013,479177,116,41168,72
1,KCRP20171109_120131_V06,-45.458,0.337,442.109,275.211,22.098,-96.789,27.894,11049.152,72127.206,20171109_060131,479181,103,64421,76
2,KCRP20171110_132212_V06,34.481,0.060,385.825,176.120,46.147,-97.073,28.342,23073.330,75352.748,20171110_072212,479180,284,16284,159
1,KCRP20171111_121526_V06,-33.036,0.113,300.305,364.825,16.697,-97.509,27.491,8348.574,32412.683,20171111_061526,479181,78,18035,72
2,KCRP20171111_124431_V06,-3.952,0.107,424.334,51.786,31.833,-96.873,28.902,15916.595,138806.823,20171111_064431,479172,120,15604,112
6,KCRP20171112_124151_V06,-7.374,0.149,311.305,381.120,17.950,-97.454,27.418,8974.983,40952.119,20171112_064151,479180,847,56189,87
6,KCRP20171112_124645_V06,-2.474,0.172,311.336,380.527,24.054,-97.454,27.421,12026.951,40660.610,20171112_064645,479167,883,59578,79
1,KCRP20171114_121934_V06,-31.181,0.086,362.173,174.858,33.322,-97.194,28.348,16660.767,69867.798,20171114_061934,479181,91,19638,84
1,KCRP20171115_124910_V06,-2.348,0.103,29.089,412.645,53.916,-98.879,27.269,26958.229,146698.535,20171115_064910,479176,149,33219,134
1,KCRP20171116_115301_V06,-59.269,0.235,363.185,313.979,9.613,-97.190,27.720,4806.709,32356.561,20171116_055301,479180,441,34215,110
2,KCRP20171117_140316_V06,70.208,0.531,418.706,267.522,22.561,-96.908,27.929,11280.716,61534.181,20171117_080316,479181,244,22737,187
1,KCRP20171120_130608_V06,10.742,0.155,164.621,103.700,14.666,-98.203,28.668,7333.076,119227.936,20171120_070608,479181,2000,49593,694
2,KCRP20171120_130608_V06,10.742,0.088,550.266,108.392,33.482,-96.231,28.642,16741.093,157596.544,20171120_070608,479181,2000,49593,694
2,KCRP20171121_135442_V06,58.529,0.051,352.647,483.944,51.350,-97.246,26.954,25674.850,95664.739,20171121_075442,479183,206,41920,77
2,KCRP20171121_140433_V06,68.379,0.074,352.921,475.621,62.802,-97.244,26.991,31400.967,91710.632,20171121_080433,479180,111,42903,54
2,KCRP20171121_140927_V06,73.279,0.061,354.995,468.757,65.697,-97.234,27.022,32848.277,88746.026,20171121_080927,479179,147,42650,75
1,KCRP20171121_123600_V06,-20.171,0.071,408.247,207.238,9.281,-96.960,28.201,4640.594,71277.925,20171121_063600,479180,127,30214,27
1,KCRP20171122_130952_V06,12.916,0.245,280.643,504.344,39.394,-97.608,26.862,19696.859,102629.192,20171122_070952,479172,191,19976,154
2,KCRP20171122_134417_V06,47.333,0.095,296.623,347.245,14.496,-97.528,27.571,7247.780,23682.565,20171122_074417,479180,154,25064,125
1,KCRP20171123_131857_V06,21.220,0.064,414.345,191.652,2.577,-96.928,28.272,1288.322,78762.645,20171123_071857,479180,409,26608,226
1,KCRP20171124_123218_V06,-26.208,0.068,460.334,255.068,5.503,-96.696,27.984,2751.728,83255.497,20171124_063218,479173,161,24028,83
1,KCRP20171124_124200_V06,-16.508,0.056,461.581,254.673,16.003,-96.690,27.986,8001.323,83909.103,20171124_064200,479182,197,26915,84
1,KCRP20171125_121447_V06,-44.501,0.074,283.950,486.834,8.499,-97.592,26.941,4249.595,93761.210,20171125_061447,479174,401,40380,261
2,KCRP20171125_124352_V06,-15.418,0.067,358.098,117.682,21.605,-97.214,28.606,10802.399,95675.696,20171125_064352,479180,701,41450,468
3,KCRP20171125_131258_V06,13.682,0.362,292.740,162.628,31.781,-97.548,28.404,15890.480,68781.667,20171125_071258,479180,984,59784,621
5,KCRP20171125_132240_V06,23.382,0.056,41.163,72.693,5.122,-98.836,28.803,2560.854,172239.119,20171125_072240,479172,955,63858,643
2,KCRP20171126_140321_V06,63.292,0.058,333.505,386.583,26.087,-97.341,27.393,13043.503,46419.716,20171126_080321,479179,652,31411,93
1,KCRP20171127_123748_V06,-23.030,0.060,344.206,153.927,14.615,-97.285,28.443,7307.514,76307.650,20171127_063748,479176,103,24318,72
2,KCRP20171127_123748_V06,-23.030,0.059,401.638,117.560,14.250,-96.991,28.606,7125.248,104420.538,20171127_063748,479176,103,24318,72
3,KCRP20171127_124730_V06,-13.330,0.164,193.231,378.419,12.855,-98.051,27.429,6427.425,66236.931,20171127_064730,479179,84,29820,56
1,KCRP20171128_121044_V06,-50.864,0.078,291.749,345.185,9.261,-97.553,27.580,4630.695,22966.016,20171128_061044,479182,178,17754,159
1,KCRP20171130_130559_V06,2.864,0.062,372.339,192.978,32.306,-97.142,28.266,16153.130,64588.546,20171130_070559,479181,16,34484,15
3,KCRP20171201_142233_V06,78.678,0.166,164.758,94.023,8.103,-98.203,28.711,4051.670,123203.935,20171201_082233,479177,135,29028,85
3,KCRP20171201_143214_V06,88.361,0.323,163.629,96.627,18.759,-98.209,28.700,9379.657,122431.015,20171201_083214,479179,180,29549,113
1,KCRP20171201_123555_V06,-27.956,0.098,380.955,176.118,46.156,-97.098,28.342,23078.049,73994.135,20171201_063555,479184,288,18140,200
2,KCRP20171201_123555_V06,-27.956,0.066,402.337,224.316,2.536,-96.990,28.124,1267.857,63641.523,20171201_063555,479184,288,18140,200
1,KCRP20171202_130041_V06,-3.936,0.089,325.547,462.512,18.922,-97.382,27.051,9460.900,82253.814,20171202_070041,479188,147,36955,131
1,KCRP20171202_130536_V06,0.980,0.065,325.322,460.423,28.011,-97.383,27.060,14005.643,81204.511,20171202_070536,479182,159,36138,134
2,KCRP20171202_130536_V06,0.980,0.248,374.182,76.624,4.633,-97.131,28.791,2316.376,117685.773,20171202_070536,479182,159,36138,134
2,KCRP20171202_131031_V06,5.897,0.148,374.391,76.473,11.220,-97.130,28.792,5610.066,117790.449,20171202_071031,479177,107,34967,79
1,KCRP20171204_121943_V06,-46.377,0.066,275.090,436.264,8.309,-97.637,27.169,4154.547,69261.222,20171204_061943,479177,156,20969,140
3,KCRP20171204_130025_V06,-5.677,0.061,291.783,442.063,18.705,-97.552,27.143,9352.474,71150.450,20171204_070025,479184,172,18348,156
1,KCRP20171208_122219_V06,-46.629,0.114,43.907,260.965,63.060,-98.812,27.954,31529.772,129525.451,20171208_062219,479176,127,342525,75
1,KCRP20171208_122713_V06,-41.729,0.064,44.591,259.654,70.841,-98.809,27.960,35420.251,129287.958,20171208_062713,479185,109,334154,78
1,KCRP20171210_121207_V06,-58.196,0.148,271.278,437.607,6.781,-97.656,27.163,3390.556,70286.061,20171210_061207,479180,264,17472,119
3,KCRP20171210_124113_V06,-29.096,0.065,360.238,363.136,21.181,-97.206,27.499,10590.361,43631.465,20171210_064113,479178,358,13382,213
4,KCRP20171210_130543_V06,-4.596,0.113,388.899,295.389,14.731,-97.060,27.804,7365.410,44509.387,20171210_070543,479168,433,18287,248
5,KCRP20171210_131037_V06,0.304,0.091,179.059,426.057,17.737,-98.121,27.214,8868.523,87345.792,20171210_071037,479174,408,19109,209
1,KCRP20171212_122858_V06,-42.666,0.057,293.544,345.728,11.991,-97.544,27.578,5995.422,23090.533,20171212_062858,479180,179,20106,137
2,KCRP20171212_133654_V06,25.267,0.173,324.363,371.989,12.105,-97.388,27.459,6052.670,37999.737,20171212_073654,479182,262,21398,218
1,KCRP20171213_123053_V06,-41.390,0.126,355.125,130.868,11.134,-97.229,28.547,5566.784,88944.543,20171213_063053,479184,292,16122,206
1,KCRP20171213_124036_V06,-31.674,0.223,356.727,132.290,19.758,-97.221,28.540,9878.867,88522.053,20171213_064036,479175,227,16112,154
2,KCRP20171213_131925_V06,7.143,0.527,369.340,73.687,6.067,-97.156,28.804,3033.554,118348.913,20171213_071925,479177,167,15201,124
2,KCRP20171213_132906_V06,16.826,0.212,371.640,72.780,13.971,-97.144,28.809,6985.693,119122.991,20171213_072906,479176,139,15986,77
4,KCRP20171214_132133_V06,8.649,0.105,349.550,316.811,20.703,-97.260,27.708,10351.280,26161.895,20171214_072133,479178,141,19898,86
4,KCRP20171214_133116_V06,18.366,0.088,350.878,315.949,29.874,-97.253,27.712,14936.756,26659.821,20171214_073116,479173,125,20033,86
1,KCRP20171214_122320_V06,-49.568,0.053,413.907,174.380,1.895,-96.930,28.349,947.620,84786.811,20171214_062320,479180,60,42823,26
2,KCRP20171214_130208_V06,-10.768,0.211,357.030,313.703,9.578,-97.222,27.722,4788.883,29326.619,20171214_070208,479181,133,18433,81
3,KCRP20171214_130208_V06,-10.768,0.095,21.837,548.572,22.517,-98.908,26.655,11258.274,186522.448,20171214_070208,479181,133,18433,81
1,KCRP20171217_121926_V06,-55.259,0.092,250.388,378.032,2.142,-97.762,27.432,1071.106,46234.066,20171217_061926,479186,125,18818,63
3,KCRP20171218_121806_V06,-57.158,0.109,292.684,160.098,18.109,-97.548,28.415,9054.417,70046.550,20171218_061806,479180,193,109100,99
9,KCRP20171218_122942_V06,-45.558,0.279,294.766,337.342,16.708,-97.537,27.615,8354.235,18853.538,20171218_062942,479175,226,116344,124
1,KCRP20171220_134128_V06,25.132,0.185,379.222,79.802,28.941,-97.105,28.777,14470.364,117007.842,20171220_074128,479182,1235,37226,973
1,KCRP20171224_131539_V06,-2.608,0.232,374.890,74.414,2.894,-97.127,28.801,1446.972,118845.968,20171224_071539,479179,182,22651,119
1,KCRP20171224_132033_V06,2.292,0.549,374.641,74.996,9.327,-97.129,28.799,4663.464,118530.934,20171224_072033,479177,147,23201,83
1,KCRP20171224_132529_V06,7.225,0.228,375.917,76.856,14.351,-97.122,28.790,7175.278,117852.330,20171224_072529,479185,136,22968,87
2,KCRP20171226_124441_V06,-34.412,0.069,288.607,343.079,11.748,-97.569,27.590,5874.144,22280.038,20171226_064441,479184,139,41666,87
1,KCRP20171228_123715_V06,-42.594,0.052,294.931,366.087,14.487,-97.536,27.486,7243.559,33140.543,20171228_063715,479180,183,30054,125
2,KCRP20171228_131605_V06,-3.761,0.062,301.008,357.637,19.015,-97.506,27.524,9507.696,28822.706,20171228_071605,479183,173,41779,122
1,KCRP20171231_122929_V06,-51.309,0.076,275.716,439.015,6.131,-97.633,27.157,3065.575,70560.035,20171231_062929,479172,178,74264,119
2,KCRP20171231_131801_V06,-2.776,0.094,321.650,353.364,30.562,-97.401,27.543,15280.935,28794.217,20171231_071801,479177,259,53833,180
3,KCRP20171231_140833_V06,47.758,0.063,305.727,359.604,18.079,-97.482,27.515,9039.377,29939.443,20171231_080833,479179,246,19043,124
