track_id,filename,from_sunrise,det_score,x,y,r,lon,lat,radius,geo_dist,local_time,n_radar_pixels,n_refAbove40_pixels,n_xcorrAbove0.95_pixels,n_xcorrBelow0.95_refAbove40_pixels
1,KHNX20180602_134214_V06,60.264,0.121,28.084,426.951,38.826,-121.134,35.733,19413.158,150045.796,20180602_064214,479172,270,16228,166
1,KHNX20180604_122517_V06,-16.131,0.098,221.908,232.021,11.840,-120.068,36.620,5919.914,51767.521,20180604_052517,479172,230,23146,154
1,KHNX20180608_132815_V06,47.599,0.120,301.132,514.436,9.519,-119.625,35.348,4759.404,107219.329,20180608_062815,479177,174,23673,122
1,KHNX20180612_131053_V06,30.534,0.065,23.933,431.072,34.672,-121.157,35.714,17336.071,152801.378,20180612_061053,479169,216,20081,129
1,KHNX20180612_132037_V06,40.268,0.053,25.245,430.224,43.148,-121.149,35.718,21574.116,152026.751,20180612_062037,479169,210,20101,125
1,KHNX20180612_133021_V06,50.001,0.083,27.034,425.023,41.266,-121.140,35.741,20633.118,150117.331,20180612_063021,479166,248,19563,156
1,KHNX20180612_134005_V06,59.734,-1.000,28.741,420.481,40.998,-121.131,35.762,20499.191,148405.957,20180612_064005,479165,204,19277,124
1,KHNX20180612_134949_V06,69.468,0.223,25.832,424.052,39.662,-121.147,35.746,19831.227,150463.745,20180612_064949,479169,232,19193,140
1,KHNX20180612_140915_V06,88.901,0.094,27.798,423.021,45.307,-121.136,35.750,22653.719,149355.356,20180612_070915,479166,294,18589,183
2,KHNX20180613_130746_V06,27.423,0.060,22.491,166.796,21.076,-121.188,36.904,10537.986,153911.095,20180613_060746,479174,514,28209,351
1,KHNX20180615_120130_V06,-38.917,0.135,176.708,216.666,10.973,-120.321,36.688,5486.622,74406.562,20180615_050130,479168,164,23340,115
1,KHNX20180616_114831_V06,-51.978,0.061,187.619,219.493,3.625,-120.260,36.675,1812.387,69121.275,20180616_044831,479169,72,23672,46
1,KHNX20180616_120758_V06,-32.528,0.096,188.687,218.806,16.259,-120.254,36.678,8129.394,68889.501,20180616_050758,479164,103,21517,74
2,KHNX20180616_122726_V06,-13.061,0.106,384.037,368.978,11.793,-119.165,36.002,5896.296,54360.607,20180616_052726,479168,114,18984,89
2,KHNX20180616_123709_V06,-3.345,0.088,384.610,370.953,23.402,-119.162,35.994,11700.807,55211.628,20180616_053709,479173,122,17924,86
1,KHNX20180617_115001_V06,-50.582,0.053,190.722,221.164,8.834,-120.242,36.668,4417.170,67373.787,20180617_045001,479176,36,15819,25
2,KHNX20180617_122855_V06,-11.682,0.057,204.511,213.330,29.375,-120.165,36.703,14687.704,64478.271,20180617_052855,479174,53,15417,27
3,KHNX20180618_123452_V06,-5.863,0.075,305.850,381.129,17.959,-119.599,35.949,8979.506,40669.776,20180618_053452,479166,147,16393,75
4,KHNX20180618_123452_V06,-5.863,0.075,382.713,373.951,16.866,-119.173,35.980,8432.785,55475.850,20180618_053452,479166,147,16393,75
1,KHNX20180623_120552_V06,-35.899,0.477,188.215,224.172,13.749,-120.256,36.654,6874.273,67538.271,20180623_050552,479168,282,23149,172
2,KHNX20180623_120552_V06,-35.899,0.053,98.344,184.142,12.863,-120.761,36.831,6431.719,116284.384,20180623_050552,479168,282,23149,172
1,KHNX20180624_114236_V06,-59.447,0.081,214.374,147.751,3.013,-120.112,36.999,1506.716,87337.814,20180624_044236,479166,212,21148,135
1,KHNX20180624_120202_V06,-40.014,0.070,195.073,207.971,17.446,-120.218,36.727,8723.205,69783.541,20180624_050202,479167,203,19156,137
1,KHNX20180625_120713_V06,-35.135,0.591,187.019,219.960,12.117,-120.263,36.673,6058.479,69229.847,20180625_050713,479166,105,26648,67
1,KHNX20180625_121657_V06,-25.402,0.198,188.314,220.044,20.414,-120.256,36.673,10206.873,68677.932,20180625_051657,479170,92,23969,71
2,KHNX20180625_124610_V06,3.815,0.051,481.441,553.211,11.623,-118.635,35.169,5811.673,155753.845,20180625_054610,479181,130,25511,105
1,KHNX20180626_122648_V06,-15.880,0.053,183.989,103.723,10.302,-120.284,37.197,5151.218,113999.401,20180626_052648,479172,474,13342,352
1,KHNX20180627_114309_V06,-59.881,0.159,366.373,409.324,8.305,-119.264,35.821,4152.422,63947.276,20180627_044309,479172,809,16337,599
1,KHNX20180628_120356_V06,-39.471,0.085,191.257,208.582,15.623,-120.240,36.725,7811.600,71032.280,20180628_050356,479172,185,16637,97
2,KHNX20180628_122320_V06,-20.071,0.216,307.016,376.693,10.093,-119.592,35.969,5046.482,38506.632,20180628_052320,479174,196,13954,133
1,KHNX20180629_114615_V06,-57.550,0.144,365.384,418.099,5.449,-119.270,35.781,2724.531,67495.341,20180629_044615,479176,191,18137,147
2,KHNX20180629_124319_V06,-0.484,0.402,358.527,316.005,9.595,-119.306,36.242,4797.348,30337.885,20180629_054319,479173,208,14738,145
1,KHNX20180701_120428_V06,-40.188,0.108,456.058,421.938,10.350,-118.768,35.762,5175.200,99023.848,20180701_050428,479171,140,17196,98
2,KHNX20180701_132257_V06,38.295,0.107,355.341,237.412,44.205,-119.322,36.596,22102.615,41772.740,20180701_062257,479175,324,16115,173
2,KHNX20180702_121859_V06,-26.130,0.068,186.591,220.399,11.835,-120.265,36.671,5917.648,69278.130,20180702_051859,479172,134,17607,92
2,KHNX20180702_122605_V06,-19.030,0.068,187.178,220.272,20.494,-120.262,36.672,10246.850,69074.841,20180702_052605,479174,143,15523,112
1,KHNX20180702_120444_V06,-40.380,0.149,183.841,218.884,6.978,-120.281,36.678,3489.237,70839.198,20180702_050444,479175,91,20266,42
1,KHNX20180703_122242_V06,-22.891,0.067,190.253,216.710,17.232,-120.245,36.688,8616.215,68886.821,20180703_052242,479172,132,14799,84
1,KHNX20180703_123223_V06,-13.208,0.072,192.351,217.466,27.763,-120.233,36.685,13881.297,67823.645,20180703_053223,479173,184,15431,134
1,KHNX20180704_120051_V06,-45.239,0.393,182.649,213.895,7.295,-120.288,36.700,3647.482,72775.762,20180704_050051,479172,69,18766,39
1,KHNX20180704_120758_V06,-38.122,0.307,182.938,213.598,14.772,-120.286,36.702,7385.965,72747.569,20180704_050758,479171,64,19054,54
1,KHNX20180704_121505_V06,-31.005,0.281,183.804,215.110,15.652,-120.281,36.695,7825.840,71950.998,20180704_051505,479170,85,18674,67
1,KHNX20180704_122212_V06,-23.889,0.105,181.217,211.988,19.433,-120.296,36.709,9716.336,73918.026,20180704_052212,479173,65,16064,40
2,KHNX20180704_125041_V06,4.595,0.145,355.450,313.374,15.346,-119.323,36.254,7672.932,28519.992,20180704_055041,479171,78,14562,51
1,KHNX20180705_120622_V06,-40.238,0.741,187.084,217.205,9.406,-120.263,36.686,4702.753,70008.841,20180705_050622,479174,40,18635,21
1,KHNX20180705_121330_V06,-33.105,0.152,187.363,217.853,17.651,-120.261,36.683,8825.321,69705.267,20180705_051330,479172,60,18391,45
1,KHNX20180707_124813_V06,0.525,0.198,250.595,138.258,11.425,-119.909,37.043,5712.725,84559.502,20180707_054813,479168,274,13649,179
1,KHNX20180708_124406_V06,-4.160,0.111,241.105,225.466,18.490,-119.960,36.650,9244.934,47497.311,20180708_054406,479173,230,15870,181
1,KHNX20180711_130339_V06,13.586,0.256,254.123,141.779,26.470,-119.889,37.027,13235.128,82368.748,20180711_060339,479177,695,21688,465
1,KHNX20180712_120541_V06,-45.011,0.269,185.060,218.925,8.695,-120.274,36.678,4347.694,70328.331,20180712_050541,479174,219,18774,142
1,KHNX20180712_121248_V06,-37.894,0.061,184.796,219.094,15.766,-120.276,36.677,7882.987,70387.639,20180712_051248,479174,308,17912,202
2,KHNX20180712_120541_V06,-45.011,0.051,298.892,410.666,5.854,-119.637,35.815,2927.088,55335.948,20180712_050541,479174,219,18774,142
3,KHNX20180712_124825_V06,-2.278,0.096,240.992,174.699,16.923,-119.962,36.878,8461.586,69249.947,20180712_054825,479169,577,14271,348
4,KHNX20180712_130948_V06,19.106,0.295,514.588,444.450,44.459,-118.446,35.657,22229.372,129338.360,20180712_060948,479174,736,13807,532
4,KHNX20180712_131655_V06,26.222,-1.000,514.588,444.450,55.774,-118.446,35.657,27887.122,129338.360,20180712_061655,479171,663,19360,428
4,KHNX20180712_132126_V06,30.739,0.062,499.608,445.850,49.449,-118.529,35.652,24724.655,123607.643,20180712_062126,479172,737,19254,434
1,KHNX20180713_120652_V06,-44.472,0.079,183.967,219.325,8.422,-120.280,36.676,4210.938,70661.238,20180713_050652,479168,404,16585,252
1,KHNX20180715_122020_V06,-32.332,0.051,306.294,406.459,28.148,-119.596,35.834,14074.108,53322.461,20180715_052020,479171,142,19683,107
1,KHNX20180716_121555_V06,-37.429,0.616,306.975,406.274,27.778,-119.593,35.835,13889.084,53251.080,20180716_051555,479173,228,23762,155
1,KHNX20180716_122302_V06,-30.313,0.078,303.794,405.997,34.845,-119.610,35.837,17422.663,53032.299,20180716_052302,479173,326,22791,235
2,KHNX20180716_130549_V06,12.471,0.096,483.449,558.870,15.344,-118.625,35.143,7672.013,158640.507,20180716_060549,479172,437,15460,296
3,KHNX20180716_130549_V06,12.471,0.086,361.220,305.537,14.363,-119.290,36.289,7181.641,30734.764,20180716_060549,479172,437,15460,296
3,KHNX20180720_140758_V06,71.795,0.073,204.984,160.155,18.965,-120.164,36.943,9482.691,84535.108,20180720_070758,479175,533,20480,370
3,KHNX20180720_141505_V06,78.912,0.432,203.409,157.590,27.059,-120.173,36.955,13529.618,86038.597,20180720_071505,479173,602,20695,427
1,KHNX20180720_121400_V06,-42.171,0.079,249.030,220.247,7.038,-119.916,36.673,3519.213,47324.787,20180720_051400,479174,206,19762,150
2,KHNX20180720_121400_V06,-42.171,0.063,182.993,218.504,8.214,-120.286,36.680,4106.876,71295.828,20180720_051400,479174,206,19762,150
1,KHNX20180721_130639_V06,9.750,0.188,212.209,217.245,27.551,-120.122,36.686,13775.524,60323.471,20180721_060639,479172,130,13444,108
2,KHNX20180721_131347_V06,16.883,0.221,489.901,487.268,19.791,-118.585,35.466,9895.498,133352.403,20180721_061347,479173,160,14045,85
1,KHNX20180722_121253_V06,-44.753,0.138,300.517,406.530,15.132,-119.628,35.834,7565.804,53265.734,20180722_051253,479168,94,21186,64
1,KHNX20180722_122001_V06,-37.620,0.088,303.959,408.050,24.327,-119.609,35.827,12163.515,54061.138,20180722_052001,479171,126,22332,90
1,KHNX20180723_121011_V06,-48.198,0.092,182.583,223.164,9.364,-120.288,36.659,4681.913,70161.146,20180723_051011,479175,78,20617,47
1,KHNX20180724_121019_V06,-48.815,0.302,301.779,411.083,9.435,-119.621,35.814,4717.449,55548.806,20180724_051019,479171,520,21964,388
1,KHNX20180724_121726_V06,-41.699,0.678,311.310,414.865,17.876,-119.569,35.797,8938.064,57710.182,20180724_051726,479173,600,22053,447
4,KHNX20180724_121726_V06,-41.699,0.071,268.998,144.321,20.543,-119.805,37.015,10271.736,79368.008,20180724_051726,479173,600,22053,447
1,KHNX20180725_120200_V06,-57.889,0.206,299.569,410.725,8.289,-119.633,35.815,4144.691,55362.755,20180725_050200,479174,481,31507,332
1,KHNX20180725_120643_V06,-53.173,0.454,299.441,410.077,13.306,-119.634,35.818,6652.855,55039.340,20180725_050643,479175,409,31258,288
1,KHNX20180725_121126_V06,-48.456,-1.000,299.340,409.567,18.849,-119.635,35.820,9424.746,54784.678,20180725_051126,479174,394,31300,256
1,KHNX20180725_121608_V06,-43.756,0.085,299.932,407.655,12.013,-119.631,35.829,6006.336,53827.434,20180725_051608,479183,353,31297,240
3,KHNX20180725_130314_V06,3.344,0.159,242.929,132.863,6.936,-119.952,37.067,3467.859,88306.325,20180725_060314,479175,305,22107,184
3,KHNX20180725_130757_V06,8.061,-1.000,242.929,132.863,14.435,-119.952,37.067,7217.609,88306.325,20180725_060757,479174,322,22267,206
3,KHNX20180725_131239_V06,12.761,0.058,249.337,135.961,18.395,-119.916,37.053,9197.304,85842.253,20180725_061239,479174,381,21936,221
1,KHNX20180726_121224_V06,-48.253,0.355,297.787,409.685,8.644,-119.643,35.820,4322.205,54853.540,20180726_051224,479173,350,18700,225
4,KHNX20180726_123346_V06,-26.886,0.138,252.944,220.542,11.689,-119.894,36.672,5844.501,46172.917,20180726_053346,479174,474,17447,288
1,KHNX20180727_120201_V06,-59.405,0.163,249.706,215.533,8.519,-119.912,36.694,4259.365,49153.318,20180727_050201,479171,320,19835,200
1,KHNX20180727_120909_V06,-52.272,0.058,250.514,215.659,15.785,-119.908,36.694,7892.460,48893.517,20180727_050909,479173,375,18955,262
1,KHNX20180728_123837_V06,-23.579,0.126,420.622,353.649,5.908,-118.962,36.071,2954.092,66007.405,20180728_053837,479173,90,18946,52
3,KHNX20180728_134955_V06,47.721,0.053,365.886,412.750,6.610,-119.267,35.806,3304.962,65294.581,20180728_064955,479175,184,20068,105
1,KHNX20180729_124414_V06,-18.741,0.118,310.189,408.558,13.196,-119.575,35.825,6597.967,54517.519,20180729_054414,479169,192,16527,114
1,KHNX20180729_125122_V06,-11.608,0.050,310.786,408.189,21.650,-119.571,35.827,10824.914,54362.762,20180729_055122,479170,204,15531,142
1,KHNX20180730_132509_V06,21.392,0.092,241.053,211.680,24.341,-119.961,36.712,12170.422,53092.263,20180730_062509,479174,190,18634,114
1,KHNX20180731_131755_V06,13.372,0.063,238.421,139.106,6.683,-119.977,37.039,3341.253,86137.644,20180731_061755,479177,1135,24510,769
1,KHNX20180801_133730_V06,32.165,0.112,273.461,369.265,8.402,-119.778,36.002,4201.191,37087.704,20180801_063730,479173,241,19461,137
1,KHNX20180802_131251_V06,6.721,0.061,371.218,302.789,5.520,-119.235,36.301,2760.155,35636.476,20180802_061251,479171,436,17472,303
1,KHNX20180803_132937_V06,22.691,0.068,256.560,142.001,34.227,-119.875,37.026,17113.663,81930.687,20180803_062937,479170,467,16318,311
1,KHNX20180804_131253_V06,5.158,0.092,242.367,133.029,6.181,-119.955,37.066,3090.319,88319.056,20180804_061253,479172,214,17033,151
3,KHNX20180804_141701_V06,69.291,0.121,295.786,407.315,12.156,-119.654,35.831,6078.230,53699.015,20180804_071701,479175,296,16128,205
1,KHNX20180805_131055_V06,2.390,0.127,240.862,133.774,5.820,-119.964,37.063,2910.210,88216.228,20180805_061055,479174,182,15501,119
1,KHNX20180805_131803_V06,9.523,0.387,245.198,136.195,15.985,-119.939,37.052,7992.663,86364.590,20180805_061803,479170,191,15175,114
1,KHNX20180805_132510_V06,16.640,0.075,257.347,140.268,27.423,-119.871,37.034,13711.360,82664.122,20180805_062510,479171,159,15775,86
1,KHNX20180806_121612_V06,-53.131,0.057,480.313,556.166,13.235,-118.642,35.156,6617.715,156631.305,20180806_051612,479169,356,22410,287
1,KHNX20180807_131712_V06,7.064,0.503,366.762,312.128,13.214,-119.260,36.259,6607.151,33927.180,20180807_061712,479172,305,20206,205
4,KHNX20180809_131924_V06,7.649,0.089,244.338,134.572,10.846,-119.944,37.059,5423.059,87270.695,20180809_061924,479173,176,18669,123
4,KHNX20180809_132630_V06,14.749,0.094,241.459,134.856,19.954,-119.960,37.058,9976.756,87606.574,20180809_062630,479170,250,18559,188
4,KHNX20180809_133337_V06,21.866,0.051,246.922,136.266,30.335,-119.929,37.052,15167.256,86060.944,20180809_063337,479172,306,20078,209
3,KHNX20180809_124153_V06,-29.867,0.311,124.603,172.556,19.115,-120.615,36.884,9557.729,108404.630,20180809_054153,479171,189,27445,147
3,KHNX20180809_124859_V06,-22.767,0.152,123.517,173.177,27.473,-120.621,36.882,13736.370,108662.711,20180809_054859,479174,129,23888,87
1,KHNX20180809_121326_V06,-58.317,0.074,267.656,131.459,9.268,-119.813,37.073,4634.102,85808.208,20180809_051326,479173,215,25906,131
2,KHNX20180809_122741_V06,-44.067,0.060,178.702,111.168,3.482,-120.314,37.163,1741.161,112217.317,20180809_052741,479173,198,24692,148
1,KHNX20180812_132712_V06,13.024,0.271,248.242,133.119,14.554,-119.922,37.066,7277.113,87361.569,20180812_062712,479174,445,27232,281
1,KHNX20180812_133153_V06,17.707,0.079,248.910,133.383,21.348,-119.918,37.065,10674.138,87136.809,20180812_063153,479173,459,26481,291
1,KHNX20180813_122504_V06,-49.917,0.060,479.081,549.569,8.883,-118.648,35.185,4441.257,153585.820,20180813_052504,479171,366,19439,282
1,KHNX20180814_141505_V06,59.292,0.064,244.324,177.624,45.858,-119.943,36.865,22928.802,67222.803,20180814_071505,479171,499,18752,319
1,KHNX20180815_123027_V06,-46.148,0.066,301.493,411.391,13.395,-119.623,35.812,6697.664,55700.652,20180815_053027,479173,225,27565,163
1,KHNX20180816_122553_V06,-51.520,0.142,304.338,410.999,8.702,-119.607,35.814,4350.910,55541.846,20180816_052553,479173,157,25340,96
2,KHNX20180816_130133_V06,-15.854,0.066,137.004,181.467,19.418,-120.545,36.845,9708.956,100769.145,20180816_060133,479171,160,20399,120
1,KHNX20180817_123104_V06,-47.141,0.059,299.855,410.115,7.550,-119.632,35.818,3775.028,55057.329,20180817_053104,479169,935,18559,663
1,KHNX20180821_133323_V06,11.973,0.052,369.136,321.233,19.282,-119.247,36.218,9641.243,36161.599,20180821_063323,479174,156,18418,124
2,KHNX20180822_124113_V06,-40.990,0.095,184.450,216.998,8.455,-120.278,36.686,4227.337,71135.508,20180822_054113,479168,59,24502,45
2,KHNX20180822_124820_V06,-33.874,0.055,184.306,216.715,15.733,-120.278,36.688,7866.705,71276.579,20180822_054820,479175,31,27839,26
2,KHNX20180822_130234_V06,-19.640,0.079,184.505,221.043,19.557,-120.277,36.668,9778.271,69952.069,20180822_060234,479173,61,21927,55
1,KHNX20180822_123407_V06,-48.090,0.056,310.232,412.701,12.233,-119.575,35.806,6116.682,56582.083,20180822_053407,479172,46,26181,34
3,KHNX20180822_130234_V06,-19.640,0.090,219.386,271.021,16.913,-120.081,36.444,8456.652,42832.185,20180822_060234,479173,61,21927,55
4,KHNX20180822_133104_V06,8.860,0.207,373.855,320.914,21.488,-119.220,36.219,10743.870,38379.427,20180822_063104,479174,134,21398,108
2,KHNX20180823_133236_V06,9.598,0.076,27.140,412.256,38.718,-121.140,35.799,19359.221,147524.650,20180823_063236,479170,129,16341,98
2,KHNX20180823_133943_V06,16.714,0.074,27.909,416.124,49.146,-121.136,35.781,24573.231,147917.679,20180823_063943,479172,92,17230,80
1,KHNX20180823_130406_V06,-18.902,0.158,117.618,183.016,29.975,-120.653,36.837,14987.449,108337.898,20180823_060406,479174,61,18509,35
1,KHNX20180824_125143_V06,-32.079,0.126,223.787,270.588,8.882,-120.056,36.446,4440.802,40845.532,20180824_055143,479175,39,31918,33
1,KHNX20180824_130556_V06,-17.862,0.106,225.784,270.826,20.745,-120.045,36.445,10372.567,39871.951,20180824_060556,479175,59,22605,48
2,KHNX20180824_125143_V06,-32.079,0.116,184.577,220.480,8.935,-120.277,36.671,4467.674,70082.087,20180824_055143,479175,39,31918,33
2,KHNX20180824_130556_V06,-17.862,0.175,186.624,219.807,20.093,-120.265,36.674,10046.320,69435.398,20180824_060556,479175,59,22605,48
3,KHNX20180824_131303_V06,-10.746,0.197,347.703,317.197,6.677,-119.366,36.236,3338.387,25353.909,20180824_061303,479175,87,19689,70
4,KHNX20180824_133423_V06,10.588,0.087,217.659,272.644,15.001,-120.090,36.437,7500.401,43382.964,20180824_063423,479177,95,19266,67
1,KHNX20180826_131904_V06,-6.311,0.163,352.498,313.477,17.030,-119.339,36.253,8515.144,27100.214,20180826_061904,479173,121,18727,105
1,KHNX20180826_132612_V06,0.822,0.066,353.459,312.977,26.475,-119.334,36.255,13237.637,27505.599,20180826_062612,479172,118,21362,87
2,KHNX20180826_134028_V06,15.089,0.067,36.775,414.634,47.265,-121.087,35.789,23632.421,143551.556,20180826_064028,479170,117,19536,82
1,KHNX20180827_133816_V06,12.100,0.120,221.929,270.970,18.530,-120.067,36.444,9264.874,41646.820,20180827_063816,479174,217,16466,166
3,KHNX20180828_132156_V06,-5.021,0.050,215.995,269.604,7.434,-120.100,36.450,3717.161,44667.460,20180828_062156,479173,79,19514,65
3,KHNX20180828_132904_V06,2.112,0.171,216.629,270.983,15.958,-120.096,36.444,7979.217,44138.227,20180828_062904,479174,117,19658,94
3,KHNX20180828_133613_V06,9.262,0.691,218.924,272.844,17.205,-120.083,36.436,8602.703,42751.362,20180828_063613,479173,80,19486,58
3,KHNX20180828_134320_V06,16.379,0.524,221.183,277.177,17.702,-120.071,36.416,8851.182,41027.279,20180828_064320,479173,52,19658,42
3,KHNX20180828_135028_V06,23.512,0.056,221.284,279.394,19.449,-120.070,36.406,9724.567,40684.286,20180828_065028,479171,26,20521,17
1,KHNX20180828_131448_V06,-12.155,0.194,346.446,316.346,7.065,-119.373,36.240,3532.417,24619.259,20180828_061448,479170,36,19657,35
1,KHNX20180828_132156_V06,-5.021,0.638,349.897,313.774,19.183,-119.354,36.252,9591.681,25881.510,20180828_062156,479173,79,19514,65
1,KHNX20180828_132904_V06,2.112,0.238,352.170,312.330,24.263,-119.341,36.258,12131.655,26803.565,20180828_062904,479174,117,19658,94
2,KHNX20180829_132717_V06,-0.458,0.256,217.289,268.308,11.364,-120.092,36.456,5681.776,44287.257,20180829_062717,479173,87,19113,74
2,KHNX20180829_133424_V06,6.659,0.411,217.942,269.697,19.343,-120.089,36.450,9671.397,43737.083,20180829_063424,479175,91,18523,74
2,KHNX20180829_134131_V06,13.775,0.701,219.053,269.902,21.773,-120.083,36.449,10886.319,43180.747,20180829_064131,479172,40,18659,25
2,KHNX20180829_134838_V06,20.892,0.205,218.602,275.792,21.290,-120.085,36.422,10645.080,42460.668,20180829_064838,479172,56,18869,50
1,KHNX20180829_131301_V06,-14.725,0.051,341.279,318.525,8.558,-119.402,36.230,4278.763,22622.638,20180829_061301,479172,27,21126,18
1,KHNX20180829_132010_V06,-7.575,0.106,343.967,316.756,18.467,-119.387,36.238,9233.347,23525.831,20180829_062010,479172,52,19758,47
1,KHNX20180829_132717_V06,-0.458,0.371,350.207,314.172,24.423,-119.352,36.250,12211.690,26084.207,20180829_062717,479173,87,19113,74
3,KHNX20180829_133424_V06,6.659,0.107,322.952,337.376,23.118,-119.504,36.146,11558.836,21930.529,20180829_063424,479175,91,18523,74
1,KHNX20180830_131125_V06,-17.110,0.192,343.563,316.093,6.627,-119.389,36.241,3313.377,23220.270,20180830_061125,479172,33,21914,27
1,KHNX20180830_131832_V06,-9.993,0.129,344.127,317.430,15.557,-119.386,36.235,7778.659,23722.226,20180830_061832,479170,40,20709,32
1,KHNX20180830_132540_V06,-2.860,0.621,348.703,314.432,17.295,-119.360,36.249,8647.585,25398.419,20180830_062540,479170,45,21301,36
1,KHNX20180830_133248_V06,4.273,0.483,354.213,314.091,26.057,-119.330,36.250,13028.341,28007.123,20180830_063248,479168,54,20286,49
2,KHNX20180830_132540_V06,-2.860,0.116,221.189,267.667,13.041,-120.071,36.459,6520.523,42593.095,20180830_062540,479170,45,21301,36
2,KHNX20180830_133248_V06,4.273,0.743,223.825,268.418,21.913,-120.056,36.456,10956.328,41231.222,20180830_063248,479168,54,20286,49
2,KHNX20180830_133956_V06,11.407,0.914,225.429,276.334,21.110,-120.047,36.420,10555.164,39118.032,20180830_063956,479171,62,18517,42
2,KHNX20180830_134705_V06,18.557,0.861,225.174,279.885,24.683,-120.048,36.404,12341.326,38741.459,20180830_064705,479173,40,18580,29
2,KHNX20180831_132350_V06,-5.478,0.083,217.317,270.644,8.130,-120.092,36.446,4065.004,43869.931,20180831_062350,479172,48,22946,39
2,KHNX20180831_133056_V06,1.622,0.484,219.800,269.828,17.485,-120.078,36.449,8742.554,42843.927,20180831_063056,479173,43,22382,40
2,KHNX20180831_133803_V06,8.739,0.837,226.369,270.540,22.968,-120.042,36.446,11483.862,39652.800,20180831_063803,479174,73,21880,63
2,KHNX20180831_134511_V06,15.872,0.541,226.755,272.258,29.036,-120.040,36.438,14518.143,39161.240,20180831_064511,479171,56,21956,38
2,KHNX20180831_135219_V06,23.006,0.172,230.196,272.609,31.940,-120.020,36.437,15969.788,37492.753,20180831_065219,479172,45,22403,29
1,KHNX20180831_131642_V06,-12.611,0.126,355.191,304.263,19.575,-119.324,36.295,9787.685,27677.759,20180831_061642,479172,50,24211,42
1,KHNX20180831_132350_V06,-5.478,0.119,355.008,307.104,26.950,-119.325,36.282,13474.800,27732.355,20180831_062350,479172,48,22946,39
1,KHNX20180831_133056_V06,1.622,0.251,359.655,307.757,31.847,-119.299,36.279,15923.617,30078.606,20180831_063056,479173,43,22382,40
3,KHNX20180831_132350_V06,-5.478,0.077,351.201,341.982,23.350,-119.347,36.125,11675.156,33105.969,20180831_062350,479172,48,22946,39
3,KHNX20180831_133056_V06,1.622,0.509,336.111,340.645,28.179,-119.431,36.131,14089.711,27184.525,20180831_063056,479173,43,22382,40
1,KHNX20180902_132615_V06,-4.628,0.086,362.129,300.568,29.031,-119.285,36.311,14515.636,31065.904,20180902_062615,479174,193,18349,129
1,KHNX20180903_133107_V06,-0.543,0.058,355.417,306.635,26.450,-119.323,36.284,13224.808,27906.347,20180903_063107,479174,174,18732,144
1,KHNX20180904_132644_V06,-5.708,0.128,354.173,299.926,24.708,-119.329,36.314,12353.760,27086.451,20180904_062644,479167,208,17750,168
1,KHNX20180905_123431_V06,-58.706,0.103,480.644,551.706,8.976,-118.640,35.176,4487.836,154909.883,20180905_053431,479173,93,44460,47
2,KHNX20180905_132826_V06,-4.790,0.052,347.666,305.308,19.137,-119.366,36.290,9568.619,23980.196,20180905_062826,479169,239,25209,153
4,KHNX20180906_140351_V06,29.846,0.085,502.261,511.276,41.250,-118.518,35.357,20625.042,146241.924,20180906_070351,479173,134,22946,99
4,KHNX20180906_141333_V06,39.546,0.174,500.523,516.222,50.314,-118.528,35.335,25157.192,147446.122,20180906_071333,479173,181,23188,135
4,KHNX20180906_142313_V06,49.212,0.068,490.562,525.021,36.690,-118.584,35.296,18344.891,147434.868,20180906_072313,479174,185,23924,119
1,KHNX20180906_132502_V06,-8.971,0.417,113.809,137.332,6.962,-120.678,37.043,3480.801,123620.249,20180906_062502,479169,288,19722,207
2,KHNX20180906_132502_V06,-8.971,0.274,348.200,301.546,16.446,-119.363,36.307,8222.958,24112.461,20180906_062502,479169,288,19722,207
1,KHNX20180907_131829_V06,-16.302,0.231,341.261,309.257,8.291,-119.402,36.272,4145.561,21143.358,20180907_061829,479170,472,19673,359
1,KHNX20180907_132811_V06,-6.602,0.186,345.003,306.099,20.111,-119.381,36.286,10055.379,22707.330,20180907_062811,479169,439,19483,329
1,KHNX20180908_131816_V06,-17.299,0.112,313.215,436.082,13.774,-119.558,35.701,6886.757,68360.898,20180908_061816,479173,276,18737,206
1,KHNX20180908_132757_V06,-7.616,0.076,313.338,436.675,22.974,-119.557,35.698,11487.011,68662.217,20180908_062757,479169,195,18584,151
1,KHNX20180909_144357_V06,67.604,0.108,19.258,407.534,27.693,-121.184,35.819,13846.444,150315.787,20180909_074357,479174,191,19357,116
1,KHNX20180909_145105_V06,74.737,0.148,21.424,413.608,37.949,-121.172,35.792,18974.392,150425.553,20180909_075105,479171,222,18696,138
1,KHNX20180909_150519_V06,88.970,0.238,26.367,421.072,37.498,-121.144,35.759,18749.030,149610.847,20180909_080519,479173,391,19920,260
1,KHNX20180912_132805_V06,-10.604,0.057,234.345,263.867,7.081,-119.997,36.476,3540.514,37470.424,20180912_062805,479172,257,19732,183
1,KHNX20180914_133308_V06,-7.116,0.199,361.232,300.847,27.098,-119.290,36.310,13548.847,30618.864,20180914_063308,479172,276,21021,215
1,KHNX20180914_134017_V06,0.034,0.411,358.609,308.264,31.970,-119.305,36.276,15985.145,29594.408,20180914_064017,479174,307,19426,223
1,KHNX20180914_134726_V06,7.184,0.483,358.086,313.159,33.999,-119.308,36.254,16999.601,29779.012,20180914_064726,479172,291,18747,219
2,KHNX20180917_133743_V06,-4.878,0.091,232.043,259.562,10.025,-120.010,36.496,5012.573,39539.264,20180917_063743,479176,140,22967,97
2,KHNX20180917_134451_V06,2.256,0.426,233.698,260.323,18.351,-120.001,36.492,9175.514,38633.414,20180917_064451,479174,205,21045,156
2,KHNX20180917_135200_V06,9.406,0.060,235.678,260.501,20.406,-119.990,36.492,10202.961,37740.811,20180917_065200,479173,181,20085,131
1,KHNX20180918_133720_V06,-6.044,0.324,233.324,260.228,9.100,-120.003,36.493,4550.180,38818.602,20180918_063720,479172,176,20991,123
1,KHNX20180918_134428_V06,1.089,0.602,234.245,261.475,16.580,-119.998,36.487,8289.882,38104.905,20180918_064428,479169,155,19281,115
1,KHNX20180918_135136_V06,8.222,0.280,236.480,264.231,22.025,-119.985,36.475,11012.400,36449.358,20180918_065136,479176,157,18743,104
2,KHNX20180918_133720_V06,-6.044,0.182,376.542,299.765,39.023,-119.205,36.314,19511.749,38271.405,20180918_063720,479172,176,20991,123
2,KHNX20180918_134428_V06,1.089,0.158,379.097,293.812,52.935,-119.191,36.341,26467.297,39669.446,20180918_064428,479169,155,19281,115
2,KHNX20180919_134348_V06,-0.362,0.377,360.065,318.507,23.522,-119.297,36.230,11760.925,31425.979,20180919_064348,479171,332,21181,255
2,KHNX20180919_135056_V06,6.771,0.088,363.221,314.657,37.127,-119.279,36.248,18563.585,32448.763,20180919_065056,479171,301,19767,220
1,KHNX20180919_133639_V06,-7.512,0.081,368.635,299.992,34.147,-119.249,36.314,17073.257,34317.627,20180919_063639,479177,274,23372,198
1,KHNX20180920_135015_V06,5.302,0.085,373.825,298.874,44.285,-119.220,36.319,22142.300,36916.996,20180920_065015,479175,204,19884,137
1,KHNX20180921_134946_V06,4.031,0.254,363.964,316.932,25.238,-119.275,36.237,12619.053,33083.325,20180921_064946,479173,678,19253,456
2,KHNX20180921_134946_V06,4.031,0.059,229.223,250.650,18.498,-120.026,36.536,9248.783,43141.694,20180921_064946,479173,678,19253,456
3,KHNX20180921_144650_V06,61.098,0.058,25.719,428.956,46.263,-121.147,35.723,23131.704,151541.589,20180921_074650,479169,496,21900,344
1,KHNX20180922_134200_V06,-4.525,0.133,479.466,557.624,12.873,-118.646,35.149,6436.689,156985.932,20180922_064200,479173,216,18101,140
2,KHNX20180922_134200_V06,-4.525,0.051,117.833,340.887,28.126,-120.643,36.126,14063.007,93349.375,20180922_064200,479173,216,18101,140
1,KHNX20180923_125148_V06,-55.516,0.177,479.610,552.000,7.944,-118.645,35.174,3972.058,154728.690,20180923_055148,479171,96,30473,41
1,KHNX20180923_130604_V06,-41.250,0.183,479.576,552.243,15.486,-118.646,35.173,7743.118,154817.679,20180923_060604,479173,96,24886,53
1,KHNX20180924_150718_V06,79.190,0.057,22.946,419.776,30.305,-121.163,35.765,15152.719,150918.202,20180924_080718,479173,539,19992,338
1,KHNX20180924_151427_V06,86.340,0.055,25.425,424.939,41.293,-121.149,35.742,20646.554,150832.085,20180924_081427,479171,469,19890,315
1,KHNX20180925_140246_V06,13.860,0.233,30.819,422.930,45.235,-121.119,35.751,22617.365,147961.232,20180925_070246,479170,338,18979,234
1,KHNX20180925_140955_V06,21.010,0.063,29.721,420.604,53.032,-121.125,35.761,26516.110,147983.179,20180925_070955,479173,220,19012,152
2,KHNX20180925_143120_V06,42.427,0.054,472.477,434.445,33.478,-118.678,35.705,16739.246,109343.136,20180925_073120,479173,186,20568,105
2,KHNX20180925_143828_V06,49.560,-1.000,472.477,434.445,44.820,-118.678,35.705,22410.246,109343.136,20180925_073828,479169,204,21061,152
2,KHNX20180925_144537_V06,56.710,0.056,474.387,440.695,33.687,-118.668,35.676,16843.529,112033.403,20180925_074537,479170,112,21075,70
2,KHNX20180925_145246_V06,63.860,0.052,467.071,438.532,29.515,-118.708,35.686,14757.366,108517.135,20180925_075246,479173,154,21443,94
1,KHNX20180926_131301_V06,-36.689,0.051,179.982,111.386,2.568,-120.307,37.162,1284.248,111780.774,20180926_061301,479176,372,23312,249
1,KHNX20180927_134015_V06,-10.258,0.114,393.209,332.825,7.195,-119.113,36.165,3597.446,49409.757,20180927_064015,479174,1038,21056,798
2,KHNX20180927_134015_V06,-10.258,0.060,240.880,221.403,3.060,-119.962,36.668,1530.113,49174.929,20180927_064015,479174,1038,21056,798
1,KHNX20180928_134842_V06,-2.613,0.074,73.917,114.116,24.975,-120.903,37.145,12487.661,146344.016,20180928_064842,479169,565,22305,351
1,KHNX20180929_133626_V06,-15.689,0.336,360.462,376.169,10.495,-119.296,35.970,5247.740,48624.371,20180929_063626,479172,160,16586,128
1,KHNX20180929_134328_V06,-8.656,0.477,360.741,378.482,16.267,-119.294,35.960,8133.732,49620.864,20180929_064328,479173,176,16671,136
1,KHNX20180929_135031_V06,-1.606,0.116,362.546,382.174,16.572,-119.285,35.943,8286.009,51634.703,20180929_065031,479169,167,18344,121
2,KHNX20180929_134328_V06,-8.656,0.135,357.372,320.393,10.540,-119.312,36.222,5270.149,30444.369,20180929_064328,479173,176,16671,136
2,KHNX20180929_135031_V06,-1.606,0.126,359.317,320.734,20.059,-119.301,36.220,10029.619,31418.175,20180929_065031,479169,167,18344,121
3,KHNX20180929_135031_V06,-1.606,0.110,216.149,230.350,7.727,-120.100,36.627,3863.363,54502.600,20180929_065031,479169,167,18344,121
4,KHNX20180929_141139_V06,19.527,0.097,35.300,420.518,50.621,-121.095,35.762,25310.303,145422.459,20180929_071139,479171,113,16737,87
2,KHNX20180930_133802_V06,-14.903,0.552,356.200,370.958,6.534,-119.319,35.994,3267.061,45259.063,20180930_063802,479174,109,16696,88
2,KHNX20180930_134504_V06,-7.869,0.382,356.249,370.913,14.548,-119.319,35.994,7274.106,45256.420,20180930_064504,479170,205,12555,182
2,KHNX20180930_135207_V06,-0.819,0.406,357.417,373.609,20.581,-119.313,35.982,10290.313,46676.796,20180930_065207,479173,106,13500,95
2,KHNX20180930_140612_V06,13.264,0.051,359.881,374.478,31.098,-119.299,35.978,15548.868,47782.616,20180930_070612,479168,128,12839,111
1,KHNX20180930_133059_V06,-21.953,0.070,388.662,333.878,6.694,-119.138,36.161,3346.951,47456.989,20180930_063059,479174,70,21393,63
4,KHNX20180930_135207_V06,-0.819,0.292,211.255,232.972,8.925,-120.127,36.615,4462.698,55606.682,20180930_065207,479173,106,13500,95
1,KHNX20181001_133946_V06,-13.987,0.207,355.069,369.771,7.138,-119.326,35.999,3568.863,44442.526,20181001_063946,479172,267,22735,218
1,KHNX20181001_134648_V06,-6.954,0.501,355.425,370.198,17.002,-119.324,35.997,8501.083,44720.285,20181001_064648,479169,341,19687,278
1,KHNX20181001_140054_V06,7.146,0.552,358.076,371.211,25.896,-119.309,35.993,12948.154,45945.274,20181001_070054,479177,201,15780,176
10,KHNX20181002_140231_V06,7.941,0.138,281.622,410.660,24.549,-119.733,35.815,12274.618,56088.119,20181002_070231,479180,1492,51918,437
10,KHNX20181002_140832_V06,13.958,0.425,283.842,405.121,30.149,-119.721,35.840,15074.541,53177.890,20181002_070832,479178,1455,53249,363
10,KHNX20181002_141443_V06,20.141,0.246,286.070,384.749,21.044,-119.708,35.932,10521.879,42943.072,20181002_071443,479175,961,55062,173
10,KHNX20181002_142056_V06,26.358,0.174,287.150,383.126,28.414,-119.702,35.940,14207.040,42056.625,20181002_072056,479174,1101,52609,262
16,KHNX20181002_150423_V06,69.808,0.076,475.272,548.641,27.149,-118.669,35.190,13574.732,152104.157,20181002_080423,479177,811,46985,341
16,KHNX20181002_151035_V06,76.008,0.067,476.190,545.711,33.637,-118.664,35.203,16818.505,151175.922,20181002_081035,479175,725,46274,285
4,KHNX20181002_130606_V06,-48.476,0.188,209.017,182.338,7.470,-120.141,36.843,3735.073,74367.573,20181002_060606,479175,754,42126,167
6,KHNX20181002_132013_V06,-34.359,0.233,289.383,486.319,15.139,-119.690,35.475,7569.638,93310.800,20181002_062013,479171,723,40318,188
9,KHNX20181002_134826_V06,-6.142,0.065,353.719,372.053,12.064,-119.333,35.989,6031.765,44937.109,20181002_064826,479171,1663,47837,530
12,KHNX20181002_141443_V06,20.141,0.199,124.793,126.330,21.537,-120.616,37.093,10768.439,123348.048,20181002_071443,479175,961,55062,173
13,KHNX20181002_141443_V06,20.141,0.070,177.292,65.511,28.491,-120.324,37.369,14245.451,132327.492,20181002_071443,479175,961,55062,173
15,KHNX20181002_145157_V06,57.374,0.052,195.849,90.386,6.048,-120.218,37.257,3024.204,117031.442,20181002_075157,479173,736,51944,280
2,KHNX20181003_134302_V06,-12.369,0.289,358.520,376.999,11.730,-119.307,35.967,5865.059,48356.484,20181003_064302,479172,646,51579,251
2,KHNX20181003_134745_V06,-7.652,0.425,358.520,377.199,17.440,-119.307,35.966,8720.121,48436.311,20181003_064745,479172,603,50160,227
2,KHNX20181003_135228_V06,-2.935,0.156,358.904,379.517,19.266,-119.305,35.955,9633.144,49478.627,20181003_065228,479175,648,48467,325
4,KHNX20181003_135228_V06,-2.935,0.158,364.959,309.635,15.459,-119.270,36.270,7729.515,32834.990,20181003_065228,479175,648,48467,325
4,KHNX20181003_140153_V06,6.481,0.216,362.058,311.713,24.821,-119.286,36.261,12410.718,31576.706,20181003_070153,479179,763,48814,271
4,KHNX20181003_140652_V06,11.465,0.051,362.910,314.103,28.765,-119.281,36.250,14382.444,32235.879,20181003_070652,479176,719,49370,227
1,KHNX20181003_133337_V06,-21.785,0.052,358.405,373.444,7.737,-119.307,35.983,3868.443,46917.747,20181003_063337,479175,534,45601,154
1,KHNX20181003_133820_V06,-17.069,0.188,358.668,374.213,13.486,-119.306,35.979,6743.189,47301.112,20181003_063820,479181,660,47428,184
9,KHNX20181003_151020_V06,74.931,0.105,323.730,246.317,24.720,-119.499,36.556,12360.199,29346.823,20181003_081020,479172,1125,65485,151
2,KHNX20181004_134732_V06,-8.700,0.350,359.614,369.289,9.246,-119.301,36.001,4622.988,45702.519,20181004_064732,479177,237,39282,157
2,KHNX20181004_135157_V06,-4.283,0.384,359.673,369.344,15.664,-119.300,36.001,7831.751,45742.226,20181004_065157,479182,254,38528,180
2,KHNX20181004_140045_V06,4.517,0.394,362.244,368.174,21.509,-119.286,36.006,10754.370,46157.349,20181004_070045,479170,230,33621,149
4,KHNX20181004_135157_V06,-4.283,0.121,363.680,305.828,14.329,-119.277,36.287,7164.661,31973.083,20181004_065157,479182,254,38528,180
4,KHNX20181004_140045_V06,4.517,0.579,363.121,305.937,22.994,-119.280,36.287,11496.795,31699.661,20181004_070045,479170,230,33621,149
4,KHNX20181004_140509_V06,8.917,0.375,362.854,305.998,27.729,-119.281,36.287,13864.535,31569.641,20181004_070509,479190,256,32816,178
1,KHNX20181004_133842_V06,-17.533,0.405,287.091,366.922,9.937,-119.703,36.013,4968.582,34077.617,20181004_063842,479186,245,38249,173
3,KHNX20181005_134056_V06,-16.136,0.083,365.901,309.412,6.984,-119.264,36.271,3492.157,33284.795,20181005_064056,479170,341,16709,269
3,KHNX20181005_134804_V06,-9.003,0.463,365.407,311.384,14.909,-119.267,36.262,7454.562,33195.090,20181005_064804,479170,289,15882,259
3,KHNX20181005_140221_V06,5.281,0.311,365.305,313.354,18.298,-119.268,36.253,9148.932,33328.384,20181005_070221,479174,344,15541,295
3,KHNX20181005_140930_V06,12.431,0.098,365.935,316.468,29.152,-119.264,36.239,14576.022,33980.164,20181005_070930,479173,233,16930,157
4,KHNX20181005_134804_V06,-9.003,0.076,130.874,124.855,6.781,-120.582,37.100,3390.357,121736.532,20181005_064804,479170,289,15882,259
4,KHNX20181005_140221_V06,5.281,0.491,131.561,129.661,19.906,-120.578,37.078,9952.957,119778.148,20181005_070221,479174,344,15541,295
4,KHNX20181005_140930_V06,12.431,0.170,131.114,131.907,22.209,-120.581,37.068,11104.609,119140.385,20181005_070930,479173,233,16930,157
4,KHNX20181005_141638_V06,19.564,0.065,135.637,134.255,30.182,-120.555,37.057,15090.946,116711.944,20181005_071638,479173,178,16995,146
2,KHNX20181005_134056_V06,-16.136,0.122,358.319,374.683,4.106,-119.308,35.977,2052.982,47378.042,20181005_064056,479170,341,16709,269
2,KHNX20181005_134804_V06,-9.003,0.191,358.425,377.825,13.235,-119.307,35.963,6617.509,48657.554,20181005_064804,479170,289,15882,259
4,KHNX20181006_134917_V06,-8.627,0.159,131.287,129.573,8.731,-120.580,37.078,4365.731,119905.630,20181006_064917,479175,320,19003,262
4,KHNX20181006_140334_V06,5.656,0.517,135.800,136.498,18.346,-120.554,37.047,9172.904,115860.369,20181006_070334,479172,380,15929,327
4,KHNX20181006_141043_V06,12.806,0.617,140.195,143.548,20.677,-120.529,37.016,10338.488,111819.899,20181006_071043,479171,243,15564,190
4,KHNX20181006_141753_V06,19.973,0.516,141.141,147.612,24.033,-120.523,36.997,12016.463,110066.023,20181006_071753,479174,253,15411,172
4,KHNX20181006_142501_V06,27.106,0.254,130.458,148.870,19.674,-120.583,36.991,9837.162,113561.202,20181006_072501,479176,233,15834,179
2,KHNX20181006_132042_V06,-37.210,0.155,483.369,559.299,17.584,-118.625,35.141,8791.756,158792.578,20181006_062042,479171,134,13763,73
2,KHNX20181006_132751_V06,-30.060,0.062,483.736,559.937,25.346,-118.623,35.139,12673.109,159158.686,20181006_062751,479174,187,18995,124
2,KHNX20181006_133500_V06,-22.910,0.245,486.858,559.075,28.558,-118.606,35.142,14278.778,159715.212,20181006_063500,479175,258,19966,193
1,KHNX20181006_130625_V06,-51.494,0.134,484.790,558.405,17.276,-118.617,35.145,8637.762,158839.781,20181006_060625,479172,120,16425,65
1,KHNX20181006_131334_V06,-44.344,0.080,484.762,558.369,24.461,-118.617,35.146,12230.343,158816.880,20181006_061334,479172,127,13284,68
3,KHNX20181006_134208_V06,-15.777,0.059,306.971,431.579,11.599,-119.593,35.721,5799.393,65881.791,20181006_064208,479176,326,23349,275
5,KHNX20181006_134917_V06,-8.627,0.149,328.201,202.664,6.900,-119.473,36.753,3449.997,50669.595,20181006_064917,479175,320,19003,262
2,KHNX20181007_134623_V06,-12.373,0.054,357.576,372.641,10.944,-119.312,35.986,5471.827,46345.563,20181007_064623,479170,225,27884,168
2,KHNX20181007_135106_V06,-7.656,0.206,357.763,372.165,17.435,-119.311,35.989,8717.690,46217.568,20181007_065106,479170,180,24947,143
3,KHNX20181007_140033_V06,1.794,0.097,134.319,145.602,14.603,-120.562,37.006,7301.723,113235.291,20181007_070033,479176,126,21505,96
3,KHNX20181007_140516_V06,6.510,0.146,134.185,146.556,20.586,-120.563,37.002,10293.037,112959.739,20181007_070516,479174,133,20648,98
1,KHNX20181007_134623_V06,-12.373,0.056,358.638,305.331,9.329,-119.305,36.290,4664.642,29439.800,20181007_064623,479170,225,27884,168
1,KHNX20181008_140422_V06,4.759,0.668,121.102,123.594,16.312,-120.637,37.105,8155.863,125622.033,20181008_070422,479172,1380,12637,1080
1,KHNX20181008_141406_V06,14.492,0.437,123.593,125.567,27.212,-120.623,37.096,13606.237,124042.544,20181008_071406,479174,1564,12662,1240
1,KHNX20181008_142349_V06,24.209,0.264,121.922,127.056,26.184,-120.633,37.089,13092.176,124118.486,20181008_072349,479170,1466,12817,1102
2,KHNX20181008_150242_V06,63.092,0.193,303.352,426.184,10.901,-119.613,35.746,5450.413,63114.444,20181008_080242,479170,1578,14566,1192
1,KHNX20181009_131225_V06,-48.047,0.068,164.627,98.943,6.749,-120.394,37.218,3374.313,121191.971,20181009_061225,479172,1270,9437,988
2,KHNX20181009_140103_V06,0.586,0.241,299.933,71.767,25.060,-119.631,37.342,12529.835,114116.399,20181009_070103,479172,1486,11766,1072
1,KHNX20181010_140717_V06,5.958,0.064,352.604,316.444,17.679,-119.339,36.240,8839.302,27557.343,20181010_070717,479167,104,11083,100
2,KHNX20181010_141701_V06,15.691,0.053,452.631,441.312,26.004,-118.788,35.674,13002.079,104001.517,20181010_071701,479171,200,12779,146
1,KHNX20181011_135156_V06,-10.259,0.060,173.450,157.412,5.812,-120.342,36.955,2906.012,95323.412,20181011_065156,479177,262,26470,204
1,KHNX20181011_140123_V06,-0.809,0.378,175.058,160.993,15.668,-120.332,36.938,7834.147,93452.219,20181011_070123,479171,174,22476,143
1,KHNX20181011_140606_V06,3.908,0.599,176.638,167.726,17.985,-120.323,36.908,8992.423,90435.842,20181011_070606,479175,123,21817,90
1,KHNX20181011_141049_V06,8.624,0.168,177.295,171.307,21.017,-120.319,36.892,10508.688,88907.555,20181011_071049,479170,145,21141,97
2,KHNX20181011_140606_V06,3.908,0.202,362.420,299.154,32.428,-119.284,36.317,16213.951,31212.799,20181011_070606,479175,123,21817,90
2,KHNX20181011_141049_V06,8.624,0.062,362.424,300.631,38.480,-119.284,36.311,19239.861,31213.489,20181011_071049,479170,145,21141,97
3,KHNX20181012_135026_V06,-12.631,0.076,180.314,158.521,3.018,-120.303,36.950,1508.808,92656.588,20181012_065026,479173,102,18516,81
3,KHNX20181012_140444_V06,1.669,0.779,182.001,166.498,14.057,-120.293,36.914,7028.310,89087.738,20181012_070444,479174,107,13220,88
3,KHNX20181012_141153_V06,8.819,0.809,183.049,171.719,18.611,-120.287,36.890,9305.563,86795.160,20181012_071153,479173,86,13674,79
3,KHNX20181012_141902_V06,15.969,0.763,185.032,174.016,23.789,-120.276,36.880,11894.346,85278.232,20181012_071902,479171,104,15073,72
3,KHNX20181012_142611_V06,23.119,0.147,187.700,178.201,29.506,-120.261,36.861,14752.976,82834.649,20181012_072611,479172,96,16068,69
4,KHNX20181012_135026_V06,-12.631,0.068,177.421,159.230,5.195,-120.319,36.946,2597.281,93329.728,20181012_065026,479173,102,18516,81
4,KHNX20181012_140444_V06,1.669,0.476,133.757,142.097,14.140,-120.565,37.022,7069.970,114640.562,20181012_070444,479174,107,13220,88
4,KHNX20181012_141153_V06,8.819,0.597,121.827,140.545,15.286,-120.632,37.028,7642.844,119552.877,20181012_071153,479173,86,13674,79
4,KHNX20181012_141902_V06,15.969,0.426,122.364,144.165,20.271,-120.629,37.012,10135.491,118151.752,20181012_071902,479171,104,15073,72
4,KHNX20181012_142611_V06,23.119,0.299,122.778,148.166,23.793,-120.627,36.994,11896.383,116684.863,20181012_072611,479172,96,16068,69
5,KHNX20181012_140444_V06,1.669,0.309,128.697,98.432,9.430,-120.596,37.218,4714.864,132263.275,20181012_070444,479174,107,13220,88
5,KHNX20181012_141153_V06,8.819,0.265,128.500,100.167,18.047,-120.597,37.211,9023.612,131667.650,20181012_071153,479173,86,13674,79
5,KHNX20181012_141902_V06,15.969,0.469,128.103,102.210,20.061,-120.599,37.201,10030.345,131024.239,20181012_071902,479171,104,15073,72
5,KHNX20181012_142611_V06,23.119,0.356,128.324,103.494,21.601,-120.598,37.196,10800.661,130467.887,20181012_072611,479172,96,16068,69
1,KHNX20181012_135026_V06,-12.631,0.546,361.537,371.384,10.878,-119.290,35.992,5439.138,47123.475,20181012_065026,479173,102,18516,81
1,KHNX20181013_140510_V06,1.225,0.808,129.421,93.246,8.438,-120.592,37.242,4219.039,134019.138,20181013_070510,479172,360,17094,256
1,KHNX20181013_141219_V06,8.375,0.697,130.191,94.703,14.993,-120.588,37.235,7496.636,133212.402,20181013_071219,479174,313,16390,244
1,KHNX20181013_141928_V06,15.525,-1.000,130.880,96.006,22.054,-120.584,37.230,11027.021,132490.583,20181013_071928,479172,431,17299,339
1,KHNX20181013_142637_V06,22.675,0.052,128.129,101.565,18.975,-120.599,37.204,9487.415,131259.631,20181013_072637,479171,364,17945,281
2,KHNX20181013_141219_V06,8.375,0.213,119.785,134.481,12.768,-120.644,37.056,6383.973,122345.895,20181013_071219,479174,313,16390,244
1,KHNX20181014_140458_V06,0.142,0.491,137.804,90.637,10.800,-120.545,37.254,5399.851,132420.298,20181014_070458,479170,213,16190,171
1,KHNX20181014_141206_V06,7.276,0.797,141.246,92.305,20.447,-120.526,37.247,10223.638,130709.765,20181014_071206,479172,241,15448,194
1,KHNX20181014_141915_V06,14.426,0.643,146.600,94.782,28.305,-120.495,37.236,14152.586,128107.430,20181014_071915,479170,208,15898,155
1,KHNX20181014_142624_V06,21.576,0.533,146.470,94.782,29.768,-120.496,37.236,14883.835,128146.210,20181014_072624,479176,152,16266,116
1,KHNX20181014_143332_V06,28.709,0.289,144.393,91.136,29.384,-120.508,37.252,14692.219,130228.261,20181014_073332,479174,167,16909,131
1,KHNX20181015_135038_V06,-15.079,0.332,119.908,126.819,14.969,-120.644,37.090,7484.479,124924.731,20181015_065038,479172,583,21658,420
1,KHNX20181015_140452_V06,-0.846,0.262,122.903,130.604,25.634,-120.627,37.073,12816.895,122534.215,20181015_070452,479174,287,17518,191
2,KHNX20181015_140452_V06,-0.846,0.181,519.208,423.764,85.468,-118.419,35.750,42734.020,125866.597,20181015_070452,479174,287,17518,191
2,KHNX20181015_141200_V06,6.287,0.073,518.073,424.315,92.520,-118.426,35.748,46259.925,125508.854,20181015_071200,479170,392,17141,251
1,KHNX20181016_141200_V06,5.394,0.623,137.492,91.270,17.057,-120.547,37.251,8528.581,132265.689,20181016_071200,479175,570,17330,379
1,KHNX20181016_141909_V06,12.544,0.150,138.418,90.781,25.764,-120.542,37.253,12881.861,132175.456,20181016_071909,479174,441,17170,309
1,KHNX20181016_142616_V06,19.661,0.130,134.998,95.191,21.282,-120.561,37.233,10641.105,131503.405,20181016_072616,479176,531,18149,362
2,KHNX20181016_141909_V06,12.544,0.063,477.714,559.837,33.750,-118.656,35.139,16874.920,157398.730,20181016_071909,479174,441,17170,309
1,KHNX20181017_141220_V06,4.828,0.260,126.928,84.918,12.198,-120.607,37.279,6098.845,138034.591,20181017_071220,479172,1130,17666,782
1,KHNX20181018_141006_V06,1.690,0.896,134.802,89.254,15.053,-120.562,37.260,7526.520,133888.326,20181018_071006,479171,622,20620,460
1,KHNX20181018_141713_V06,8.807,0.889,133.057,87.331,21.384,-120.572,37.269,10691.786,135183.002,20181018_071713,479173,422,19438,311
1,KHNX20181018_142617_V06,17.874,0.717,134.446,85.611,27.604,-120.564,37.276,13801.787,135435.256,20181018_072617,479172,790,19760,596
1,KHNX20181018_143325_V06,25.007,0.659,137.748,85.854,34.150,-120.546,37.276,17074.838,134335.756,20181018_073325,479175,628,20485,441
1,KHNX20181018_144032_V06,32.124,0.355,135.426,87.142,42.099,-120.559,37.270,21049.290,134530.164,20181018_074032,479169,746,20573,527
1,KHNX20181020_135054_V06,-19.336,0.229,104.044,147.879,8.725,-120.732,36.995,4362.354,124035.628,20181020_065054,479170,405,24512,290
2,KHNX20181020_135054_V06,-19.336,0.161,304.872,427.557,10.763,-119.604,35.739,5381.680,63825.198,20181020_065054,479170,405,24512,290
1,KHNX20181022_140146_V06,-10.318,0.138,486.399,556.886,20.333,-118.608,35.152,10166.363,158693.715,20181022_070146,479173,331,23398,305
1,KHNX20181022_140854_V06,-3.184,0.177,485.415,557.299,28.407,-118.614,35.150,14203.308,158572.637,20181022_070854,479170,174,21691,145
1,KHNX20181022_141602_V06,3.949,0.121,486.369,561.025,32.753,-118.609,35.133,16376.743,160364.806,20181022_071602,479176,132,21063,96
2,KHNX20181022_140854_V06,-3.184,0.690,130.573,143.967,12.655,-120.583,37.013,6327.736,115164.914,20181022_070854,479170,174,21691,145
1,KHNX20181023_140108_V06,-11.884,0.184,127.947,139.269,5.629,-120.598,37.034,2814.592,117725.051,20181023_070108,479172,245,25104,221
1,KHNX20181023_140816_V06,-4.751,0.745,128.286,140.775,11.786,-120.596,37.028,5893.174,117087.763,20181023_070816,479171,140,22442,115
1,KHNX20181023_141524_V06,2.383,0.496,129.348,142.836,16.147,-120.590,37.018,8073.448,115998.261,20181023_071524,479172,149,21830,105
1,KHNX20181023_142233_V06,9.533,0.287,127.836,145.109,18.371,-120.598,37.008,9185.313,115792.537,20181023_072233,479172,69,21885,55
5,KHNX20181024_141158_V06,-1.989,0.366,131.611,106.524,10.951,-120.579,37.182,5475.338,128245.649,20181024_071158,479174,108,22510,85
5,KHNX20181024_142139_V06,7.694,0.057,125.163,123.844,18.873,-120.615,37.104,9436.556,124095.326,20181024_072139,479171,74,19907,52
5,KHNX20181024_143120_V06,17.377,0.431,123.813,138.764,21.320,-120.621,37.037,10659.956,119413.873,20181024_073120,479170,38,20877,28
5,KHNX20181024_144102_V06,27.077,0.423,118.251,138.573,23.555,-120.653,37.037,11777.736,121543.772,20181024_074102,479171,48,21159,40
5,KHNX20181024_150026_V06,46.477,0.058,116.403,136.307,22.517,-120.663,37.047,11258.388,122986.910,20181024_080026,479171,50,21432,25
1,KHNX20181024_134252_V06,-31.089,0.157,305.458,429.197,7.763,-119.601,35.732,3881.332,64655.906,20181024_064252,479172,21,34865,10
1,KHNX20181024_140216_V06,-11.689,0.469,304.533,426.683,17.173,-119.606,35.743,8586.360,63382.045,20181024_070216,479170,249,27630,227
1,KHNX20181024_141158_V06,-1.989,0.490,305.311,425.726,15.312,-119.602,35.748,7655.869,62918.923,20181024_071158,479174,108,22510,85
7,KHNX20181024_150026_V06,46.477,0.088,479.242,549.876,9.283,-118.647,35.184,4641.409,153757.683,20181024_080026,479171,50,21432,25
1,KHNX20181025_140845_V06,-6.150,0.680,131.726,141.404,10.798,-120.577,37.025,5398.791,115616.727,20181025_070845,479173,153,22075,114
1,KHNX20181025_141553_V06,0.983,0.790,134.256,141.579,18.269,-120.562,37.024,9134.710,114638.816,20181025_071553,479172,197,20602,163
1,KHNX20181025_142259_V06,8.083,0.655,138.855,142.913,25.389,-120.537,37.019,12694.356,112521.214,20181025_072259,479170,113,19893,73
1,KHNX20181025_143007_V06,15.216,0.508,140.073,147.819,30.644,-120.529,36.996,15322.181,110380.976,20181025_073007,479174,98,20600,67
1,KHNX20181025_143716_V06,22.366,0.398,136.260,146.990,29.745,-120.551,37.000,14872.396,112052.421,20181025_073716,479168,84,21102,52
1,KHNX20181025_144425_V06,29.516,0.139,130.885,149.072,27.881,-120.581,36.990,13940.360,113334.906,20181025_074425,479170,86,21284,53
1,KHNX20181026_140926_V06,-6.417,0.603,124.675,138.225,9.654,-120.616,37.039,4827.172,119279.114,20181026_070926,479170,432,16497,362
1,KHNX20181026_141910_V06,3.316,0.880,128.888,138.863,21.190,-120.593,37.036,10595.006,117520.641,20181026_071910,479173,340,13222,248
1,KHNX20181026_142853_V06,13.033,0.643,131.822,144.944,31.030,-120.576,37.009,15514.833,114374.642,20181026_072853,479171,386,12682,306
1,KHNX20181026_143837_V06,22.766,0.383,135.593,151.220,40.050,-120.554,36.981,20024.965,110865.971,20181026_073837,479173,272,13586,168
1,KHNX20181026_144820_V06,32.483,0.061,137.789,155.580,49.414,-120.542,36.961,24707.129,108592.678,20181026_074820,479175,334,14822,214
2,KHNX20181026_141910_V06,3.316,0.078,262.160,224.142,19.860,-119.843,36.656,9929.987,42385.858,20181026_071910,479173,340,13222,248
2,KHNX20181027_142453_V06,8.077,0.762,130.030,139.578,20.630,-120.586,37.033,10314.775,116860.061,20181027_072453,479169,300,14263,228
2,KHNX20181027_143436_V06,17.793,0.604,132.576,141.813,30.102,-120.572,37.023,15050.966,115167.002,20181027_073436,479174,460,14810,316
2,KHNX20181027_144420_V06,27.527,0.332,133.444,143.148,33.912,-120.567,37.017,16956.031,114393.519,20181027_074420,479172,394,15544,282
1,KHNX20181027_132638_V06,-50.173,0.055,378.938,87.044,3.124,-119.186,37.273,1562.099,113557.661,20181027_062638,479172,300,17363,194
1,KHNX20181028_142034_V06,2.798,0.626,132.137,138.427,19.719,-120.574,37.038,9859.497,116494.290,20181028_072034,479172,84,19090,78
1,KHNX20181028_143018_V06,12.532,0.336,133.060,138.405,30.758,-120.569,37.039,15378.994,116170.106,20181028_073018,479171,18,19814,18
1,KHNX20181028_144000_V06,22.232,0.513,148.712,125.761,50.027,-120.482,37.096,25013.360,115377.154,20181028_074000,479173,42,20305,22
1,KHNX20181028_144944_V06,31.965,0.129,145.934,129.922,51.999,-120.497,37.077,25999.680,114741.992,20181028_074944,479171,20,22617,16
2,KHNX20181028_144000_V06,22.232,0.059,370.235,87.796,6.177,-119.235,37.270,3088.585,111762.583,20181028_074000,479173,42,20305,22
1,KHNX20181029_134713_V06,-31.519,0.067,468.357,352.410,14.559,-118.697,36.074,7279.512,88163.250,20181029_064713,479169,102,20466,74
2,KHNX20181029_134713_V06,-31.519,0.050,446.443,422.610,8.799,-118.821,35.759,4399.254,95496.969,20181029_064713,479169,102,20466,74
3,KHNX20181029_142605_V06,7.348,0.895,141.871,154.727,21.609,-120.519,36.965,10804.489,107365.129,20181029_072605,479173,108,14404,78
1,KHNX20181030_134318_V06,-36.408,0.417,315.649,428.237,15.009,-119.545,35.736,7504.492,64594.248,20181030_064318,479169,170,15402,140
2,KHNX20181030_142211_V06,2.475,0.329,138.926,157.782,17.219,-120.535,36.952,8609.558,107436.827,20181030_072211,479173,248,13188,170
3,KHNX20181030_142211_V06,2.475,0.156,319.517,428.860,17.274,-119.523,35.733,8637.005,65164.684,20181030_072211,479173,248,13188,170
1,KHNX20181031_141840_V06,-2.020,0.697,130.377,142.266,12.608,-120.584,37.021,6304.035,115814.668,20181031_071840,479174,720,13715,466
1,KHNX20181031_142822_V06,7.680,0.916,132.381,148.513,23.629,-120.573,36.993,11814.505,112964.957,20181031_072822,479172,542,11746,372
1,KHNX20181031_143807_V06,17.430,0.764,134.254,152.460,30.288,-120.562,36.975,15143.944,110950.280,20181031_073807,479176,608,11858,362
1,KHNX20181101_142435_V06,2.913,0.190,128.268,138.163,16.037,-120.596,37.039,8018.472,117986.397,20181101_072435,479175,604,12464,432
1,KHNX20181101_143418_V06,12.630,0.928,130.881,142.893,24.759,-120.581,37.018,12379.653,115416.509,20181101_073418,479171,700,10860,526
1,KHNX20181101_144402_V06,22.363,0.694,137.508,141.267,36.347,-120.544,37.026,18173.609,113577.821,20181101_074402,479169,616,11754,442
1,KHNX20181101_150327_V06,41.780,0.379,134.293,142.228,47.565,-120.562,37.021,23782.534,114401.183,20181101_080327,479170,526,13605,410
1,KHNX20181102_142046_V06,-1.892,0.076,384.512,338.663,5.396,-119.162,36.139,2698.147,46467.852,20181102_072046,479171,904,14083,656
1,KHNX20181103_142631_V06,2.865,0.654,135.203,159.482,21.180,-120.556,36.944,10589.862,108285.870,20181103_072631,479169,140,14812,94
1,KHNX20181103_143614_V06,12.581,0.687,142.577,165.958,31.285,-120.514,36.915,15642.683,103379.418,20181103_073614,479168,150,14531,102
1,KHNX20181104_134337_V06,-41.033,0.545,311.570,428.921,10.294,-119.567,35.733,5146.864,64719.485,20181104_054337,479175,52,22418,40
3,KHNX20181104_134337_V06,-41.033,0.072,332.514,94.759,7.912,-119.448,37.239,3956.017,103900.187,20181104_054337,479175,52,22418,40
3,KHNX20181105_142820_V06,2.682,0.798,138.494,155.296,19.231,-120.538,36.963,9615.399,108424.280,20181105_062820,479173,140,17671,100
3,KHNX20181105_143803_V06,12.399,0.316,139.977,159.121,31.091,-120.529,36.946,15545.708,106599.867,20181105_063803,479174,150,16447,86
1,KHNX20181105_133945_V06,-45.901,0.127,314.811,437.719,15.689,-119.549,35.694,7844.530,69256.420,20181105_053945,479174,108,22351,58
2,KHNX20181105_133945_V06,-45.901,0.054,341.344,531.317,7.168,-119.404,35.272,3584.037,117491.287,20181105_053945,479174,108,22351,58
1,KHNX20181106_142434_V06,-2.090,0.745,131.969,139.465,14.076,-120.575,37.034,7038.116,116195.806,20181106_062434,479171,460,14889,304
1,KHNX20181106_143418_V06,7.643,0.774,137.867,137.771,28.299,-120.542,37.042,14149.459,114678.989,20181106_063418,479177,414,13498,286
1,KHNX20181106_144402_V06,17.377,0.171,142.669,143.187,33.594,-120.515,37.017,16796.998,111066.822,20181106_064402,479177,396,14546,292
2,KHNX20181106_144402_V06,17.377,0.058,145.437,370.069,15.936,-120.488,35.995,7967.964,84851.879,20181106_064402,479177,396,14546,292
3,KHNX20181106_152256_V06,56.277,0.078,297.221,517.097,8.078,-119.646,35.336,4038.853,108557.479,20181106_072256,479171,342,16174,264
3,KHNX20181107_143049_V06,3.151,0.124,134.152,136.033,17.702,-120.563,37.049,8851.056,116608.963,20181107_063049,479172,482,15860,366
3,KHNX20181107_144034_V06,12.901,0.243,142.808,126.224,39.946,-120.515,37.094,19973.188,117161.758,20181107_064034,479172,538,15334,346
1,KHNX20181107_133229_V06,-55.182,0.104,310.631,434.564,13.360,-119.572,35.708,6680.105,67491.476,20181107_053229,479172,138,27678,54
2,KHNX20181107_133229_V06,-55.182,0.063,299.236,517.809,7.534,-119.635,35.333,3767.115,108904.966,20181107_053229,479172,138,27678,54
4,KHNX20181107_153851_V06,71.185,0.057,327.310,170.493,61.583,-119.478,36.898,30791.523,66177.405,20181107_073851,479172,534,13986,436
1,KHNX20181108_133833_V06,-50.127,0.077,315.743,433.153,10.605,-119.544,35.714,5302.332,67040.171,20181108_053833,479168,240,23427,152
2,KHNX20181108_141727_V06,-11.227,0.131,349.553,401.794,14.052,-119.357,35.855,7026.150,56607.087,20181108_061727,479174,348,20746,302
1,KHNX20181109_134224_V06,-47.290,0.058,190.583,182.757,8.974,-120.244,36.841,4487.158,80184.048,20181109_054224,479171,478,18409,318
1,KHNX20181110_133855_V06,-51.789,0.062,296.570,518.028,8.582,-119.650,35.332,4291.121,109027.375,20181110_053855,479175,196,27628,138
1,KHNX20181112_134210_V06,-50.573,0.174,374.500,272.962,6.592,-119.216,36.435,3295.963,39627.167,20181112_054210,479171,216,25494,158
1,KHNX20181114_133543_V06,-59.059,0.207,314.728,433.843,10.887,-119.550,35.711,5443.638,67325.555,20181114_053543,479171,309,33927,239
3,KHNX20181114_142422_V06,-10.409,0.111,303.117,428.120,17.216,-119.614,35.737,8608.232,64079.116,20181114_062422,479174,518,22618,466
4,KHNX20181114_143406_V06,-0.675,0.097,420.232,445.583,32.534,-118.967,35.656,16266.819,94406.323,20181114_063406,479172,560,15553,472
1,KHNX20181117_140537_V06,-32.204,0.076,258.260,464.577,8.593,-119.861,35.572,4296.325,84893.830,20181117_060537,479174,385,19352,293
1,KHNX20181118_134412_V06,-54.632,0.616,314.452,429.464,12.666,-119.551,35.731,6333.096,65134.041,20181118_054412,479171,142,30883,106
1,KHNX20181120_151812_V06,37.356,0.085,381.970,428.230,22.728,-119.178,35.735,11363.939,76095.179,20181120_071812,479173,417,17851,345
1,KHNX20181120_152755_V06,47.073,0.056,383.730,430.338,32.165,-119.168,35.726,16082.381,77457.775,20181120_072755,479171,330,18624,270
1,KHNX20181121_134201_V06,-59.827,0.133,315.637,418.893,19.354,-119.545,35.778,9677.118,59958.572,20181121_054201,479171,64,29713,53
1,KHNX20181121_134854_V06,-52.943,0.135,316.303,417.224,27.158,-119.541,35.786,13578.839,59176.173,20181121_054854,479173,106,30214,82
2,KHNX20181122_134347_V06,-59.055,0.075,328.124,144.158,11.114,-119.473,37.016,5557.209,79179.598,20181122_054347,479174,350,39876,46
4,KHNX20181122_143057_V06,-11.888,0.077,365.875,414.350,2.433,-119.267,35.798,1216.558,65983.684,20181122_063057,479176,358,34524,50
6,KHNX20181122_144004_V06,-2.772,0.057,391.682,333.540,10.731,-119.122,36.162,5365.721,48811.980,20181122_064004,479176,464,35563,119
7,KHNX20181122_144440_V06,1.828,0.053,357.231,415.099,7.273,-119.315,35.795,3636.660,64271.123,20181122_064440,479178,377,34317,107
1,KHNX20181123_143731_V06,-6.311,0.180,410.127,313.318,20.564,-119.018,36.253,10281.864,55464.878,20181123_063731,479179,439,32232,385
2,KHNX20181123_144158_V06,-1.861,0.065,273.212,378.395,18.424,-119.780,35.961,9211.805,41422.910,20181123_064158,479175,436,29527,374
4,KHNX20181123_160155_V06,78.089,0.098,29.529,74.423,35.114,-121.157,37.321,17557.039,176096.165,20181123_080155,479173,148,30139,85
5,KHNX20181124_143242_V06,-12.111,0.064,279.514,377.541,8.827,-119.745,35.965,4413.267,40100.574,20181124_063242,479175,160,35136,141
1,KHNX20181125_144420_V06,-1.454,0.058,359.570,414.727,8.406,-119.302,35.797,4202.847,64635.315,20181125_064420,479175,69,24335,61
1,KHNX20181127_143952_V06,-7.851,0.248,278.405,376.177,16.140,-119.751,35.971,8070.023,39589.360,20181127_063952,479168,279,24273,267
2,KHNX20181127_143952_V06,-7.851,0.087,365.365,413.417,6.399,-119.270,35.803,3199.596,65452.384,20181127_063952,479168,279,24273,267
11,KHNX20181128_142855_V06,-19.753,0.071,190.251,491.772,32.926,-120.236,35.448,16463.087,110477.774,20181128_062855,479180,3728,162608,124
2,KHNX20181129_151558_V06,26.355,0.124,402.817,434.439,29.269,-119.063,35.707,14634.262,84624.404,20181129_071558,479176,840,69196,152
6,KHNX20181129_155343_V06,64.105,0.058,208.839,40.755,25.406,-120.146,37.481,12703.121,137403.069,20181129_075343,479175,544,69210,98
7,KHNX20181129_160753_V06,78.271,0.139,230.701,25.319,21.109,-120.023,37.551,10554.674,141644.146,20181129_080753,479169,730,65098,169
8,KHNX20181129_160753_V06,78.271,0.079,377.903,140.867,32.336,-119.193,37.030,16167.870,88589.116,20181129_080753,479169,730,65098,169
1,KHNX20181130_150149_V06,11.273,0.171,242.716,169.405,59.532,-119.952,36.902,29766.083,71302.991,20181130_070149,479172,84,29960,46
2,KHNX20181130_150149_V06,11.273,0.082,414.645,333.104,16.292,-118.994,36.163,8146.179,59664.369,20181130_070149,479172,84,29960,46
4,KHNX20181201_160949_V06,78.352,0.105,258.433,159.150,16.082,-119.864,36.949,8041.216,73427.623,20181201_080949,479175,55,54615,32
4,KHNX20181201_161432_V06,83.068,0.390,261.212,160.320,21.384,-119.849,36.943,10691.865,72482.533,20181201_081432,479173,62,54404,39
1,KHNX20181201_140534_V06,-45.898,0.134,318.188,417.052,18.284,-119.531,35.787,9141.985,59228.356,20181201_060534,479176,52,27705,37
1,KHNX20181202_141317_V06,-39.091,0.179,312.750,422.209,17.076,-119.561,35.763,8537.992,61436.309,20181202_061317,479172,20,23339,7
1,KHNX20181204_140439_V06,-49.503,0.113,283.303,359.277,13.907,-119.724,36.047,6953.468,30791.964,20181204_060439,479171,132,31576,106
2,KHNX20181204_142406_V06,-30.053,0.135,31.978,435.764,55.164,-121.112,35.693,27582.115,150222.873,20181204_062406,479171,130,30080,106
4,KHNX20181204_144335_V06,-10.569,0.109,362.010,414.424,6.493,-119.288,35.798,3246.700,65073.421,20181204_064335,479171,220,37644,204
1,KHNX20181206_140609_V06,-49.722,0.192,313.582,433.819,10.501,-119.556,35.711,5250.303,67253.340,20181206_060609,479170,106,80257,51
1,KHNX20181206_141036_V06,-45.272,0.128,314.370,432.851,17.356,-119.552,35.715,8677.831,66812.826,20181206_061036,479170,111,77548,46
3,KHNX20181206_140609_V06,-49.722,0.051,163.227,472.886,14.815,-120.385,35.533,7407.743,110223.029,20181206_060609,479170,106,80257,51
1,KHNX20181207_141059_V06,-45.725,0.320,313.719,416.745,20.411,-119.555,35.788,10205.458,58774.014,20181207_061059,479173,22,21266,14
2,KHNX20181207_142043_V06,-35.991,0.081,273.131,33.792,8.099,-119.783,37.513,4049.549,133780.108,20181207_062043,479175,22,21310,22
1,KHNX20181208_141942_V06,-37.826,0.107,321.455,429.178,21.178,-119.513,35.732,10589.216,65473.824,20181208_061942,479171,52,18735,44
1,KHNX20181208_142926_V06,-28.093,0.362,326.937,428.200,28.778,-119.482,35.736,14389.051,65499.901,20181208_062926,479173,42,22409,40
1,KHNX20181208_143910_V06,-18.360,-1.000,332.093,427.281,36.847,-119.454,35.740,18423.446,65632.297,20181208_063910,479173,42,29598,34
1,KHNX20181208_144854_V06,-8.626,0.150,304.611,427.874,21.144,-119.606,35.738,10572.054,63978.779,20181208_064854,479175,70,26438,54
1,KHNX20181208_150823_V06,10.857,0.065,302.043,423.422,27.786,-119.620,35.758,13892.981,61719.383,20181208_070823,479168,88,20069,74
2,KHNX20181208_143910_V06,-18.360,0.316,315.868,425.001,24.872,-119.543,35.751,12435.835,63001.834,20181208_063910,479173,42,29598,34
4,KHNX20181208_152752_V06,30.340,0.056,163.269,234.952,14.049,-120.395,36.605,7024.368,75707.808,20181208_072752,479174,42,21483,28
1,KHNX20181209_141003_V06,-48.276,0.148,307.296,414.711,18.031,-119.591,35.797,9015.587,57471.249,20181209_061003,479170,20,27969,14
1,KHNX20181209_141946_V06,-38.559,0.147,298.193,412.972,26.644,-119.641,35.805,13321.924,56493.065,20181209_061946,479173,20,20360,16
1,KHNX20181210_140825_V06,-50.690,0.209,322.310,425.107,3.209,-119.508,35.750,1604.673,63540.436,20181210_060825,479170,38,24709,20
1,KHNX20181210_141534_V06,-43.540,0.071,322.287,426.917,11.362,-119.508,35.742,5680.755,64429.691,20181210_061534,479175,33,22984,24
4,KHNX20181210_144407_V06,-14.990,0.104,349.305,302.725,13.825,-119.357,36.302,6912.563,24689.929,20181210_064407,479174,67,11821,53
4,KHNX20181210_145116_V06,-7.840,-1.000,349.305,302.725,25.194,-119.357,36.302,12596.813,24689.929,20181210_065116,479172,162,15736,140
4,KHNX20181210_150533_V06,6.443,0.309,350.477,284.771,24.332,-119.350,36.382,12165.783,26362.135,20181210_070533,479171,166,18396,149
1,KHNX20181211_140954_V06,-49.968,0.054,480.431,418.767,10.310,-118.633,35.775,5154.896,108005.862,20181211_060954,479170,68,26198,42
2,KHNX20181211_142921_V06,-30.518,0.087,330.526,413.097,31.051,-119.462,35.804,15525.652,58572.043,20181211_062921,479171,56,20144,42
3,KHNX20181211_151758_V06,18.099,0.091,307.304,247.926,15.219,-119.590,36.549,7609.657,26292.058,20181211_071758,479170,156,11723,124
1,KHNX20181212_142651_V06,-33.757,0.079,306.200,421.682,21.866,-119.597,35.766,10932.842,60919.836,20181212_062651,479170,166,16925,122
1,KHNX20181212_143635_V06,-24.024,-1.000,306.200,421.682,37.342,-119.597,35.766,18670.842,60919.836,20181212_063635,479173,97,17094,86
1,KHNX20181212_144619_V06,-14.291,0.102,303.933,424.922,15.967,-119.609,35.751,7983.440,62491.736,20181212_064619,479173,274,21638,234
1,KHNX20181213_140520_V06,-55.992,0.327,316.865,428.893,15.909,-119.538,35.733,7954.374,64995.651,20181213_060520,479171,52,28308,50
1,KHNX20181214_150130_V06,-0.521,0.093,306.088,125.789,5.251,-119.597,37.099,2625.515,87158.760,20181214_070130,479171,1260,29896,996
1,KHNX20181215_140438_V06,-58.060,0.227,310.392,421.624,15.954,-119.574,35.766,7976.919,61033.382,20181215_060438,479172,44,30541,22
1,KHNX20181215_141422_V06,-48.327,0.068,311.065,419.356,24.329,-119.570,35.776,12164.470,59933.680,20181215_061422,479173,16,23952,6
2,KHNX20181215_150532_V06,2.840,0.340,302.913,411.610,24.647,-119.615,35.811,12323.282,55823.979,20181215_070532,479171,120,16213,108
1,KHNX20181216_144713_V06,-16.125,0.119,360.171,414.631,6.939,-119.298,35.797,3469.536,64731.925,20181216_064713,479174,211,22520,191
1,KHNX20181216_150128_V06,-1.875,0.431,401.111,443.039,28.890,-119.073,35.668,14444.839,87583.881,20181216_070128,479172,196,19446,166
1,KHNX20181216_150836_V06,5.258,0.061,412.954,446.737,31.649,-119.007,35.651,15824.734,92588.330,20181216_070836,479171,115,19403,95
1,KHNX20181217_141546_V06,-48.198,0.316,320.601,427.099,16.678,-119.517,35.741,8338.829,64379.080,20181217_061546,479172,296,121519,124
3,KHNX20181217_141546_V06,-48.198,0.056,288.106,365.892,20.871,-119.697,36.017,10435.577,33478.646,20181217_061546,479172,296,121519,124
1,KHNX20181218_141722_V06,-47.196,0.593,318.482,434.188,14.988,-119.529,35.709,7493.963,67727.530,20181218_061722,479174,30,23137,28
1,KHNX20181218_142706_V06,-37.463,0.293,317.531,430.544,22.519,-119.534,35.726,11259.696,65857.767,20181218_062706,479174,72,26558,56
4,KHNX20181219_144327_V06,-21.685,0.179,304.612,422.800,19.317,-119.606,35.761,9658.422,61443.098,20181219_064327,479174,210,24031,184
4,KHNX20181219_150255_V06,-2.218,0.624,304.667,421.203,23.026,-119.605,35.768,11513.100,60646.539,20181219_070255,479170,190,17571,148
4,KHNX20181219_151238_V06,7.499,0.110,307.698,419.050,24.025,-119.589,35.778,12012.702,59649.177,20181219_071238,479170,250,16489,194
1,KHNX20181219_141415_V06,-50.885,0.064,314.290,410.375,26.875,-119.552,35.817,13437.496,55648.093,20181219_061415,479173,136,22985,112
1,KHNX20181219_142358_V06,-41.168,0.288,314.681,411.545,32.940,-119.550,35.812,16469.899,56253.637,20181219_062358,479171,162,22270,132
1,KHNX20181219_143344_V06,-31.401,0.162,316.762,417.811,25.481,-119.538,35.783,12740.379,59498.587,20181219_063344,479169,208,20636,166
2,KHNX20181219_142358_V06,-41.168,0.079,259.051,461.114,9.057,-119.857,35.588,4528.267,83118.346,20181219_062358,479171,162,22270,132
5,KHNX20181219_151238_V06,7.499,0.284,316.202,395.792,17.506,-119.541,35.882,8753.139,48576.062,20181219_071238,479170,250,16489,194
1,KHNX20181220_142059_V06,-44.696,0.180,298.046,425.469,14.259,-119.642,35.749,7129.494,62741.862,20181220_062059,479174,34,25220,20
1,KHNX20181220_143042_V06,-34.980,0.085,302.622,420.108,27.254,-119.617,35.773,13627.137,60068.337,20181220_063042,479173,16,26014,10
2,KHNX20181221_142329_V06,-42.714,0.218,391.739,268.705,15.903,-119.119,36.454,7951.649,48464.986,20181221_062329,479175,60,45183,54
3,KHNX20181221_142329_V06,-42.714,0.080,400.906,86.421,9.588,-119.062,37.275,4794.216,118108.036,20181221_062329,479175,60,45183,54
5,KHNX20181221_143312_V06,-32.998,0.145,332.863,435.648,17.734,-119.450,35.703,8866.951,69785.841,20181221_063312,479170,50,36569,42
6,KHNX20181221_143312_V06,-32.998,0.064,353.264,141.082,33.791,-119.332,37.030,16895.748,83803.343,20181221_063312,479170,50,36569,42
8,KHNX20181221_154116_V06,35.069,0.064,372.338,405.579,16.707,-119.231,35.838,8353.403,63991.543,20181221_074116,479171,116,20701,108
1,KHNX20181222_141040_V06,-56.021,0.152,316.985,428.523,17.518,-119.537,35.735,8758.902,64820.192,20181222_061040,479173,38,48768,12
1,KHNX20181222_142024_V06,-46.288,0.685,310.617,432.706,26.737,-119.572,35.716,13368.713,66564.967,20181222_062024,479168,42,45680,34
1,KHNX20181222_143007_V06,-36.571,0.627,314.405,428.761,25.038,-119.551,35.734,12519.196,64782.281,20181222_063007,479173,42,32996,26
1,KHNX20181222_143952_V06,-26.821,0.651,321.348,427.831,25.442,-119.513,35.738,12721.221,64800.740,20181222_063952,479170,50,34651,40
1,KHNX20181222_144937_V06,-17.071,0.858,317.746,430.668,23.560,-119.533,35.725,11780.148,65933.749,20181222_064937,479172,56,30833,50
1,KHNX20181222_150904_V06,2.379,0.540,313.647,434.287,21.914,-119.556,35.709,10956.819,67489.217,20181222_070904,479175,172,29436,152
1,KHNX20181222_151849_V06,12.129,0.118,310.838,430.147,25.803,-119.571,35.728,12901.293,65298.680,20181222_071849,479174,60,25728,56
1,KHNX20181224_143344_V06,-33.849,0.147,262.595,264.047,5.615,-119.840,36.476,2807.579,25941.101,20181224_063344,479174,30,18800,16
1,KHNX20181225_142443_V06,-43.270,0.073,378.292,349.575,17.233,-119.196,36.090,8616.714,46334.075,20181225_062443,479175,105,45745,12
2,KHNX20181225_143853_V06,-29.104,0.111,373.891,357.282,19.449,-119.221,36.055,9724.514,46747.206,20181225_063853,479176,50,33902,20
3,KHNX20181225_144819_V06,-19.670,0.051,366.340,417.820,2.752,-119.264,35.783,1375.942,67606.396,20181225_064819,479176,32,25725,20
5,KHNX20181225_150228_V06,-5.520,0.056,332.499,187.830,4.441,-119.449,36.819,2220.493,58391.527,20181225_070228,479174,83,29603,66
2,KHNX20181226_143932_V06,-28.828,0.807,306.143,428.726,12.704,-119.597,35.734,6351.894,64436.250,20181226_063932,479174,44,17037,34
2,KHNX20181226_144917_V06,-19.078,0.533,304.959,428.460,20.016,-119.604,35.735,10008.088,64277.835,20181226_064917,479167,86,21760,70
1,KHNX20181226_141022_V06,-57.995,0.057,312.785,432.776,9.078,-119.560,35.716,4539.104,66695.273,20181226_061022,479173,14,23657,12
1,KHNX20181229_141514_V06,-54.070,0.060,312.729,416.352,19.658,-119.561,35.790,9828.857,58523.058,20181229_061514,479172,172,19659,124
2,KHNX20181229_142458_V06,-44.337,0.086,257.825,460.034,9.167,-119.864,35.593,4583.473,82749.191,20181229_062458,479171,208,16433,158
3,KHNX20181229_150354_V06,-5.404,0.058,390.889,335.669,5.100,-119.126,36.152,2550.106,48818.607,20181229_070354,479170,312,12238,260
1,KHNX20181231_141223_V06,-57.394,0.111,394.553,398.686,9.204,-119.108,35.868,4601.883,68336.150,20181231_061223,479177,42,34866,10
