track_id,filename,from_sunrise,det_score,x,y,r,lon,lat,radius,geo_dist,local_time,n_radar_pixels,n_refAbove40_pixels,n_xcorrAbove0.95_pixels,n_xcorrBelow0.95_refAbove40_pixels
1,KFDR20180601_111255_V06,-11.885,0.065,286.339,358.756,26.488,-99.050,34.097,13243.853,30161.601,20180601_061255,479174,110,20843,98
2,KFDR20180601_124000_V06,75.199,0.269,297.711,70.281,21.156,-98.989,35.398,10578.114,114864.987,20180601_074000,479168,134,26835,109
1,KFDR20180603_103526_V06,-48.823,0.103,278.618,360.185,15.626,-99.092,34.091,7812.767,31935.101,20180603_053526,479171,110,44476,86
1,KFDR20180603_104506_V06,-39.156,-1.000,278.618,360.185,30.996,-99.092,34.091,15497.767,31935.101,20180603_054506,479172,111,42943,107
1,KFDR20180603_110628_V06,-17.790,0.051,282.224,367.434,20.650,-99.072,34.058,10325.176,34868.768,20180603_060628,479171,135,16537,124
2,KFDR20180604_112907_V06,5.092,0.094,279.214,372.877,17.577,-99.089,34.034,8788.610,37891.570,20180604_062907,479174,3584,99717,609
1,KFDR20180605_112433_V06,0.730,0.089,279.675,335.627,5.058,-99.086,34.202,2529.228,20508.421,20180605_062433,479177,76,28266,62
1,KFDR20180606_102536_V06,-58.043,0.059,155.748,195.511,6.577,-99.765,34.831,3288.347,89059.699,20180606_052536,479192,199,63310,117
1,KFDR20180606_103014_V06,-53.409,0.167,157.694,196.305,13.206,-99.754,34.827,6603.081,88039.203,20180606_053014,479175,211,62964,111
2,KFDR20180606_121008_V06,46.491,0.426,348.940,46.487,14.302,-98.706,35.504,7150.951,129096.703,20180606_071008,479173,467,51099,366
7,KFDR20180608_120905_V06,45.714,0.052,261.423,104.135,4.713,-99.188,35.245,2356.693,99814.082,20180608_070905,479172,342,52383,152
11,KFDR20180608_123017_V06,66.914,0.056,411.791,491.761,9.343,-98.375,33.496,4671.268,110983.487,20180608_073017,479177,222,47490,149
1,KFDR20180609_110104_V06,-22.207,0.200,153.749,193.841,8.429,-99.776,34.838,4214.548,90358.887,20180609_060104,479167,203,18457,172
3,KFDR20180610_103831_V06,-44.688,0.072,260.657,140.959,12.775,-99.192,35.079,6387.323,81917.379,20180610_053831,479167,112,24783,111
1,KFDR20180611_103046_V06,-52.396,0.333,279.820,364.077,13.431,-99.085,34.073,6715.605,33589.794,20180611_053046,479171,165,29601,145
2,KFDR20180611_105122_V06,-31.796,0.071,281.179,375.261,19.596,-99.078,34.023,9797.960,38789.424,20180611_055122,479176,114,28238,103
2,KFDR20180611_110138_V06,-21.529,-1.000,281.179,375.261,35.920,-99.078,34.023,17959.960,38789.424,20180611_060138,479176,145,25028,95
2,KFDR20180611_110647_V06,-16.379,0.214,282.312,370.372,19.049,-99.072,34.045,9524.702,36280.240,20180611_060647,479177,139,23477,99
4,KFDR20180611_112723_V06,4.221,0.090,282.344,368.110,17.335,-99.072,34.055,8667.484,35180.768,20180611_062723,479167,116,26136,87
1,KFDR20180612_103106_V06,-52.047,0.094,279.366,368.690,14.458,-99.088,34.053,7229.177,35861.018,20180612_053106,479171,169,26599,160
2,KFDR20180612_105024_V06,-32.747,0.073,158.869,210.371,8.945,-99.747,34.764,4472.593,83593.116,20180612_055024,479174,119,25480,111
3,KFDR20180612_110943_V06,-13.430,0.101,284.361,361.702,22.161,-99.061,34.084,11080.374,31826.364,20180612_060943,479172,143,18809,129
3,KFDR20180612_111922_V06,-3.780,0.067,279.549,365.403,14.388,-99.087,34.067,7194.006,34262.720,20180612_061922,479169,150,20452,135
3,KFDR20180613_122341_V06,60.526,0.244,44.967,244.253,63.349,-100.366,34.606,31674.591,130527.475,20180613_072341,479177,103,37860,67
3,KFDR20180613_122804_V06,64.910,0.073,45.324,245.148,69.098,-100.364,34.602,34549.245,130258.038,20180613_072804,479171,98,36150,60
3,KFDR20180614_111710_V06,-6.026,0.062,164.765,206.984,19.907,-99.715,34.779,9953.592,82067.797,20180614_061710,479176,158,36390,91
1,KFDR20180615_110041_V06,-22.571,0.160,278.687,372.903,20.418,-99.092,34.034,10208.847,37977.276,20180615_060041,479173,105,27711,97
2,KFDR20180615_111335_V06,-9.671,0.093,274.012,373.590,21.025,-99.117,34.030,10512.459,39022.134,20180615_061335,479176,112,27819,97
4,KFDR20180615_113630_V06,13.245,0.077,279.916,362.871,17.078,-99.085,34.079,8539.026,33000.374,20180615_063630,479178,85,27909,78
3,KFDR20180616_123517_V06,71.942,0.122,279.094,364.358,15.890,-99.089,34.072,7945.068,33834.190,20180616_073517,479173,74,20157,70
3,KFDR20180616_124456_V06,81.592,0.282,278.231,366.854,22.793,-99.094,34.061,11396.458,35154.379,20180616_074456,479175,66,19637,65
2,KFDR20180617_110745_V06,-15.703,0.112,277.553,370.408,20.119,-99.098,34.045,10059.258,36949.984,20180617_060745,479174,101,16735,95
4,KFDR20180617_120542_V06,42.247,0.071,277.173,375.402,20.063,-99.100,34.022,10031.382,39390.835,20180617_070542,479169,88,20809,88
4,KFDR20180617_121522_V06,51.914,0.053,278.253,364.625,17.042,-99.094,34.071,8521.002,34092.780,20180617_071522,479171,99,20821,98
1,KFDR20180618_110659_V06,-16.606,0.122,275.808,372.868,20.036,-99.107,34.034,10018.156,38389.367,20180618_060659,479170,92,15729,85
2,KFDR20180620_102420_V06,-59.600,0.059,69.547,181.467,6.949,-100.237,34.890,3474.293,129574.938,20180620_052420,479178,1045,60044,9
1,KFDR20180621_103539_V06,-48.490,0.085,489.200,482.677,35.360,-97.958,33.535,17680.119,131498.712,20180621_053539,479173,27,75623,15
1,KFDR20180621_104216_V06,-41.873,0.055,495.125,480.038,47.840,-97.926,33.546,23920.170,132747.449,20180621_054216,479173,43,77346,26
3,KFDR20180621_120528_V06,41.327,0.054,53.805,122.700,41.272,-100.327,35.154,20636.227,151696.325,20180621_070528,479173,24,65523,12
3,KFDR20180621_121006_V06,45.960,0.051,58.013,124.598,47.289,-100.304,35.146,23644.691,149435.452,20180621_071006,479167,25,64549,17
3,KFDR20180621_121446_V06,50.627,-1.000,61.325,126.091,53.647,-100.286,35.139,26823.312,147656.748,20180621_071446,479173,61,64378,49
3,KFDR20180621_121924_V06,55.260,0.074,65.613,141.541,38.896,-100.261,35.070,19448.223,141462.493,20180621_071924,479175,49,62577,37
1,KFDR20180622_110337_V06,-20.754,0.136,418.398,229.790,8.230,-98.330,34.677,4115.185,68825.257,20180622_060337,479173,6741,107698,247
8,KFDR20180623_110434_V06,-20.056,0.243,172.995,190.970,14.067,-99.670,34.852,7033.327,83692.618,20180623_060434,479187,1734,77987,263
8,KFDR20180623_111046_V06,-13.856,0.417,174.918,191.157,22.165,-99.660,34.851,11082.348,82904.023,20180623_061046,479184,1177,75491,259
7,KFDR20180623_104716_V06,-37.356,0.078,161.409,188.082,8.003,-99.734,34.864,4001.253,89069.053,20180623_054716,479183,2080,78626,137
9,KFDR20180623_110434_V06,-20.056,0.091,373.345,81.890,13.203,-98.573,35.345,6601.643,115055.834,20180623_060434,479187,1734,77987,263
10,KFDR20180623_112233_V06,-2.073,0.134,140.813,51.703,11.625,-99.853,35.478,5812.445,147472.180,20180623_062233,479183,751,70383,227
11,KFDR20180623_112808_V06,3.510,0.105,82.547,409.869,6.909,-100.151,33.861,3454.562,121816.238,20180623_062808,479178,583,72604,158
16,KFDR20180623_123758_V06,73.344,0.060,301.732,383.855,23.923,-98.967,33.984,11961.653,41936.596,20180623_073758,479181,1918,51985,343
3,KFDR20180624_111509_V06,-9.748,0.065,166.026,196.865,9.864,-99.708,34.825,4931.803,84536.762,20180624_061509,479181,2577,53228,221
4,KFDR20180624_124011_V06,75.286,0.064,440.969,15.893,25.229,-98.198,35.640,12614.483,158578.755,20180624_074011,479184,290,42450,76
1,KFDR20180625_104739_V06,-37.544,0.342,284.236,415.940,17.895,-99.061,33.840,8947.294,58503.338,20180625_054739,479179,4044,119344,271
2,KFDR20180625_114340_V06,18.472,0.057,428.254,462.124,37.656,-98.285,33.629,18828.131,103360.429,20180625_064340,479179,6457,91437,165
3,KFDR20180625_114758_V06,22.772,0.068,79.826,358.442,33.528,-100.169,34.093,16763.910,113899.206,20180625_064758,479171,5622,91925,122
4,KFDR20180625_120053_V06,35.689,0.080,444.801,488.156,29.507,-98.197,33.512,14753.406,118711.775,20180625_070053,479192,5758,93766,165
6,KFDR20180625_121002_V06,44.839,0.051,408.406,519.111,35.686,-98.394,33.373,17842.840,122230.931,20180625_071002,479177,5474,90851,126
8,KFDR20180625_123447_V06,69.589,0.140,261.360,232.426,8.637,-99.187,34.667,4318.291,38920.529,20180625_073447,479177,5161,81677,90
1,KFDR20180627_111117_V06,-14.568,0.060,284.124,365.543,21.134,-99.062,34.067,10567.223,33719.227,20180627_061117,479171,161,20586,152
1,KFDR20180628_110606_V06,-20.111,0.111,152.295,200.118,16.568,-99.783,34.810,8283.768,89153.015,20180628_060606,479175,225,22096,189
1,KFDR20180629_104806_V06,-38.490,0.090,280.276,368.700,15.617,-99.083,34.053,7808.521,35737.508,20180629_054806,479173,122,32833,116
2,KFDR20180629_112644_V06,0.143,0.442,429.545,213.155,7.217,-98.269,34.752,3608.318,77980.681,20180629_062644,479171,89,22595,82
3,KFDR20180629_112644_V06,0.143,0.122,279.049,366.980,16.003,-99.090,34.060,8001.305,35090.188,20180629_062644,479171,89,22595,82
5,KFDR20180629_123421_V06,67.760,0.118,278.424,364.797,16.189,-99.093,34.070,8094.677,34147.355,20180629_073421,479169,112,22772,99
4,KFDR20180630_114103_V06,14.061,0.216,424.217,226.937,3.192,-98.298,34.690,1596.188,72055.549,20180630_064103,479173,77,34509,65
4,KFDR20180630_114638_V06,19.644,0.154,424.703,225.016,10.697,-98.296,34.698,5348.558,72755.736,20180630_064638,479178,75,36146,63
4,KFDR20180630_115215_V06,25.261,0.450,427.143,214.433,15.393,-98.282,34.746,7696.411,76627.425,20180630_065215,479169,55,36321,51
11,KFDR20180630_122434_V06,57.577,0.137,279.637,367.648,16.229,-99.086,34.057,8114.416,35323.240,20180630_072434,479173,61,26661,45
18,KFDR20180701_114324_V06,15.993,0.057,375.526,259.182,7.821,-98.565,34.546,3910.664,42925.426,20180701_064324,479177,1823,47214,142
18,KFDR20180701_114932_V06,22.126,0.152,376.061,259.439,14.169,-98.562,34.544,7084.533,43100.241,20180701_064932,479177,1600,49131,226
11,KFDR20180701_110907_V06,-18.291,0.098,157.124,202.729,10.011,-99.757,34.798,5005.568,86422.232,20180701_060907,479171,993,33937,135
7,KFDR20180702_121319_V06,45.473,0.248,200.867,214.991,49.330,-99.517,34.744,24664.829,65295.276,20180702_071319,479177,229,51329,190
7,KFDR20180702_121758_V06,50.123,0.267,197.822,213.706,54.496,-99.534,34.750,27247.782,66871.187,20180702_071758,479168,190,52065,128
1,KFDR20180702_103606_V06,-51.744,0.100,412.505,491.325,8.421,-98.371,33.498,4210.511,110975.816,20180702_053606,479177,194,41164,142
2,KFDR20180702_110838_V06,-19.210,0.052,166.518,211.461,20.100,-99.705,34.759,10049.911,80088.176,20180702_060838,479172,146,32133,115
2,KFDR20180702_111317_V06,-14.560,0.070,165.737,203.342,17.932,-99.710,34.796,8965.820,82718.213,20180702_061317,479172,201,33287,148
5,KFDR20180702_120401_V06,36.173,0.301,564.782,395.436,22.963,-97.544,33.924,11481.739,140728.289,20180702_070401,479171,221,49226,177
6,KFDR20180702_120401_V06,36.173,0.286,217.218,228.013,49.519,-99.428,34.686,24759.670,54851.890,20180702_070401,479171,221,49226,177
2,KFDR20180704_112124_V06,-7.371,0.198,428.048,232.954,2.775,-98.278,34.662,1387.280,72269.666,20180704_062124,479169,145,38080,136
4,KFDR20180704_113104_V06,2.296,0.056,101.088,67.280,18.688,-100.071,35.406,9344.038,153072.318,20180704_063104,479172,142,49851,136
1,KFDR20180705_113455_V06,5.657,0.229,27.912,358.049,35.316,-100.450,34.092,17658.018,139105.437,20180705_063455,479169,188,32117,155
2,KFDR20180706_110332_V06,-26.232,0.334,175.924,201.383,20.836,-99.654,34.805,10418.098,79246.710,20180706_060332,479174,215,34434,115
2,KFDR20180706_110909_V06,-20.615,0.249,175.928,201.827,26.841,-99.654,34.803,13420.448,79107.150,20180706_060909,479178,319,34140,185
2,KFDR20180706_111444_V06,-15.032,0.140,172.518,198.902,15.100,-99.673,34.816,7550.222,81351.944,20180706_061444,479175,241,32686,129
2,KFDR20180706_112021_V06,-9.415,0.126,172.163,198.889,21.232,-99.675,34.816,10616.208,81494.908,20180706_062021,479179,288,33404,186
5,KFDR20180706_112557_V06,-3.815,0.085,23.701,200.273,29.939,-100.486,34.802,14969.361,146872.979,20180706_062557,479172,242,38149,124
3,KFDR20180707_113608_V06,5.846,0.522,420.075,234.120,8.607,-98.321,34.657,4303.635,68480.348,20180707_063608,479174,586,27023,480
3,KFDR20180707_114546_V06,15.480,0.054,421.336,233.572,17.050,-98.314,34.660,8524.790,69164.921,20180707_064546,479171,345,30620,260
1,KFDR20180707_104133_V06,-48.737,0.061,64.340,223.308,8.755,-100.262,34.701,4377.493,123912.628,20180707_054133,479171,564,27168,464
2,KFDR20180707_112630_V06,-3.787,0.119,324.663,138.753,11.725,-98.841,35.089,5862.606,81561.054,20180707_062630,479172,576,20536,446
2,KFDR20180708_112609_V06,-4.674,0.101,150.931,193.320,15.691,-99.791,34.840,7845.409,91654.387,20180708_062609,479174,186,25320,163
2,KFDR20180708_113547_V06,4.959,0.183,152.306,195.834,26.696,-99.783,34.829,13347.882,90366.147,20180708_063547,479172,157,31932,132
3,KFDR20180708_120442_V06,33.876,0.072,413.593,490.370,6.638,-98.365,33.503,3318.898,110842.575,20180708_070442,479172,171,32628,149
4,KFDR20180708_123336_V06,62.776,0.130,412.627,491.294,8.202,-98.370,33.498,4100.818,110993.553,20180708_073336,479171,211,31406,186
1,KFDR20180709_114449_V06,13.441,0.089,425.729,229.505,4.862,-98.290,34.678,2431.000,72071.891,20180709_064449,479170,38,32320,32
1,KFDR20180710_111058_V06,-20.975,0.494,165.218,204.897,15.340,-99.712,34.789,7670.055,82478.419,20180710_061058,479172,64,30659,42
1,KFDR20180710_112036_V06,-11.342,0.075,165.172,203.418,25.302,-99.713,34.795,12651.225,82925.491,20180710_062036,479171,65,30713,49
3,KFDR20180710_113953_V06,7.942,0.051,387.939,514.769,35.312,-98.504,33.393,17656.143,116037.725,20180710_063953,479171,56,42321,32
4,KFDR20180710_114932_V06,17.592,0.087,279.768,334.584,8.027,-99.086,34.206,4013.477,20033.579,20180710_064932,479173,49,44222,32
1,KFDR20180711_112240_V06,-9.854,0.149,133.521,224.549,37.318,-99.885,34.699,18658.766,91389.394,20180711_062240,479172,357,29496,270
4,KFDR20180712_110500_V06,-28.113,0.051,260.346,385.477,4.873,-99.191,33.977,2436.258,47113.476,20180712_060500,479171,488,48927,146
6,KFDR20180712_112857_V06,-4.163,0.056,162.805,198.098,12.410,-99.726,34.819,6204.962,85449.437,20180712_062857,479178,554,46087,125
10,KFDR20180712_120629_V06,33.371,0.085,244.957,421.798,20.779,-99.273,33.813,10389.467,66829.336,20180712_070629,479173,664,54357,130
11,KFDR20180712_121101_V06,37.904,0.581,349.192,145.196,8.615,-98.706,35.060,4307.480,81215.942,20180712_071101,479177,754,54282,166
3,KFDR20180713_110320_V06,-30.384,0.057,485.952,259.542,8.313,-97.963,34.540,4156.326,95151.336,20180713_060320,479172,498,41049,78
3,KFDR20180713_110738_V06,-26.084,0.074,486.432,259.503,14.376,-97.961,34.541,7188.136,95390.056,20180713_060738,479175,587,39988,99
4,KFDR20180713_115456_V06,21.216,0.165,507.583,304.478,8.866,-97.848,34.337,4433.102,103815.686,20180713_065456,479173,562,49209,93
3,KFDR20180715_120024_V06,25.441,0.084,178.048,199.039,19.136,-99.643,34.815,9567.940,79160.509,20180715_070024,479174,177,63888,106
1,KFDR20180716_103543_V06,-59.878,0.091,451.670,569.753,7.479,-98.163,33.144,3739.728,154734.013,20180716_053543,479172,423,43399,343
2,KFDR20180716_111457_V06,-20.645,0.130,158.718,210.278,19.401,-99.748,34.764,9700.367,83681.853,20180716_061457,479173,329,37864,214
2,KFDR20180716_112031_V06,-15.078,0.215,161.847,203.309,16.116,-99.731,34.796,8057.755,84313.943,20180716_062031,479176,398,35795,263
1,KFDR20180719_112203_V06,-15.508,0.119,175.612,203.916,21.487,-99.656,34.793,10743.328,78588.307,20180719_062203,479178,207,40230,148
1,KFDR20180721_110321_V06,-35.556,0.068,391.091,229.286,7.028,-98.479,34.680,3514.015,57658.412,20180721_060321,479169,96,49903,86
1,KFDR20180722_111812_V06,-21.390,0.051,546.340,45.092,20.240,-97.619,35.504,10120.201,177243.856,20180722_061812,479177,343,32461,211
2,KFDR20180722_113727_V06,-2.140,0.193,152.343,68.958,24.403,-99.789,35.401,12201.630,137097.572,20180722_063727,479174,393,27994,262
3,KFDR20180722_113727_V06,-2.140,0.058,178.859,185.376,16.386,-99.639,34.877,8192.841,83387.477,20180722_063727,479174,393,27994,262
4,KFDR20180722_122535_V06,45.993,0.065,411.747,491.606,7.447,-98.375,33.497,3723.564,110905.806,20180722_072535,479173,524,25699,361
1,KFDR20180723_124120_V06,61.053,0.073,339.672,41.611,10.691,-98.757,35.527,5345.474,130708.444,20180723_074120,479175,386,48743,256
2,KFDR20180724_113913_V06,-1.760,0.105,541.266,73.129,32.523,-97.649,35.378,16261.318,165589.835,20180724_063913,479169,92,40491,71
2,KFDR20180724_114850_V06,7.857,0.085,541.890,83.271,49.669,-97.646,35.332,24834.574,162390.040,20180724_064850,479170,97,52838,81
1,KFDR20180724_112936_V06,-11.377,0.052,358.546,294.536,15.305,-98.658,34.386,7652.264,29399.999,20180724_062936,479168,93,29002,69
3,KFDR20180724_113913_V06,-1.760,0.077,350.500,47.217,8.376,-98.698,35.501,4187.889,128889.160,20180724_063913,479169,92,40491,71
3,KFDR20180726_113350_V06,-8.551,0.071,173.682,191.311,9.029,-99.667,34.850,4514.505,83320.739,20180726_063350,479168,94,42370,74
3,KFDR20180726_113808_V06,-4.251,-1.000,173.682,191.311,15.866,-99.667,34.850,7933.005,83320.739,20180726_063808,479176,76,42423,66
3,KFDR20180726_114226_V06,0.049,0.064,177.718,194.903,19.277,-99.645,34.834,9638.431,80619.820,20180726_064226,479171,95,43707,73
3,KFDR20180726_114644_V06,4.349,0.137,180.025,196.589,19.858,-99.632,34.827,9928.880,79195.678,20180726_064644,479177,104,45135,83
3,KFDR20180726_115102_V06,8.649,0.220,183.564,199.223,23.512,-99.612,34.815,11755.835,76995.564,20180726_065102,479173,92,45669,79
1,KFDR20180726_105506_V06,-47.285,0.086,427.844,244.480,8.984,-98.279,34.610,4491.795,69689.803,20180726_055506,479175,93,43325,59
2,KFDR20180726_112513_V06,-17.168,0.121,361.947,249.962,13.198,-98.639,34.587,6598.953,39816.015,20180726_062513,479183,91,40613,67
3,KFDR20180727_114006_V06,-2.996,0.289,370.887,421.967,13.725,-98.593,33.812,6862.625,70535.385,20180727_064006,479173,507,58780,41
3,KFDR20180727_114453_V06,1.788,0.312,371.396,420.186,18.889,-98.591,33.820,9444.334,69896.461,20180727_064453,479178,576,59295,74
6,KFDR20180727_120434_V06,21.471,0.311,286.436,271.564,17.855,-99.050,34.490,8927.357,15752.610,20180727_070434,479182,688,55394,108
6,KFDR20180727_120927_V06,26.354,0.113,286.775,272.979,25.280,-99.048,34.484,12639.783,15041.716,20180727_070927,479179,739,54186,86
9,KFDR20180727_123600_V06,52.904,0.074,317.937,326.317,10.980,-98.879,34.244,5489.761,15924.294,20180727_073600,479171,1181,50727,80
9,KFDR20180727_124054_V06,57.804,0.081,317.352,326.895,17.573,-98.882,34.241,8786.302,16003.442,20180727_074054,479180,1153,50865,64
9,KFDR20180727_124547_V06,62.688,0.139,315.097,328.358,13.602,-98.894,34.234,6800.884,16063.086,20180727_074547,479173,1154,51045,85
7,KFDR20180727_122613_V06,43.121,0.060,320.047,325.605,8.009,-98.867,34.247,4004.509,16259.654,20180727_072613,479165,1191,51578,88
8,KFDR20180727_123600_V06,52.904,0.107,319.137,259.612,27.158,-98.872,34.544,13578.968,22345.972,20180727_073600,479171,1181,50727,80
5,KFDR20180728_112541_V06,-18.127,0.068,523.210,499.687,34.060,-97.776,33.456,17030.010,149747.982,20180728_062541,479172,14797,90106,1597
13,KFDR20180728_122245_V06,38.939,0.134,424.952,40.746,17.461,-98.287,35.529,8730.629,143897.313,20180728_072245,479170,1146,81298,289
14,KFDR20180728_125046_V06,66.956,0.195,412.073,491.969,7.075,-98.373,33.495,3537.491,111144.824,20180728_075046,479170,746,84214,239
15,KFDR20180728_125046_V06,66.956,0.051,280.069,462.011,7.399,-99.084,33.632,3699.558,81616.260,20180728_075046,479170,746,84214,239
9,KFDR20180730_114204_V06,-3.185,0.588,249.347,19.305,24.607,-99.256,35.627,12303.719,142614.162,20180730_064204,479180,3079,222370,121
9,KFDR20180730_114732_V06,2.282,0.448,252.198,21.393,30.958,-99.240,35.618,15479.114,141339.074,20180730_064732,479175,2885,214644,135
9,KFDR20180730_115230_V06,7.249,0.103,255.138,26.906,34.338,-99.224,35.593,17168.971,138376.923,20180730_065230,479191,2918,210072,194
7,KFDR20180730_113108_V06,-14.118,0.076,148.849,227.018,17.411,-99.801,34.688,8705.494,83923.886,20180730_063108,479185,5294,246699,345
7,KFDR20180730_113636_V06,-8.651,-1.000,148.849,227.018,26.103,-99.801,34.688,13051.494,83923.886,20180730_063636,479175,3516,233687,236
7,KFDR20180730_114204_V06,-3.185,0.124,154.439,236.460,30.429,-99.770,34.646,15214.542,79412.264,20180730_064204,479180,3079,222370,121
7,KFDR20180730_114732_V06,2.282,0.086,136.410,254.725,22.823,-99.867,34.563,11411.677,84869.567,20180730_064732,479175,2885,214644,135
16,KFDR20180730_120228_V06,17.215,0.064,282.141,361.069,65.506,-99.073,34.087,32752.853,31813.387,20180730_070228,479180,2072,200572,140
16,KFDR20180730_120726_V06,22.182,0.157,284.349,361.717,70.951,-99.061,34.084,35475.275,31835.184,20180730_070726,479186,1669,197581,83
11,KFDR20180730_114732_V06,2.282,0.060,258.990,349.299,66.049,-99.198,34.140,33024.738,32063.418,20180730_064732,479175,2885,214644,135
12,KFDR20180730_115230_V06,7.249,0.158,396.372,271.908,89.450,-98.452,34.488,44725.094,50191.304,20180730_065230,479191,2918,210072,194
14,KFDR20180730_120228_V06,17.215,0.134,109.777,195.574,14.451,-100.016,34.828,7225.288,108500.630,20180730_070228,479180,2072,200572,140
1,KFDR20180731_112616_V06,-19.710,0.158,416.352,242.830,13.936,-98.342,34.618,6968.193,64819.307,20180731_062616,479179,391,36974,305
1,KFDR20180731_113054_V06,-15.077,0.101,417.462,243.060,20.011,-98.336,34.617,10005.645,65267.605,20180731_063054,479177,367,32706,288
2,KFDR20180731_121742_V06,31.723,0.071,101.929,116.385,12.569,-100.063,35.185,6284.403,135042.952,20180731_071742,479176,283,37576,215
3,KFDR20180731_124835_V06,62.607,0.066,183.829,377.686,10.967,-99.605,34.010,5483.530,69876.152,20180731_074835,479178,178,41897,146
1,KFDR20180801_112621_V06,-20.355,0.184,423.862,227.974,4.459,-98.300,34.685,2229.298,71640.754,20180801_062621,479173,58,25731,34
2,KFDR20180801_114536_V06,-1.105,0.077,34.561,214.683,48.198,-100.425,34.738,24099.014,139406.587,20180801_064536,479172,91,53659,52
7,KFDR20180802_110459_V06,-42.451,0.079,40.236,338.431,35.793,-100.385,34.181,17896.580,131295.602,20180802_060459,479177,602,61618,150
11,KFDR20180802_110954_V06,-37.535,0.073,473.548,440.254,8.127,-98.040,33.726,4063.276,111568.406,20180802_060954,479177,631,60357,130
16,KFDR20180802_112859_V06,-18.451,0.059,276.525,390.865,27.914,-99.103,33.953,13957.088,46924.319,20180802_062859,479174,534,48254,158
16,KFDR20180802_113353_V06,-13.551,0.201,283.593,400.995,24.978,-99.065,33.907,12489.204,51159.335,20180802_063353,479176,509,48993,173
22,KFDR20180802_121134_V06,24.132,0.078,391.242,466.084,41.776,-98.485,33.613,20887.821,94748.476,20180802_071134,479175,371,67432,156
2,KFDR20180804_112658_V06,-21.935,0.066,279.137,372.935,17.273,-99.089,34.033,8636.591,37930.113,20180804_062658,479180,76,26681,64
2,KFDR20180804_113117_V06,-17.618,0.176,278.755,374.853,23.665,-99.091,34.025,11832.511,38904.714,20180804_063117,479170,79,27862,74
3,KFDR20180804_120751_V06,18.948,0.387,24.080,298.426,29.853,-100.476,34.360,14926.565,137962.415,20180804_070751,479171,97,54620,97
3,KFDR20180804_121729_V06,28.582,0.163,25.505,298.599,36.594,-100.468,34.359,18297.126,137249.378,20180804_071729,479173,114,56184,110
1,KFDR20180804_105228_V06,-56.435,0.141,280.115,368.029,15.223,-99.084,34.056,7611.263,35437.893,20180804_055228,479167,94,36495,88
3,KFDR20180805_123339_V06,44.013,0.051,277.810,362.767,16.751,-99.096,34.079,8375.708,33286.759,20180805_073339,479173,79,26598,61
3,KFDR20180805_124514_V06,55.596,0.064,278.495,362.602,24.233,-99.093,34.080,12116.300,33096.302,20180805_074514,479174,75,25457,71
1,KFDR20180805_110651_V06,-42.787,0.259,277.793,371.833,16.138,-99.096,34.038,8069.098,37593.714,20180805_060651,479177,51,27575,50
2,KFDR20180805_114526_V06,-4.204,0.134,276.836,371.583,17.288,-99.102,34.039,8644.049,37618.606,20180805_064526,479177,59,26291,59
1,KFDR20180807_111208_V06,-38.979,0.057,281.900,366.410,14.951,-99.074,34.063,7475.523,34416.139,20180807_061208,479168,60,48003,54
3,KFDR20180808_110223_V06,-49.468,0.057,442.361,222.260,7.040,-98.199,34.710,3519.878,81101.977,20180808_060223,479185,3768,75272,178
15,KFDR20180808_123919_V06,47.465,0.108,265.972,179.563,16.464,-99.162,34.905,8232.134,62575.750,20180808_073919,479185,10911,121052,310
7,KFDR20180809_122229_V06,29.893,0.090,52.262,287.420,27.874,-100.323,34.412,13936.802,124028.389,20180809_072229,479183,602,99260,74
8,KFDR20180809_123616_V06,43.676,0.075,348.321,413.155,15.156,-98.715,33.852,7578.104,61520.163,20180809_073616,479179,589,99595,86
10,KFDR20180809_130216_V06,69.676,0.085,290.027,391.505,29.255,-99.030,33.950,14627.317,46023.241,20180809_080216,479184,457,100922,95
2,KFDR20180811_114414_V06,-9.835,0.171,338.586,105.009,6.306,-98.764,35.241,3153.152,99385.984,20180811_064414,479178,32,56476,2
4,KFDR20180811_114847_V06,-5.285,0.092,377.026,423.973,18.204,-98.560,33.803,9102.032,72976.632,20180811_064847,479171,62,62056,15
5,KFDR20180811_115327_V06,-0.618,0.085,363.009,49.611,7.909,-98.629,35.490,3954.453,129097.712,20180811_065327,479178,75,68767,26
7,KFDR20180811_130731_V06,73.449,0.123,290.011,534.370,42.874,-99.030,33.306,21436.911,117291.165,20180811_080731,479169,28,85634,20
1,KFDR20180812_114423_V06,-10.423,0.198,331.897,98.566,5.367,-98.801,35.270,2683.346,101971.693,20180812_064423,479170,75,34200,8
1,KFDR20180812_114841_V06,-6.123,0.062,331.217,99.782,10.855,-98.805,35.264,5427.722,101318.502,20180812_064841,479178,99,37460,13
1,KFDR20180812_115259_V06,-1.823,0.694,326.885,103.629,13.799,-98.828,35.247,6899.313,99101.537,20180812_065259,479175,72,41462,13
1,KFDR20180812_120141_V06,6.877,0.128,325.776,104.795,18.459,-98.835,35.242,9229.448,98449.654,20180812_070141,479180,106,47293,32
4,KFDR20180812_114841_V06,-6.123,0.099,375.932,419.043,15.565,-98.566,33.825,7782.564,70598.975,20180812_064841,479178,99,37460,13
4,KFDR20180812_115259_V06,-1.823,0.068,376.811,418.322,20.917,-98.561,33.828,10458.445,70533.807,20180812_065259,479175,72,41462,13
1,KFDR20180813_113243_V06,-22.826,0.081,315.500,282.089,15.911,-98.892,34.443,7955.692,11842.988,20180813_063243,479178,6004,175805,103
12,KFDR20180813_125325_V06,57.874,0.064,171.308,254.285,11.710,-99.677,34.566,5855.091,68285.388,20180813_075325,479176,6696,267296,324
1,KFDR20180814_121215_V06,15.971,0.083,309.119,77.782,13.773,-98.926,35.364,6886.272,111202.463,20180814_071215,479171,589,65430,110
1,KFDR20180814_121716_V06,20.987,0.216,310.673,78.407,20.206,-98.917,35.361,10103.179,110925.047,20180814_071716,479176,846,68128,117
1,KFDR20180815_114453_V06,-12.131,0.893,343.509,88.434,8.185,-98.737,35.316,4092.716,107996.548,20180815_064453,479186,187,44325,122
1,KFDR20180815_114915_V06,-7.764,0.759,345.371,88.264,13.310,-98.727,35.316,6655.143,108271.177,20180815_064915,479181,197,46831,118
1,KFDR20180815_115337_V06,-3.397,0.802,350.980,88.112,13.545,-98.696,35.317,6772.642,108967.529,20180815_065337,479182,171,48482,96
1,KFDR20180815_120220_V06,5.319,0.754,361.808,89.051,16.952,-98.636,35.313,8475.905,109908.937,20180815_070220,479184,254,52246,177
4,KFDR20180815_114915_V06,-7.764,0.293,225.800,208.757,6.943,-99.381,34.773,3471.489,58802.337,20180815_064915,479181,197,46831,118
5,KFDR20180815_114915_V06,-7.764,0.230,405.264,128.094,8.341,-98.399,35.136,4170.731,100787.014,20180815_064915,479181,197,46831,118
1,KFDR20180816_131013_V06,72.470,0.086,35.778,393.710,49.202,-100.405,33.931,24601.109,140173.641,20180816_081013,479179,320,42794,219
8,KFDR20180817_131042_V06,72.221,0.193,392.446,99.453,18.273,-98.468,35.265,9136.715,110414.333,20180817_081042,479176,1878,70510,140
8,KFDR20180817_131521_V06,76.871,0.191,392.497,99.781,24.099,-98.468,35.264,12049.549,110276.450,20180817_081521,479173,1750,71453,124
3,KFDR20180817_122348_V06,25.321,0.063,31.829,259.900,28.739,-100.437,34.534,14369.555,135576.360,20180817_072348,479177,1481,61282,115
3,KFDR20180818_113900_V06,-20.208,0.241,326.732,97.945,2.532,-98.829,35.273,1265.827,101907.745,20180818_063900,479170,624,43080,102
3,KFDR20180818_114338_V06,-15.575,0.069,326.552,98.031,8.897,-98.830,35.272,4448.340,101853.413,20180818_064338,479169,762,41319,100
3,KFDR20180818_114817_V06,-10.925,0.465,322.353,96.944,13.266,-98.853,35.277,6632.991,102141.509,20180818_064817,479178,720,40381,133
3,KFDR20180818_115255_V06,-6.292,0.754,322.154,96.455,15.461,-98.854,35.280,7730.656,102373.307,20180818_065255,479177,677,39758,96
3,KFDR20180818_120214_V06,3.025,0.507,324.408,96.231,15.665,-98.842,35.281,7832.407,102612.928,20180818_070214,479170,723,45083,121
2,KFDR20180818_113421_V06,-24.858,0.060,417.718,238.312,6.354,-98.334,34.639,3176.769,66450.808,20180818_063421,479170,760,45990,115
2,KFDR20180818_113900_V06,-20.208,0.095,417.676,239.460,12.318,-98.334,34.633,6159.015,66167.684,20180818_063900,479170,624,43080,102
2,KFDR20180818_114338_V06,-15.575,-1.000,417.643,240.356,18.570,-98.335,34.629,9285.216,65949.483,20180818_064338,479169,762,41319,100
2,KFDR20180818_114817_V06,-10.925,0.055,414.770,245.736,15.973,-98.350,34.605,7986.671,63475.922,20180818_064817,479178,720,40381,133
1,KFDR20180818_110630_V06,-52.708,0.073,164.998,199.836,17.246,-99.714,34.811,8622.831,84051.157,20180818_060630,479174,731,40806,69
8,KFDR20180818_120214_V06,3.025,0.417,179.730,517.496,16.209,-99.622,33.380,8104.650,124267.131,20180818_070214,479170,723,45083,121
9,KFDR20180818_123149_V06,32.608,0.055,136.498,122.796,17.408,-99.873,35.158,8703.992,120554.935,20180818_073149,479174,1228,55731,502
10,KFDR20180818_124743_V06,48.508,0.185,290.378,79.474,17.822,-99.029,35.356,8910.923,110368.034,20180818_074743,479171,924,57277,394
5,KFDR20180819_113702_V06,-22.903,0.208,311.869,146.478,21.155,-98.911,35.054,10577.362,76990.233,20180819_063702,479179,544,171423,75
9,KFDR20180819_123040_V06,30.731,0.053,211.618,582.065,22.971,-99.449,33.090,11485.541,147793.749,20180819_073040,479176,176,95052,103
11,KFDR20180819_124249_V06,42.881,0.085,355.945,367.407,47.681,-98.673,34.058,23840.508,43799.207,20180819_074249,479173,154,92957,84
8,KFDR20180820_123813_V06,37.555,0.053,24.249,330.307,24.032,-100.472,34.216,12015.950,138705.964,20180820_073813,479170,199,27114,146
8,KFDR20180820_124250_V06,42.171,0.056,26.359,328.518,31.757,-100.461,34.225,15878.331,137561.348,20180820_074250,479172,144,27398,124
8,KFDR20180820_124724_V06,46.738,-1.000,27.989,327.137,39.314,-100.452,34.231,19657.133,136680.865,20180820_074724,479177,134,27666,119
8,KFDR20180820_125218_V06,51.638,0.186,40.029,325.606,37.552,-100.387,34.239,18775.992,130614.411,20180820_075218,479175,156,28028,128
6,KFDR20180820_114857_V06,-11.712,0.066,397.603,490.912,30.262,-98.451,33.501,15131.097,107207.341,20180820_064857,479179,173,19051,137
6,KFDR20180820_115329_V06,-7.179,0.152,398.322,491.793,36.448,-98.447,33.497,18223.944,107763.584,20180820_065329,479176,175,22384,143
2,KFDR20180820_114437_V06,-16.045,0.118,338.450,103.325,6.554,-98.765,35.248,3277.069,100199.086,20180820_064437,479171,127,21425,107
2,KFDR20180820_114857_V06,-11.712,0.136,330.397,109.026,20.529,-98.809,35.223,10264.557,96689.205,20180820_064857,479179,173,19051,137
3,KFDR20180820_114437_V06,-16.045,0.118,403.225,151.371,5.743,-98.411,35.031,2871.273,90479.019,20180820_064437,479171,127,21425,107
1,KFDR20180821_114750_V06,-13.553,0.161,217.947,211.112,4.709,-99.424,34.762,2354.345,60484.894,20180821_064750,479174,112,19188,74
11,KFDR20180822_121447_V06,12.675,0.434,289.188,482.642,10.846,-99.034,33.539,5423.086,91480.909,20180822_071447,479173,3529,69574,475
13,KFDR20180823_131407_V06,71.289,0.112,28.567,409.531,52.053,-100.443,33.860,26026.434,146349.515,20180823_081407,479172,353,61476,170
13,KFDR20180823_131846_V06,75.939,0.068,29.474,410.863,58.638,-100.438,33.854,29318.853,146180.383,20180823_081846,479179,304,61375,174
1,KFDR20180823_110620_V06,-56.495,0.066,180.962,321.339,2.420,-99.622,34.264,1210.018,60467.904,20180823_060620,479172,636,43503,156
5,KFDR20180823_115310_V06,-9.661,0.072,365.102,317.018,18.498,-98.623,34.285,9249.233,33644.887,20180823_065310,479173,455,39386,85
12,KFDR20180823_130929_V06,66.655,0.102,30.341,239.140,53.049,-100.446,34.628,26524.626,138220.944,20180823_080929,479173,343,61978,139
1,KFDR20180824_114043_V06,-22.829,0.054,281.314,381.982,24.226,-99.077,33.993,12112.785,42042.045,20180824_064043,479173,185,29705,148
2,KFDR20180824_131623_V06,72.837,0.456,282.802,364.893,15.562,-99.069,34.070,7781.111,33566.757,20180824_081623,479175,169,66412,137
2,KFDR20180825_122326_V06,19.171,0.079,276.462,373.182,19.771,-99.104,34.032,9885.281,38437.097,20180825_072326,479177,124,55705,98
3,KFDR20180825_124200_V06,37.738,0.070,24.484,438.983,37.622,-100.463,33.727,18811.176,154293.214,20180825_074200,479173,117,56124,94
4,KFDR20180825_125117_V06,47.021,0.070,278.421,372.818,17.450,-99.093,34.034,8724.930,37973.809,20180825_075117,479173,135,55110,117
1,KFDR20180826_112215_V06,-42.727,0.072,280.264,363.526,14.959,-99.083,34.076,7479.343,33260.702,20180826_062215,479172,134,20847,126
1,KFDR20180826_113152_V06,-33.110,-1.000,280.264,363.526,30.249,-99.083,34.076,15124.593,33260.702,20180826_063152,479177,119,20657,111
1,KFDR20180826_114128_V06,-23.510,0.080,278.413,373.400,17.122,-99.093,34.031,8561.201,38254.196,20180826_064128,479176,120,16578,113
3,KFDR20180826_124849_V06,43.840,0.089,278.091,373.507,19.591,-99.095,34.031,9795.658,38351.452,20180826_074849,479173,131,47374,125
1,KFDR20180827_110832_V06,-57.156,0.091,279.358,368.837,14.875,-99.088,34.052,7437.735,35932.745,20180827_060832,479170,91,27047,84
1,KFDR20180827_111809_V06,-47.540,0.080,278.822,370.017,23.634,-99.091,34.047,11816.829,36574.829,20180827_061809,479171,95,23524,88
5,KFDR20180828_120047_V06,-5.617,0.267,404.626,427.150,18.109,-98.411,33.788,9054.676,82331.238,20180828_070047,479174,107,27617,100
5,KFDR20180828_120505_V06,-1.317,0.121,403.310,425.555,25.585,-98.418,33.795,12792.616,81297.491,20180828_070505,479173,108,26632,99
15,KFDR20180828_131205_V06,65.683,0.113,278.531,364.903,16.164,-99.092,34.070,8081.921,34181.109,20180828_081205,479174,173,20283,79
15,KFDR20180828_131623_V06,69.983,0.053,278.557,366.243,21.918,-99.092,34.064,10959.153,34813.725,20180828_081623,479180,160,20132,75
3,KFDR20180828_111330_V06,-52.901,0.170,279.928,365.152,13.584,-99.085,34.068,6791.962,34086.865,20180828_061330,479182,167,36382,97
6,KFDR20180828_120047_V06,-5.617,0.134,281.648,375.046,23.155,-99.075,34.024,11577.559,38628.795,20180828_070047,479174,107,27617,100
6,KFDR20180828_120505_V06,-1.317,0.325,278.699,373.210,17.655,-99.091,34.032,8827.639,38122.785,20180828_070505,479173,108,26632,99
9,KFDR20180828_122242_V06,16.299,0.107,277.860,370.240,18.098,-99.096,34.046,9048.899,36823.488,20180828_072242,479175,125,21997,94
10,KFDR20180828_122242_V06,16.299,0.074,175.756,207.317,9.274,-99.655,34.778,4637.024,77502.721,20180828_072242,479175,125,21997,94
13,KFDR20180828_124852_V06,42.466,0.055,24.958,427.454,38.454,-100.461,33.779,19227.160,151568.778,20180828_074852,479173,143,20357,101
14,KFDR20180828_130703_V06,60.649,0.131,279.227,375.468,20.458,-99.089,34.022,10228.819,39137.547,20180828_080703,479173,193,19770,65
16,KFDR20180828_132932_V06,83.133,0.297,279.633,369.102,16.485,-99.086,34.051,8242.697,36020.326,20180828_082932,479168,133,21586,102
6,KFDR20180829_120617_V06,-0.827,0.187,411.480,427.776,18.973,-98.374,33.785,9486.280,84785.814,20180829_070617,479174,778,44695,94
6,KFDR20180829_121040_V06,3.556,0.084,410.934,426.938,26.254,-98.377,33.789,13126.844,84290.368,20180829_071040,479175,762,43414,95
7,KFDR20180829_120617_V06,-0.827,0.064,393.924,154.638,17.585,-98.462,35.016,8792.328,86532.716,20180829_070617,479174,778,44695,94
11,KFDR20180829_132440_V06,77.556,0.052,275.369,367.054,13.173,-99.110,34.060,6586.693,35717.392,20180829_082440,479173,995,46920,90
1,KFDR20180830_114209_V06,-25.669,0.064,423.842,222.618,9.426,-98.300,34.709,4712.944,73015.070,20180830_064209,479172,145,30500,125
1,KFDR20180830_120124_V06,-6.419,0.614,428.853,223.916,16.875,-98.273,34.703,8437.428,74819.349,20180830_070124,479170,171,40518,145
2,KFDR20180830_120124_V06,-6.419,0.077,22.049,251.921,30.121,-100.491,34.570,15060.364,141039.209,20180830_070124,479170,171,40518,145
4,KFDR20180830_120124_V06,-6.419,0.050,319.091,217.512,13.029,-98.872,34.734,6514.618,42334.024,20180830_070124,479170,171,40518,145
5,KFDR20180830_131822_V06,70.548,0.050,278.077,368.761,16.812,-99.095,34.052,8406.124,36085.514,20180830_081822,479172,137,50235,128
1,KFDR20180906_121549_V06,3.065,0.065,241.681,270.149,27.417,-99.294,34.496,13708.580,32757.442,20180906_071549,479197,1926,44964,126
10,KFDR20180907_123707_V06,23.663,0.057,338.169,235.063,17.295,-98.768,34.655,8647.663,37661.832,20180907_073707,479170,6473,150158,205
11,KFDR20180907_124313_V06,29.763,0.073,279.259,151.586,8.435,-99.090,35.031,4217.300,74928.134,20180907_074313,479173,6629,155075,162
1,KFDR20180908_114103_V06,-33.106,0.069,326.835,177.857,11.774,-98.829,34.913,5887.035,62528.202,20180908_064103,479176,1099,105298,84
1,KFDR20180908_114604_V06,-28.089,0.154,327.081,177.894,17.757,-98.828,34.912,8878.599,62536.569,20180908_064604,479177,996,107842,83
14,KFDR20180908_132657_V06,72.794,0.162,472.744,446.457,28.207,-98.044,33.698,14103.417,113236.411,20180908_082657,479179,279,90274,68
14,KFDR20180908_133138_V06,77.478,0.085,474.134,446.561,33.787,-98.037,33.698,16893.595,113801.018,20180908_083138,479175,260,90077,71
3,KFDR20180908_120108_V06,-13.022,0.056,402.740,388.286,19.040,-98.420,33.963,9520.086,67730.799,20180908_070108,479172,632,98604,105
4,KFDR20180908_120556_V06,-8.222,0.124,340.639,277.407,27.193,-98.755,34.464,13596.561,23248.510,20180908_070556,479168,649,92667,121
5,KFDR20180908_120556_V06,-8.222,0.066,279.381,353.153,22.664,-99.088,34.123,11331.882,28506.289,20180908_070556,479168,649,92667,121
3,KFDR20180909_121328_V06,-1.391,0.177,74.323,275.040,16.783,-100.204,34.469,8391.483,113526.372,20180909_071328,479180,151,20278,137
3,KFDR20180909_122304_V06,8.209,-1.000,74.323,275.040,32.047,-100.204,34.469,16023.483,113526.372,20180909_072304,479164,121,21243,104
3,KFDR20180909_123242_V06,17.843,0.273,52.660,287.936,55.254,-100.321,34.409,27627.210,123817.110,20180909_073242,479174,151,22649,126
3,KFDR20180909_124219_V06,27.459,0.071,52.025,270.394,82.834,-100.326,34.488,41417.196,124868.084,20180909_074219,479171,141,24442,113
5,KFDR20180909_132045_V06,65.893,0.280,62.377,327.846,72.819,-100.266,34.230,36409.542,119624.525,20180909_082045,479175,110,31268,75
5,KFDR20180909_133021_V06,75.493,0.126,63.534,329.257,81.531,-100.259,34.224,40765.394,119134.771,20180909_083021,479178,104,32397,77
6,KFDR20180909_133021_V06,75.493,0.130,288.861,128.544,32.293,-99.037,35.135,16146.694,85908.495,20180909_083021,479178,104,32397,77
6,KFDR20180909_133958_V06,85.109,0.196,289.339,129.155,43.129,-99.035,35.132,21564.337,85588.646,20180909_083958,479168,101,32907,88
2,KFDR20180909_121328_V06,-1.391,0.458,402.999,153.727,10.388,-98.412,35.020,5193.909,89449.092,20180909_071328,479180,151,20278,137
4,KFDR20180909_130132_V06,46.676,0.337,295.402,99.888,34.008,-99.001,35.264,17004.246,100082.532,20180909_080132,479171,110,28659,80
1,KFDR20180910_123426_V06,18.874,0.078,17.054,250.782,24.134,-100.518,34.574,12066.914,143597.541,20180910_073426,479175,261,44582,219
2,KFDR20180911_122535_V06,9.323,0.112,435.449,60.579,25.749,-98.230,35.439,12874.489,137539.979,20180911_072535,479168,51,45925,41
3,KFDR20180911_122535_V06,9.323,0.072,97.124,176.344,14.451,-100.086,34.915,7225.403,118795.675,20180911_072535,479168,51,45925,41
2,KFDR20180912_121040_V06,-6.295,0.100,209.900,395.636,1.991,-99.463,33.930,995.584,65696.833,20180912_071040,479175,85,28011,77
1,KFDR20180914_113233_V06,-45.814,0.087,277.605,368.237,16.888,-99.097,34.055,8444.166,35909.102,20180914_063233,479168,122,19747,109
1,KFDR20180914_114214_V06,-36.131,-1.000,277.605,368.237,32.285,-99.097,34.055,16142.416,35909.102,20180914_064214,479166,104,22039,95
1,KFDR20180914_120134_V06,-16.798,0.053,278.077,362.251,17.489,-99.095,34.082,8744.616,32999.201,20180914_070134,479171,87,25322,76
4,KFDR20180915_120405_V06,-14.983,0.127,279.311,326.401,16.129,-99.088,34.243,8064.381,16770.655,20180915_070405,479170,440,54098,72
4,KFDR20180915_120823_V06,-10.683,0.207,278.535,326.063,21.446,-99.093,34.245,10722.999,16881.867,20180915_070823,479175,418,57374,74
4,KFDR20180915_121255_V06,-6.149,0.131,274.071,319.781,15.505,-99.117,34.273,7752.407,16306.341,20180915_071255,479179,362,62151,73
4,KFDR20180915_121727_V06,-1.616,0.143,274.114,319.074,21.315,-99.117,34.276,10657.584,16077.209,20180915_071727,479182,379,66960,68
9,KFDR20180915_121727_V06,-1.616,0.054,153.503,227.435,4.939,-99.775,34.687,2469.658,81741.945,20180915_071727,479182,379,66960,68
9,KFDR20180915_122137_V06,2.551,0.143,153.395,227.218,10.867,-99.776,34.688,5433.428,81838.846,20180915_072137,479176,426,68887,117
15,KFDR20180915_130328_V06,44.401,0.089,301.857,520.558,36.013,-98.966,33.368,18006.699,110282.719,20180915_080328,479182,769,72288,69
15,KFDR20180915_130814_V06,49.167,0.094,303.241,521.374,45.341,-98.959,33.364,22670.627,110698.695,20180915_080814,479170,844,73695,74
17,KFDR20180915_132702_V06,67.967,0.215,333.135,278.088,21.328,-98.796,34.461,10663.963,19862.452,20180915_082702,479174,1173,72721,66
17,KFDR20180915_133134_V06,72.501,0.135,333.261,277.783,27.465,-98.795,34.462,13732.560,19999.084,20180915_083134,479184,1244,71397,67
17,KFDR20180915_133607_V06,77.051,0.134,327.282,269.536,19.849,-98.828,34.499,9924.263,20447.136,20180915_083607,479168,1309,72081,66
17,KFDR20180915_134039_V06,81.584,0.206,326.625,269.520,26.010,-98.831,34.500,13005.037,20235.676,20180915_084039,479175,1432,71255,68
1,KFDR20180915_112758_V06,-51.099,0.072,233.337,392.432,18.135,-99.337,33.945,9067.343,56981.342,20180915_062758,479183,191,60278,99
6,KFDR20180915_120823_V06,-10.683,0.093,334.903,375.016,28.088,-98.787,34.024,14044.096,41369.112,20180915_070823,479175,418,57374,74
13,KFDR20180915_124027_V06,21.384,0.054,197.778,365.627,18.023,-99.530,34.065,9011.419,60737.711,20180915_074027,479186,465,68562,60
16,KFDR20180915_130814_V06,49.167,0.113,349.029,290.285,25.204,-98.709,34.406,12602.043,24991.141,20180915_080814,479170,844,73695,74
1,KFDR20180916_120248_V06,-16.968,0.695,393.434,141.340,4.935,-98.464,35.076,2467.705,92063.597,20180916_070248,479166,73,22414,63
3,KFDR20180916_122210_V06,2.398,0.081,147.909,223.267,11.824,-99.806,34.705,5912.079,85175.584,20180916_072210,479175,97,34970,78
4,KFDR20180916_123150_V06,12.065,0.129,20.889,215.160,32.923,-100.500,34.735,16461.586,145860.418,20180916_073150,479167,63,36316,56
2,KFDR20180917_120631_V06,-13.954,0.593,402.075,139.719,3.031,-98.416,35.083,1515.530,95012.084,20180917_070631,479167,286,29729,204
2,KFDR20180917_121612_V06,-4.271,0.245,402.869,140.866,12.553,-98.412,35.078,6276.306,94744.086,20180917_071612,479168,370,35834,290
1,KFDR20180917_113730_V06,-42.971,0.108,31.526,420.753,53.549,-100.426,33.809,26774.420,147189.783,20180917_063730,479170,362,29039,248
1,KFDR20180919_112524_V06,-56.480,0.231,387.185,196.300,1.920,-98.500,34.829,960.163,67740.165,20180919_062524,479159,205,21901,178
3,KFDR20180919_121347_V06,-8.096,0.064,154.121,225.779,6.720,-99.772,34.694,3359.964,81837.407,20180919_071347,479166,210,39280,157
4,KFDR20180919_122327_V06,1.570,0.050,27.847,411.829,50.040,-100.446,33.849,25020.144,147116.197,20180919_072327,479171,208,42955,145
1,KFDR20180920_134026_V06,77.848,0.116,279.875,374.334,18.853,-99.085,34.027,9426.455,38504.858,20180920_084026,479172,96,13791,85
1,KFDR20180922_114130_V06,-42.503,0.063,314.336,557.552,14.590,-98.899,33.201,7294.940,128975.152,20180922_064130,479168,163,41974,137
2,KFDR20180922_115245_V06,-31.253,0.075,430.404,438.651,31.208,-98.273,33.735,15604.050,95170.146,20180922_065245,479165,198,43866,150
3,KFDR20180923_123542_V06,10.986,0.148,381.549,481.596,31.150,-98.537,33.543,15575.129,99533.266,20180923_073542,479169,183,30536,170
5,KFDR20180923_132405_V06,59.369,0.137,503.033,342.102,28.012,-97.875,34.167,14006.159,103676.126,20180923_082405,479172,108,34298,107
6,KFDR20180923_132405_V06,59.369,0.067,455.802,387.068,29.677,-98.133,33.967,14838.472,89239.925,20180923_082405,479172,108,34298,107
1,KFDR20180924_132012_V06,54.772,0.059,15.531,217.585,18.568,-100.529,34.724,9283.789,148083.644,20180924_082012,479167,20,45038,5
1,KFDR20180924_132952_V06,64.439,0.181,19.574,215.180,25.619,-100.507,34.735,12809.551,146486.481,20180924_082952,479165,18,47855,17
1,KFDR20180924_133933_V06,74.122,0.169,26.820,198.847,41.097,-100.469,34.809,20548.578,145653.204,20180924_083933,479175,33,49030,12
1,KFDR20180925_113415_V06,-51.894,0.086,278.137,368.374,13.885,-99.095,34.054,6942.387,35892.098,20180925_063415,479167,89,30267,72
1,KFDR20180927_134043_V06,73.131,0.076,424.143,516.516,31.040,-98.309,33.384,15520.217,124790.606,20180927_084043,479165,351,43392,221
1,KFDR20180928_121604_V06,-12.245,0.089,210.562,392.818,1.889,-99.460,33.943,944.347,64448.302,20180928_071604,479165,149,24115,140
3,KFDR20180929_131952_V06,50.826,0.076,74.029,260.787,36.691,-100.207,34.533,18345.713,114674.271,20180929_081952,479168,85,20877,84
4,KFDR20180929_132932_V06,60.492,0.107,279.666,365.658,16.188,-99.086,34.066,8093.941,34367.170,20180929_082932,479167,83,21446,78
5,KFDR20180930_122916_V06,-0.507,0.061,158.264,217.076,11.136,-99.750,34.734,5568.247,82105.741,20180930_072916,479175,109,23808,99
5,KFDR20180930_123857_V06,9.176,0.140,161.212,223.395,23.315,-99.734,34.705,11657.675,79263.013,20180930_073857,479167,108,21636,104
2,KFDR20180930_113109_V06,-58.624,0.060,369.604,229.735,2.791,-98.596,34.678,1395.271,49451.590,20180930_063109,479173,110,35133,110
4,KFDR20180930_121935_V06,-10.191,0.245,216.106,395.103,4.642,-99.430,33.933,2320.967,63408.958,20180930_071935,479168,138,24401,134
1,KFDR20181001_113036_V06,-59.912,0.279,279.183,364.409,14.178,-99.089,34.072,7089.069,33844.471,20181001_063036,479164,88,34143,78
1,KFDR20181001_114018_V06,-50.212,0.056,279.312,364.256,21.957,-99.088,34.073,10978.444,33752.300,20181001_064018,479171,74,25177,65
3,KFDR20181001_120921_V06,-21.162,0.158,407.017,386.371,2.930,-98.397,33.972,1465.225,68761.496,20181001_070921,479163,83,16821,80
5,KFDR20181001_121903_V06,-11.462,0.165,150.352,229.843,3.286,-99.793,34.676,1643.068,82638.412,20181001_071903,479168,86,29193,83
7,KFDR20181001_122843_V06,-1.795,0.218,342.589,106.753,3.424,-98.742,35.233,1712.204,98941.900,20181001_072843,479166,192,32748,178
1,KFDR20181002_120622_V06,-24.887,0.264,282.779,369.400,19.084,-99.069,34.049,9541.977,35752.154,20181002_070622,479170,87,13369,75
2,KFDR20181002_123524_V06,4.147,0.240,409.554,123.650,2.873,-98.375,35.156,1436.604,103804.492,20181002_073524,479170,180,30967,160
3,KFDR20181003_122548_V06,-6.200,0.121,154.328,217.435,10.096,-99.771,34.732,5048.019,83721.505,20181003_072548,479168,165,16274,152
3,KFDR20181003_123529_V06,3.483,0.053,158.343,221.670,20.774,-99.749,34.713,10387.000,80935.715,20181003_073529,479168,209,15635,195
1,KFDR20181003_113724_V06,-54.600,0.303,277.839,370.679,15.755,-99.096,34.044,7877.384,37035.643,20181003_063724,479165,100,24711,85
1,KFDR20181003_114705_V06,-44.917,-1.000,277.839,370.679,31.151,-99.096,34.044,15575.634,37035.643,20181003_064705,479167,130,19529,107
1,KFDR20181003_120626_V06,-25.567,0.115,277.248,373.641,18.515,-99.099,34.030,9257.507,38537.745,20181003_070626,479167,147,12381,143
4,KFDR20181003_122548_V06,-6.200,0.070,165.316,233.418,15.752,-99.711,34.660,7876.127,75121.735,20181003_072548,479168,165,16274,152
5,KFDR20181003_123529_V06,3.483,0.139,174.758,208.903,10.731,-99.660,34.771,5365.391,77434.236,20181003_073529,479168,209,15635,195
6,KFDR20181003_123529_V06,3.483,0.060,46.710,235.660,13.996,-100.358,34.644,6997.904,130666.951,20181003_073529,479168,209,15635,195
7,KFDR20181003_133334_V06,61.567,0.196,279.053,369.960,17.397,-99.090,34.047,8698.259,36514.206,20181003_083334,479166,174,14126,133
1,KFDR20181004_121751_V06,-14.901,0.057,400.584,124.343,6.474,-98.424,35.153,3236.988,101208.631,20181004_071751,479171,237,40089,195
1,KFDR20181004_122156_V06,-10.818,0.481,401.916,123.902,12.581,-98.417,35.155,6290.664,101731.679,20181004_072156,479172,148,43160,127
1,KFDR20181004_122602_V06,-6.718,0.855,406.404,125.930,12.425,-98.392,35.145,6212.745,102007.493,20181004_072602,479171,187,48609,150
1,KFDR20181004_123009_V06,-2.601,0.716,410.886,128.689,13.630,-98.368,35.133,6814.844,102033.342,20181004_073009,479175,241,51861,207
1,KFDR20181004_123416_V06,1.515,0.854,415.613,129.517,17.106,-98.342,35.129,8552.957,102993.642,20181004_073416,479176,212,53898,184
1,KFDR20181004_123830_V06,5.749,0.747,419.959,126.737,23.625,-98.318,35.141,11812.498,105368.778,20181004_073830,479174,151,53728,127
1,KFDR20181004_124245_V06,9.999,0.381,423.611,126.170,28.874,-98.298,35.144,14436.860,106649.538,20181004_074245,479181,203,50532,167
1,KFDR20181004_124708_V06,14.382,0.605,427.534,126.702,32.691,-98.276,35.141,16345.516,107583.742,20181004_074708,479175,159,46701,115
1,KFDR20181004_125131_V06,18.765,0.326,430.353,130.467,34.632,-98.261,35.124,17315.784,106926.879,20181004_075131,479166,174,46193,143
1,KFDR20181004_130018_V06,27.549,0.051,434.018,139.987,35.663,-98.241,35.081,17831.271,104361.164,20181004_080018,479177,126,46150,98
2,KFDR20181004_122156_V06,-10.818,0.641,389.506,71.912,15.320,-98.484,35.389,7659.874,122510.704,20181004_072156,479172,148,43160,127
2,KFDR20181004_122602_V06,-6.718,0.799,391.243,73.705,19.190,-98.474,35.381,9595.214,121998.464,20181004_072602,479171,187,48609,150
2,KFDR20181004_123009_V06,-2.601,0.204,394.613,75.481,21.854,-98.456,35.373,10927.218,121820.015,20181004_073009,479175,241,51861,207
2,KFDR20181004_123416_V06,1.515,0.715,400.485,79.915,22.321,-98.423,35.353,11160.283,120969.734,20181004_073416,479176,212,53898,184
2,KFDR20181004_123830_V06,5.749,0.544,403.915,82.508,24.173,-98.405,35.341,12086.268,120520.640,20181004_073830,479174,151,53728,127
2,KFDR20181004_124245_V06,9.999,-1.000,407.759,85.360,25.921,-98.384,35.328,12960.329,120085.600,20181004_074245,479181,203,50532,167
2,KFDR20181004_124708_V06,14.382,-1.000,411.723,88.301,27.724,-98.362,35.315,13861.812,119685.390,20181004_074708,479175,159,46701,115
2,KFDR20181004_125131_V06,18.765,0.155,414.910,75.991,31.907,-98.344,35.370,15953.455,125881.211,20181004_075131,479166,174,46193,143
4,KFDR20181004_125131_V06,18.765,0.055,280.722,363.812,13.903,-99.081,34.075,6951.466,33329.991,20181004_075131,479166,174,46193,143
1,KFDR20181005_121216_V06,-21.241,0.127,372.325,75.871,2.389,-98.578,35.372,1194.664,117754.649,20181005_071216,479169,205,19653,196
1,KFDR20181005_122157_V06,-11.557,0.092,370.719,78.831,14.185,-98.587,35.358,7092.502,116099.817,20181005_072157,479171,203,39975,186
1,KFDR20181005_123137_V06,-1.891,0.161,342.296,91.943,16.360,-98.744,35.300,8179.757,106156.459,20181005_073137,479171,264,54560,261
1,KFDR20181005_124118_V06,7.793,0.269,332.713,88.053,23.939,-98.796,35.317,11969.379,107228.545,20181005_074118,479165,211,47301,201
4,KFDR20181005_132001_V06,46.509,0.059,34.251,274.255,59.128,-100.422,34.470,29563.942,133496.623,20181005_082001,479169,177,30090,149
5,KFDR20181005_132001_V06,46.509,0.057,281.984,369.208,18.895,-99.074,34.050,9447.559,35756.985,20181005_082001,479169,177,30090,149
11,KFDR20181006_124505_V06,10.815,0.147,405.280,130.436,17.628,-98.399,35.125,8814.144,99794.351,20181006_074505,479171,377,39032,258
11,KFDR20181006_124857_V06,14.681,0.099,405.184,129.426,24.038,-98.399,35.130,12018.794,100198.688,20181006_074857,479169,302,38106,166
11,KFDR20181006_125252_V06,18.598,0.176,407.917,128.367,26.448,-98.384,35.134,13223.864,101370.563,20181006_075252,479180,256,36933,139
5,KFDR20181006_121754_V06,-16.369,0.092,389.289,76.417,8.383,-98.485,35.369,4191.257,120376.478,20181006_071754,479173,87,44116,77
5,KFDR20181006_122147_V06,-12.485,0.161,389.421,76.400,14.152,-98.484,35.369,7075.824,120408.667,20181006_072147,479185,179,46325,140
14,KFDR20181006_130038_V06,26.365,0.314,252.897,167.594,47.534,-99.234,34.959,23767.052,70267.359,20181006_080038,479173,167,35283,96
14,KFDR20181006_130431_V06,30.248,0.133,253.481,168.363,52.810,-99.231,34.955,26405.234,69807.681,20181006_080431,479171,231,35435,121
16,KFDR20181006_134714_V06,72.965,0.113,33.447,514.945,38.152,-100.408,33.385,19076.212,171210.252,20181006_084714,479177,213,39503,100
16,KFDR20181006_135107_V06,76.848,0.080,33.824,513.580,43.297,-100.407,33.391,21648.355,170635.573,20181006_085107,479186,227,39687,95
6,KFDR20181006_122147_V06,-12.485,0.246,351.582,146.778,15.803,-98.693,35.052,7901.703,80835.947,20181006_072147,479185,179,46325,140
9,KFDR20181006_124112_V06,6.931,0.491,340.753,155.014,9.175,-98.753,35.015,4587.418,75302.126,20181006_074112,479174,361,40816,280
9,KFDR20181007_133900_V06,63.965,0.113,258.563,402.123,12.785,-99.200,33.902,6392.458,55104.588,20181007_083900,479181,11786,236939,235
13,KFDR20181008_131231_V06,36.710,0.080,297.009,274.011,25.472,-98.992,34.479,12736.057,13080.376,20181008_081231,479183,287,52211,118
1,KFDR20181010_121207_V06,-25.248,0.847,384.718,143.466,10.787,-98.512,35.067,5393.539,88994.548,20181010_071207,479173,115,39905,93
1,KFDR20181010_122349_V06,-13.548,0.188,388.287,145.539,17.236,-98.492,35.057,8617.901,88956.132,20181010_072349,479166,136,32469,120
1,KFDR20181010_123330_V06,-3.865,0.258,387.949,175.811,31.003,-98.495,34.921,15501.327,76088.560,20181010_073330,479171,241,27565,215
1,KFDR20181010_124312_V06,5.835,0.605,402.365,190.658,21.518,-98.416,34.854,10758.751,74890.397,20181010_074312,479169,246,25562,218
4,KFDR20181010_122349_V06,-13.548,0.630,411.175,254.868,8.250,-98.370,34.564,4124.847,59993.313,20181010_072349,479166,136,32469,120
4,KFDR20181010_123330_V06,-3.865,0.056,410.747,254.880,17.414,-98.373,34.564,8707.228,59792.863,20181010_073330,479171,241,27565,215
6,KFDR20181010_122349_V06,-13.548,0.187,214.069,403.492,5.873,-99.441,33.895,2936.451,67258.210,20181010_072349,479166,136,32469,120
6,KFDR20181010_123330_V06,-3.865,0.605,214.141,406.108,15.904,-99.440,33.883,7952.094,68247.096,20181010_073330,479171,241,27565,215
1,KFDR20181011_120150_V06,-36.319,0.333,385.122,135.614,4.775,-98.509,35.102,2387.287,92558.936,20181011_070150,479169,180,18908,159
1,KFDR20181011_121130_V06,-26.652,0.115,385.254,136.339,11.829,-98.509,35.099,5914.627,92267.360,20181011_071130,479161,207,38501,182
1,KFDR20181011_122111_V06,-16.969,0.051,384.631,146.144,16.064,-98.512,35.055,8031.995,87797.946,20181011_072111,479164,210,39494,183
1,KFDR20181011_123254_V06,-5.252,0.752,388.074,138.196,16.899,-98.493,35.091,8449.572,92110.715,20181011_073254,479169,233,30457,204
1,KFDR20181011_124235_V06,4.431,0.832,389.571,137.980,31.850,-98.485,35.091,15924.900,92565.425,20181011_074235,479173,245,28778,209
5,KFDR20181011_122111_V06,-16.969,0.433,207.729,399.057,2.705,-99.475,33.915,1352.535,67686.993,20181011_072111,479164,210,39494,183
5,KFDR20181011_123254_V06,-5.252,0.509,207.876,401.242,11.762,-99.474,33.905,5881.175,68441.080,20181011_073254,479169,233,30457,204
5,KFDR20181011_124235_V06,4.431,0.150,201.660,402.170,20.272,-99.508,33.901,10136.037,70904.185,20181011_074235,479173,245,28778,209
11,KFDR20181011_123254_V06,-5.252,0.505,390.509,506.137,8.879,-98.489,33.432,4439.336,112565.923,20181011_073254,479169,233,30457,204
11,KFDR20181011_124235_V06,4.431,0.150,388.193,506.179,23.978,-98.502,33.432,11989.109,112124.884,20181011_074235,479173,245,28778,209
12,KFDR20181011_123254_V06,-5.252,0.180,136.826,540.607,10.621,-99.852,33.274,5310.679,145359.462,20181011_073254,479169,233,30457,204
13,KFDR20181011_123254_V06,-5.252,0.098,266.353,293.920,13.220,-99.159,34.389,6610.088,17096.008,20181011_073254,479169,233,30457,204
1,KFDR20181014_121611_V06,-24.364,0.058,37.274,91.404,50.106,-100.420,35.294,25053.236,167732.792,20181014_071611,479167,87,39010,85
1,KFDR20181014_122550_V06,-14.714,0.234,41.725,99.002,59.654,-100.395,35.260,29827.007,163635.106,20181014_072550,479167,90,45476,89
1,KFDR20181014_123530_V06,-5.047,0.092,50.694,108.452,58.815,-100.345,35.218,29407.680,157197.714,20181014_073530,479169,81,50935,79
2,KFDR20181014_133328_V06,52.919,0.085,278.122,349.000,21.136,-99.095,34.141,10568.171,26830.969,20181014_083328,479167,112,54554,102
3,KFDR20181014_134308_V06,62.586,0.057,278.677,371.935,17.975,-99.092,34.038,8987.267,37514.305,20181014_084308,479172,108,53822,106
1,KFDR20181015_123705_V06,-4.273,0.097,280.747,383.811,27.582,-99.080,33.984,13791.008,42996.746,20181015_073705,479169,101,46084,96
6,KFDR20181016_131720_V06,35.162,0.067,32.382,366.572,35.856,-100.425,34.054,17927.780,137887.159,20181016_081720,479167,158,204981,39
1,KFDR20181017_123147_V06,-11.209,0.172,376.898,417.908,10.627,-98.561,33.830,5313.593,70384.027,20181017_073147,479178,1377,60469,1022
1,KFDR20181017_123526_V06,-7.559,0.329,377.215,417.717,15.823,-98.559,33.831,7911.289,70390.870,20181017_073526,479168,1446,58899,1083
1,KFDR20181017_123905_V06,-3.909,0.468,378.073,417.912,20.100,-98.554,33.830,10049.944,70707.979,20181017_073905,479185,1446,58299,1086
1,KFDR20181017_124244_V06,-0.259,0.068,378.607,418.751,21.960,-98.552,33.826,10979.894,71205.632,20181017_074244,479170,1441,57701,977
2,KFDR20181017_124615_V06,3.258,0.244,271.844,289.406,13.734,-99.129,34.410,6866.875,15041.477,20181017_074615,479177,1380,57844,972
5,KFDR20181018_132758_V06,44.148,0.099,26.626,284.736,32.406,-100.463,34.422,16203.089,136899.657,20181018_082758,479167,279,142481,162
5,KFDR20181018_133406_V06,50.282,0.100,26.949,281.729,39.224,-100.462,34.436,19611.923,136830.775,20181018_083406,479169,228,147528,95
2,KFDR20181018_121439_V06,-29.168,0.079,394.885,144.475,17.704,-98.456,35.062,8851.761,91092.191,20181018_071439,479170,345,85262,175
4,KFDR20181020_122916_V06,-16.222,0.525,206.334,399.622,5.176,-99.483,33.912,2587.929,68370.193,20181020_072916,479169,121,21408,99
4,KFDR20181020_123857_V06,-6.539,0.892,200.933,405.803,13.381,-99.512,33.884,6690.502,72471.570,20181020_073857,479165,92,17532,67
4,KFDR20181020_124838_V06,3.145,0.869,192.496,414.963,20.891,-99.557,33.843,10445.472,78698.380,20181020_074838,479165,143,22808,109
8,KFDR20181020_123857_V06,-6.539,0.262,381.260,153.541,12.285,-98.531,35.022,6142.300,83745.529,20181020_073857,479165,92,17532,67
8,KFDR20181020_124838_V06,3.145,0.092,381.036,160.007,23.449,-98.532,34.992,11724.708,80877.856,20181020_074838,479165,143,22808,109
1,KFDR20181020_121935_V06,-25.905,0.466,387.707,143.390,4.442,-98.495,35.067,2220.810,89748.561,20181020_071935,479168,85,19396,69
7,KFDR20181020_123857_V06,-6.539,0.580,403.928,449.185,8.829,-98.416,33.688,4414.276,90908.169,20181020_073857,479165,92,17532,67
9,KFDR20181020_123857_V06,-6.539,0.223,374.087,426.329,6.956,-98.576,33.792,3477.976,73225.800,20181020_073857,479165,92,17532,67
11,KFDR20181020_132721_V06,41.861,0.137,25.128,424.497,31.193,-100.460,33.792,15596.472,150875.889,20181020_082721,479168,181,22401,125
12,KFDR20181020_133701_V06,51.528,0.088,166.490,264.627,27.458,-99.703,34.520,13728.924,69058.137,20181020_083701,479161,205,22360,146
1,KFDR20181021_123535_V06,-10.749,0.093,373.008,423.145,7.353,-98.582,33.806,3676.598,71580.222,20181021_073535,479166,114,28626,90
2,KFDR20181021_140243_V06,76.384,0.083,450.875,568.696,7.869,-98.168,33.148,3934.390,154078.417,20181021_090243,479170,145,23871,97
1,KFDR20181026_123322_V06,-17.276,0.213,382.243,410.499,6.704,-98.532,33.863,3352.112,68872.918,20181026_073322,479169,205,31338,159
1,KFDR20181027_124656_V06,-4.590,0.096,283.719,116.224,5.038,-99.065,35.190,2519.039,92247.643,20181027_074656,479168,189,25804,162
1,KFDR20181028_121655_V06,-35.493,0.098,126.204,422.370,8.111,-99.915,33.807,4055.612,106277.324,20181028_071655,479170,1278,34370,981
2,KFDR20181028_124559_V06,-6.427,0.086,391.178,411.253,14.960,-98.483,33.860,7479.952,71921.131,20181028_074559,479172,958,28165,749
3,KFDR20181030_141150_V06,77.632,0.181,277.825,374.013,18.545,-99.096,34.029,9272.469,38631.848,20181030_091150,479169,177,21430,151
1,KFDR20181101_124712_V06,-8.816,0.238,388.535,410.987,18.394,-98.498,33.861,9197.027,70987.126,20181101_074712,479164,256,39464,202
1,KFDR20181101_125153_V06,-4.132,0.166,388.065,411.265,26.414,-98.500,33.860,13207.002,70949.365,20181101_075153,479165,255,43036,182
2,KFDR20181101_125153_V06,-4.132,0.448,341.235,394.901,11.345,-98.753,33.934,5672.579,51736.316,20181101_075153,479165,255,43036,182
1,KFDR20181102_125159_V06,-4.948,0.053,407.200,422.780,19.334,-98.397,33.807,9667.034,81496.769,20181102_075159,479174,534,43931,418
1,KFDR20181103_120918_V06,-48.552,0.124,187.796,322.574,2.528,-99.585,34.259,1263.765,57226.110,20181103_070918,479169,160,20725,146
5,KFDR20181104_124925_V06,-9.362,0.055,389.302,416.737,14.707,-98.494,33.835,7353.371,73488.684,20181104_064925,479175,229,23863,210
6,KFDR20181104_130846_V06,9.988,0.097,324.335,96.747,6.892,-98.842,35.278,3445.839,102352.515,20181104_070846,479171,228,23541,224
8,KFDR20181104_132807_V06,29.338,0.305,32.375,153.294,33.170,-100.442,35.015,16584.812,152599.063,20181104_072807,479166,209,25518,167
1,KFDR20181105_130544_V06,6.024,0.062,418.620,352.305,2.736,-98.333,34.125,1367.863,64819.836,20181105_070544,479171,211,17901,162
2,KFDR20181106_124136_V06,-19.044,0.069,476.301,37.246,29.184,-98.004,35.543,14591.885,158209.973,20181106_064136,479168,112,35023,73
3,KFDR20181106_124858_V06,-11.677,0.232,420.472,353.069,3.250,-98.323,34.121,1625.170,65821.427,20181106_064858,479166,107,38035,76
1,KFDR20181107_142112_V06,79.617,0.064,208.140,376.930,5.659,-99.473,34.014,2829.557,59909.393,20181107_082112,479166,238,16456,202
2,KFDR20181108_142657_V06,84.425,0.248,280.573,374.469,19.374,-99.081,34.027,9686.869,38480.941,20181108_082657,479187,181,36043,133
1,KFDR20181110_122957_V06,-34.469,0.790,417.454,358.633,8.491,-98.340,34.096,4245.403,65637.725,20181110_062957,479170,211,28385,197
1,KFDR20181111_121538_V06,-49.736,0.056,316.060,261.453,8.203,-98.889,34.536,4101.433,20879.458,20181111_061538,479168,147,24255,140
4,KFDR20181112_142352_V06,77.546,0.191,48.226,226.361,85.996,-100.350,34.686,42997.772,131160.929,20181112_082352,479168,141,96588,124
4,KFDR20181112_143058_V06,84.646,0.113,49.241,227.639,94.353,-100.344,34.681,47176.567,130495.572,20181112_083058,479168,146,98344,120
3,KFDR20181112_141647_V06,70.463,0.145,35.464,270.549,56.754,-100.416,34.486,28377.132,133085.265,20181112_081647,479172,155,97840,131
1,KFDR20181113_124915_V06,-18.024,0.098,426.709,360.939,2.898,-98.290,34.086,1448.875,70300.590,20181113_064915,479177,86,11214,78
2,KFDR20181116_132139_V06,11.514,0.461,100.407,166.615,10.437,-100.069,34.959,5218.539,120030.209,20181116_072139,479164,156,19987,138
2,KFDR20181116_133119_V06,21.181,0.090,103.963,170.764,24.430,-100.049,34.940,12215.102,117401.561,20181116_073119,479168,164,20666,140
1,KFDR20181116_124257_V06,-27.186,0.240,25.004,414.521,41.880,-100.462,33.837,20939.779,148944.527,20181116_064257,479164,95,27914,64
1,KFDR20181117_123019_V06,-40.772,0.128,306.041,422.635,3.768,-98.943,33.809,1883.900,61391.985,20181117_063019,479167,211,27214,116
3,KFDR20181117_131104_V06,-0.022,0.061,530.103,484.324,25.498,-97.738,33.525,12749.178,147413.439,20181117_071104,479169,273,20271,176
3,KFDR20181118_124545_V06,-26.290,0.736,300.180,210.008,8.202,-98.975,34.768,4100.922,44996.123,20181118_064545,479168,101,19243,95
3,KFDR20181118_130710_V06,-4.873,0.057,301.190,209.661,20.437,-98.970,34.769,10218.734,45173.435,20181118_070710,479171,84,14866,80
1,KFDR20181119_123143_V06,-41.273,0.075,309.899,422.384,2.376,-98.923,33.811,1187.857,61391.679,20181119_063143,479163,50,29964,28
3,KFDR20181119_132216_V06,9.277,0.095,412.543,360.570,23.512,-98.366,34.088,11756.214,63903.308,20181119_072216,479165,130,17402,98
1,KFDR20181123_132301_V06,6.260,0.067,411.265,351.833,19.601,-98.373,34.127,9800.640,61372.954,20181123_072301,479167,204,14729,173
2,KFDR20181124_143024_V06,72.712,0.183,352.174,517.706,14.478,-98.696,33.381,7238.885,111935.021,20181124_083024,479169,769,25253,639
2,KFDR20181124_144004_V06,82.379,0.076,353.505,518.009,23.069,-98.689,33.379,11534.370,112239.113,20181124_084004,479163,904,25520,828
1,KFDR20181124_133955_V06,22.229,0.109,128.061,47.517,6.663,-99.924,35.497,3331.306,152734.027,20181124_073955,479169,608,25152,474
3,KFDR20181124_143024_V06,72.712,0.125,451.006,567.634,6.896,-98.167,33.153,3448.034,153648.141,20181124_083024,479169,769,25253,639
1,KFDR20181127_123659_V06,-43.464,0.071,278.413,374.392,18.001,-99.093,34.027,9000.429,38730.185,20181127_063659,479174,229,25311,188
1,KFDR20181128_123728_V06,-43.887,0.176,280.024,370.848,17.665,-99.084,34.043,8832.499,36805.164,20181128_063728,479171,218,23295,169
1,KFDR20181129_122901_V06,-53.236,0.060,205.496,328.695,5.656,-99.489,34.232,2827.858,49382.251,20181129_062901,479169,460,28143,369
2,KFDR20181129_131728_V06,-4.786,0.058,349.770,513.197,22.870,-98.709,33.401,11435.143,109464.610,20181129_071728,479173,874,23405,757
3,KFDR20181129_143502_V06,72.781,0.084,274.726,97.408,3.337,-99.115,35.275,1668.278,102081.422,20181129_083502,479167,1336,24422,1131
1,KFDR20181130_123825_V06,-44.725,0.205,280.510,369.315,15.894,-99.082,34.050,7947.006,36001.504,20181130_063825,479166,258,21250,254
2,KFDR20181130_141526_V06,52.291,0.087,19.350,260.367,27.235,-100.505,34.531,13617.678,141717.197,20181130_081526,479171,203,14519,167
1,KFDR20181201_131736_V06,-6.422,0.084,355.362,391.014,6.120,-98.677,33.952,3060.122,53264.622,20181201_071736,479162,379,17763,272
2,KFDR20181201_132718_V06,3.278,0.137,427.711,507.298,19.996,-98.290,33.426,9998.061,121739.801,20181201_072718,479169,378,19622,281
1,KFDR20181202_132647_V06,1.892,0.069,278.320,373.176,21.208,-99.093,34.032,10604.206,38159.978,20181202_072647,479161,293,20309,279
1,KFDR20181203_123514_V06,-50.517,0.051,276.206,363.514,13.231,-99.105,34.076,6615.295,33912.246,20181203_063514,479170,163,47838,148
1,KFDR20181203_124457_V06,-40.801,0.070,276.893,366.260,22.043,-99.101,34.063,11021.649,35086.861,20181203_064457,479170,147,44165,117
1,KFDR20181204_143147_V06,65.186,0.103,280.205,374.426,18.885,-99.083,34.027,9442.682,38506.692,20181204_083147,479162,127,14935,85
3,KFDR20181206_134536_V06,17.348,0.155,405.709,340.979,10.565,-98.403,34.176,5282.427,56686.772,20181206_074536,479166,230,34449,180
5,KFDR20181207_134807_V06,19.059,0.136,243.891,377.921,16.680,-99.280,34.011,8339.808,48010.067,20181207_074807,479169,283,89694,160
1,KFDR20181209_123605_V06,-54.538,0.058,277.571,366.660,14.390,-99.098,34.062,7195.211,35166.211,20181209_063605,479172,154,16848,144
1,KFDR20181209_124253_V06,-47.738,0.174,277.919,367.319,22.044,-99.096,34.059,11021.978,35423.778,20181209_064253,479163,140,17587,136
1,KFDR20181210_124749_V06,-43.562,0.061,436.348,374.586,6.752,-98.238,34.024,3375.923,77707.715,20181210_064749,479168,392,30179,333
3,KFDR20181211_133101_V06,-1.101,0.122,409.077,348.695,5.858,-98.385,34.141,2929.119,59726.179,20181211_073101,479168,248,17739,208
3,KFDR20181211_134045_V06,8.633,0.445,415.167,348.604,22.876,-98.352,34.142,11437.874,62501.601,20181211_074045,479167,247,17114,196
1,KFDR20181211_123237_V06,-59.501,0.166,278.524,368.187,14.665,-99.092,34.055,7332.445,35744.643,20181211_063237,479172,140,17834,118
2,KFDR20181211_124222_V06,-49.751,0.063,334.946,380.434,4.824,-98.787,34.000,2412.151,43848.771,20181211_064222,479169,178,19822,153
1,KFDR20181212_130108_V06,-31.704,0.398,301.158,203.087,5.253,-98.970,34.799,2626.457,48459.710,20181212_070108,479166,113,18121,84
3,KFDR20181212_133958_V06,7.129,0.053,192.857,377.469,14.500,-99.556,34.012,7250.195,66107.915,20181212_073958,479170,131,15233,111
1,KFDR20181213_125242_V06,-40.838,0.101,277.575,361.749,16.538,-99.098,34.084,8269.075,32847.548,20181213_065242,479180,221,33773,115
2,KFDR20181213_130231_V06,-31.021,0.061,26.616,423.824,50.122,-100.452,33.795,25060.799,150059.293,20181213_070231,479180,290,33647,109
3,KFDR20181213_130548_V06,-27.738,0.058,279.962,373.401,18.095,-99.085,34.031,9047.356,38043.533,20181213_070548,479175,290,33246,108
4,KFDR20181213_133159_V06,-1.555,0.141,279.171,366.887,14.375,-99.089,34.061,7187.582,35027.463,20181213_073159,479177,171,30397,138
1,KFDR20181215_130344_V06,-31.144,0.111,138.312,212.203,6.041,-99.859,34.755,3020.653,91993.600,20181215_070344,479172,370,14213,298
1,KFDR20181216_130636_V06,-28.914,0.114,384.775,403.702,2.490,-98.518,33.894,1245.235,66971.987,20181216_070636,479169,259,15966,233
2,KFDR20181216_144351_V06,68.336,0.053,417.625,497.157,11.587,-98.343,33.472,5793.672,114789.376,20181216_084351,479169,173,16256,162
1,KFDR20181217_133343_V06,-2.412,0.275,279.851,117.282,7.480,-99.087,35.186,3739.876,91912.991,20181217_073343,479165,1106,25289,977
2,KFDR20181217_134327_V06,7.322,0.058,388.765,415.688,18.235,-98.497,33.840,9117.533,72909.024,20181217_074327,479166,1029,27505,860
4,KFDR20181218_132853_V06,-7.836,0.065,435.203,369.746,6.019,-98.244,34.046,3009.508,76066.240,20181218_072853,479170,294,21121,229
4,KFDR20181218_133837_V06,1.897,0.452,434.768,371.431,17.406,-98.246,34.038,8703.111,76263.821,20181218_073837,479164,415,26547,310
4,KFDR20181218_134821_V06,11.630,0.125,438.805,371.985,20.520,-98.225,34.035,10259.931,78180.172,20181218_074821,479162,402,26802,334
1,KFDR20181218_124954_V06,-46.820,0.087,220.277,41.497,5.686,-99.416,35.526,2843.010,135258.444,20181218_064954,479171,197,21650,157
2,KFDR20181218_130926_V06,-27.286,0.502,381.915,407.982,8.113,-98.533,33.875,4056.694,67768.274,20181218_070926,479166,273,18406,223
1,KFDR20181220_133138_V06,-6.196,0.104,350.119,385.130,5.486,-98.705,33.978,2742.880,49393.833,20181220_073138,479116,261,17319,234
1,KFDR20181221_124542_V06,-52.647,0.112,299.356,301.991,10.157,-98.980,34.353,5078.690,1046.436,20181221_064542,479173,142,15970,97
2,KFDR20181221_124542_V06,-52.647,0.107,412.047,491.420,8.101,-98.373,33.498,4050.535,110901.141,20181221_064542,479173,142,15970,97
3,KFDR20181221_144201_V06,63.670,0.084,449.367,569.547,6.939,-98.176,33.145,3469.739,154082.866,20181221_084201,479169,494,20646,354
1,KFDR20181222_131114_V06,-27.606,0.058,298.226,298.636,16.298,-98.986,34.368,8148.785,1118.738,20181222_071114,478987,187,9251,176
2,KFDR20181223_131718_V06,-22.005,0.136,351.520,390.179,2.309,-98.697,33.955,1154.537,51929.257,20181223_071718,479171,176,7400,170
2,KFDR20181223_132701_V06,-12.289,0.069,352.425,389.204,11.168,-98.693,33.960,5583.854,51734.257,20181223_072701,479167,182,15116,169
1,KFDR20181223_130735_V06,-31.722,0.119,127.443,242.396,12.044,-99.917,34.618,6022.215,90958.852,20181223_070735,479169,163,7290,147
4,KFDR20181223_132701_V06,-12.289,0.195,306.535,264.477,15.782,-98.941,34.522,7890.915,18059.362,20181223_072701,479167,182,15116,169
1,KFDR20181224_124801_V06,-51.728,0.158,300.578,304.801,12.085,-98.973,34.341,6042.473,2417.946,20181224_064801,479164,225,12310,200
2,KFDR20181224_124801_V06,-51.728,0.062,277.407,368.492,14.778,-99.098,34.053,7388.988,36061.094,20181224_064801,479164,225,12310,200
1,KFDR20181225_130807_V06,-32.041,0.071,281.983,367.020,16.383,-99.074,34.060,8191.525,34699.872,20181225_070807,479173,55,13583,50
1,KFDR20181227_133055_V06,-9.984,0.182,407.601,290.269,8.335,-98.391,34.405,4167.622,54019.841,20181227_073055,479169,173,13874,145
2,KFDR20181228_131115_V06,-29.980,0.151,23.252,147.084,29.452,-100.493,35.042,14726.227,158092.656,20181228_071115,479169,154,12462,137
2,KFDR20181228_132056_V06,-20.297,0.428,29.096,142.060,36.241,-100.461,35.065,18120.347,156791.292,20181228_072056,479172,173,15296,170
1,KFDR20181228_130133_V06,-39.680,0.131,279.604,366.051,13.891,-99.087,34.064,6945.660,34564.347,20181228_070133,479161,185,16799,167
2,KFDR20181229_131020_V06,-31.197,0.054,449.590,304.561,3.224,-98.163,34.339,1612.167,74829.642,20181229_071020,479170,139,48297,131
1,KFDR20181230_130937_V06,-32.186,0.106,367.265,412.001,2.832,-98.613,33.857,1416.176,65323.800,20181230_070937,479173,128,12090,101
1,KFDR20181230_131919_V06,-22.486,0.058,367.724,413.147,15.632,-98.610,33.852,7816.112,65933.167,20181230_071919,479164,141,7755,115
7,KFDR20181231_134623_V06,4.338,0.090,404.442,349.246,19.909,-98.410,34.139,9954.296,57735.087,20181231_074623,479171,265,42688,163
