track_id,filename,from_sunrise,det_score,x,y,r,lon,lat,radius,geo_dist,local_time,n_radar_pixels,n_refAbove40_pixels,n_xcorrAbove0.95_pixels,n_xcorrBelow0.95_refAbove40_pixels
1,KTFX20200601_103831_V06,-53.676,0.069,122.307,339.974,3.159,-112.559,47.274,1579.390,91066.950,20200601_043831,479170,29,36130,21
3,KTFX20200604_112351_V06,-6.722,0.247,26.115,406.559,37.918,-113.184,46.966,18959.167,146942.061,20200604_052351,479173,44,49668,29
3,KTFX20200604_112831_V06,-2.055,0.121,26.609,408.867,46.434,-113.180,46.956,23216.810,147134.727,20200604_052831,479174,21,47358,13
3,KTFX20200604_113354_V06,3.328,0.263,36.582,415.314,56.570,-113.114,46.928,28285.112,143776.020,20200604_053354,479172,18,45107,10
2,KTFX20200604_103654_V06,-53.672,0.176,26.287,350.920,35.486,-113.191,47.216,17743.217,139204.346,20200604_043654,479177,4,64982,2
4,KTFX20200604_112351_V06,-6.722,0.172,348.580,93.590,16.977,-111.056,48.387,8488.316,106025.024,20200604_052351,479173,44,49668,29
8,KTFX20200604_120916_V06,38.695,0.082,298.793,297.324,21.063,-111.392,47.472,10531.445,1467.827,20200604_060916,479175,9,40920,6
11,KTFX20200604_122415_V06,53.678,0.058,39.337,207.131,83.594,-113.126,47.864,41797.073,138356.410,20200604_062415,479170,11,40372,2
3,KTFX20200606_110222_V06,-27.333,0.742,25.365,424.471,32.813,-113.186,46.886,16406.330,150762.405,20200606_050222,479176,20,53030,17
3,KTFX20200606_110639_V06,-23.050,0.320,25.729,420.265,40.425,-113.184,46.905,20212.556,149740.013,20200606_050639,479181,12,52759,8
3,KTFX20200606_111043_V06,-18.983,0.279,30.047,416.467,35.999,-113.157,46.922,17999.416,147002.971,20200606_051043,479181,24,51704,20
3,KTFX20200606_111447_V06,-14.917,0.610,31.300,413.669,39.139,-113.149,46.935,19569.260,145876.921,20200606_051447,479183,18,51185,13
3,KTFX20200606_111837_V06,-11.083,0.059,38.417,401.775,32.935,-113.104,46.989,16467.525,140342.137,20200606_051837,479186,10,49911,7
2,KTFX20200606_104043_V06,-48.983,0.056,28.935,135.000,53.367,-113.207,48.187,26683.699,158667.304,20200606_044043,479188,32,57239,13
7,KTFX20200606_113754_V06,8.200,0.052,410.752,310.419,17.207,-110.651,47.411,8603.283,55620.357,20200606_053754,479178,9,41589,9
2,KTFX20200608_105158_V06,-37.030,0.070,506.227,499.692,40.120,-110.040,46.554,20060.173,143532.765,20200608_045158,479170,110,228102,4
13,KTFX20200608_124551_V06,76.853,0.075,316.616,561.731,39.542,-111.277,46.282,19771.202,131129.181,20200608_064551,479174,911,248977,395
1,KTFX20200610_104952_V06,-38.598,0.056,296.116,301.957,23.577,-111.410,47.451,11788.521,2174.376,20200610_044952,479173,28,32730,25
1,KTFX20200612_110007_V06,-27.987,0.110,30.897,447.399,41.123,-113.147,46.783,20561.314,153413.702,20200612_050007,479177,43,62179,27
5,KTFX20200612_112400_V06,-4.104,0.064,235.784,281.990,39.365,-111.811,47.540,19682.629,33346.862,20200612_052400,479169,19,60012,12
6,KTFX20200612_113617_V06,8.179,0.086,283.286,269.958,15.111,-111.496,47.595,7555.290,17189.424,20200612_053617,479178,33,55494,11
8,KTFX20200612_120337_V06,35.513,0.120,372.939,266.168,27.514,-110.899,47.611,13757.233,40201.959,20200612_060337,479179,44,51176,29
2,KTFX20200613_110955_V06,-18.072,0.198,257.750,384.724,30.704,-111.663,47.078,15352.201,47337.076,20200613_050955,479169,146,65602,18
2,KTFX20200613_111542_V06,-12.288,0.160,252.813,379.405,36.303,-111.695,47.102,18151.646,46183.863,20200613_051542,479179,109,65427,12
2,KTFX20200613_112129_V06,-6.505,0.332,238.197,351.486,26.520,-111.792,47.227,13260.025,40219.535,20200613_052129,479169,103,64787,5
4,KTFX20200613_111542_V06,-12.288,0.137,25.254,437.774,38.826,-113.185,46.826,19412.859,153677.428,20200613_051542,479179,109,65427,12
9,KTFX20200613_115101_V06,23.028,0.128,225.942,291.561,30.983,-111.876,47.497,15491.566,37268.521,20200613_055101,479169,143,53052,11
1,KTFX20200614_104721_V06,-40.565,0.058,25.128,286.847,33.100,-113.209,47.504,16549.789,137593.106,20200614_044721,479177,14,56380,11
1,KTFX20200615_103554_V06,-51.986,0.065,298.200,301.185,12.192,-111.396,47.454,6095.772,1077.408,20200615_043554,479171,26,14238,20
2,KTFX20200615_122251_V06,54.964,0.057,260.237,370.948,8.718,-111.647,47.140,4359.034,40665.524,20200615_062251,479173,12,13308,12
5,KTFX20200616_110347_V06,-24.115,0.053,389.966,185.924,27.720,-110.782,47.971,13860.210,72641.422,20200616_050347,479177,13,153697,9
9,KTFX20200616_112854_V06,1.002,0.079,21.483,451.513,33.556,-113.208,46.764,16778.175,158530.669,20200616_052854,479177,31,164360,20
9,KTFX20200616_113351_V06,5.952,0.068,17.406,429.914,25.065,-113.238,46.860,12532.648,155512.698,20200616_053351,479174,29,165159,22
13,KTFX20200616_121415_V06,46.352,0.092,40.737,360.753,66.903,-113.095,47.174,33451.630,133142.895,20200616_061415,479171,32,183982,28
10,KTFX20200617_115419_V06,26.363,0.079,371.430,201.100,18.250,-110.907,47.903,9125.134,60998.833,20200617_055419,479177,164,218603,26
10,KTFX20200617_120538_V06,37.680,0.156,372.225,202.002,27.882,-110.901,47.899,13941.089,60868.825,20200617_060538,479172,105,232398,11
5,KTFX20200619_110354_V06,-24.291,0.255,107.506,357.182,21.312,-112.655,47.195,10656.194,100403.889,20200619_050354,479173,249,132031,49
5,KTFX20200619_110904_V06,-19.124,0.583,108.852,358.849,26.357,-112.646,47.188,13178.260,100000.964,20200619_050904,479173,257,132314,31
5,KTFX20200619_111359_V06,-14.207,0.362,109.937,361.697,29.348,-112.638,47.175,14673.907,99913.025,20200619_051359,479167,129,130705,28
12,KTFX20200619_112844_V06,0.543,0.052,133.851,367.510,17.562,-112.480,47.151,8780.880,89670.171,20200619_052844,479177,41,124553,7
12,KTFX20200619_113354_V06,5.709,0.201,134.724,367.892,23.498,-112.474,47.149,11748.857,89338.592,20200619_053354,479172,52,125425,7
12,KTFX20200619_113919_V06,11.126,0.111,138.644,370.539,20.359,-112.448,47.138,10179.324,88050.621,20200619_053919,479175,32,129433,13
4,KTFX20200619_105402_V06,-34.157,0.608,219.354,355.880,30.862,-111.917,47.207,15431.065,49056.811,20200619_045402,479170,208,131729,48
11,KTFX20200619_112349_V06,-4.374,0.057,320.090,173.335,63.693,-111.250,48.029,31846.695,64124.218,20200619_052349,479177,64,129332,20
14,KTFX20200619_113354_V06,5.709,0.063,414.735,286.989,10.086,-110.623,47.516,5043.144,57735.259,20200619_053354,479172,52,125425,7
16,KTFX20200619_114459_V06,16.793,0.145,398.945,37.308,23.092,-110.713,48.639,11545.841,140353.961,20200619_054459,479173,39,133391,14
18,KTFX20200619_115108_V06,22.943,0.051,168.863,352.001,26.268,-112.250,47.223,13133.917,70535.600,20200619_055108,479174,38,135245,13
1,KTFX20200620_102931_V06,-58.855,0.250,417.114,375.620,4.795,-110.613,47.117,2397.480,69703.180,20200620_042931,479172,45,36413,34
12,KTFX20200621_123145_V06,63.156,0.151,27.051,221.701,30.193,-113.206,47.797,15096.395,141978.640,20200621_063145,479173,25,28808,18
12,KTFX20200621_124128_V06,72.873,0.327,32.349,223.242,36.860,-113.171,47.791,18430.048,139219.967,20200621_064128,479173,28,31640,14
4,KTFX20200621_103324_V06,-55.194,0.060,313.816,455.966,23.556,-111.294,46.758,11777.966,78288.427,20200621_043324,479168,17,49591,14
10,KTFX20200621_121220_V06,43.740,0.148,360.943,388.521,31.101,-110.983,47.061,15550.428,53735.476,20200621_061220,479172,20,25053,14
1,KTFX20200623_103343_V06,-55.442,0.054,416.717,377.248,5.319,-110.616,47.110,2659.740,69982.243,20200623_043343,479173,33,47778,29
1,KTFX20200624_103523_V06,-54.118,0.058,306.137,185.624,5.664,-111.343,47.974,2831.993,57270.040,20200624_043523,479173,14,43832,14
2,KTFX20200624_104505_V06,-44.418,0.321,190.452,64.515,6.483,-112.126,48.516,3241.592,129859.388,20200624_044505,479172,10,42687,7
4,KTFX20200624_112553_V06,-3.618,0.349,191.364,63.075,7.878,-112.120,48.523,3938.866,130322.262,20200624_052553,479172,18,28919,8
1,KTFX20200626_103432_V06,-55.769,0.128,227.587,370.604,5.137,-111.862,47.141,2568.533,50568.442,20200626_043432,479171,11,37950,10
22,KTFX20200627_123309_V06,62.391,0.078,29.179,102.949,34.199,-113.211,48.331,17099.709,167461.316,20200627_063309,479176,24,66858,11
22,KTFX20200627_123813_V06,67.457,0.184,32.299,101.371,40.378,-113.190,48.339,20189.196,166671.420,20200627_063813,479171,14,66930,9
1,KTFX20200701_103655_V06,-56.035,0.071,216.006,242.658,6.620,-111.944,47.716,3310.034,50850.356,20200701_043655,479170,19,25829,19
2,KTFX20200701_103655_V06,-56.035,0.066,81.013,73.091,15.781,-112.865,48.471,7890.594,157673.087,20200701_043655,479170,19,25829,19
4,KTFX20200701_104638_V06,-46.318,0.173,29.349,220.124,36.986,-113.191,47.805,18493.073,141095.976,20200701_044638,479171,17,24001,16
5,KTFX20200701_113514_V06,2.282,0.248,102.819,420.855,14.058,-112.679,46.909,7028.994,115635.308,20200701_053514,479172,27,19625,26
7,KTFX20200701_114457_V06,11.999,0.059,26.637,252.714,36.440,-113.204,47.658,18220.118,138711.335,20200701_054457,479174,21,19553,20
1,KTFX20200703_104316_V06,-50.988,0.247,233.340,305.537,11.091,-111.826,47.434,5545.515,33444.926,20200703_044316,479173,12,47631,12
2,KTFX20200705_110124_V06,-34.289,0.073,270.708,417.879,17.408,-111.577,46.929,8704.096,60732.120,20200705_050124,479171,30,54024,28
3,KTFX20200705_112312_V06,-12.489,0.068,406.946,310.273,17.122,-110.676,47.411,8560.814,53719.236,20200705_052312,479175,24,40527,15
2,KTFX20200706_110340_V06,-32.787,0.107,367.652,383.922,28.141,-110.939,47.081,14070.683,53897.325,20200706_050340,479173,7,58799,6
3,KTFX20200708_112604_V06,-12.005,0.113,17.621,409.125,23.865,-113.239,46.954,11932.251,151365.704,20200708_052604,479171,21,27039,15
3,KTFX20200708_113547_V06,-2.288,0.312,24.823,414.142,36.578,-113.191,46.932,18288.914,148955.504,20200708_053547,479172,24,26219,24
1,KTFX20200708_104714_V06,-50.838,0.137,297.139,379.827,2.676,-111.403,47.101,1338.230,39938.894,20200708_044714,479174,15,29320,15
4,KTFX20200708_112604_V06,-12.005,0.082,37.998,143.988,18.121,-113.145,48.148,9060.558,152467.136,20200708_052604,479171,21,27039,15
2,KTFX20200713_110609_V06,-36.452,0.060,17.243,332.488,18.818,-113.254,47.298,9408.975,142308.390,20200713_050609,479177,36,66985,21
2,KTFX20200713_111050_V06,-31.769,0.109,18.848,332.889,25.323,-113.243,47.297,12661.286,141534.673,20200713_051050,479175,17,64405,10
2,KTFX20200713_111532_V06,-27.069,0.127,27.179,332.249,28.104,-113.188,47.300,14051.800,137360.346,20200713_051532,479176,24,60805,10
2,KTFX20200713_112012_V06,-22.402,0.068,34.504,331.292,31.337,-113.140,47.306,15668.452,133666.874,20200713_052012,479178,19,55473,5
1,KTFX20200713_110609_V06,-36.452,0.147,213.585,152.055,29.312,-111.965,48.124,14655.758,85666.861,20200713_050609,479177,36,66985,21
1,KTFX20200714_110922_V06,-34.218,0.109,270.579,420.743,6.498,-111.578,46.917,3249.081,62137.704,20200714_050922,479172,28,46728,23
1,KTFX20200715_124750_V06,63.244,0.119,299.946,300.333,16.731,-111.385,47.458,8365.372,168.785,20200715_064750,479174,24,19818,18
1,KTFX20200716_110355_V06,-41.701,0.287,187.284,63.635,10.140,-112.147,48.520,5070.070,130932.506,20200716_050355,479172,25,44183,15
3,KTFX20200720_111540_V06,-34.265,0.104,307.300,263.052,16.747,-111.336,47.626,8373.409,18831.240,20200720_051540,479167,26,73822,17
3,KTFX20200720_112034_V06,-29.365,0.074,310.310,264.063,22.881,-111.316,47.621,11440.737,18693.220,20200720_052034,479169,26,73964,20
3,KTFX20200720_112527_V06,-24.481,0.080,312.163,257.672,31.636,-111.303,47.650,15818.225,22020.559,20200720_052527,479176,16,73002,8
3,KTFX20200720_113019_V06,-19.615,0.053,318.777,252.202,35.968,-111.259,47.675,17984.015,25677.156,20200720_053019,479176,22,73091,16
3,KTFX20200720_113551_V06,-14.081,-1.000,324.470,246.268,42.417,-111.221,47.701,21208.331,29520.952,20200720_053551,479171,32,68817,24
3,KTFX20200720_114044_V06,-9.198,0.075,344.296,267.464,23.313,-111.090,47.606,11656.551,27480.638,20200720_054044,479177,24,66188,11
2,KTFX20200720_110547_V06,-44.148,0.068,259.621,198.900,73.962,-111.655,47.914,36981.194,54432.647,20200720_050547,479176,32,70925,25
2,KTFX20200720_111041_V06,-39.248,-1.000,259.621,198.900,81.753,-111.655,47.914,40876.694,54432.647,20200720_051041,479176,18,72805,13
2,KTFX20200720_111540_V06,-34.265,0.084,223.655,246.844,31.580,-111.893,47.698,15789.921,46513.948,20200720_051540,479167,26,73822,17
7,KTFX20200720_114044_V06,-9.198,0.132,267.861,280.629,18.350,-111.598,47.547,9174.849,18762.745,20200720_054044,479177,24,66188,11
7,KTFX20200723_112657_V06,-26.403,0.148,327.012,365.725,20.018,-111.206,47.164,10009.247,35529.813,20200723_052657,479171,32,120173,10
7,KTFX20200723_113236_V06,-20.753,0.164,327.501,363.140,26.617,-111.203,47.176,13308.388,34434.397,20200723_053236,479169,22,119780,12
38,KTFX20200723_124303_V06,49.697,0.051,203.423,356.366,26.846,-112.022,47.204,13423.164,55911.331,20200723_064303,479178,27,138817,18
38,KTFX20200723_124854_V06,55.547,0.084,205.144,353.514,32.871,-112.011,47.217,16435.363,54455.010,20200723_064854,479178,31,147337,22
38,KTFX20200723_130035_V06,67.230,-1.000,208.069,348.668,45.879,-111.992,47.239,22939.329,52009.200,20200723_070035,479164,31,156577,21
38,KTFX20200723_130624_V06,73.047,0.072,218.117,333.330,34.109,-111.926,47.309,17054.420,44203.501,20200723_070624,479178,43,165728,21
38,KTFX20200723_131212_V06,78.847,0.160,230.085,323.359,28.670,-111.847,47.354,14335.056,36857.128,20200723_071212,479179,61,169899,20
16,KTFX20200723_113808_V06,-15.220,0.050,122.347,380.969,27.966,-112.554,47.090,13983.092,97617.424,20200723_053808,479178,22,117894,8
35,KTFX20200723_123117_V06,37.930,0.066,479.771,504.197,29.807,-110.213,46.535,14903.290,136027.524,20200723_063117,479176,32,126130,26
40,KTFX20200723_124854_V06,55.547,0.054,168.858,428.026,19.255,-112.245,46.881,9627.508,91636.169,20200723_064854,479178,31,147337,22
1,KTFX20200725_123007_V06,34.408,0.581,237.469,268.781,19.674,-111.800,47.599,9837.070,34945.652,20200725_063007,479179,10,35374,8
1,KTFX20200731_113920_V06,-23.723,0.050,216.360,112.370,7.916,-111.948,48.302,3958.033,102714.005,20200731_053920,479174,13,49624,13
1,KTFX20200801_114840_V06,-15.647,0.055,13.796,35.226,20.014,-113.326,48.634,10007.225,194947.370,20200801_054840,479179,6,36487,5
1,KTFX20200801_115300_V06,-11.314,0.124,14.383,35.597,25.339,-113.322,48.633,12669.374,194605.817,20200801_055300,479171,12,38366,5
1,KTFX20200801_120147_V06,-2.531,0.536,19.197,41.553,21.139,-113.288,48.606,10569.478,190817.260,20200801_060147,479171,19,36339,12
1,KTFX20200801_120607_V06,1.803,0.397,20.144,41.934,26.297,-113.282,48.605,13148.469,190340.310,20200801_060607,479175,7,36771,4
1,KTFX20200806_115028_V06,-20.245,0.050,405.656,306.123,13.561,-110.684,47.430,6780.659,52916.601,20200806_055028,479172,5,51298,2
3,KTFX20200809_120200_V06,-12.618,0.222,183.010,199.758,30.739,-112.167,47.908,15369.581,77031.252,20200809_060200,479178,38,51600,31
3,KTFX20200809_120641_V06,-7.935,0.076,185.355,199.062,37.557,-112.151,47.911,18778.374,76374.145,20200809_060641,479175,47,48093,32
3,KTFX20200809_121122_V06,-3.251,0.071,202.314,199.033,32.978,-112.038,47.912,16489.021,70244.253,20200809_061122,479168,36,44820,18
1,KTFX20200809_112915_V06,-45.368,0.089,142.899,186.052,10.395,-112.436,47.967,5197.495,97037.343,20200809_052915,479175,39,56723,31
2,KTFX20200809_115239_V06,-21.968,0.099,173.311,195.756,35.091,-112.232,47.925,17545.588,82031.924,20200809_055239,479169,33,57307,29
5,KTFX20200809_121603_V06,1.432,0.052,176.579,238.351,11.713,-112.207,47.734,5856.565,68980.819,20200809_061603,479172,48,41758,24
1,KTFX20200817_113322_V06,-51.823,0.058,274.262,421.884,12.090,-111.553,46.911,6044.804,62286.095,20200817_053322,479178,23,56112,15
1,KTFX20200817_113757_V06,-47.240,0.079,274.061,422.432,18.488,-111.555,46.909,9243.812,62574.620,20200817_053757,479172,28,55693,19
2,KTFX20200817_120502_V06,-20.157,0.067,28.639,82.344,33.561,-113.218,48.424,16780.476,173933.301,20200817_060502,479178,15,62969,11
1,KTFX20200818_114220_V06,-44.188,0.210,12.980,312.503,14.191,-113.285,47.388,7095.257,143645.879,20200818_054220,479173,25,38822,21
2,KTFX20200818_125124_V06,24.879,0.110,133.763,326.853,20.256,-112.484,47.334,10127.950,84196.131,20200818_065124,479169,24,68249,14
3,KTFX20200818_132509_V06,58.629,0.054,208.096,312.797,19.699,-111.993,47.401,9849.291,46395.238,20200818_072509,479174,26,69170,12
2,KTFX20200820_114649_V06,-42.368,0.415,274.512,421.030,14.222,-111.552,46.915,7110.821,61842.340,20200820_054649,479175,33,54601,16
2,KTFX20200820_115129_V06,-37.701,0.060,274.159,421.396,20.371,-111.554,46.914,10185.572,62058.132,20200820_055129,479177,50,56749,12
1,KTFX20200820_113729_V06,-51.701,0.065,271.277,422.879,12.010,-111.573,46.907,6005.226,63095.870,20200820_053729,479179,22,54379,9
1,KTFX20200825_115228_V06,-43.379,0.168,277.215,419.530,12.074,-111.534,46.922,6036.974,60840.884,20200825_055228,479172,18,60202,15
1,KTFX20200827_125041_V06,12.176,0.059,14.524,452.061,17.239,-113.253,46.760,8619.537,161724.320,20200827_065041,479190,31,63274,21
1,KTFX20200827_125613_V06,17.709,0.352,16.274,450.618,24.121,-113.242,46.767,12060.280,160613.124,20200827_065613,479176,26,62555,20
1,KTFX20200827_130300_V06,24.493,0.582,24.289,445.703,29.382,-113.190,46.790,14691.011,155921.294,20200827_070300,479181,28,62670,14
1,KTFX20200827_130621_V06,27.843,0.442,27.281,444.132,29.452,-113.171,46.797,14726.216,154231.784,20200827_070621,479187,27,61848,17
5,KTFX20200827_133951_V06,61.343,0.055,30.589,516.884,40.299,-113.138,46.471,20149.294,172931.354,20200827_073951,479173,11,67250,7
5,KTFX20200827_134307_V06,64.609,-1.000,30.589,516.884,45.493,-113.138,46.471,22746.294,172931.354,20200827_074307,479182,24,68091,11
5,KTFX20200827_134622_V06,67.859,0.063,32.847,520.541,47.567,-113.123,46.454,23783.378,173211.853,20200827_074622,479179,49,68863,14
1,KTFX20200828_132334_V06,43.730,0.051,291.755,294.798,24.249,-111.439,47.483,12124.519,4874.498,20200828_072334,479174,12,19800,10
4,KTFX20200830_121537_V06,-26.877,0.547,283.921,184.991,17.312,-111.492,47.977,8655.888,58063.509,20200830_061537,479176,40,79370,4
4,KTFX20200830_122131_V06,-20.977,0.817,287.420,184.092,24.465,-111.469,47.981,12232.301,58294.135,20200830_062131,479178,37,82512,9
4,KTFX20200830_122710_V06,-15.327,0.492,294.215,182.054,28.288,-111.423,47.990,14143.947,59043.996,20200830_062710,479180,35,82138,15
4,KTFX20200830_123249_V06,-9.677,0.235,307.913,180.174,25.272,-111.331,47.999,12636.078,60043.309,20200830_063249,479172,13,80715,4
4,KTFX20200830_123828_V06,-4.027,0.434,313.994,180.847,30.392,-111.291,47.996,15196.040,59985.823,20200830_063828,479174,17,80450,14
4,KTFX20200830_124353_V06,1.390,0.093,330.219,183.842,26.589,-111.182,47.982,13294.498,60012.414,20200830_064353,479175,16,80307,13
24,KTFX20200830_134352_V06,61.373,0.109,109.823,282.734,57.515,-112.647,47.530,28757.290,95479.717,20200830_074352,479177,25,76873,9
24,KTFX20200830_134930_V06,67.006,-1.000,109.823,282.734,66.472,-112.647,47.530,33235.790,95479.717,20200830_074930,479177,55,74602,8
24,KTFX20200830_140035_V06,78.090,0.133,121.007,290.944,66.376,-112.572,47.494,33187.814,89611.096,20200830_080035,479170,91,71895,13
24,KTFX20200830_140554_V06,83.406,-1.000,125.748,294.424,67.318,-112.540,47.479,33658.859,87170.579,20200830_080554,479170,80,71754,7
24,KTFX20200830_141112_V06,88.706,0.220,136.269,294.690,67.580,-112.471,47.478,33790.019,81908.428,20200830_081112,479170,51,70774,5
11,KTFX20200830_123249_V06,-9.677,0.148,404.748,107.453,35.057,-110.678,48.323,17528.553,109597.762,20200830_063249,479172,13,80715,4
11,KTFX20200830_123828_V06,-4.027,0.159,402.146,104.373,46.097,-110.696,48.337,23048.275,110344.639,20200830_063828,479174,17,80450,14
2,KTFX20200830_114834_V06,-53.927,0.194,269.442,152.897,19.696,-111.590,48.121,9847.837,75121.746,20200830_054834,479175,81,76779,11
6,KTFX20200830_122710_V06,-15.327,0.223,463.092,77.013,46.615,-110.282,48.457,23307.613,138132.477,20200830_062710,479180,35,82138,15
7,KTFX20200830_122710_V06,-15.327,0.167,325.347,152.703,30.199,-111.214,48.122,15099.403,74730.800,20200830_062710,479180,35,82138,15
8,KTFX20200830_122710_V06,-15.327,0.057,404.626,188.515,30.341,-110.684,47.959,15170.254,76445.116,20200830_062710,479180,35,82138,15
13,KTFX20200830_123828_V06,-4.027,0.119,286.224,163.789,21.469,-111.477,48.072,10734.371,68452.908,20200830_063828,479174,17,80450,14
15,KTFX20200830_124918_V06,6.806,0.179,387.172,262.322,23.910,-110.805,47.628,11955.139,47483.263,20200830_064918,479178,19,79602,10
16,KTFX20200830_130036_V06,18.106,0.054,210.054,283.542,46.184,-111.982,47.532,23091.936,45719.825,20200830_070036,479174,40,79445,13
19,KTFX20200830_131804_V06,35.573,0.235,82.223,288.233,33.542,-112.830,47.504,16771.074,109047.308,20200830_071804,479172,45,80472,18
21,KTFX20200830_132407_V06,41.623,0.066,458.503,198.957,3.746,-110.324,47.909,1873.226,93984.985,20200830_072407,479173,52,79617,15
22,KTFX20200830_133755_V06,55.423,0.085,195.222,293.388,45.346,-112.080,47.487,22672.779,52493.095,20200830_073755,479175,49,78619,6
23,KTFX20200830_133755_V06,55.423,0.062,246.171,232.161,19.056,-111.743,47.764,9527.843,43300.220,20200830_073755,479175,49,78619,6
25,KTFX20200830_140035_V06,78.090,0.082,230.345,296.646,45.636,-111.846,47.474,22817.963,34868.009,20200830_080035,479170,91,71895,13
26,KTFX20200830_140035_V06,78.090,0.074,411.575,185.175,10.239,-110.637,47.974,5119.713,80052.616,20200830_080035,479170,91,71895,13
1,KTFX20200902_120303_V06,-43.425,0.093,263.309,370.212,8.336,-111.626,47.144,4168.085,39610.430,20200902_060303,479173,15,46071,14
1,KTFX20200902_121245_V06,-33.725,0.537,263.135,369.693,14.801,-111.627,47.146,7400.284,39421.353,20200902_061245,479171,24,43493,23
2,KTFX20200902_120303_V06,-43.425,0.086,263.505,420.452,3.043,-111.624,46.918,1521.406,62929.512,20200902_060303,479173,15,46071,14
5,KTFX20200902_121245_V06,-33.725,0.125,344.654,311.651,5.405,-111.089,47.407,2702.454,23074.634,20200902_061245,479171,24,43493,23
7,KTFX20200902_121245_V06,-33.725,0.073,223.412,337.966,7.917,-111.891,47.288,3958.395,42740.704,20200902_061245,479171,24,43493,23
8,KTFX20200902_130117_V06,14.808,0.362,259.208,369.424,8.472,-111.653,47.147,4235.937,40260.765,20200902_070117,479171,37,21311,35
2,KTFX20200905_133713_V06,46.763,0.309,395.623,208.589,8.458,-110.745,47.869,4229.218,66143.055,20200905_073713,479170,46,39814,30
2,KTFX20200905_134656_V06,56.479,0.106,396.404,205.989,18.113,-110.740,47.881,9056.470,67327.084,20200905_074656,479174,72,40886,48
8,KTFX20200905_140620_V06,75.879,0.256,225.256,263.595,11.304,-111.882,47.622,5652.214,41569.167,20200905_080620,479173,68,45477,56
8,KTFX20200905_141603_V06,85.596,0.224,232.631,263.000,20.614,-111.833,47.625,10307.104,38430.541,20200905_081603,479171,62,45755,48
1,KTFX20200905_132731_V06,37.063,0.066,405.977,311.234,18.976,-110.682,47.407,9488.174,53285.171,20200905_072731,479167,62,39781,54
1,KTFX20200906_141103_V06,79.270,0.079,431.751,238.894,33.238,-110.506,47.731,16619.110,72615.833,20200906_081103,479170,12,47989,8
1,KTFX20200909_140616_V06,70.504,0.067,270.315,342.072,5.680,-111.581,47.270,2840.050,25745.184,20200909_080616,479170,29,31884,25
1,KTFX20200914_121126_V06,-50.983,0.101,265.145,422.953,3.320,-111.613,46.907,1659.838,63898.891,20200914_061126,479173,31,30679,23
1,KTFX20200919_121451_V06,-54.254,0.430,35.476,420.484,44.920,-113.120,46.905,22460.194,145335.125,20200919_061451,479167,21,47310,21
1,KTFX20200919_122435_V06,-44.521,0.257,34.812,415.103,54.642,-113.126,46.929,27320.897,144545.154,20200919_062435,479173,50,44744,32
1,KTFX20200919_123417_V06,-34.821,0.165,34.351,411.958,45.554,-113.129,46.943,22776.829,144138.613,20200919_063417,479171,33,45072,29
1,KTFX20200920_123841_V06,-31.763,0.123,364.866,221.928,14.137,-110.951,47.810,7068.398,50751.454,20200920_063841,479173,21,117618,15
1,KTFX20200921_132601_V06,14.226,0.054,277.428,424.663,14.761,-111.533,46.899,7380.468,63344.763,20200921_072601,479170,21,39920,18
6,KTFX20200922_140245_V06,49.613,0.050,273.965,413.211,15.529,-111.555,46.950,7764.654,58082.772,20200922_080245,479170,36,33003,25
1,KTFX20200923_124632_V06,-27.951,0.125,16.571,330.746,23.284,-113.259,47.306,11641.884,142545.875,20200923_064632,479171,25,42477,13
5,KTFX20200923_142341_V06,69.199,0.132,357.219,111.664,28.542,-110.999,48.306,14270.962,98418.030,20200923_082341,479172,20,22160,17
1,KTFX20200924_121754_V06,-57.935,0.433,27.672,282.669,30.481,-113.193,47.523,15240.677,136439.307,20200924_061754,479175,35,29278,28
2,KTFX20200924_132754_V06,12.065,0.185,45.118,112.971,63.055,-113.102,48.288,31527.340,158070.290,20200924_072754,479169,33,37024,23
3,KTFX20200924_133736_V06,21.765,0.053,26.901,414.052,39.981,-113.178,46.933,19990.627,147978.913,20200924_073736,479172,23,38126,14
5,KTFX20200924_142608_V06,70.298,0.125,38.618,384.348,32.162,-113.105,47.067,16080.936,137327.314,20200924_082608,479171,23,55417,19
6,KTFX20200924_142608_V06,70.298,0.053,57.143,134.613,70.874,-113.018,48.192,35437.149,146911.712,20200924_082608,479171,23,55417,19
7,KTFX20200924_143551_V06,80.015,0.052,77.895,369.242,24.798,-112.848,47.139,12398.788,116323.985,20200924_083551,479171,17,60051,14
1,KTFX20200925_122604_V06,-51.121,0.104,268.088,422.005,7.968,-111.594,46.911,3984.188,63054.913,20200925_062604,479174,36,44309,21
3,KTFX20200926_133929_V06,20.940,0.186,307.611,26.082,36.286,-111.333,48.691,18143.135,137011.994,20200926_073929,479172,21,39084,18
3,KTFX20200926_134912_V06,30.657,0.172,313.226,28.566,43.488,-111.295,48.680,21744.213,135878.246,20200926_074912,479175,31,36989,22
1,KTFX20200926_121947_V06,-58.760,0.070,218.324,244.409,8.167,-111.929,47.708,4083.635,49399.726,20200926_061947,479172,25,44296,20
1,KTFX20200928_134623_V06,25.122,0.062,218.540,242.978,2.635,-111.927,47.715,1317.293,49717.225,20200928_074623,479175,25,5010,17
1,KTFX20201003_123647_V06,-51.336,0.159,411.804,329.239,8.662,-110.645,47.326,4331.131,57781.917,20201003_063647,479169,48,39255,36
1,KTFX20201004_123509_V06,-54.353,0.072,419.234,421.161,8.623,-110.602,46.912,4311.514,84995.204,20201004_063509,479170,40,51631,40
1,KTFX20201005_131057_V06,-19.942,0.128,357.752,300.772,6.622,-111.002,47.456,3311.069,28878.371,20201005_071057,479173,54,65226,36
2,KTFX20201005_134008_V06,9.242,0.085,411.519,305.748,31.980,-110.645,47.431,15989.769,55833.719,20201005_074008,479170,36,58551,16
1,KTFX20201007_131248_V06,-20.883,0.064,422.222,401.240,6.756,-110.581,47.002,3378.248,79353.187,20201007_071248,479176,30,60981,28
2,KTFX20201007_140122_V06,27.684,0.249,198.311,146.302,5.842,-112.068,48.149,2921.179,92146.133,20201007_080122,479173,16,40890,8
1,KTFX20201012_130545_V06,-35.002,0.229,15.342,431.332,21.339,-113.251,46.854,10669.270,156746.837,20201012_070545,479177,28,71065,19
1,KTFX20201012_131027_V06,-30.302,0.859,22.314,431.076,28.636,-113.205,46.856,14317.966,153533.729,20201012_071027,479179,35,69299,34
1,KTFX20201012_131508_V06,-25.619,0.813,32.605,434.349,35.438,-113.137,46.842,17718.820,149624.249,20201012_071508,479176,36,66112,29
1,KTFX20201012_131948_V06,-20.952,0.692,44.219,433.300,39.829,-113.061,46.848,19914.527,144215.792,20201012_071948,479170,34,64741,33
1,KTFX20201012_132430_V06,-16.252,0.136,58.107,436.151,41.995,-112.970,46.836,20997.619,138788.924,20201012_072430,479177,39,64649,26
1,KTFX20201012_132911_V06,-11.569,-1.000,71.304,438.222,44.830,-112.883,46.828,22415.058,133610.507,20201012_072911,479177,27,66818,25
1,KTFX20201012_133352_V06,-6.885,-1.000,84.502,440.293,47.665,-112.796,46.820,23832.497,128570.601,20201012_073352,479173,31,68269,24
1,KTFX20201012_133833_V06,-2.202,-1.000,97.699,442.364,50.500,-112.710,46.812,25249.936,123686.139,20201012_073833,479173,41,66781,36
1,KTFX20201012_134314_V06,2.481,0.108,105.305,441.168,53.166,-112.660,46.818,26583.108,120244.157,20201012_074314,479177,27,65549,17
1,KTFX20201012_134756_V06,7.181,-1.000,116.895,442.280,55.961,-112.584,46.813,27980.658,115942.936,20201012_074756,479178,36,62930,25
1,KTFX20201012_135231_V06,11.765,0.055,157.833,433.408,41.445,-112.317,46.856,20722.574,97479.647,20201012_075231,479175,16,61535,13
18,KTFX20201012_142935_V06,48.831,0.056,320.458,30.828,26.061,-111.246,48.670,13030.270,134974.178,20201012_082935,479178,21,52649,17
18,KTFX20201012_143416_V06,53.515,0.053,322.078,31.770,32.444,-111.235,48.666,16221.865,134568.747,20201012_083416,479170,18,49415,12
2,KTFX20201012_130545_V06,-35.002,0.069,320.486,526.957,20.084,-111.251,46.439,10041.946,113940.032,20201012_070545,479177,28,71065,19
14,KTFX20201012_142013_V06,39.465,0.171,297.706,301.439,15.551,-111.400,47.453,7775.337,1353.964,20201012_082013,479173,38,57255,26
15,KTFX20201012_142013_V06,39.465,0.079,261.527,459.595,45.567,-111.636,46.742,22783.587,82083.643,20201012_082013,479173,38,57255,26
1,KTFX20201013_130327_V06,-38.732,0.102,26.084,432.742,41.291,-113.180,46.849,20645.741,152192.822,20201013_070327,479173,25,42724,19
1,KTFX20201013_131028_V06,-31.715,0.148,25.920,427.628,50.829,-113.182,46.872,25414.444,151169.341,20201013_071028,479169,22,42480,15
1,KTFX20201013_131612_V06,-25.982,0.409,28.788,407.805,42.267,-113.166,46.961,21133.369,145926.033,20201013_071612,479169,14,40872,8
3,KTFX20201013_133022_V06,-11.815,0.160,27.602,311.992,47.919,-113.189,47.392,23959.488,136330.943,20201013_073022,479170,9,41636,7
3,KTFX20201013_133729_V06,-4.699,0.081,38.951,317.035,73.582,-113.113,47.370,36791.069,130802.359,20201013_073729,479171,24,45665,22
6,KTFX20201013_140601_V06,23.835,0.054,43.807,242.673,86.579,-113.091,47.705,43289.368,131264.259,20201013_080601,479171,43,70666,32
4,KTFX20201014_134501_V06,1.399,0.137,28.130,524.429,31.095,-113.153,46.436,15547.263,176268.129,20201014_074501,479167,38,100799,30
4,KTFX20201014_134921_V06,5.733,0.114,29.048,525.941,36.613,-113.147,46.430,18306.625,176397.792,20201014_074921,479176,32,101785,21
1,KTFX20201015_125302_V06,-52.025,0.062,251.314,372.931,16.486,-111.705,47.131,8242.950,43844.338,20201015_065302,479169,63,38868,53
2,KTFX20201016_133717_V06,-9.221,0.094,29.379,173.891,41.655,-113.198,48.013,20827.620,149280.778,20201016_073717,479181,18,156868,17
2,KTFX20201016_134242_V06,-3.804,0.119,31.823,170.205,51.338,-113.182,48.029,25668.831,148967.895,20201016_074242,479177,14,167831,12
2,KTFX20201016_134808_V06,1.629,0.056,39.986,170.412,54.641,-113.128,48.029,27320.533,145258.546,20201016_074808,479173,43,177477,30
2,KTFX20201016_135332_V06,7.029,0.060,48.597,180.023,56.705,-113.069,47.987,28352.310,139281.884,20201016_075332,479172,44,180483,31
5,KTFX20201016_143609_V06,49.646,0.130,48.926,216.746,76.270,-113.061,47.822,38135.117,132258.587,20201016_083609,479177,21,158432,14
5,KTFX20201016_144134_V06,55.063,0.058,51.538,220.696,84.925,-113.043,47.804,42462.468,130405.749,20201016_084134,479172,29,156099,29
1,KTFX20201016_133137_V06,-14.887,0.359,27.270,205.659,48.243,-113.207,47.870,24121.447,144293.180,20201016_073137,479175,30,144086,29
6,KTFX20201017_142820_V06,40.378,0.069,464.588,513.165,39.580,-110.312,46.496,19789.890,134655.636,20201017_082820,479179,20,307379,17
8,KTFX20201017_143857_V06,50.995,0.052,510.745,490.761,36.657,-110.009,46.593,18328.699,142129.685,20201017_083857,479175,16,314225,3
2,KTFX20201018_132347_V06,-25.628,0.072,41.232,345.116,80.137,-113.094,47.244,40068.615,131335.869,20201018_072347,479172,59,353456,30
7,KTFX20201021_134533_V06,-8.257,0.089,224.635,521.636,21.301,-111.875,46.462,10650.699,117049.747,20201021_074533,479169,24,166969,18
9,KTFX20201021_140742_V06,13.893,0.056,406.267,310.904,9.911,-110.680,47.409,4955.532,53412.557,20201021_080742,479170,4,163633,4
1,KTFX20201025_134932_V06,-10.192,0.061,253.570,380.704,18.512,-111.690,47.096,9256.220,46553.181,20201025_074932,479172,34,51234,24
1,KTFX20201025_135415_V06,-5.476,0.052,254.043,380.332,23.963,-111.687,47.098,11981.712,46274.245,20201025_075415,479172,59,50133,31
2,KTFX20201025_142231_V06,22.791,0.183,405.245,311.300,12.227,-110.687,47.407,6113.331,52925.206,20201025_082231,479174,39,40293,34
3,KTFX20201025_151134_V06,71.841,0.058,404.510,310.025,12.138,-110.692,47.413,6069.248,52494.718,20201025_091134,479172,42,29377,25
1,KTFX20201028_141643_V06,12.516,0.712,120.285,466.575,20.229,-112.559,46.704,10114.560,122520.203,20201028_081643,479174,64,20437,40
1,KTFX20201028_142626_V06,22.233,0.274,119.959,465.141,31.873,-112.562,46.711,15936.532,122153.956,20201028_082626,479174,78,20380,53
3,KTFX20201101_152542_V06,75.496,0.137,300.439,297.892,14.071,-111.382,47.469,7035.290,1076.688,20201101_082542,479172,28,15380,22
3,KTFX20201101_153526_V06,85.229,0.063,300.606,298.903,23.292,-111.380,47.465,11646.161,626.847,20201101_083526,479174,29,16260,25
1,KTFX20201101_140750_V06,-2.371,0.074,302.367,302.653,15.549,-111.369,47.448,7774.723,1777.861,20201101_070750,479171,34,13415,33
2,KTFX20201101_144645_V06,36.546,0.129,300.546,298.920,14.103,-111.381,47.465,7051.266,604.990,20201101_074645,479171,18,14668,16
1,KTFX20201102_131252_V06,-58.843,0.065,218.114,243.378,3.154,-111.930,47.713,1577.009,49777.798,20201102_061252,479170,16,24018,16
1,KTFX20201103_131737_V06,-55.599,0.056,297.977,302.132,11.740,-111.398,47.450,5870.193,1469.489,20201103_061737,479172,20,15191,18
2,KTFX20201103_140613_V06,-6.999,0.057,298.309,301.029,10.529,-111.396,47.455,5264.442,989.798,20201103_070613,479171,35,11844,27
1,KTFX20201104_132137_V06,-53.107,0.505,298.223,299.868,7.476,-111.396,47.460,3738.007,890.792,20201104_062137,479170,31,18815,27
1,KTFX20201104_133120_V06,-43.390,0.073,298.634,300.590,15.614,-111.393,47.457,7807.082,744.050,20201104_063120,479173,44,20420,35
1,KTFX20201104_134103_V06,-33.673,0.259,300.097,301.321,11.502,-111.384,47.454,5750.866,662.500,20201104_064103,479172,41,20867,29
1,KTFX20201104_140028_V06,-14.257,0.130,300.509,301.509,17.605,-111.381,47.453,8802.593,796.136,20201104_070028,479166,23,22573,23
1,KTFX20201104_141011_V06,-4.540,0.101,299.625,303.491,14.173,-111.387,47.444,7086.613,1755.712,20201104_071011,479175,40,21739,28
6,KTFX20201104_132137_V06,-53.107,0.055,264.434,421.170,5.232,-111.618,46.915,2616.058,63141.181,20201104_062137,479170,31,18815,27
6,KTFX20201104_133120_V06,-43.390,0.141,266.865,421.497,14.169,-111.602,46.913,7084.380,62967.178,20201104_063120,479173,44,20420,35
2,KTFX20201104_132137_V06,-53.107,0.140,259.394,365.939,2.761,-111.652,47.163,1380.402,38719.644,20201104_062137,479170,31,18815,27
1,KTFX20201105_131936_V06,-56.631,0.526,298.464,302.610,8.977,-111.395,47.448,4488.621,1514.218,20201105_061936,479170,57,11316,53
1,KTFX20201105_132919_V06,-46.914,0.301,298.985,302.132,15.351,-111.391,47.450,7675.547,1180.544,20201105_062919,479172,57,14188,54
1,KTFX20201105_133902_V06,-37.198,0.400,299.324,302.165,9.561,-111.389,47.450,4780.708,1133.952,20201105_063902,479173,55,13667,47
1,KTFX20201105_134845_V06,-27.481,0.152,299.793,301.963,17.784,-111.386,47.451,8891.922,986.825,20201105_064845,479173,60,11659,53
1,KTFX20201105_140810_V06,-8.064,0.484,300.442,302.020,11.164,-111.382,47.451,5581.963,1034.100,20201105_070810,479169,92,13015,69
1,KTFX20201105_141753_V06,1.652,0.267,299.405,301.919,17.847,-111.388,47.451,8923.402,1004.483,20201105_071753,479169,58,11984,49
1,KTFX20201105_142736_V06,11.369,-1.000,298.430,301.823,25.054,-111.395,47.452,12526.757,1202.960,20201105_072736,479171,72,11179,62
1,KTFX20201105_143719_V06,21.086,0.069,299.666,302.162,11.423,-111.387,47.450,5711.391,1093.623,20201105_073719,479172,61,13611,49
8,KTFX20201105_144702_V06,30.802,0.056,298.828,301.505,10.000,-111.392,47.453,4999.798,954.001,20201105_074702,479171,72,13501,65
8,KTFX20201105_150627_V06,50.219,0.475,298.581,301.200,13.579,-111.394,47.454,6789.596,929.460,20201105_080627,479169,73,14253,68
8,KTFX20201105_151610_V06,59.936,0.359,299.490,301.047,10.735,-111.388,47.455,5367.386,582.245,20201105_081610,479172,78,18773,62
8,KTFX20201105_152553_V06,69.652,0.159,300.140,301.397,19.303,-111.384,47.453,9651.631,702.130,20201105_082553,479172,52,18371,47
3,KTFX20201105_134845_V06,-27.481,0.156,266.323,422.131,9.776,-111.605,46.910,4888.149,63344.518,20201105_064845,479173,60,11659,53
5,KTFX20201105_134845_V06,-27.481,0.082,28.059,135.175,34.573,-113.213,48.186,17286.320,158996.124,20201105_064845,479173,60,11659,53
4,KTFX20201107_150643_V06,47.472,0.051,24.715,483.026,34.381,-113.182,46.622,17190.266,165287.706,20201107_080643,479173,10,72951,5
4,KTFX20201107_151350_V06,54.589,0.117,25.521,482.490,44.086,-113.176,46.625,22042.887,164803.885,20201107_081350,479173,28,72579,16
4,KTFX20201107_152057_V06,61.705,0.319,28.961,471.520,47.372,-113.156,46.674,23686.163,160375.563,20201107_082057,479170,1,70435,0
4,KTFX20201107_152805_V06,68.839,0.076,52.066,473.899,65.569,-113.004,46.666,32784.485,151419.801,20201107_082805,479171,9,68540,2
5,KTFX20201110_143836_V06,14.846,0.059,70.849,496.791,49.927,-112.879,46.565,24963.379,151027.132,20201110_073836,479168,26,130333,20
1,KTFX20201112_133006_V06,-56.643,0.057,273.008,417.941,13.419,-111.562,46.929,6709.383,60495.067,20201112_063006,479172,28,29907,28
1,KTFX20201113_133201_V06,-56.214,0.087,214.163,241.587,9.038,-111.956,47.721,4518.888,51913.522,20201113_063201,479172,38,34100,28
1,KTFX20201115_133503_V06,-56.137,0.174,271.090,420.331,3.778,-111.574,46.918,1889.183,61877.508,20201115_063503,479172,22,18586,21
1,KTFX20201115_134445_V06,-46.437,0.235,271.920,420.597,14.322,-111.569,46.917,7160.964,61911.570,20201115_064445,479175,28,19639,20
4,KTFX20201115_142342_V06,-7.487,0.226,25.363,247.814,36.210,-113.213,47.680,18105.171,139775.790,20201115_072342,479170,20,16658,17
4,KTFX20201115_143325_V06,2.229,0.278,25.899,246.241,46.150,-113.210,47.687,23075.174,139661.422,20201115_073325,479172,45,16112,37
5,KTFX20201115_142342_V06,-7.487,0.169,298.737,302.457,13.166,-111.393,47.449,6583.080,1381.579,20201115_072342,479170,20,16658,17
2,KTFX20201118_134519_V06,-50.242,0.095,38.047,190.386,68.486,-113.138,47.939,34242.760,141981.017,20201118_064519,479176,42,56452,32
2,KTFX20201118_135000_V06,-45.559,-1.000,38.047,190.386,75.932,-113.138,47.939,37966.010,141981.017,20201118_065000,479178,44,59470,27
2,KTFX20201118_135442_V06,-40.859,0.058,40.999,188.891,78.961,-113.118,47.946,39480.674,140913.726,20201118_065442,479174,46,60009,35
2,KTFX20201118_140405_V06,-31.476,0.095,47.941,195.144,82.014,-113.071,47.919,41006.751,136499.597,20201118_070405,479171,62,61390,38
2,KTFX20201118_140846_V06,-26.792,0.052,48.679,200.860,85.946,-113.065,47.893,42973.155,135084.076,20201118_070846,479170,32,59417,24
6,KTFX20201118_150940_V06,34.108,0.054,11.646,303.617,14.185,-113.296,47.428,7092.293,144188.300,20201118_080940,479174,33,53876,28
6,KTFX20201118_151421_V06,38.791,0.100,12.183,303.925,20.131,-113.292,47.426,10065.696,143921.986,20201118_081421,479176,28,53358,22
6,KTFX20201118_151902_V06,43.474,-1.000,12.604,304.167,26.400,-113.289,47.425,13200.163,143712.995,20201118_081902,479170,29,54307,23
6,KTFX20201118_152344_V06,48.174,0.074,21.523,297.958,24.807,-113.231,47.454,12403.697,139242.456,20201118_082344,479178,34,53599,24
6,KTFX20201118_152826_V06,52.874,-1.000,26.467,294.766,26.903,-113.199,47.469,13451.376,136791.685,20201118_082826,479174,43,54226,41
6,KTFX20201118_153307_V06,57.558,0.093,28.044,293.398,27.443,-113.189,47.475,13721.360,136018.211,20201118_083307,479176,41,55085,26
7,KTFX20201118_151902_V06,43.474,0.147,31.512,428.269,56.801,-113.145,46.869,28400.728,148777.253,20201118_081902,479170,29,54307,23
7,KTFX20201118_152344_V06,48.174,0.068,31.908,427.374,63.718,-113.143,46.873,31859.118,148406.032,20201118_082344,479178,34,53599,24
4,KTFX20201118_142250_V06,-12.726,0.061,277.429,427.987,16.786,-111.533,46.884,8393.183,64980.786,20201118_072250,479165,52,57459,33
4,KTFX20201119_141952_V06,-17.129,0.061,300.278,303.261,14.216,-111.383,47.445,7107.811,1636.292,20201119_071952,479173,45,30407,30
1,KTFX20201120_141502_V06,-23.386,0.050,298.551,303.366,12.603,-111.394,47.445,6301.517,1832.298,20201120_071502,479173,50,24171,49
1,KTFX20201121_134920_V06,-50.497,0.133,258.159,370.014,7.139,-111.660,47.145,3569.271,40781.826,20201121_064920,479173,49,40449,36
1,KTFX20201121_141046_V06,-29.064,0.117,258.693,370.391,13.555,-111.657,47.143,6777.382,40808.006,20201121_071046,479172,33,33164,25
4,KTFX20201121_143014_V06,-9.597,0.268,298.547,302.230,11.666,-111.394,47.450,5832.909,1330.953,20201121_073014,479172,24,27228,20
4,KTFX20201121_143957_V06,0.120,0.262,298.673,302.564,18.133,-111.393,47.448,9066.417,1443.477,20201121_073957,479172,25,23994,18
4,KTFX20201121_144940_V06,9.836,0.414,300.696,301.863,12.290,-111.380,47.451,6145.210,994.554,20201121_074940,479169,28,22725,18
2,KTFX20201121_141046_V06,-29.064,0.257,299.935,301.199,9.878,-111.385,47.454,4939.037,600.281,20201121_071046,479172,33,33164,25
3,KTFX20201121_142029_V06,-19.347,0.052,43.599,185.736,73.150,-113.101,47.961,36575.237,140354.488,20201121_072029,479172,25,29061,17
5,KTFX20201121_143014_V06,-9.597,0.098,238.524,374.846,2.212,-111.790,47.122,1106.066,48428.411,20201121_073014,479172,24,27228,20
1,KTFX20201122_134919_V06,-51.910,0.052,218.602,242.363,4.508,-111.927,47.718,2254.131,49868.817,20201122_064919,479170,21,26715,20
1,KTFX20201123_134745_V06,-54.858,0.077,236.314,373.810,2.384,-111.804,47.127,1192.123,48743.578,20201123_064745,479173,35,27763,29
1,KTFX20201124_140431_V06,-39.456,0.079,300.465,301.452,11.518,-111.381,47.453,5759.083,762.361,20201124_070431,479174,43,12292,40
1,KTFX20201125_140910_V06,-36.152,0.116,50.299,187.701,72.514,-113.056,47.953,36257.141,136895.940,20201125_070910,479172,56,40305,43
4,KTFX20201125_142756_V06,-17.386,0.065,406.382,304.898,16.783,-110.679,47.436,8391.529,53247.494,20201125_072756,479176,25,37168,16
6,KTFX20201125_143237_V06,-12.702,0.080,319.236,520.086,27.716,-111.259,46.470,13857.929,110462.621,20201125_073237,479175,26,37003,17
1,KTFX20201128_140714_V06,-42.010,0.168,424.134,376.254,7.436,-110.567,47.114,3718.235,72842.258,20201128_070714,479169,46,36368,36
1,KTFX20201129_140659_V06,-43.526,0.102,276.603,414.520,12.757,-111.538,46.945,6378.485,58442.856,20201129_070659,479170,44,42752,44
1,KTFX20201129_141644_V06,-33.776,0.107,275.387,416.406,19.656,-111.546,46.936,9827.881,59490.012,20201129_071644,479169,18,41840,18
1,KTFX20201203_140210_V06,-53.166,0.082,217.125,243.545,3.236,-111.937,47.712,1618.032,50138.401,20201203_070210,479172,45,13838,37
2,KTFX20201203_141153_V06,-43.449,0.059,300.062,299.928,16.124,-111.384,47.460,8061.970,47.319,20201203_071153,479176,27,11476,23
1,KTFX20201204_144625_V06,-10.056,0.063,299.262,302.975,9.414,-111.389,47.446,4707.043,1532.581,20201204_074625,479171,64,10151,33
2,KTFX20201204_154450_V06,48.361,0.138,253.123,269.557,10.510,-111.696,47.596,5255.194,27947.278,20201204_084450,479174,39,9117,33
3,KTFX20201206_141645_V06,-41.916,0.090,260.432,370.384,6.298,-111.645,47.143,3149.137,40371.794,20201206_071645,479172,22,14490,20
1,KTFX20201207_140411_V06,-55.534,0.054,299.107,301.926,10.935,-111.390,47.451,5467.289,1061.619,20201207_070411,479175,53,12144,44
4,KTFX20201207_150239_V06,2.933,0.107,299.726,302.768,13.194,-111.386,47.447,6596.798,1390.733,20201207_080239,479173,51,11459,45
1,KTFX20201208_140834_V06,-52.170,0.052,217.301,242.065,5.290,-111.936,47.719,2644.798,50486.488,20201208_070834,479173,24,27229,20
3,KTFX20201208_143746_V06,-22.970,0.112,259.329,370.500,8.497,-111.653,47.142,4248.325,40695.089,20201208_073746,479171,14,34989,11
6,KTFX20201208_161504_V06,74.330,0.091,260.763,370.188,8.531,-111.643,47.144,4265.327,40205.421,20201208_091504,479173,31,34081,21
4,KTFX20201209_152050_V06,19.110,0.303,25.575,144.870,35.907,-113.228,48.143,17953.508,157618.439,20201209_082050,479173,24,20590,17
4,KTFX20201209_152510_V06,23.444,0.316,26.684,140.634,43.896,-113.222,48.162,21948.027,158192.456,20201209_082510,479171,27,20601,21
4,KTFX20201209_152936_V06,27.877,0.110,29.905,149.489,48.253,-113.199,48.122,24126.355,154600.400,20201209_082936,479170,27,21738,22
4,KTFX20201209_153401_V06,32.294,0.071,34.263,137.440,35.280,-113.171,48.177,17639.858,155757.907,20201209_083401,479178,31,22527,20
4,KTFX20201209_153821_V06,36.627,0.073,34.905,139.887,42.720,-113.166,48.166,21360.016,154847.814,20201209_083821,479174,36,23799,18
4,KTFX20201209_154241_V06,40.960,0.112,38.505,146.757,48.096,-113.141,48.136,24048.181,151544.575,20201209_084241,479178,24,25207,21
6,KTFX20201209_161308_V06,71.410,0.054,14.239,292.880,17.133,-113.280,47.476,8566.416,142924.928,20201209_091308,479173,26,31240,23
6,KTFX20201209_161737_V06,75.894,0.067,16.166,291.814,24.126,-113.268,47.481,12063.223,141975.833,20201209_091737,479175,22,30501,13
6,KTFX20201209_162206_V06,80.377,-1.000,17.651,290.993,31.151,-113.258,47.485,15575.534,141246.425,20201209_092206,479169,42,30930,20
6,KTFX20201209_162627_V06,84.727,0.122,40.814,282.158,31.759,-113.105,47.527,15879.343,129899.708,20201209_092627,479172,36,31691,33
1,KTFX20201209_140610_V06,-55.556,0.231,52.434,195.865,81.853,-113.041,47.916,40926.651,134288.024,20201209_070610,479172,22,19428,19
2,KTFX20201209_150746_V06,6.044,0.169,408.488,309.364,12.851,-110.666,47.415,6425.465,54445.854,20201209_080746,479178,16,19673,13
7,KTFX20201209_161737_V06,75.894,0.137,36.423,175.064,54.388,-113.151,48.008,27194.160,145843.838,20201209_091737,479175,22,30501,13
1,KTFX20201216_141640_V06,-50.948,0.326,375.644,241.123,9.575,-110.880,47.723,4787.468,47928.266,20201216_071640,479174,40,79348,28
5,KTFX20201216_154423_V06,36.769,0.176,285.471,525.088,36.924,-111.479,46.447,18461.765,112778.354,20201216_084423,479173,62,80156,48
2,KTFX20201217_152639_V06,18.352,0.170,286.406,418.610,15.850,-111.474,46.926,7924.843,59693.335,20201217_082639,479171,32,56999,26
5,KTFX20201217_160539_V06,57.352,0.123,340.693,414.578,13.243,-111.117,46.944,6621.576,60794.758,20201217_090539,479169,20,51114,20
4,KTFX20201220_160956_V06,59.839,0.052,404.941,309.083,11.491,-110.689,47.417,5745.483,52666.638,20201220_090956,479172,39,46727,38
1,KTFX20201221_142759_V06,-42.621,0.057,27.753,406.141,34.095,-113.173,46.968,17047.375,146103.061,20201221_072759,479170,36,122289,28
2,KTFX20201221_143743_V06,-32.888,0.059,322.006,356.869,22.985,-111.239,47.204,11492.428,30488.991,20201221_073743,479172,33,128685,21
2,KTFX20201222_142104_V06,-50.003,0.052,366.694,87.680,45.226,-110.934,48.414,22613.243,111274.174,20201222_072104,479171,28,99120,22
2,KTFX20201222_142601_V06,-45.053,0.071,368.795,87.283,50.180,-110.920,48.415,25089.793,111782.427,20201222_072601,479173,60,99748,36
13,KTFX20201222_160556_V06,54.863,0.109,30.719,308.208,33.610,-113.169,47.409,16805.033,134703.121,20201222_090556,479176,17,84024,11
1,KTFX20201224_142410_V06,-47.697,0.050,103.152,279.731,8.391,-112.692,47.543,4195.660,98944.545,20201224_072410,479174,38,41825,38
2,KTFX20201226_142537_V06,-46.855,0.117,420.250,337.257,8.996,-110.590,47.289,4498.079,62944.631,20201226_072537,479171,22,57726,16
3,KTFX20201227_143556_V06,-36.771,0.113,111.128,482.861,32.677,-112.618,46.631,16338.318,131444.496,20201227_073556,479172,138,138413,126
2,KTFX20201230_153710_V06,24.046,0.113,289.037,403.240,14.819,-111.457,46.995,7409.653,51910.069,20201230_083710,479171,36,52967,32
2,KTFX20201230_154657_V06,33.829,-1.000,289.037,403.240,30.375,-111.457,46.995,15187.403,51910.069,20201230_084657,479172,28,54410,26
2,KTFX20201230_160626_V06,53.312,0.193,294.043,404.031,14.846,-111.424,46.992,7422.930,52100.623,20201230_090626,479177,32,56054,26
4,KTFX20201230_153710_V06,24.046,0.054,160.942,279.184,9.214,-112.308,47.550,4606.836,70303.584,20201230_083710,479171,36,52967,32
