track_id,filename,from_sunrise,det_score,x,y,r,lon,lat,radius,geo_dist,local_time,n_radar_pixels,n_refAbove40_pixels,n_xcorrAbove0.95_pixels,n_xcorrBelow0.95_refAbove40_pixels
1,KTFX20150601_103446_V06,-57.897,0.152,257.276,147.921,18.910,-111.671,48.143,9454.775,78983.408,20150601_043446,479164,407,61719,53
1,KTFX20150601_103924_V06,-53.264,0.850,259.791,147.726,23.335,-111.655,48.144,11667.533,78746.577,20150601_043924,479176,308,63679,31
1,KTFX20150601_104416_V06,-48.397,0.812,261.508,150.452,29.347,-111.643,48.132,14673.468,77210.894,20150601_044416,479176,153,64877,14
1,KTFX20150601_104853_V06,-43.780,0.891,269.663,149.153,28.958,-111.588,48.138,14478.959,76933.803,20150601_044853,479174,129,67116,15
1,KTFX20150601_105344_V06,-38.930,0.542,274.389,150.287,29.098,-111.556,48.133,14549.197,75944.086,20150601_045344,479166,83,66872,21
13,KTFX20150601_123639_V06,63.986,0.115,237.151,268.986,21.415,-111.802,47.598,10707.632,35042.418,20150601_063639,479178,217,70330,18
13,KTFX20150601_124145_V06,69.086,0.383,237.733,268.706,27.382,-111.798,47.600,13691.180,34844.050,20150601_064145,479177,112,70182,22
13,KTFX20150601_124651_V06,74.186,0.067,242.944,263.853,27.562,-111.764,47.622,13781.243,33771.234,20150601_064651,479173,50,69652,12
6,KTFX20150601_110817_V06,-24.380,0.068,55.967,276.851,57.009,-113.006,47.552,28504.501,122564.320,20150601_050817,479162,51,67454,7
6,KTFX20150601_111309_V06,-19.514,0.089,58.725,272.841,64.210,-112.988,47.571,32104.828,121399.374,20150601_051309,479165,57,67834,16
4,KTFX20150601_110326_V06,-29.230,0.056,21.023,262.087,28.566,-113.240,47.615,14282.766,140770.580,20150601_050326,479168,89,68692,11
5,KTFX20150601_110326_V06,-29.230,0.053,152.561,391.619,49.572,-112.355,47.044,24785.946,86793.236,20150601_050326,479168,89,68692,11
11,KTFX20150601_115337_V06,20.953,0.277,409.820,398.878,24.634,-110.662,47.013,12317.204,73887.213,20150601_055337,479168,100,70306,17
12,KTFX20150601_115337_V06,20.953,0.072,371.816,390.062,16.175,-110.912,47.054,8087.309,57594.778,20150601_055337,479168,100,70306,17
2,KTFX20150604_112508_V06,-5.811,0.050,408.554,303.213,20.617,-110.665,47.443,10308.662,54300.864,20150604_052508,479178,29,62937,5
1,KTFX20150607_103504_V06,-54.534,0.092,409.747,325.472,7.743,-110.658,47.343,3871.346,56331.904,20150607_043504,479175,16,47818,9
1,KTFX20150608_104752_V06,-41.371,0.050,299.270,377.769,8.615,-111.389,47.110,4307.310,38885.975,20150608_044752,479170,22,38576,17
2,KTFX20150611_103656_V06,-51.473,0.165,365.559,135.172,6.673,-110.943,48.200,3336.422,88693.610,20150611_043656,479171,1,43139,1
3,KTFX20150611_103656_V06,-51.473,0.070,328.666,520.406,11.743,-111.198,46.468,5871.365,111131.077,20150611_043656,479171,1,43139,1
4,KTFX20150611_121716_V06,48.860,0.377,176.594,58.866,4.500,-112.220,48.541,2249.960,135438.901,20150611_061716,479174,46,28805,33
5,KTFX20150611_121716_V06,48.860,0.345,190.143,57.899,11.989,-112.128,48.546,5994.368,132930.035,20150611_061716,479174,46,28805,33
1,KTFX20150614_111209_V06,-15.812,0.060,410.056,305.953,20.502,-110.655,47.431,10250.969,55108.555,20150614_051209,479174,22,29909,7
2,KTFX20150614_112914_V06,1.271,0.082,406.739,303.924,17.192,-110.677,47.440,8595.936,53405.505,20150614_052914,479172,14,31540,4
1,KTFX20150619_103207_V06,-55.959,0.133,320.583,104.966,2.537,-111.246,48.337,1268.589,98058.744,20150619_043207,479170,24,44374,7
1,KTFX20150619_104158_V06,-46.109,0.078,323.854,102.744,10.164,-111.224,48.347,5081.888,99346.741,20150619_044158,479170,18,46205,6
1,KTFX20150619_105149_V06,-36.259,-1.000,326.934,100.651,18.258,-111.203,48.356,9129.162,100580.177,20150619_045149,479163,13,46802,6
1,KTFX20150619_110140_V06,-26.409,0.147,325.318,87.616,22.542,-111.213,48.415,11271.163,106944.085,20150619_050140,479178,19,44864,6
3,KTFX20150619_114102_V06,12.958,0.216,29.712,431.177,35.743,-113.157,46.856,17871.735,150219.312,20150619_054102,479170,14,35313,9
3,KTFX20150619_115052_V06,22.791,0.497,38.747,431.096,46.144,-113.097,46.857,23072.217,146149.781,20150619_055052,479179,16,34276,14
1,KTFX20150620_103606_V06,-52.123,0.063,236.547,370.648,2.369,-111.803,47.141,1184.361,47479.878,20150620_043606,479169,17,47936,6
2,KTFX20150620_122419_V06,56.093,0.091,302.139,302.529,14.801,-111.370,47.448,7400.383,1656.021,20150620_062419,479177,36,21491,12
2,KTFX20150620_123411_V06,65.960,-1.000,302.139,302.529,30.489,-111.370,47.448,15244.383,1656.021,20150620_063411,479172,25,21892,10
2,KTFX20150620_124403_V06,75.827,0.285,299.147,301.611,21.228,-111.390,47.452,10613.995,911.536,20150620_064403,479168,26,23087,16
1,KTFX20150625_104220_V06,-47.238,0.119,429.656,268.257,31.378,-110.522,47.599,15688.835,66742.566,20150625_044220,479167,16,95119,9
10,KTFX20150625_124201_V06,72.445,0.102,28.177,137.375,30.009,-113.212,48.177,15004.318,158378.233,20150625_064201,479176,17,59090,5
1,KTFX20150626_103857_V06,-51.010,0.109,334.583,104.452,7.799,-111.151,48.339,3899.658,99291.035,20150626_043857,479176,3,49617,2
1,KTFX20150627_110026_V06,-29.952,0.186,312.371,93.507,7.519,-111.301,48.388,3759.567,103431.438,20150627_050026,479166,10,48751,6
1,KTFX20150628_105125_V06,-39.432,0.559,327.736,107.157,13.556,-111.197,48.327,6777.863,97413.623,20150628_045125,479172,14,48450,11
1,KTFX20150628_110115_V06,-29.599,0.194,329.269,106.009,22.857,-111.187,48.332,11428.604,98093.338,20150628_050115,479172,8,47094,8
1,KTFX20150628_111105_V06,-19.766,0.202,332.518,107.165,17.925,-111.165,48.327,8962.696,97778.671,20150628_051105,479178,13,45725,10
1,KTFX20150628_112055_V06,-9.932,0.062,336.400,105.892,30.461,-111.139,48.332,15230.298,98745.896,20150628_052055,479171,11,45998,8
2,KTFX20150628_105125_V06,-39.432,0.117,347.176,244.621,8.124,-111.070,47.708,4061.752,36374.192,20150628_045125,479172,14,48450,11
1,KTFX20150704_103829_V06,-55.900,0.442,325.041,515.768,13.774,-111.221,46.489,6886.783,108608.127,20150704_043829,479171,15,45330,9
2,KTFX20150704_103829_V06,-55.900,0.096,416.413,310.217,16.845,-110.613,47.411,8422.428,58430.342,20150704_043829,479171,15,45330,9
5,KTFX20150705_122731_V06,52.425,0.075,11.848,116.067,19.712,-113.325,48.271,9855.787,170926.094,20150705_062731,479172,12,190602,8
1,KTFX20150706_114332_V06,7.702,0.057,238.482,267.756,17.841,-111.794,47.604,8920.406,34728.265,20150706_054332,479176,6,14184,5
1,KTFX20150707_104003_V06,-56.553,0.081,270.891,423.504,7.855,-111.575,46.904,3927.397,63444.179,20150707_044003,479175,40,62842,16
3,KTFX20150712_110851_V06,-32.050,0.055,84.688,126.310,11.328,-112.834,48.232,5664.042,138318.201,20150712_050851,479164,43,59196,8
6,KTFX20150718_111847_V06,-28.109,0.053,371.819,235.713,17.676,-110.906,47.748,8838.177,48194.233,20150718_051847,479184,24,113366,15
6,KTFX20150718_112339_V06,-23.242,-1.000,371.819,235.713,25.414,-110.906,47.748,12707.177,48194.233,20150718_052339,479166,23,114830,14
6,KTFX20150718_112803_V06,-18.842,0.489,380.522,241.587,25.576,-110.848,47.721,12788.104,49739.213,20150718_052803,479169,23,117039,13
6,KTFX20150718_113227_V06,-14.442,0.070,390.246,243.758,30.187,-110.783,47.711,15093.637,53168.446,20150718_053227,479177,14,116941,9
6,KTFX20150718_113639_V06,-10.242,0.074,390.941,247.926,32.891,-110.779,47.692,16445.381,52397.617,20150718_053639,479164,12,118427,5
6,KTFX20150718_114056_V06,-5.959,-1.000,394.652,251.579,36.031,-110.754,47.676,18015.322,53159.107,20150718_054056,479168,15,116351,10
6,KTFX20150718_114513_V06,-1.676,0.096,394.677,262.482,34.502,-110.755,47.627,17251.114,50919.933,20150718_054513,479174,17,112447,6
16,KTFX20150718_123734_V06,50.674,0.083,411.498,324.112,29.091,-110.647,47.349,14545.649,57037.708,20150718_063734,479185,23,74277,11
16,KTFX20150718_124158_V06,55.074,0.073,411.723,325.704,34.056,-110.645,47.342,17027.792,57321.026,20150718_064158,479165,8,71584,3
3,KTFX20150718_105304_V06,-53.826,0.084,446.639,261.065,17.813,-110.409,47.631,8906.647,75859.750,20150718_045304,479173,24,100977,12
4,KTFX20150718_105304_V06,-53.826,0.060,280.958,407.796,26.934,-111.510,46.975,13466.990,54732.454,20150718_045304,479173,24,100977,12
13,KTFX20150718_122419_V06,37.424,0.129,408.042,319.703,20.846,-110.669,47.369,10423.153,54911.846,20150718_062419,479184,14,82672,7
14,KTFX20150718_122419_V06,37.424,0.055,525.549,404.352,26.191,-109.902,46.981,13095.526,124259.445,20150718_062419,479184,14,82672,7
1,KTFX20150721_110612_V06,-43.968,0.213,190.296,65.184,4.411,-112.127,48.513,2205.408,129589.212,20150721_050612,479173,19,54750,6
1,KTFX20150722_123807_V06,46.822,0.051,51.152,539.782,53.291,-113.001,46.370,26645.451,172786.441,20150722_063807,479180,64,57672,7
3,KTFX20150723_111559_V06,-36.454,0.115,20.403,245.035,25.683,-113.247,47.692,12841.600,142474.004,20150723_051559,479182,27,121562,11
3,KTFX20150723_112131_V06,-30.920,0.172,20.829,244.180,31.718,-113.244,47.696,15858.898,142348.546,20150723_052131,479167,25,118825,9
3,KTFX20150723_112703_V06,-25.387,0.143,23.034,240.833,31.046,-113.230,47.711,15523.116,141607.589,20150723_052703,479180,14,122546,9
1,KTFX20150723_105922_V06,-53.070,0.090,414.917,360.106,8.543,-110.626,47.187,4271.513,64843.215,20150723_045922,479172,110,120603,14
4,KTFX20150723_113235_V06,-19.854,0.077,265.788,403.808,24.454,-111.609,46.993,12226.892,54650.250,20150723_053235,479181,16,123696,7
5,KTFX20150723_113806_V06,-14.337,0.076,365.300,359.461,31.100,-110.954,47.191,15549.894,44157.914,20150723_053806,479166,20,124858,16
7,KTFX20150723_120739_V06,15.213,0.143,26.047,114.697,38.194,-113.230,48.278,19096.766,165368.876,20150723_060739,479181,32,141122,4
7,KTFX20150723_121245_V06,20.313,0.083,25.836,122.254,30.750,-113.230,48.244,15374.759,163370.227,20150723_061245,479181,32,141518,12
9,KTFX20150723_121245_V06,20.313,0.070,406.971,362.501,21.804,-110.679,47.176,10902.138,61945.747,20150723_061245,479181,32,141518,12
4,KTFX20150726_125649_V06,60.864,0.321,393.248,278.556,10.290,-110.765,47.554,5145.222,47840.936,20150726_065649,479164,2044,90584,83
4,KTFX20150726_130139_V06,65.698,0.295,394.429,277.836,17.453,-110.757,47.558,8726.604,48497.637,20150726_070139,479176,1891,88908,70
4,KTFX20150726_130617_V06,70.331,0.168,399.372,272.289,23.109,-110.724,47.582,11554.702,51581.835,20150726_070617,479175,1927,87818,82
2,KTFX20150726_122037_V06,24.664,0.129,16.481,161.933,19.033,-113.287,48.065,9516.575,157674.868,20150726_062037,479170,2150,97967,130
2,KTFX20150726_122555_V06,29.964,0.056,18.012,162.163,26.795,-113.276,48.064,13397.579,156936.491,20150726_062555,479180,1907,95626,87
4,KTFX20150727_114403_V06,-13.100,0.157,342.003,209.936,45.533,-111.104,47.864,22766.647,49688.497,20150727_054403,479165,1383,169162,82
4,KTFX20150727_114924_V06,-7.750,0.051,344.043,209.622,53.324,-111.090,47.866,26661.941,50269.116,20150727_054924,479177,1130,174511,61
9,KTFX20150727_121849_V06,21.666,0.056,377.575,343.844,45.218,-110.872,47.261,22608.997,44553.826,20150727_061849,479174,155,177777,23
9,KTFX20150727_122349_V06,26.666,0.156,379.100,342.166,51.936,-110.862,47.269,25967.808,44818.449,20150727_062349,479177,212,176536,28
12,KTFX20150727_123812_V06,41.050,0.150,345.895,380.588,21.101,-111.082,47.097,10550.301,46370.269,20150727_063812,479174,411,174796,32
12,KTFX20150727_124325_V06,46.266,0.240,344.918,378.444,27.547,-111.089,47.107,13773.589,45197.061,20150727_064325,479180,556,173856,60
12,KTFX20150727_124811_V06,51.033,0.117,344.439,363.184,22.244,-111.091,47.175,11122.087,38623.311,20150727_064811,479175,552,171863,32
6,KTFX20150727_115444_V06,-2.417,0.069,426.497,379.554,30.852,-110.551,47.099,15425.980,74716.910,20150727_055444,479176,1183,175587,41
16,KTFX20150727_125740_V06,60.516,0.206,365.514,339.155,26.168,-110.951,47.283,13084.066,38161.522,20150727_065740,479181,810,170181,50
1,KTFX20150728_115717_V06,-1.077,0.051,361.820,370.121,13.496,-110.977,47.144,6747.818,46740.294,20150728_055717,479173,26,126147,14
1,KTFX20150802_121250_V06,8.269,0.190,226.357,118.837,2.483,-111.880,48.273,1241.575,97779.354,20150802_061250,479171,19,41287,19
3,KTFX20150802_125209_V06,47.586,0.095,444.104,137.368,77.204,-110.415,48.187,38601.772,108645.311,20150802_065209,479169,7,43129,4
1,KTFX20150803_132324_V06,77.568,0.056,173.074,124.667,6.056,-112.239,48.245,3027.851,108226.681,20150803_072324,479177,14,45224,9
1,KTFX20150804_121408_V06,7.026,0.144,225.687,289.259,23.809,-111.878,47.507,11904.600,37542.626,20150804_061408,479171,64,82943,16
3,KTFX20150804_123325_V06,26.309,0.250,313.128,372.459,20.476,-111.298,47.134,10238.075,36819.506,20150804_063325,479168,29,83946,5
4,KTFX20150804_130221_V06,55.243,0.078,244.213,300.133,28.066,-111.754,47.459,14033.043,27893.344,20150804_070221,479173,78,84016,16
7,KTFX20150804_130221_V06,55.243,0.053,245.451,519.767,28.690,-111.740,46.471,14344.851,113217.948,20150804_070221,479173,78,84016,16
2,KTFX20150805_120547_V06,-2.606,0.251,92.391,182.693,10.218,-112.775,47.979,5108.951,119229.036,20150805_060547,479170,8,46624,6
1,KTFX20150806_112958_V06,-39.712,0.235,275.271,422.317,13.871,-111.547,46.909,6935.652,62395.779,20150806_052958,479172,31,66446,21
2,KTFX20150806_112958_V06,-39.712,0.136,181.790,69.317,12.193,-112.184,48.494,6096.542,129603.653,20150806_052958,479172,31,66446,21
3,KTFX20150806_114312_V06,-26.479,0.215,183.521,64.606,12.052,-112.173,48.516,6026.209,131317.975,20150806_054312,479170,29,65667,21
1,KTFX20150807_132157_V06,70.976,0.053,298.591,298.895,13.740,-111.394,47.465,6870.232,895.260,20150807_072157,479176,28,37320,15
2,KTFX20150810_125850_V06,43.943,0.055,268.540,421.350,10.475,-111.591,46.914,5237.656,62681.036,20150810_065850,479169,16,47332,13
1,KTFX20150811_112516_V06,-50.938,0.105,277.899,422.395,16.876,-111.529,46.909,8438.187,62187.356,20150811_052516,479173,13,50297,6
1,KTFX20150812_114858_V06,-28.555,0.061,275.487,419.009,16.435,-111.545,46.924,8217.693,60753.797,20150812_054858,479161,24,76839,10
1,KTFX20150814_114036_V06,-39.565,0.055,128.929,354.755,25.515,-112.514,47.208,12757.548,89810.073,20150814_054036,479175,18,53322,10
3,KTFX20150814_124912_V06,29.035,0.212,293.732,429.440,7.117,-111.426,46.878,3558.680,64795.857,20150814_064912,479177,12,58026,5
4,KTFX20150815_115023_V06,-31.107,0.160,340.510,215.806,6.454,-111.114,47.838,3227.043,46716.379,20150815_055023,479173,142,62679,9
4,KTFX20150815_115514_V06,-26.257,-1.000,340.510,215.806,14.166,-111.114,47.838,7082.793,46716.379,20150815_055514,479173,189,64567,11
4,KTFX20150815_115940_V06,-21.824,0.175,348.915,207.495,17.681,-111.057,47.875,8840.548,52320.882,20150815_055940,479182,140,68759,10
4,KTFX20150815_120403_V06,-17.441,0.343,356.344,199.059,24.480,-111.008,47.913,12240.049,57800.932,20150815_060403,479171,251,71880,13
4,KTFX20150815_120820_V06,-13.157,0.076,356.558,184.139,33.000,-111.006,47.980,16499.986,64464.423,20150815_060820,479183,281,73742,19
4,KTFX20150815_121238_V06,-8.857,0.201,361.157,173.867,38.882,-110.974,48.026,19440.756,70088.718,20150815_061238,479168,237,72643,15
1,KTFX20150816_112808_V06,-54.684,0.101,34.225,419.487,56.050,-113.129,46.909,28024.876,145699.876,20150816_052808,479176,13,68876,6
1,KTFX20150816_113246_V06,-50.051,0.467,36.515,414.884,64.133,-113.114,46.930,32066.564,143720.691,20150816_053246,479183,11,66979,4
1,KTFX20150816_113725_V06,-45.401,0.309,43.294,403.286,66.789,-113.072,46.983,33394.740,138352.687,20150816_053725,479181,10,67204,6
2,KTFX20150816_130550_V06,43.016,0.130,212.654,255.458,9.554,-111.966,47.659,4777.061,49023.613,20150816_070550,479168,8,43740,6
10,KTFX20150817_133346_V06,69.621,0.137,120.494,406.631,59.639,-112.564,46.974,29819.374,104394.017,20150817_073346,479180,207,38318,10
19,KTFX20150818_125358_V06,28.491,0.162,372.950,352.659,19.141,-110.903,47.222,9570.316,44985.352,20150818_065358,479186,1097,162214,172
19,KTFX20150818_125836_V06,33.125,0.213,374.075,353.687,24.810,-110.895,47.217,12404.788,45742.216,20150818_065836,479181,1340,163413,261
19,KTFX20150818_130313_V06,37.741,0.089,378.185,358.532,26.642,-110.869,47.195,13321.011,48833.761,20150818_070313,479178,1415,164642,219
19,KTFX20150818_130750_V06,42.358,0.690,382.706,362.726,29.848,-110.839,47.176,14924.097,51900.985,20150818_070750,479170,1310,165008,168
13,KTFX20150818_122611_V06,0.708,0.123,196.471,248.343,2.443,-112.074,47.690,1221.535,57850.493,20150818_062611,479182,1666,154667,283
13,KTFX20150818_123048_V06,5.325,-1.000,196.471,248.343,9.784,-112.074,47.690,4891.785,57850.493,20150818_063048,479185,1881,156030,398
13,KTFX20150818_123527_V06,9.975,0.053,201.505,250.169,12.156,-112.040,47.682,6078.227,55191.509,20150818_063527,479176,1762,158845,351
2,KTFX20150818_113746_V06,-47.709,0.065,416.668,354.183,17.223,-110.614,47.213,8611.692,64317.990,20150818_053746,479171,1927,119293,148
1,KTFX20150820_122737_V06,-0.520,0.095,317.182,159.681,80.847,-111.269,48.091,40423.447,70683.705,20150820_062737,479173,20,49566,13
1,KTFX20150820_123727_V06,9.314,0.117,314.759,156.253,99.259,-111.285,48.106,49629.654,72251.464,20150820_063727,479171,23,51871,15
1,KTFX20150820_124718_V06,19.164,0.112,304.888,152.559,98.898,-111.352,48.123,49448.800,73760.984,20150820_064718,479177,26,53666,16
1,KTFX20150820_125709_V06,29.014,0.299,293.570,159.773,81.678,-111.428,48.090,40838.921,70187.034,20150820_065709,479173,50,54474,20
1,KTFX20150820_130659_V06,38.847,0.204,284.284,158.816,86.850,-111.490,48.095,43424.799,71027.875,20150820_070659,479176,20,53672,12
1,KTFX20150820_131650_V06,48.697,-1.000,275.525,157.914,92.642,-111.549,48.099,46321.239,72089.424,20150820_071650,479177,28,51675,26
1,KTFX20150820_132640_V06,58.530,0.263,246.828,169.454,64.180,-111.741,48.046,32090.057,70479.898,20150820_072640,479170,41,49516,30
1,KTFX20150820_133631_V06,68.380,0.316,246.559,167.232,76.230,-111.743,48.056,38114.816,71559.957,20150820_073631,479179,31,47508,16
3,KTFX20150820_131650_V06,48.697,0.246,261.633,161.586,77.534,-111.642,48.082,38767.036,71816.714,20150820_071650,479177,28,51675,26
2,KTFX20150821_122957_V06,0.483,0.434,218.124,157.557,56.902,-111.934,48.099,28450.809,82148.528,20150821_062957,479170,20,40200,12
2,KTFX20150821_123948_V06,10.333,0.467,219.165,167.423,58.867,-111.927,48.055,29433.530,77638.424,20150821_063948,479174,16,39014,12
2,KTFX20150821_124939_V06,20.183,0.617,225.204,174.792,60.158,-111.886,48.022,30079.092,72923.715,20150821_064939,479174,26,38644,12
2,KTFX20150821_125929_V06,30.016,0.194,224.247,176.751,67.162,-111.892,48.013,33580.908,72334.191,20150821_065929,479175,24,39375,14
1,KTFX20150821_121015_V06,-19.217,0.216,209.650,138.975,54.897,-111.992,48.182,27448.421,92320.491,20150821_061015,479169,15,46469,11
1,KTFX20150821_122006_V06,-9.367,0.441,215.558,140.746,63.703,-111.952,48.174,31851.643,90128.046,20150821_062006,479172,19,42034,14
2,KTFX20150822_120011_V06,-30.615,0.118,416.428,324.935,43.208,-110.614,47.345,21603.800,59533.879,20150822_060011,479186,10,94335,9
5,KTFX20150822_122639_V06,-4.148,0.063,424.004,360.504,32.505,-110.566,47.185,16252.459,68988.387,20150822_062639,479178,18,77540,6
8,KTFX20150822_131933_V06,48.752,0.078,299.130,302.843,10.698,-111.390,47.447,5349.243,1486.751,20150822_071933,479180,21,48526,10
9,KTFX20150822_134601_V06,75.218,0.058,424.325,280.608,21.894,-110.559,47.544,10947.006,62914.256,20150822_074601,479173,13,41108,7
1,KTFX20150827_130625_V06,28.967,0.052,310.096,229.009,23.014,-111.317,47.779,11506.771,35852.453,20150827_070625,479175,40,61153,20
1,KTFX20150827_131103_V06,33.601,-1.000,310.096,229.009,30.381,-111.317,47.779,15190.271,35852.453,20150827_071103,479174,43,61006,23
1,KTFX20150827_131541_V06,38.234,0.173,315.410,231.210,33.843,-111.282,47.769,16921.261,35247.642,20150827_071541,479174,44,60856,24
7,KTFX20150830_132518_V06,43.865,0.132,31.460,397.383,43.330,-113.150,47.008,21665.211,142826.089,20150830_072518,479179,230,146326,34
7,KTFX20150830_133030_V06,49.065,0.131,33.275,395.406,50.824,-113.139,47.017,25412.059,141637.499,20150830_073030,479171,246,139850,30
1,KTFX20150831_114311_V06,-59.579,0.065,99.454,280.098,11.475,-112.716,47.541,5737.521,100765.547,20150831_054311,479184,15,52813,6
1,KTFX20150831_114737_V06,-55.146,0.079,99.401,280.165,16.983,-112.717,47.541,8491.733,100788.681,20150831_054737,479184,19,52606,10
4,KTFX20150903_125046_V06,4.021,0.104,220.752,184.431,34.442,-111.915,47.978,17220.901,70064.832,20150903_065046,479181,71,96787,6
4,KTFX20150903_125559_V06,9.238,0.084,221.863,180.938,41.317,-111.908,47.994,20658.374,71206.181,20150903_065559,479176,51,92302,10
2,KTFX20150903_124115_V06,-5.495,0.091,284.014,107.747,5.825,-111.492,48.324,2912.376,96458.252,20150903_064115,479170,169,106130,19
16,KTFX20150904_125749_V06,9.743,0.140,34.805,364.464,56.007,-113.133,47.156,28003.601,136458.988,20150904_065749,479173,16,115575,6
16,KTFX20150904_130242_V06,14.627,0.151,35.901,364.403,62.763,-113.126,47.157,31381.533,135919.303,20150904_070242,479181,37,119591,14
16,KTFX20150904_130747_V06,19.710,0.305,40.797,354.171,63.715,-113.095,47.203,31857.658,132401.335,20150904_070747,479166,65,121755,16
16,KTFX20150904_131254_V06,24.827,0.114,46.403,343.132,65.688,-113.060,47.253,32844.145,128619.424,20150904_071254,479170,72,127934,18
11,KTFX20150904_124804_V06,-0.007,0.294,27.542,387.914,42.116,-113.177,47.050,21057.831,143145.296,20150904_064804,479175,21,106533,9
11,KTFX20150904_125256_V06,4.860,0.340,28.137,386.908,48.566,-113.174,47.055,24283.141,142708.379,20150904_065256,479189,19,112048,13
9,KTFX20150904_124258_V06,-5.107,0.083,23.187,412.982,31.033,-113.202,46.937,15516.702,149491.132,20150904_064258,479191,22,103880,16
13,KTFX20150904_124804_V06,-0.007,0.102,434.300,220.985,4.746,-110.488,47.812,2373.112,77910.016,20150904_064804,479175,21,106533,9
15,KTFX20150906_135012_V06,59.470,0.094,384.418,19.345,27.782,-110.811,48.720,13890.907,146538.241,20150906_075012,479189,25,59749,16
15,KTFX20150906_135415_V06,63.520,0.089,386.338,20.077,32.547,-110.798,48.717,16273.550,146467.676,20150906_075415,479174,15,59933,14
15,KTFX20150906_135841_V06,67.953,0.338,402.136,21.942,24.714,-110.691,48.708,12357.227,148111.337,20150906_075841,479169,23,62145,15
15,KTFX20150906_140246_V06,72.037,0.409,403.518,22.297,29.524,-110.681,48.706,14762.011,148184.642,20150906_080246,479173,29,61978,21
15,KTFX20150906_140710_V06,76.437,0.090,417.831,22.730,26.061,-110.584,48.704,13030.281,150634.471,20150906_080710,479179,11,61442,9
3,KTFX20150906_120507_V06,-45.613,0.054,21.893,447.460,17.773,-113.205,46.782,8886.620,157391.020,20150906_060507,479170,17,53513,13
10,KTFX20150906_130118_V06,10.570,0.055,407.976,308.365,21.227,-110.669,47.420,10613.659,54149.563,20150906_070118,479180,15,56307,9
13,KTFX20150906_132949_V06,39.087,0.067,27.038,338.975,24.237,-113.188,47.270,12118.464,137865.340,20150906_072949,479170,10,57067,8
21,KTFX20150906_140246_V06,72.037,0.074,152.184,100.523,42.443,-112.382,48.352,21221.624,124137.684,20150906_080246,479173,29,61978,21
2,KTFX20150909_135632_V06,61.815,0.556,313.659,403.995,6.474,-111.295,46.992,3237.144,52444.279,20150909_075632,479170,29,41673,17
1,KTFX20150910_120212_V06,-53.848,0.051,271.269,420.350,8.491,-111.573,46.918,4245.300,61865.925,20150910_060212,479177,30,30225,19
1,KTFX20150913_121206_V06,-47.943,0.057,210.595,195.389,116.503,-111.983,47.929,58251.492,68805.219,20150913_061206,479176,10,46542,6
7,KTFX20150915_133100_V06,28.290,0.073,217.433,201.953,30.803,-111.937,47.899,15401.693,64090.504,20150915_073100,479184,18,193400,10
9,KTFX20150915_133100_V06,28.290,0.065,110.870,113.790,72.739,-112.659,48.290,36369.324,132706.662,20150915_073100,479184,18,193400,10
10,KTFX20150915_133100_V06,28.290,0.059,241.033,141.085,32.187,-111.781,48.174,16093.378,84751.370,20150915_073100,479184,18,193400,10
1,KTFX20150916_123927_V06,-24.594,0.075,30.823,169.749,53.013,-113.189,48.031,26506.260,149516.931,20150916_063927,479166,85,233515,9
2,KTFX20150916_125606_V06,-7.944,0.103,16.637,461.223,25.008,-113.238,46.719,12504.045,163008.693,20150916_065606,479184,197,257724,43
1,KTFX20150920_121525_V06,-53.979,0.103,261.477,367.948,5.309,-111.638,47.154,2654.652,39054.246,20150920_061525,479175,16,51820,11
3,KTFX20150920_131432_V06,5.138,0.087,98.900,155.578,14.981,-112.735,48.101,7490.508,123793.286,20150920_071432,479167,19,30837,13
3,KTFX20150921_123246_V06,-37.970,0.156,216.592,167.015,67.569,-111.944,48.056,33784.378,78488.566,20150921_063246,479177,21,49209,5
3,KTFX20150921_124236_V06,-28.137,0.248,224.268,169.217,80.438,-111.892,48.047,40218.927,75563.690,20150921_064236,479170,26,56270,6
3,KTFX20150921_125226_V06,-18.304,0.255,228.491,178.709,80.728,-111.864,48.004,40363.859,70400.661,20150921_065226,479173,34,55368,22
1,KTFX20150921_121053_V06,-59.854,0.073,418.923,375.219,3.271,-110.601,47.119,1635.532,70357.226,20150921_061053,479174,25,43919,17
1,KTFX20150924_132717_V06,12.511,0.054,265.856,289.374,15.258,-111.611,47.507,7629.034,17879.594,20150924_072717,479174,63,28892,25
1,KTFX20150924_133707_V06,22.345,0.072,264.267,288.160,23.728,-111.622,47.513,11863.912,18821.894,20150924_073707,479171,75,29013,38
1,KTFX20150926_123616_V06,-41.207,0.087,176.514,59.975,2.201,-112.220,48.536,1100.740,134963.640,20150926_063616,479177,15,41297,7
1,KTFX20150926_124606_V06,-31.373,0.090,179.141,61.208,12.202,-112.203,48.531,6101.178,133817.580,20150926_064606,479165,18,53961,16
4,KTFX20150926_131536_V06,-1.873,0.736,13.684,243.574,14.510,-113.292,47.698,7255.043,145911.733,20150926_071536,479177,115,46599,92
4,KTFX20150926_132525_V06,7.943,0.399,22.648,238.568,29.228,-113.233,47.721,14613.882,142036.974,20150926_072525,479178,45,42794,31
6,KTFX20150926_133515_V06,17.777,0.098,182.314,64.239,7.861,-112.181,48.517,3930.643,131750.794,20150926_073515,479176,25,41295,7
6,KTFX20150926_134505_V06,27.610,0.071,186.976,62.748,15.599,-112.149,48.524,7799.377,131399.235,20150926_074505,479172,22,37896,16
2,KTFX20150926_123616_V06,-41.207,0.055,181.465,64.988,6.675,-112.187,48.514,3337.353,131606.360,20150926_063616,479177,15,41297,7
3,KTFX20150926_130546_V06,-11.707,0.153,379.331,340.433,31.171,-110.860,47.277,15585.733,44520.346,20150926_070546,479168,23,53247,17
1,KTFX20150927_131950_V06,1.005,0.050,212.056,262.538,23.639,-111.969,47.627,11819.719,47795.421,20150927_071950,479177,45,61137,34
1,KTFX20150928_125401_V06,-26.169,0.074,230.361,178.991,62.711,-111.851,48.003,31355.730,69808.241,20150928_065401,479175,27,44129,11
1,KTFX20150929_122903_V06,-52.497,0.148,264.943,422.598,3.403,-111.615,46.908,1701.353,63755.919,20150929_062903,479168,16,49991,12
1,KTFX20151001_133800_V06,13.719,0.077,20.596,461.794,28.824,-113.212,46.717,14412.214,161433.942,20151001_073800,479173,52,32268,27
1,KTFX20151001_134749_V06,23.536,0.608,23.438,465.819,36.899,-113.193,46.700,18449.548,161231.700,20151001_074749,479179,24,31360,22
1,KTFX20151001_135740_V06,33.386,0.115,23.869,448.449,32.846,-113.192,46.778,16422.897,156752.250,20151001_075740,479170,44,31876,17
1,KTFX20151001_140732_V06,43.252,-1.000,23.869,448.449,48.534,-113.192,46.778,24266.897,156752.250,20151001_080732,479176,45,30998,23
1,KTFX20151001_141723_V06,53.102,0.055,24.000,433.211,27.073,-113.194,46.846,13536.541,153232.922,20151001_081723,479174,32,30722,12
5,KTFX20151001_143705_V06,72.802,0.076,23.101,211.669,31.253,-113.234,47.842,15626.644,145323.165,20151001_083705,479176,51,35943,29
2,KTFX20151006_133510_V06,3.974,0.138,208.101,260.013,22.015,-111.996,47.638,11007.689,50110.739,20151006_073510,479175,57,24186,34
1,KTFX20151007_123312_V06,-59.389,0.052,419.798,374.751,2.086,-110.595,47.121,1043.081,70603.160,20151007_063312,479174,22,51476,18
3,KTFX20151007_131446_V06,-17.823,0.080,393.795,516.716,20.751,-110.774,46.483,10375.319,118071.502,20151007_071446,479170,39,58319,26
5,KTFX20151007_133428_V06,1.877,0.068,236.338,268.002,22.239,-111.808,47.603,11119.686,35625.327,20151007_073428,479176,38,48445,28
2,KTFX20151009_124823_V06,-47.014,0.091,268.139,418.489,6.636,-111.594,46.927,3318.073,61348.980,20151009_064823,479174,29,51344,13
7,KTFX20151009_133621_V06,0.953,0.356,276.693,390.402,7.911,-111.538,47.053,3955.610,46678.863,20151009_073621,479177,41,53625,17
1,KTFX20151010_133517_V06,-1.526,0.094,231.607,245.646,5.445,-111.840,47.703,2722.525,43680.497,20151010_073517,479174,20,27904,8
2,KTFX20151012_134254_V06,3.253,0.057,299.555,297.125,25.645,-111.387,47.473,12822.277,1454.848,20151012_074254,479172,34,34444,18
2,KTFX20151012_135247_V06,13.136,0.242,302.928,294.766,34.659,-111.365,47.483,17329.266,2998.493,20151012_075247,479177,31,30846,21
1,KTFX20151014_124307_V06,-59.389,0.072,270.675,422.912,5.031,-111.577,46.907,2515.394,63181.132,20151014_064307,479167,37,47475,8
1,KTFX20151016_145650_V06,71.449,0.067,299.687,302.751,17.462,-111.387,47.447,8731.045,1384.320,20151016_085650,479178,37,18740,21
1,KTFX20151016_150641_V06,81.299,0.115,300.801,303.030,24.153,-111.379,47.446,12076.605,1567.184,20151016_090641,479173,33,18205,18
7,KTFX20151020_141616_V06,25.068,0.074,28.915,363.434,55.208,-113.172,47.160,27603.872,139203.711,20151020_081616,479172,39,73290,25
7,KTFX20151020_142041_V06,29.485,-1.000,28.915,363.434,62.230,-113.172,47.160,31115.122,139203.711,20151020_082041,479176,27,71138,18
7,KTFX20151020_142506_V06,33.901,0.060,30.509,373.257,60.875,-113.160,47.116,30437.563,139635.322,20151020_082506,479177,25,72447,13
15,KTFX20151020_145626_V06,65.235,0.057,136.157,114.183,10.284,-112.488,48.290,5142.131,123867.253,20151020_085626,479179,15,89802,8
15,KTFX20151020_150051_V06,69.651,0.081,136.438,115.561,16.432,-112.486,48.284,8215.845,123258.093,20151020_090051,479179,29,91492,13
15,KTFX20151020_150529_V06,74.285,0.053,140.069,120.891,14.633,-112.461,48.260,7316.578,120060.379,20151020_090529,479169,17,94208,8
11,KTFX20151020_144246_V06,51.568,0.051,31.833,400.089,53.452,-113.147,46.996,26726.120,143118.287,20151020_084246,479175,37,79836,9
3,KTFX20151021_141259_V06,20.320,0.068,304.598,299.985,22.525,-111.354,47.460,11262.363,2298.962,20151021_081259,479174,18,24867,6
1,KTFX20151023_130806_V06,-47.505,0.281,406.685,310.612,9.029,-110.678,47.410,4514.275,53605.639,20151023_070806,479176,21,31889,12
1,KTFX20151024_130350_V06,-53.249,0.099,263.456,420.732,2.836,-111.624,46.916,1417.999,63070.591,20151024_070350,479174,33,20637,10
1,KTFX20151026_134455_V06,-15.131,0.074,301.034,302.145,12.123,-111.378,47.450,6061.489,1190.424,20151026_074455,479179,32,31305,11
2,KTFX20151026_145107_V06,51.069,0.063,299.646,300.670,8.939,-111.387,47.457,4469.646,378.826,20151026_085107,479175,28,37616,10
5,KTFX20151029_151525_V06,70.893,0.070,19.428,407.235,29.372,-113.228,46.963,14685.988,150183.286,20151029_091525,479176,58,18085,37
5,KTFX20151029_152517_V06,80.760,0.067,20.734,408.213,37.494,-113.219,46.958,18746.877,149749.523,20151029_092517,479170,33,17925,18
1,KTFX20151030_130923_V06,-56.638,0.631,298.723,301.674,10.041,-111.393,47.452,5020.420,1052.544,20151030_070923,479167,20,13078,5
1,KTFX20151030_131914_V06,-46.788,0.530,297.879,301.878,15.015,-111.399,47.451,7507.305,1416.694,20151030_071914,479176,13,16407,8
1,KTFX20151030_132906_V06,-36.922,0.240,298.422,302.310,11.955,-111.395,47.449,5977.684,1398.721,20151030_072906,479172,12,15519,8
1,KTFX20151030_133857_V06,-27.072,-1.000,298.422,302.310,27.617,-111.395,47.449,13808.434,1398.721,20151030_073857,479177,25,15488,19
1,KTFX20151030_134849_V06,-17.205,0.174,302.225,298.905,17.032,-111.370,47.465,8515.854,1239.878,20151030_074849,479175,17,15709,12
2,KTFX20151030_130923_V06,-56.638,0.075,260.651,364.023,2.122,-111.644,47.171,1060.888,37574.483,20151030_070923,479167,20,13078,5
6,KTFX20151030_143807_V06,32.095,0.343,299.659,301.397,12.189,-111.387,47.453,6094.723,718.999,20151030_083807,479173,21,14700,10
1,KTFX20151031_134127_V06,-26.073,0.078,267.860,394.652,11.832,-111.596,47.034,5915.871,49979.668,20151031_074127,479169,22,90780,15
2,KTFX20151031_141229_V06,4.961,0.076,299.115,301.868,13.294,-111.390,47.451,6647.022,1033.466,20151031_081229,479179,32,107063,12
1,KTFX20151102_144837_V06,38.085,0.072,301.805,298.623,16.940,-111.372,47.466,8469.772,1135.204,20151102_074837,479172,30,15953,15
2,KTFX20151102_151811_V06,67.651,0.185,300.479,295.970,14.215,-111.381,47.478,7107.262,2029.380,20151102_081811,479170,35,16584,20
2,KTFX20151106_132845_V06,-47.818,0.164,300.482,299.812,11.991,-111.381,47.461,5995.415,258.543,20151106_062845,479177,20,22984,11
2,KTFX20151106_133836_V06,-37.968,0.519,300.957,300.067,17.888,-111.378,47.459,8944.165,479.460,20151106_063836,479172,19,22458,7
6,KTFX20151109_145034_V06,29.475,0.340,22.010,414.538,28.283,-113.210,46.930,14141.710,150330.875,20151109_075034,479167,19,72769,9
6,KTFX20151109_145458_V06,33.875,0.250,22.166,413.632,34.120,-113.209,46.934,17060.021,150086.517,20151109_075458,479168,12,72297,11
6,KTFX20151109_145925_V06,38.325,0.102,25.287,412.613,37.229,-113.189,46.939,18614.727,148449.391,20151109_075925,479182,22,74103,10
2,KTFX20151109_142827_V06,7.358,0.162,25.386,454.773,33.953,-113.182,46.749,16976.471,157613.322,20151109_072827,479183,18,68878,13
2,KTFX20151109_143251_V06,11.758,0.354,25.441,454.453,39.122,-113.181,46.751,19560.857,157510.811,20151109_073251,479176,38,67616,15
2,KTFX20151109_143718_V06,16.208,0.253,25.169,451.437,35.039,-113.183,46.764,17519.608,156895.833,20151109_073718,479184,36,72081,19
2,KTFX20151109_144142_V06,20.608,0.052,25.517,451.012,41.012,-113.181,46.766,20506.162,156640.852,20151109_074142,479180,19,68833,14
2,KTFX20151109_144607_V06,25.025,0.139,21.853,432.316,36.156,-113.208,46.850,18077.896,154007.734,20151109_074607,479185,22,71868,12
5,KTFX20151113_133844_V06,-48.351,0.286,299.715,300.917,8.174,-111.386,47.456,4087.154,480.000,20151113_063844,479172,17,12971,10
5,KTFX20151113_134833_V06,-38.535,0.171,300.216,300.904,16.060,-111.383,47.456,8030.211,464.519,20151113_064833,479175,13,12179,11
5,KTFX20151113_135822_V06,-28.718,-1.000,300.687,300.891,24.399,-111.380,47.456,12199.582,562.647,20151113_065822,479172,19,12120,11
5,KTFX20151113_140811_V06,-18.901,0.131,299.464,302.815,7.659,-111.388,47.447,3829.582,1432.850,20151113_070811,479168,24,11454,20
5,KTFX20151113_141800_V06,-9.085,0.341,299.942,302.682,14.813,-111.385,47.448,7406.415,1341.301,20151113_071800,479172,15,12548,10
5,KTFX20151113_142750_V06,0.749,0.328,300.204,302.232,10.507,-111.383,47.450,5253.540,1120.819,20151113_072750,479174,21,12937,14
5,KTFX20151113_143740_V06,10.582,0.055,300.323,302.549,18.689,-111.382,47.448,9344.325,1284.520,20151113_073740,479169,38,12240,30
5,KTFX20151113_144730_V06,20.415,-1.000,300.435,302.847,27.306,-111.382,47.447,13652.846,1439.758,20151113_074730,479170,25,12864,16
5,KTFX20151113_145718_V06,30.215,0.074,300.084,302.992,9.320,-111.384,47.446,4660.107,1496.345,20151113_075718,479173,26,12461,15
1,KTFX20151113_132854_V06,-58.185,0.106,299.468,301.650,9.242,-111.388,47.452,4621.193,866.774,20151113_062854,479172,18,13831,7
2,KTFX20151113_132854_V06,-58.185,0.066,342.669,518.680,25.727,-111.107,46.476,12863.253,111402.088,20151113_062854,479172,18,13831,7
3,KTFX20151113_132854_V06,-58.185,0.065,260.411,366.016,2.842,-111.645,47.163,1421.236,38488.540,20151113_062854,479172,18,13831,7
6,KTFX20151113_135822_V06,-28.718,0.316,19.809,222.604,19.487,-113.254,47.793,9743.309,145341.897,20151113_065822,479172,19,12120,11
7,KTFX20151113_135822_V06,-28.718,0.106,299.272,301.982,9.215,-111.389,47.451,4607.311,1055.588,20151113_065822,479172,19,12120,11
9,KTFX20151113_141800_V06,-9.085,0.082,24.930,435.013,40.348,-113.187,46.838,20173.992,153208.797,20151113_071800,479172,15,12548,10
11,KTFX20151113_142750_V06,0.749,0.068,17.859,243.400,16.131,-113.264,47.699,8065.580,143881.063,20151113_072750,479174,21,12937,14
3,KTFX20151114_134353_V06,-44.688,0.081,54.305,209.024,67.363,-113.026,47.857,33681.641,130998.618,20151114_064353,479174,11,15363,8
3,KTFX20151114_135345_V06,-34.821,0.063,55.867,208.781,77.875,-113.016,47.858,38937.484,130308.987,20151114_065345,479171,12,13421,5
7,KTFX20151114_152229_V06,53.912,0.064,300.367,302.772,16.175,-111.382,47.447,8087.639,1397.826,20151114_082229,479182,8,19193,4
7,KTFX20151114_153220_V06,63.762,0.100,300.216,301.997,24.371,-111.383,47.451,12185.548,1004.247,20151114_083220,479174,16,18642,13
2,KTFX20151114_133402_V06,-54.538,0.052,269.365,421.796,8.183,-111.586,46.912,4091.600,62795.038,20151114_063402,479176,10,16029,9
1,KTFX20151115_133922_V06,-50.684,0.063,262.405,364.298,2.085,-111.632,47.170,1042.681,37241.267,20151115_063922,479169,18,24302,7
4,KTFX20151117_154739_V06,74.664,0.438,300.541,300.665,7.078,-111.381,47.457,3538.849,428.520,20151117_084739,479176,25,8510,14
4,KTFX20151119_150719_V06,31.434,0.068,300.433,299.429,19.715,-111.382,47.462,9857.731,358.441,20151119_080719,479175,27,26443,12
3,KTFX20151122_144436_V06,4.460,0.205,34.280,65.023,43.642,-113.182,48.502,21821.018,177356.545,20151122_074436,479172,19,24506,9
3,KTFX20151122_145427_V06,14.310,0.100,36.094,72.260,54.453,-113.169,48.470,27226.572,174292.792,20151122_075427,479169,17,25087,10
2,KTFX20151122_140512_V06,-34.940,0.067,301.159,298.701,27.923,-111.377,47.466,13961.308,870.714,20151122_070512,479180,17,21928,13
3,KTFX20151124_145105_V06,8.176,0.061,39.294,135.237,50.610,-113.138,48.187,25305.176,154203.167,20151124_075105,479178,18,52334,12
3,KTFX20151124_150057_V06,18.043,0.057,42.806,132.133,58.383,-113.115,48.202,29191.517,153564.231,20151124_080057,479178,19,60353,12
4,KTFX20151124_152741_V06,44.776,0.072,23.784,141.276,32.294,-113.241,48.159,16147.120,159286.273,20151124_082741,479184,42,85269,25
5,KTFX20151124_153221_V06,49.443,0.051,409.947,302.744,19.047,-110.656,47.445,9523.376,54990.858,20151124_083221,479172,20,96036,11
5,KTFX20151125_155034_V06,66.300,0.054,192.211,352.811,33.213,-112.096,47.220,16606.625,60015.693,20151125_085034,479167,34,71945,28
1,KTFX20151127_134947_V06,-57.149,0.221,402.936,309.835,10.782,-110.702,47.413,5390.831,51702.482,20151127_064947,479175,8,16755,3
1,KTFX20151127_135939_V06,-47.282,0.252,405.526,307.948,20.579,-110.685,47.422,10289.371,52912.388,20151127_065939,479171,8,17784,4
5,KTFX20151127_155800_V06,71.068,0.065,405.383,309.086,9.115,-110.686,47.417,4557.602,52887.111,20151127_085800,479172,18,16567,10
5,KTFX20151127_160752_V06,80.935,0.074,406.016,310.841,20.614,-110.682,47.409,10307.169,53284.220,20151127_090752,479172,23,14262,14
3,KTFX20151127_144858_V06,2.035,0.187,406.347,309.450,16.467,-110.680,47.415,8233.528,53383.233,20151127_074858,479172,7,18201,4
3,KTFX20151127_145850_V06,11.901,-1.000,406.347,309.450,32.155,-110.680,47.415,16077.528,53383.233,20151127_075850,479172,13,16453,5
3,KTFX20151127_150840_V06,21.735,0.123,402.063,308.581,9.695,-110.708,47.419,4847.351,51211.343,20151127_080840,479173,25,16920,18
2,KTFX20151128_135548_V06,-52.436,0.177,402.131,306.697,8.631,-110.708,47.428,4315.620,51175.376,20151128_065548,479178,16,13229,13
4,KTFX20151128_141530_V06,-32.736,0.093,298.271,302.900,17.717,-111.396,47.447,8858.562,1688.301,20151128_071530,479184,26,15725,16
8,KTFX20151128_153424_V06,46.164,0.072,405.744,308.203,10.351,-110.684,47.421,5175.579,53031.028,20151128_083424,479173,40,13545,16
2,KTFX20151129_140144_V06,-47.786,0.090,103.515,220.674,5.336,-112.696,47.809,2668.098,105947.029,20151129_070144,479174,17,13104,7
4,KTFX20151129_152038_V06,31.114,0.147,300.254,295.357,10.099,-111.383,47.481,5049.549,2324.956,20151129_082038,479171,13,10627,11
1,KTFX20151201_135340_V06,-58.353,0.147,399.871,307.781,5.031,-110.723,47.423,2515.476,50086.862,20151201_065340,479171,22,21882,9
1,KTFX20151202_135805_V06,-55.151,0.099,410.360,325.452,4.993,-110.654,47.343,2496.422,56628.428,20151202_065805,479169,8,21115,7
2,KTFX20151202_135805_V06,-55.151,0.064,102.111,278.805,8.370,-112.699,47.548,4185.165,99510.343,20151202_065805,479169,8,21115,7
1,KTFX20151203_135947_V06,-54.640,0.112,264.847,421.304,5.234,-111.615,46.914,2617.039,63147.475,20151203_065947,479173,10,17157,6
1,KTFX20151203_140939_V06,-44.774,0.108,264.723,421.377,12.454,-111.616,46.914,6226.758,63199.907,20151203_070939,479178,47,17498,26
2,KTFX20151203_135947_V06,-54.640,0.060,412.480,327.111,2.464,-110.640,47.335,1231.838,57850.439,20151203_065947,479173,10,17157,6
4,KTFX20151203_140939_V06,-44.774,0.300,298.375,305.729,19.301,-111.395,47.434,9650.303,2977.265,20151203_070939,479178,47,17498,26
3,KTFX20151204_161827_V06,82.863,0.213,18.150,243.092,21.462,-113.262,47.700,10731.092,143768.840,20151204_091827,479173,32,33364,14
3,KTFX20151204_162244_V06,87.147,0.474,20.099,241.944,27.373,-113.249,47.706,13686.515,142929.400,20151204_092244,479173,43,33667,10
1,KTFX20151204_141958_V06,-35.620,0.052,408.687,309.322,19.923,-110.664,47.416,9961.514,54542.911,20151204_071958,479175,19,26657,13
2,KTFX20151204_145944_V06,4.147,0.134,411.414,303.506,21.507,-110.646,47.442,10753.525,55734.521,20151204_075944,479172,18,26036,12
1,KTFX20151205_135923_V06,-57.339,0.092,297.592,301.717,11.715,-111.400,47.452,5857.677,1478.633,20151205_065923,479176,11,12745,11
1,KTFX20151205_140915_V06,-47.472,0.304,297.715,300.390,18.628,-111.400,47.458,9314.212,1158.880,20151205_070915,479172,11,12104,7
2,KTFX20151205_143849_V06,-17.906,0.051,298.181,301.738,10.454,-111.397,47.452,5226.887,1258.020,20151205_073849,479170,24,10286,12
1,KTFX20151206_143429_V06,-23.346,0.517,27.484,371.688,44.958,-113.180,47.123,22479.046,140893.930,20151206_073429,479176,8,17914,5
1,KTFX20151206_144420_V06,-13.496,0.104,34.989,368.437,60.856,-113.131,47.139,30428.155,136852.529,20151206_074420,479175,14,16682,13
1,KTFX20151206_145411_V06,-3.646,0.197,41.365,360.648,66.490,-113.090,47.174,33244.763,132825.155,20151206_075411,479168,36,16412,29
4,KTFX20151207_142340_V06,-35.239,0.065,27.634,196.163,58.427,-113.206,47.912,29213.261,145744.136,20151207_072340,479174,14,24805,11
4,KTFX20151207_143331_V06,-25.389,0.100,34.673,197.652,75.607,-113.159,47.906,37803.507,142191.342,20151207_073331,479173,30,26325,16
4,KTFX20151207_144323_V06,-15.522,0.086,33.486,196.932,63.875,-113.167,47.909,31937.510,142874.748,20151207_074323,479168,27,28723,13
4,KTFX20151207_145313_V06,-5.689,0.102,36.141,193.105,68.791,-113.150,47.927,34395.547,142344.586,20151207_075313,479174,28,28306,19
4,KTFX20151207_150303_V06,4.144,0.067,38.540,202.353,56.504,-113.133,47.886,28251.831,139549.258,20151207_080303,479176,23,28378,17
8,KTFX20151207_155216_V06,53.361,0.096,44.654,234.468,61.123,-113.087,47.742,30561.632,131810.380,20151207_085216,479177,35,28883,23
8,KTFX20151207_160207_V06,63.211,0.098,42.971,242.415,70.500,-113.097,47.706,35250.010,131700.126,20151207_090207,479168,20,29133,11
1,KTFX20151207_140133_V06,-57.356,0.371,297.885,302.144,10.374,-111.398,47.450,5186.821,1505.615,20151207_070133,479173,20,25376,11
2,KTFX20151207_140133_V06,-57.356,0.106,264.478,422.863,3.368,-111.618,46.907,1683.924,63947.393,20151207_070133,479173,20,25376,11
7,KTFX20151207_153235_V06,33.678,0.148,31.744,219.846,57.136,-113.175,47.806,28568.207,139987.332,20151207_083235,479179,35,26658,25
3,KTFX20151208_150550_V06,5.882,0.118,164.157,282.035,6.394,-112.287,47.537,3197.001,68512.781,20151208_080550,479172,25,11937,13
4,KTFX20151208_161450_V06,74.882,0.233,299.471,302.940,12.304,-111.388,47.446,6151.817,1493.569,20151208_091450,479174,22,16351,13
7,KTFX20151209_155225_V06,51.452,0.378,16.617,439.887,24.486,-113.241,46.815,12243.186,158014.400,20151209_085225,479162,26,42221,10
7,KTFX20151209_155636_V06,55.635,0.425,17.608,439.313,30.425,-113.235,46.818,15212.393,157442.929,20151209_085636,479186,16,42548,14
7,KTFX20151209_160047_V06,59.819,0.288,23.824,440.014,36.785,-113.194,46.816,18392.514,154820.087,20151209_090047,479179,10,43590,4
7,KTFX20151209_160457_V06,63.985,0.073,35.853,440.060,46.700,-113.115,46.817,23349.928,149491.163,20151209_090457,479189,14,44697,9
1,KTFX20151209_140828_V06,-52.498,0.054,22.666,488.210,24.499,-113.194,46.599,12249.447,167583.601,20151209_070828,479181,41,54288,19
1,KTFX20151209_141232_V06,-48.431,0.208,23.411,487.266,31.933,-113.190,46.603,15966.351,167010.572,20151209_071232,479182,30,55178,13
1,KTFX20151209_141637_V06,-44.348,0.234,22.988,466.187,28.253,-113.195,46.698,14126.278,161519.135,20151209_071637,479170,15,54873,10
6,KTFX20151209_144146_V06,-19.198,0.079,27.781,371.472,32.526,-113.178,47.124,16263.222,140722.556,20151209_074146,479168,22,48814,14
8,KTFX20151209_160047_V06,59.819,0.059,298.862,300.518,13.133,-111.392,47.457,6566.628,625.041,20151209_090047,479179,10,43590,4
1,KTFX20151210_145415_V06,-7.695,0.070,30.144,514.769,41.125,-113.142,46.480,20562.689,172444.242,20151210_075415,479179,11,16957,5
2,KTFX20151210_152349_V06,21.872,0.055,51.682,506.159,58.521,-113.003,46.521,29260.395,161371.971,20151210_082349,479171,28,28154,17
3,KTFX20151210_160919_V06,67.372,0.168,408.004,307.435,17.174,-110.669,47.424,8586.826,54129.696,20151210_090919,479167,44,51820,17
1,KTFX20151211_140522_V06,-57.523,0.699,299.906,303.147,13.387,-111.385,47.446,6693.371,1574.208,20151211_070522,479166,20,36576,9
1,KTFX20151211_141513_V06,-47.673,0.369,299.594,302.626,19.642,-111.387,47.448,9820.965,1328.395,20151211_071513,479172,23,35199,15
1,KTFX20151211_142506_V06,-37.790,0.091,299.925,302.314,14.717,-111.385,47.449,7358.383,1157.645,20151211_072506,479173,24,31357,19
7,KTFX20151211_152417_V06,21.394,0.086,300.600,302.314,12.264,-111.380,47.449,6132.236,1195.320,20151211_082417,479176,41,20956,18
8,KTFX20151211_154359_V06,41.094,0.242,218.777,23.737,11.596,-111.936,48.701,5798.111,143977.666,20151211_084359,479173,18,20273,5
1,KTFX20151212_142134_V06,-42.233,0.098,96.563,192.549,8.004,-112.746,47.935,4001.970,115035.104,20151212_072134,479179,14,9053,3
1,KTFX20151213_141246_V06,-51.905,0.177,161.857,276.609,4.898,-112.302,47.561,2449.078,70054.870,20151213_071246,479175,10,49861,8
3,KTFX20151213_143453_V06,-29.789,0.059,410.843,309.668,21.442,-110.650,47.414,10721.058,55631.880,20151213_073453,479173,20,47772,17
5,KTFX20151213_150548_V06,1.128,0.125,298.554,301.508,10.458,-111.394,47.453,5229.191,1044.720,20151213_080548,479182,7,47116,6
6,KTFX20151213_153645_V06,32.078,0.165,27.541,109.469,28.300,-113.221,48.302,14150.217,166234.525,20151213_083645,479170,16,44305,9
7,KTFX20151213_162946_V06,85.095,0.086,76.803,429.427,80.220,-112.848,46.868,40109.947,129003.956,20151213_092946,479175,38,28004,8
8,KTFX20151213_162946_V06,85.095,0.066,38.361,155.615,41.219,-113.141,48.096,20609.413,149416.925,20151213_092946,479175,38,28004,8
8,KTFX20151216_145738_V06,-9.426,0.062,27.467,391.139,31.851,-113.177,47.036,15925.310,143684.281,20151216_075738,479168,18,191746,10
2,KTFX20151218_161928_V06,71.019,0.193,43.647,194.788,62.143,-113.100,47.920,31071.716,138551.840,20151218_091928,479174,36,47121,21
2,KTFX20151218_162920_V06,80.886,0.065,47.779,190.980,71.647,-113.072,47.938,35823.555,137387.186,20151218_092920,479177,18,41931,5
2,KTFX20151219_143105_V06,-37.995,0.066,50.285,240.381,78.099,-113.049,47.716,39049.431,128366.711,20151219_073105,479177,10,146879,6
3,KTFX20151219_151948_V06,10.722,0.051,37.068,384.629,39.661,-113.115,47.066,19830.460,138107.821,20151219_081948,479178,24,119684,8
6,KTFX20151219_161311_V06,64.105,0.166,243.654,275.403,9.366,-111.759,47.570,4683.245,30740.211,20151219_091311,479172,14,78208,6
1,KTFX20151220_141244_V06,-56.932,0.106,218.392,383.052,2.629,-111.922,47.085,1314.560,58218.253,20151220_071244,479167,7,10358,6
2,KTFX20151220_143227_V06,-37.216,0.063,301.544,300.197,16.923,-111.374,47.459,8461.319,778.244,20151220_073227,479172,8,11976,3
3,KTFX20151224_151426_V06,2.863,0.143,402.768,296.672,22.890,-110.703,47.473,11445.015,51410.717,20151224_081426,479177,20,96696,20
4,KTFX20151224_151426_V06,2.863,0.087,296.609,401.512,18.208,-111.407,47.003,9103.762,50784.393,20151224_081426,479177,20,96696,20
7,KTFX20151224_155357_V06,42.379,0.116,196.991,233.361,7.666,-112.071,47.757,3832.769,61342.647,20151224_085357,479178,30,110290,16
5,KTFX20151229_153601_V06,23.097,0.053,378.575,277.659,1.864,-110.862,47.559,932.240,40844.559,20151229_083601,479171,16,215447,16
5,KTFX20151229_154555_V06,32.997,0.096,378.484,277.555,10.723,-110.863,47.559,5361.444,40814.902,20151229_084555,479174,28,212093,14
1,KTFX20151229_141654_V06,-56.019,0.098,410.910,327.332,5.738,-110.651,47.334,2868.916,57114.116,20151229_071654,479175,28,232825,16
2,KTFX20151230_160853_V06,55.835,0.078,459.238,217.097,10.496,-110.321,47.828,5247.829,89763.077,20151230_090853,479180,10,41687,6
