track_id,filename,from_sunrise,det_score,x,y,r,lon,lat,radius,geo_dist,local_time
2,KCCX19980604_090057,-40.367,0.114,284.487,284.003,14.953,-78.096,40.995,7476.608,11142.043,19980604_050057
2,KCCX19980604_091045,-30.567,0.804,283.515,282.570,19.585,-78.102,41.001,9792.744,11995.360,19980604_051045
2,KCCX19980604_092033,-20.767,0.372,285.542,286.248,21.129,-78.090,40.985,10564.259,9976.773,19980604_052033
2,KCCX19980604_093020,-10.983,-1.000,287.364,289.573,22.926,-78.079,40.970,11462.907,8191.206,19980604_053020
2,KCCX19980604_094008,-1.183,-1.000,289.189,292.904,24.726,-78.068,40.955,12363.086,6465.853,19980604_054008
2,KCCX19980604_095026,9.117,-1.000,291.107,296.405,26.618,-78.057,40.939,13309.193,4796.116,19980604_055026
2,KCCX19980604_100013,18.900,0.054,294.416,298.014,33.927,-78.037,40.932,16963.707,2963.257,19980604_060013
1,KCCX19980604_085109,-50.167,0.099,389.134,297.080,8.936,-77.475,40.935,4468.113,44590.818,19980604_045109
4,KCCX19980604_095026,9.117,0.082,230.567,535.416,21.212,-78.410,39.862,10606.170,122720.602,19980604_055026
5,KCCX19980604_101001,28.700,0.054,335.642,317.161,20.917,-77.793,40.846,10458.267,19779.088,19980604_061001
2,KCCX19980605_094332,2.545,0.164,303.310,302.047,21.735,-77.984,40.914,10867.680,1945.895,19980605_054332
2,KCCX19980605_095320,12.345,0.117,304.716,302.260,30.862,-77.976,40.913,15430.848,2614.967,19980605_055320
1,KCCX19980605_091340,-27.321,0.219,298.836,295.617,23.245,-78.011,40.943,11622.299,2267.430,19980605_051340
5,KCCX19980619_100450,24.954,0.088,177.351,329.493,8.823,-78.730,40.788,4411.491,63072.487,19980619_060450
5,KCCX19980619_101042,30.821,0.077,175.673,330.343,17.632,-78.740,40.784,8816.222,63988.012,19980619_061042
7,KCCX19980619_102307,43.238,0.374,225.064,375.761,14.515,-78.446,40.581,7257.732,53280.059,19980619_062307
7,KCCX19980619_102859,49.104,0.469,223.688,377.118,22.234,-78.455,40.575,11116.808,54246.478,19980619_062859
1,KCCX19980619_085344,-46.146,0.247,348.765,418.420,33.271,-77.717,40.390,16635.695,64033.852,19980619_045344
2,KCCX19980619_094107,1.238,0.118,154.948,379.993,8.380,-78.860,40.560,4190.241,82823.383,19980619_054107
4,KCCX19980619_094659,7.104,0.061,133.779,255.309,17.182,-78.994,41.120,8590.959,86062.264,19980619_054659
6,KCCX19980619_101042,30.821,0.086,212.878,365.840,10.136,-78.519,40.625,5067.770,54601.127,19980619_061042
8,KCCX19980619_110032,80.654,0.059,155.825,345.991,21.024,-78.857,40.713,10512.230,75666.472,19980619_070032
1,KCCX19980621_092932,-10.710,0.055,356.071,391.042,37.029,-77.673,40.513,18514.318,53461.602,19980621_052932
1,KCCX19980622_085058,-49.505,0.171,61.238,282.834,33.819,-79.423,40.992,16909.307,119689.051,19980622_045058
1,KCCX19980622_085657,-43.522,0.080,61.519,283.119,40.160,-79.421,40.990,20080.224,119538.749,19980622_045657
2,KCCX19980623_110452,84.135,0.726,401.618,322.577,10.862,-77.402,40.820,5430.836,52047.665,19980623_070452
2,KCCX19980623_111003,89.319,0.629,401.964,324.515,15.086,-77.400,40.811,7542.956,52434.748,19980623_071003
1,KCCX19980623_104410,63.435,0.095,381.289,289.337,13.625,-77.521,40.970,6812.256,40992.822,19980623_064410
6,KCCX19980624_093730,-3.520,0.147,199.419,339.534,11.004,-78.599,40.744,5501.986,54035.852,19980624_053730
6,KCCX19980624_094234,1.546,0.106,198.286,339.987,17.246,-78.606,40.741,8622.857,54645.704,19980624_054234
6,KCCX19980624_094737,6.596,0.059,196.530,340.506,18.274,-78.616,40.739,9136.975,55558.154,19980624_054737
1,KCCX19980624_084622,-54.654,0.170,197.037,341.910,9.080,-78.613,40.733,4539.778,55582.771,19980624_044622
5,KCCX19980624_085133,-49.470,0.056,229.114,373.124,5.104,-78.423,40.593,2551.910,50921.126,19980624_045133
7,KCCX19980624_095248,11.780,0.138,220.831,363.716,2.896,-78.472,40.635,1447.798,50812.081,19980624_055248
1,KCCX19980625_093355,-7.422,0.424,377.365,103.214,10.458,-77.538,41.808,5228.775,105723.893,19980625_053355
1,KCCX19980625_093953,-1.456,0.472,379.370,103.637,18.336,-77.526,41.806,9167.990,105898.542,19980625_053953
1,KCCX19980625_094551,4.511,0.228,387.917,107.869,21.954,-77.475,41.787,10976.969,105645.319,19980625_054551
1,KCCX19980625_095149,10.478,-1.000,395.231,111.403,26.383,-77.431,41.771,13191.387,105638.534,19980625_055149
1,KCCX19980625_095741,16.344,0.090,399.057,107.625,29.706,-77.408,41.788,14852.841,108190.383,19980625_055741
3,KCCX19980627_085809,-43.912,0.058,375.934,332.012,8.488,-77.554,40.778,4243.835,41203.030,19980627_045809
3,KCCX19980627_090359,-38.078,0.071,375.499,331.741,15.044,-77.557,40.779,7521.964,40949.786,19980627_050359
1,KCCX19980627_084631,-55.545,0.485,378.457,334.893,9.771,-77.539,40.765,4885.715,42933.279,19980627_044631
4,KCCX19980627_085809,-43.912,0.052,347.925,409.033,30.363,-77.721,40.432,15181.688,59550.466,19980627_045809
5,KCCX19980627_090359,-38.078,0.058,182.786,353.565,17.577,-78.697,40.680,8788.626,64436.547,19980627_050359
6,KCCX19980627_092143,-20.345,0.063,344.631,407.660,30.380,-77.741,40.438,15190.086,58272.097,19980627_052143
6,KCCX19980627_092740,-14.395,0.240,333.441,408.464,24.645,-77.807,40.435,12322.622,56751.087,19980627_052740
8,KCCX19980627_092740,-14.395,0.087,375.054,330.626,8.820,-77.559,40.784,4409.939,40531.223,19980627_052740
9,KCCX19980627_094519,3.255,0.079,394.183,292.431,16.098,-77.445,40.956,8048.836,47243.324,19980627_054519
10,KCCX19980627_110248,80.738,0.091,218.873,271.275,12.675,-78.486,41.051,6337.471,43031.115,19980627_070248
3,KCCX19980629_085044,-52.162,0.068,23.407,410.715,29.120,-79.633,40.413,14559.839,148964.062,19980629_045044
3,KCCX19980629_085633,-46.345,0.181,24.401,412.012,37.189,-79.627,40.407,18594.714,148746.272,19980629_045633
3,KCCX19980629_090230,-40.395,0.171,30.761,417.954,36.903,-79.589,40.381,18451.506,146971.793,19980629_050230
6,KCCX19980629_093741,-5.212,0.119,423.021,467.887,14.763,-77.282,40.165,7381.614,104067.500,19980629_053741
6,KCCX19980629_094338,0.738,0.855,428.321,467.449,23.755,-77.251,40.167,11877.585,105481.682,19980629_054338
6,KCCX19980629_094935,6.688,0.631,435.329,469.529,25.685,-77.210,40.157,12842.683,108459.782,19980629_054935
1,KCCX19980629_084446,-58.128,0.132,388.610,266.270,8.903,-77.477,41.074,4451.653,47406.396,19980629_044446
1,KCCX19980629_085044,-52.162,0.514,390.863,267.297,14.296,-77.463,41.069,7147.869,48284.670,19980629_045044
4,KCCX19980629_090230,-40.395,0.386,382.709,429.326,16.246,-77.517,40.340,8122.957,76756.096,19980629_050230
7,KCCX19980629_095526,12.538,0.121,376.568,237.818,8.623,-77.547,41.202,4311.607,49318.505,19980629_055526
9,KCCX19980629_101302,30.138,0.132,321.357,76.108,21.150,-77.875,41.931,10574.856,112454.098,19980629_061302
10,KCCX19980629_104846,65.872,0.114,328.824,313.319,12.869,-77.833,40.863,6434.734,15876.289,19980629_064846
2,KCCX19980630_092639,-16.702,0.075,135.079,353.532,18.697,-78.979,40.678,9348.586,86695.954,19980630_052639
2,KCCX19980630_093231,-10.835,0.180,139.275,351.659,25.134,-78.955,40.687,12566.960,84411.335,19980630_053231
2,KCCX19980630_093820,-5.018,0.468,148.761,347.276,24.248,-78.899,40.707,12124.006,79228.120,19980630_053820
2,KCCX19980630_094409,0.798,0.488,157.945,341.834,23.541,-78.845,40.732,11770.259,74043.680,19980630_054409
2,KCCX19980630_094958,6.615,0.114,164.298,338.472,24.147,-78.807,40.747,12073.652,70525.007,19980630_054958
2,KCCX19980630_095551,12.498,0.247,168.132,338.496,29.053,-78.785,40.747,14526.493,68686.288,19980630_055551
2,KCCX19980630_100149,18.465,-1.000,173.017,337.339,32.634,-78.756,40.752,16316.775,66179.416,19980630_060149
2,KCCX19980630_100738,24.282,0.069,179.010,323.830,31.521,-78.721,40.814,15760.621,61657.413,19980630_060738
8,KCCX19980630_103656,53.582,0.145,23.862,199.209,20.338,-79.654,41.365,10168.844,146978.584,19980630_063656
8,KCCX19980630_104254,59.548,0.311,25.628,194.402,30.934,-79.644,41.387,15467.099,146995.600,19980630_064254
8,KCCX19980630_104851,65.498,-1.000,27.135,190.299,41.342,-79.636,41.405,20670.766,147045.388,19980630_064851
8,KCCX19980630_105449,71.465,-1.000,28.647,186.185,51.778,-79.627,41.424,25889.010,147127.897,19980630_065449
8,KCCX19980630_110047,77.432,-1.000,30.158,182.071,62.215,-79.618,41.443,31107.254,147242.976,19980630_070047
8,KCCX19980630_110636,83.248,0.050,43.588,170.324,65.371,-79.539,41.497,32685.553,143668.645,19980630_070636
8,KCCX19980630_111225,89.065,0.051,37.957,176.923,65.375,-79.572,41.467,32687.444,144753.580,19980630_071225
3,KCCX19980630_094958,6.615,0.057,332.371,394.581,31.407,-77.813,40.497,15703.566,49983.775,19980630_054958
3,KCCX19980630_095551,12.498,0.074,338.613,393.957,37.062,-77.776,40.500,18531.055,50791.142,19980630_055551
6,KCCX19980630_102515,41.898,0.206,315.062,226.411,22.549,-77.914,41.254,11274.387,37557.181,19980630_062515
6,KCCX19980630_103106,47.748,0.285,320.263,225.161,28.918,-77.883,41.260,14458.999,38766.662,19980630_063106
6,KCCX19980630_103656,53.582,0.143,334.879,221.570,25.422,-77.796,41.276,12710.999,42917.912,19980630_063656
1,KCCX19980630_084515,-58.102,0.066,159.581,273.846,13.226,-78.839,41.038,6612.980,71416.786,19980630_044515
4,KCCX19980630_100738,24.282,0.149,79.684,233.729,32.790,-79.317,41.214,16395.008,115033.533,19980630_060738
7,KCCX19980630_103106,47.748,0.092,177.248,331.335,26.581,-78.731,40.780,13290.434,63344.291,19980630_063106
10,KCCX19980630_110636,83.248,0.104,420.838,339.242,13.339,-77.289,40.744,6669.731,63525.044,19980630_070636
1,KCCX19980701_084402,-59.801,0.199,389.371,293.261,9.534,-77.473,40.952,4767.067,44812.374,19980701_044402
1,KCCX19980701_085000,-53.834,0.879,388.933,295.356,12.635,-77.476,40.943,6317.599,44526.909,19980701_045000
3,KCCX19980701_100041,16.849,0.102,396.245,291.806,15.840,-77.432,40.959,7920.181,48296.748,19980701_060041
4,KCCX19980701_101816,34.433,0.841,389.406,294.879,11.133,-77.473,40.945,5566.254,44776.230,19980701_061816
4,KCCX19980701_102414,40.399,-1.000,389.406,294.879,20.620,-77.473,40.945,10309.754,44776.230,19980701_062414
4,KCCX19980701_103003,46.216,0.174,390.787,293.855,11.373,-77.465,40.949,5686.260,45497.417,19980701_063003
1,KCCX19980702_102054,36.558,0.071,181.770,135.926,14.558,-78.714,41.660,7278.898,101117.133,19980702_062054
1,KCCX19980703_095013,5.343,0.067,360.486,416.692,31.704,-77.648,40.397,15851.887,65718.341,19980703_055013
2,KCCX19980703_101004,25.193,0.060,92.825,424.428,7.979,-79.223,40.356,3989.715,120834.249,19980703_061004
1,KCCX19980704_091943,-25.713,0.332,331.365,14.700,22.199,-77.814,42.207,11099.743,143509.235,19980704_051943
1,KCCX19980704_092941,-15.747,0.088,334.440,15.147,30.058,-77.795,42.205,15028.971,143463.555,19980704_052941
2,KCCX19980704_094926,4.003,0.085,355.456,421.912,28.520,-77.677,40.374,14259.823,66966.461,19980704_054926
14,KCCX19980708_103122,43.486,0.052,413.944,335.443,27.899,-77.329,40.762,13949.306,59664.330,19980708_063122
14,KCCX19980708_103711,49.303,0.166,408.867,332.203,34.256,-77.359,40.776,17128.104,56764.858,19980708_063711
14,KCCX19980708_104303,55.169,0.282,409.031,323.873,32.999,-77.358,40.814,16499.350,55806.965,19980708_064303
14,KCCX19980708_104852,60.986,0.406,417.400,316.186,31.871,-77.308,40.848,15935.737,59255.476,19980708_064852
14,KCCX19980708_105441,66.803,0.118,430.014,315.873,35.368,-77.233,40.849,17683.850,65489.648,19980708_065441
12,KCCX19980708_102531,37.636,0.118,34.581,214.465,34.928,-79.588,41.297,17463.772,139430.547,19980708_062531
12,KCCX19980708_103122,43.486,-1.000,34.581,214.465,44.229,-79.588,41.297,22114.522,139430.547,19980708_063122
12,KCCX19980708_103711,49.303,-1.000,34.581,214.465,53.478,-79.588,41.297,26738.772,139430.547,19980708_063711
12,KCCX19980708_104303,55.169,0.262,50.751,199.163,51.250,-79.493,41.367,25624.945,134437.157,19980708_064303
12,KCCX19980708_104852,60.986,0.162,61.794,197.380,51.538,-79.428,41.376,25768.802,129685.398,19980708_064852
12,KCCX19980708_105441,66.803,0.146,71.257,193.545,52.610,-79.371,41.394,26305.040,126150.670,19980708_065441
8,KCCX19980708_100203,14.169,0.133,303.446,431.210,20.805,-77.984,40.332,10402.534,65627.393,19980708_060203
8,KCCX19980708_100752,19.986,0.195,302.528,432.021,27.565,-77.989,40.329,13782.717,66022.353,19980708_060752
9,KCCX19980708_101344,25.853,0.343,292.256,219.185,26.180,-78.050,41.287,13089.958,40592.571,19980708_061344
9,KCCX19980708_101933,31.669,0.126,296.424,219.323,34.915,-78.025,41.286,17457.725,40377.877,19980708_061933
1,KCCX19980708_085734,-50.314,0.075,496.287,120.902,42.415,-76.824,41.723,21207.642,132857.988,19980708_045734
2,KCCX19980708_085734,-50.314,0.072,258.069,290.395,26.906,-78.253,40.966,13452.969,21508.395,19980708_045734
3,KCCX19980708_085734,-50.314,0.066,376.721,377.998,6.848,-77.551,40.571,3423.773,54703.290,19980708_045734
4,KCCX19980708_092648,-21.081,0.197,433.452,301.028,16.090,-77.212,40.916,8045.197,66727.840,19980708_052648
5,KCCX19980708_092648,-21.081,0.140,444.428,316.245,3.141,-77.148,40.847,1570.679,72669.494,19980708_052648
7,KCCX19980708_093239,-15.231,0.158,160.475,233.800,13.413,-78.836,41.218,6706.556,77216.469,19980708_053239
10,KCCX19980708_101344,25.853,0.093,22.599,222.263,30.437,-79.659,41.261,15218.448,144043.818,19980708_061344
11,KCCX19980708_101933,31.669,0.052,407.209,299.872,69.412,-77.368,40.922,34705.769,53604.348,19980708_061933
11,KCCX19980708_102531,37.636,0.053,386.814,310.158,47.351,-77.489,40.876,23675.354,43702.918,19980708_062531
15,KCCX19980708_103711,49.303,0.085,304.217,204.101,32.959,-77.979,41.355,16479.668,47995.688,19980708_063711
17,KCCX19980708_104303,55.169,0.118,415.421,255.573,11.215,-77.317,41.121,5607.529,61837.893,19980708_064303
1,KCCX19980709_090633,-41.997,0.105,237.206,53.895,8.989,-78.383,42.030,4494.410,126994.849,19980709_050633
1,KCCX19980710_091257,-36.283,0.081,193.191,90.292,9.817,-78.647,41.865,4908.529,117670.969,19980710_051257
2,KCCX19980710_091758,-31.266,0.350,93.099,424.700,8.908,-79.222,40.355,4453.830,120787.164,19980710_051758
3,KCCX19980710_105338,64.400,0.054,93.007,424.407,8.411,-79.222,40.356,4205.452,120751.122,19980710_065338
1,KCCX19980714_100642,14.535,0.378,94.360,369.352,6.713,-79.219,40.604,3356.521,108509.821,19980714_060642
3,KCCX19980714_103801,45.852,0.318,165.156,442.486,8.742,-78.797,40.279,4370.800,98088.046,19980714_063801
4,KCCX19980714_111340,81.502,0.096,303.128,415.235,32.693,-77.985,40.404,16346.539,57638.624,19980714_071340
1,KCCX19980715_094432,-8.409,0.064,365.946,292.440,19.803,-77.612,40.956,9901.577,33188.984,19980715_054432
2,KCCX19980715_095619,3.375,0.137,20.227,250.329,25.027,-79.670,41.135,12513.352,142074.274,19980715_055619
2,KCCX19980715_100208,9.191,-1.000,20.227,250.329,34.275,-79.670,41.135,17137.602,142074.274,19980715_060208
2,KCCX19980715_100757,15.008,0.080,26.068,254.949,27.612,-79.635,41.114,13805.794,138806.048,19980715_060757
3,KCCX19980715_100757,15.008,0.093,239.413,516.196,11.047,-78.358,39.949,5523.279,112262.703,19980715_060757
5,KCCX19980715_101354,20.958,0.110,166.307,327.762,20.138,-78.796,40.795,10069.120,68272.533,19980715_061354
6,KCCX19980715_103137,38.675,0.402,41.988,208.485,29.970,-79.545,41.325,14984.861,136880.489,19980715_063137
7,KCCX19980715_103137,38.675,0.266,380.570,311.244,7.889,-77.526,40.871,3944.550,40675.219,19980715_063137
9,KCCX19980715_110100,68.058,0.088,239.196,434.157,16.058,-78.362,40.318,8028.872,73646.340,19980715_070100
10,KCCX19980715_110651,73.908,0.091,190.293,382.338,10.849,-78.651,40.551,5424.274,68584.132,19980715_070651
4,KCCX19980723_091638,-43.047,0.166,34.275,200.670,33.931,-79.592,41.359,16965.710,141841.373,19980723_051638
4,KCCX19980723_092139,-38.030,0.576,37.313,196.317,43.130,-79.574,41.379,21564.973,141204.489,19980723_052139
4,KCCX19980723_092639,-33.030,0.398,46.931,186.471,50.583,-79.518,41.424,25291.270,138683.876,19980723_052639
4,KCCX19980723_093139,-28.030,0.108,54.207,182.728,57.038,-79.475,41.442,28518.936,136168.004,19980723_053139
4,KCCX19980723_093638,-23.047,0.283,62.734,177.137,60.421,-79.424,41.468,30210.402,133595.088,19980723_053638
1,KCCX19980723_090138,-58.047,0.272,183.064,390.627,9.899,-78.694,40.513,4949.394,73971.663,19980723_050138
1,KCCX19980723_090638,-53.047,0.458,183.434,390.224,17.613,-78.692,40.515,8806.546,73702.175,19980723_050638
3,KCCX19980723_090138,-58.047,0.061,203.397,417.445,3.139,-78.573,40.393,1569.384,76035.256,19980723_050138
3,KCCX19980723_090638,-53.047,0.074,203.466,417.560,9.111,-78.572,40.392,4555.593,76057.753,19980723_050638
7,KCCX19980723_101641,17.003,0.064,372.839,246.290,13.619,-77.570,41.164,6809.475,45249.946,19980723_061641
7,KCCX19980723_102142,22.020,-1.000,372.839,246.290,21.595,-77.570,41.164,10797.725,45249.946,19980723_062142
7,KCCX19980723_102642,27.020,-1.000,372.839,246.290,29.545,-77.570,41.164,14772.725,45249.946,19980723_062642
7,KCCX19980723_103142,32.020,0.059,378.374,246.553,33.423,-77.537,41.163,16711.407,47431.654,19980723_063142
7,KCCX19980723_103642,37.020,0.176,361.351,266.688,17.248,-77.639,41.072,8623.753,34905.873,19980723_063642
9,KCCX19980723_102642,27.020,0.077,316.536,329.633,6.409,-77.906,40.790,3204.460,16967.146,19980723_062642
9,KCCX19980723_103142,32.020,0.068,319.541,328.606,12.966,-77.888,40.794,6483.130,17321.654,19980723_063142
13,KCCX19980723_104142,42.020,0.133,292.482,114.442,17.810,-78.049,41.758,8904.793,92854.955,19980723_064142
13,KCCX19980723_104642,47.020,0.139,295.475,113.541,24.734,-78.031,41.763,12366.943,93257.001,19980723_064642
14,KCCX19980723_104642,47.020,0.186,317.908,338.329,13.611,-77.898,40.750,6805.511,21152.818,19980723_064642
14,KCCX19980723_105212,52.520,0.182,321.259,336.038,20.340,-77.878,40.761,10170.000,20920.765,19980723_065212
5,KCCX19980723_093638,-23.047,0.113,219.008,234.808,17.571,-78.487,41.216,8785.563,51984.691,19980723_053638
6,KCCX19980723_101641,17.003,0.076,354.838,164.529,72.892,-77.675,41.533,36445.881,73074.780,19980723_061641
6,KCCX19980723_102142,22.020,-1.000,354.838,164.529,80.868,-77.675,41.533,40434.131,73074.780,19980723_062142
6,KCCX19980723_102642,27.020,0.091,373.856,189.487,55.479,-77.562,41.420,27739.426,66460.356,19980723_062642
11,KCCX19980723_103642,37.020,0.288,345.541,303.553,9.512,-77.734,40.907,4755.772,22839.591,19980723_063642
17,KCCX19980723_104642,47.020,0.069,382.302,261.730,20.294,-77.514,41.094,10147.141,45382.179,19980723_064642
18,KCCX19980723_105212,52.520,0.062,320.293,104.122,20.665,-77.882,41.805,10332.333,98463.251,19980723_065212
19,KCCX19980723_111712,77.520,0.240,392.739,76.942,21.821,-77.445,41.926,10910.412,120784.119,19980723_071712
20,KCCX19980723_112213,82.537,0.128,308.252,544.513,21.392,-77.956,39.822,10695.839,122325.974,19980723_072213
1,KCCX19980725_095149,-9.666,0.081,376.710,292.659,11.515,-77.548,40.955,5757.576,38530.443,19980725_055149
1,KCCX19980725_100137,0.134,0.148,368.142,314.078,19.963,-77.600,40.859,9981.645,34790.398,19980725_060137
2,KCCX19980725_110026,58.951,0.186,361.195,315.965,3.042,-77.641,40.851,1520.908,31621.370,19980725_070026
1,KCCX19980726_090632,-55.865,0.082,408.544,204.651,14.443,-77.355,41.351,7221.741,72237.776,19980726_050632
2,KCCX19980726_092951,-32.548,0.074,337.858,351.086,28.333,-77.780,40.693,14166.424,31792.178,19980726_052951
3,KCCX19980726_100449,2.419,0.077,393.973,347.226,25.204,-77.448,40.709,12602.108,52586.207,19980726_060449
1,KCCX19980727_100205,-1.238,0.328,290.079,348.468,14.604,-78.063,40.705,7301.855,24736.557,19980727_060205
2,KCCX19980727_100205,-1.238,0.066,411.381,299.050,24.477,-77.343,40.925,12238.564,55692.317,19980727_060205
1,KCCX19980729_090953,-55.307,0.124,207.334,417.896,8.603,-78.550,40.391,4301.645,74977.301,19980729_050953
1,KCCX19980729_091543,-49.474,0.222,207.761,417.500,15.189,-78.547,40.393,7594.343,74689.845,19980729_051543
3,KCCX19980729_095043,-14.474,0.085,209.553,417.581,10.120,-78.537,40.392,5060.228,74172.157,19980729_055043
4,KCCX19980729_100813,3.026,0.078,340.959,415.474,34.180,-77.763,40.403,17090.155,61261.379,19980729_060813
3,KCCX19980730_095322,-12.769,0.532,492.190,294.221,9.921,-76.863,40.943,4960.617,96138.648,19980730_055322
3,KCCX19980730_100310,-2.969,0.076,491.896,294.395,19.178,-76.864,40.943,9588.909,95988.926,19980730_060310
4,KCCX19980730_095322,-12.769,0.142,385.788,288.569,17.357,-77.494,40.973,8678.619,43273.125,19980730_055322
4,KCCX19980730_100310,-2.969,0.511,386.226,287.234,27.035,-77.492,40.979,13517.593,43582.916,19980730_060310
6,KCCX19980730_095322,-12.769,0.073,122.115,370.389,16.356,-79.055,40.601,8178.221,95652.565,19980730_055322
6,KCCX19980730_100310,-2.969,0.084,126.060,369.258,22.966,-79.032,40.607,11483.095,93610.859,19980730_060310
1,KCCX19980730_092358,-42.169,0.114,237.078,173.580,7.435,-78.381,41.492,3717.319,70606.731,19980730_052358
2,KCCX19980730_094334,-22.569,0.052,250.616,149.970,6.107,-78.300,41.598,3053.497,78974.452,19980730_054334
7,KCCX19980730_095322,-12.769,0.051,171.584,375.996,15.608,-78.762,40.578,7803.997,74608.902,19980730_055322
1,KCCX19980731_090819,-58.770,0.168,442.254,425.792,7.572,-77.167,40.354,3785.868,94947.112,19980731_050819
3,KCCX19980731_094316,-23.820,0.077,376.602,319.285,20.562,-77.550,40.835,10281.208,39496.138,19980731_054316
4,KCCX19980731_094316,-23.820,0.050,259.109,526.075,11.776,-78.243,39.905,5887.991,114871.566,19980731_054316
5,KCCX19980731_101314,6.147,0.051,372.543,283.450,17.884,-77.573,40.997,8941.952,37203.699,19980731_061314
1,KCCX19980806_092914,-43.655,0.051,362.743,410.218,30.840,-77.634,40.426,15419.884,63412.843,19980806_052914
2,KCCX19980806_095819,-14.572,0.068,400.033,290.157,23.683,-77.410,40.966,11841.515,50257.956,19980806_055819
3,KCCX19980806_102726,14.545,0.741,171.158,392.558,11.212,-78.764,40.504,5606.188,79321.071,19980806_062726
5,KCCX19980806_104455,32.028,0.053,435.746,287.508,10.642,-77.197,40.976,5321.003,68159.942,19980806_064455
1,KCCX19980808_093122,-43.483,0.117,379.618,293.587,9.990,-77.531,40.951,4995.132,39938.036,19980808_053122
3,KCCX19980808_104943,34.867,0.077,255.687,291.031,28.610,-78.267,40.963,14305.128,22606.033,19980808_064943
15,KCCX19980810_105633,39.729,0.061,166.433,359.554,5.500,-78.794,40.652,2750.000,73121.014,19980810_065633
15,KCCX19980810_110222,45.546,0.153,167.717,358.447,11.904,-78.786,40.657,5951.867,72309.654,19980810_070222
15,KCCX19980810_110812,51.379,0.880,170.432,356.875,12.060,-78.770,40.664,6029.943,70750.689,19980810_070812
15,KCCX19980810_111401,57.196,0.726,175.143,354.110,14.353,-78.742,40.677,7176.467,68038.874,19980810_071401
15,KCCX19980810_111950,63.012,0.089,179.499,350.934,14.940,-78.717,40.692,7469.835,65411.597,19980810_071950
15,KCCX19980810_112539,68.829,0.119,184.624,346.592,20.336,-78.687,40.711,10167.873,62213.960,19980810_072539
3,KCCX19980810_092849,-48.004,0.057,50.456,440.561,30.327,-79.471,40.281,15163.383,143203.844,19980810_052849
3,KCCX19980810_093438,-42.188,0.068,52.421,438.977,36.503,-79.460,40.288,18251.509,141959.408,19980810_053438
5,KCCX19980810_094616,-30.554,0.185,283.511,533.473,20.553,-78.100,39.872,10276.424,117027.322,19980810_054616
5,KCCX19980810_095205,-24.738,0.175,284.882,532.036,26.173,-78.092,39.878,13086.517,116263.902,19980810_055205
5,KCCX19980810_095755,-18.904,0.073,291.949,525.413,22.383,-78.051,39.908,11191.566,112778.171,19980810_055755
5,KCCX19980810_100408,-12.688,0.184,292.753,524.043,29.588,-78.046,39.914,14794.163,112080.121,19980810_060408
5,KCCX19980810_100957,-6.871,-1.000,293.404,522.934,36.667,-78.042,39.919,18333.406,111515.701,19980810_060957
5,KCCX19980810_101546,-1.054,0.183,305.175,515.220,21.873,-77.974,39.954,10936.352,107641.027,19980810_061546
5,KCCX19980810_102135,4.762,0.078,306.040,514.958,29.247,-77.969,39.955,14623.260,107521.559,19980810_062135
6,KCCX19980810_095755,-18.904,0.234,277.361,392.600,29.505,-78.137,40.506,14752.399,47663.431,19980810_055755
6,KCCX19980810_100408,-12.688,0.084,278.588,389.688,35.523,-78.130,40.519,17761.284,46104.467,19980810_060408
11,KCCX19980810_103316,16.446,0.144,299.606,355.760,22.510,-78.006,40.672,11255.148,27880.471,19980810_063316
11,KCCX19980810_103906,22.279,0.090,300.555,355.533,30.401,-78.001,40.673,15200.535,27767.685,19980810_063906
20,KCCX19980810_111401,57.196,0.232,366.831,251.578,6.146,-77.606,41.140,3073.132,41264.724,19980810_071401
20,KCCX19980810_111950,63.012,0.121,367.556,251.405,13.390,-77.602,41.141,6694.836,41609.108,19980810_071950
20,KCCX19980810_112539,68.829,-1.000,368.171,251.258,20.935,-77.598,41.142,10467.550,41901.997,19980810_072539
20,KCCX19980810_113128,74.646,0.311,370.066,242.084,17.302,-77.586,41.183,8651.035,45451.948,19980810_073128
1,KCCX19980810_091710,-59.654,0.061,376.895,387.111,9.740,-77.550,40.530,4869.829,58097.362,19980810_051710
2,KCCX19980810_092849,-48.004,0.634,258.888,411.056,22.667,-78.246,40.423,11333.595,59210.730,19980810_052849
4,KCCX19980810_094616,-30.554,0.396,269.544,398.795,26.224,-78.183,40.478,13111.931,51691.678,19980810_054616
8,KCCX19980810_100957,-6.871,0.215,298.287,518.248,24.818,-78.014,39.940,12408.930,109127.598,19980810_060957
10,KCCX19980810_102135,4.762,0.069,296.136,377.805,31.332,-78.027,40.573,15665.792,38950.629,19980810_062135
12,KCCX19980810_103316,16.446,0.054,428.821,316.340,23.082,-77.240,40.847,11541.130,64926.669,19980810_063316
13,KCCX19980810_105044,33.912,0.102,348.178,263.184,6.714,-77.717,41.088,3357.140,30317.354,19980810_065044
17,KCCX19980810_110222,45.546,0.051,121.041,334.714,16.583,-79.064,40.762,8291.519,91147.323,19980810_070222
19,KCCX19980810_110812,51.379,0.091,356.560,260.892,12.135,-77.667,41.099,6067.566,34382.196,19980810_070812
21,KCCX19980810_111401,57.196,0.062,386.299,66.973,23.401,-77.483,41.971,11700.497,124247.108,19980810_071401
1,KCCX19980812_102158,3.167,0.129,394.263,282.089,18.267,-77.444,41.002,9133.743,47974.672,19980812_062158
1,KCCX19980812_103146,12.967,-1.000,394.263,282.089,33.849,-77.444,41.002,16924.743,47974.672,19980812_063146
1,KCCX19980812_104134,22.767,-1.000,394.263,282.089,49.431,-77.444,41.002,24715.743,47974.672,19980812_064134
1,KCCX19980812_105122,32.567,0.319,426.232,268.701,45.805,-77.253,41.062,22902.520,65027.444,19980812_065122
1,KCCX19980812_110110,42.367,0.094,432.369,269.096,53.112,-77.217,41.060,26555.804,67964.284,19980812_070110
1,KCCX19980812_111057,52.150,0.052,443.464,275.616,66.813,-77.151,41.030,33406.381,72760.606,19980812_071057
1,KCCX19980812_112045,61.950,-1.000,453.907,280.779,79.263,-77.089,41.006,39631.370,77551.471,19980812_072045
1,KCCX19980812_113033,71.750,0.051,488.198,216.249,95.229,-76.880,41.295,47614.376,102995.861,19980812_073033
2,KCCX19980812_103146,12.967,0.052,65.743,414.331,36.240,-79.384,40.400,18119.963,130334.133,19980812_063146
3,KCCX19980812_104134,22.767,0.130,450.334,232.264,76.957,-77.107,41.225,38478.386,82444.591,19980812_064134
4,KCCX19980812_110110,42.367,0.092,541.934,245.147,52.965,-76.563,41.161,26482.422,124037.313,19980812_070110
1,KCCX19980813_112028,60.675,0.059,355.865,421.864,36.988,-77.675,40.374,18493.937,67029.161,19980813_072028
5,KCCX19980814_103422,13.582,0.053,395.736,326.017,11.906,-77.437,40.805,5952.976,49604.259,19980814_063422
5,KCCX19980814_104012,19.415,0.120,396.154,325.326,19.306,-77.434,40.808,9653.143,49716.728,19980814_064012
1,KCCX19980814_092427,-56.335,0.241,167.262,470.071,11.721,-78.783,40.155,5860.304,107869.484,19980814_052427
2,KCCX19980814_092427,-56.335,0.092,39.154,404.873,11.313,-79.541,40.441,5656.308,140569.631,19980814_052427
3,KCCX19980814_092427,-56.335,0.087,105.672,388.363,8.900,-79.150,40.519,4449.953,106737.531,19980814_052427
4,KCCX19980814_103422,13.582,0.076,253.778,383.360,12.006,-78.277,40.547,6003.181,47658.544,19980814_063422
2,KCCX19980815_105803,36.271,0.235,317.723,572.537,26.865,-77.901,39.696,13432.413,136556.454,19980815_065803
2,KCCX19980815_110303,41.271,0.097,318.699,571.823,32.778,-77.895,39.699,16389.161,136232.923,19980815_070303
2,KCCX19980815_110802,46.254,0.208,324.084,570.358,32.714,-77.863,39.706,16357.249,135714.507,19980815_070802
1,KCCX19980815_104804,26.288,0.117,311.232,576.703,24.574,-77.938,39.677,12286.755,138465.682,19980815_064804
1,KCCX19980815_105304,31.288,0.139,312.611,575.939,30.503,-77.930,39.681,15251.521,138113.355,19980815_065304
1,KCCX19980818_101742,-7.066,0.303,410.606,513.702,15.756,-77.357,39.959,7878.018,120314.142,19980818_061742
2,KCCX19980818_101742,-7.066,0.128,357.923,318.226,13.942,-77.660,40.840,6971.043,30361.509,19980818_061742
5,KCCX19980818_104240,17.901,0.245,47.966,350.426,54.866,-79.495,40.686,27433.029,128514.333,19980818_064240
6,KCCX19980818_104739,22.884,0.067,47.074,278.095,44.322,-79.507,41.012,22161.194,126936.342,19980818_064739
1,KCCX19980822_094552,-42.883,0.134,471.817,331.959,37.004,-76.986,40.775,18502.018,87381.914,19980822_054552
2,KCCX19980822_105547,27.034,0.128,183.712,306.910,16.401,-78.694,40.890,8200.731,58246.642,19980822_065547
3,KCCX19980822_114814,79.484,0.137,449.913,253.343,10.280,-77.111,41.130,5140.030,78502.880,19980822_074814
1,KCCX19980826_093538,-57.090,0.074,433.613,377.189,8.173,-77.215,40.573,4086.681,77153.522,19980826_053538
3,KCCX19980826_100036,-32.124,0.060,156.602,262.559,9.151,-78.857,41.088,4575.533,74102.453,19980826_060036
1,KCCX19980828_103133,-3.155,0.595,475.115,288.553,18.159,-76.964,40.970,9079.514,87744.168,19980828_063133
1,KCCX19980828_104121,6.645,0.550,475.188,285.958,23.430,-76.963,40.982,11715.164,87874.950,19980828_064121
2,KCCX19980828_104121,6.645,0.511,475.257,333.751,17.409,-76.966,40.766,8704.687,89238.550,19980828_064121
2,KCCX19980828_105109,16.445,0.181,473.161,330.472,26.415,-76.978,40.781,13207.379,87910.744,19980828_065109
4,KCCX19980828_110057,26.245,0.114,451.617,394.932,31.618,-77.110,40.492,15809.021,89442.423,19980828_070057
4,KCCX19980828_111045,36.045,0.117,454.582,401.943,43.339,-77.093,40.460,21669.490,92585.114,19980828_071045
4,KCCX19980828_112032,45.828,0.144,424.951,407.441,28.321,-77.268,40.437,14160.490,82396.081,19980828_072032
4,KCCX19980828_113020,55.628,0.205,414.017,407.124,36.262,-77.332,40.439,18130.958,78223.183,19980828_073020
4,KCCX19980828_114008,65.428,0.080,383.246,409.731,32.605,-77.513,40.428,16302.628,68867.072,19980828_074008
3,KCCX19980828_105109,16.445,0.521,23.544,216.289,21.931,-79.654,41.288,10965.551,144425.916,19980828_065109
1,KCCX19980829_105545,20.056,0.085,207.798,274.622,33.398,-78.552,41.036,16698.751,47815.428,19980829_065545
2,KCCX19980829_113043,55.023,0.121,264.194,215.837,21.958,-78.218,41.302,10979.139,45731.341,19980829_073043
3,KCCX19980829_114221,66.656,0.053,157.048,346.646,2.648,-78.850,40.710,1323.895,75184.918,19980829_074221
1,KCCX19980830_111144,35.052,0.086,371.559,308.896,14.561,-77.579,40.882,7280.251,36054.715,19980830_071144
13,KCCX19980902_112311,43.545,0.420,262.374,249.988,23.489,-78.228,41.148,11744.574,31292.723,19980902_072311
13,KCCX19980902_112900,49.362,0.179,265.527,248.089,29.740,-78.209,41.157,14870.197,31157.379,19980902_072900
13,KCCX19980902_113450,55.195,0.247,276.428,241.047,29.165,-78.144,41.188,14582.548,31745.447,19980902_073450
13,KCCX19980902_114040,61.029,-1.000,285.676,235.097,30.058,-78.089,41.215,15029.215,33232.617,19980902_074040
13,KCCX19980902_114629,66.845,-1.000,294.897,229.163,30.949,-78.034,41.242,15474.606,35510.109,19980902_074629
13,KCCX19980902_115219,72.679,-1.000,304.145,223.213,31.843,-77.979,41.269,15921.273,38449.364,19980902_075219
13,KCCX19980902_115808,78.495,-1.000,313.366,217.280,32.733,-77.924,41.295,16366.664,41896.562,19980902_075808
13,KCCX19980902_120401,84.379,0.054,319.942,213.984,31.794,-77.885,41.310,15897.133,44148.706,19980902_080401
9,KCCX19980902_111131,31.879,0.644,243.818,258.083,23.797,-78.338,41.111,11898.285,35047.985,19980902_071131
9,KCCX19980902_111721,37.712,0.547,245.749,254.883,30.908,-78.327,41.126,15454.034,35279.785,19980902_071721
12,KCCX19980902_111721,37.712,0.106,270.660,190.538,22.293,-78.179,41.416,11146.494,56662.958,19980902_071721
12,KCCX19980902_112311,43.545,0.087,273.669,189.788,28.392,-78.161,41.419,14195.893,56656.764,19980902_072311
12,KCCX19980902_112900,49.362,0.077,284.843,183.714,25.330,-78.095,41.447,12665.138,58635.024,19980902_072900
16,KCCX19980902_114040,61.029,0.178,293.724,235.937,21.300,-78.041,41.211,10649.895,32185.049,19980902_074040
16,KCCX19980902_114629,66.845,0.192,295.157,233.241,28.658,-78.033,41.224,14329.189,33467.198,19980902_074629
16,KCCX19980902_115219,72.679,0.095,314.249,222.786,21.522,-77.919,41.271,10760.933,39259.074,19980902_075219
16,KCCX19980902_115808,78.495,0.279,318.246,220.835,27.017,-77.895,41.279,13508.400,40620.319,19980902_075808
1,KCCX19980902_094923,-50.255,0.099,366.103,178.579,16.432,-77.608,41.469,8215.839,69124.386,19980902_054923
2,KCCX19980902_100651,-32.788,0.068,235.613,312.995,15.930,-78.386,40.864,7965.082,32842.465,19980902_060651
3,KCCX19980902_101240,-26.971,0.077,347.483,409.154,28.157,-77.724,40.431,14078.684,59517.389,19980902_061240
4,KCCX19980902_101240,-26.971,0.069,309.860,156.338,30.761,-77.945,41.570,15380.623,71999.903,19980902_061240
5,KCCX19980902_101240,-26.971,0.069,151.593,300.054,25.784,-78.885,40.919,12892.132,74203.450,19980902_061240
6,KCCX19980902_103044,-8.905,0.055,198.319,407.354,13.035,-78.603,40.438,6517.551,73932.080,19980902_063044
7,KCCX19980902_105952,20.229,0.102,150.127,363.346,21.057,-78.890,40.634,10528.475,81355.143,19980902_065952
8,KCCX19980902_110541,26.045,0.687,232.681,260.275,27.564,-78.405,41.101,13782.099,39083.228,19980902_070541
10,KCCX19980902_111131,31.879,0.103,149.059,256.964,21.244,-78.902,41.113,10622.222,78478.221,19980902_071131
11,KCCX19980902_111131,31.879,0.063,257.324,192.943,26.108,-78.259,41.405,13053.959,57624.962,19980902_071131
15,KCCX19980902_113450,55.195,0.086,178.371,226.034,30.600,-78.730,41.254,15300.207,71176.717,19980902_073450
2,KCCX19980904_105313,11.612,0.934,496.655,340.153,21.309,-76.840,40.736,10654.638,100356.364,19980904_065313
2,KCCX19980904_110301,21.412,0.953,496.700,342.074,31.139,-76.840,40.728,15569.377,100574.560,19980904_070301
2,KCCX19980904_111249,31.212,0.937,499.038,346.055,38.367,-76.826,40.710,19183.588,102148.290,19980904_071249
2,KCCX19980904_112238,41.029,0.728,510.963,348.510,41.260,-76.756,40.698,20630.006,108234.047,19980904_072238
2,KCCX19980904_113227,50.846,0.360,519.177,344.127,45.621,-76.707,40.717,22810.391,111787.277,19980904_073227
2,KCCX19980904_114215,60.646,0.080,518.652,332.734,39.919,-76.709,40.768,19959.600,110544.466,19980904_074215
3,KCCX19980904_105313,11.612,0.601,330.880,562.022,23.389,-77.824,39.743,11694.373,131917.808,19980904_065313
3,KCCX19980904_110301,21.412,0.335,329.079,563.141,33.900,-77.834,39.738,16949.917,132371.545,19980904_070301
3,KCCX19980904_111249,31.212,0.121,330.728,562.471,38.335,-77.825,39.741,19167.361,132131.607,19980904_071249
1,KCCX19980904_104325,1.812,0.464,369.374,416.503,40.060,-77.595,40.398,20029.879,67796.705,19980904_064325
1,KCCX19980904_105313,11.612,0.054,365.393,423.222,33.545,-77.619,40.368,16772.640,69749.128,19980904_065313
4,KCCX19980904_105313,11.612,0.171,372.831,514.188,16.622,-77.578,39.958,8311.077,113116.028,19980904_065313
7,KCCX19980904_113227,50.846,0.177,92.934,424.278,9.144,-79.223,40.357,4572.236,120748.959,19980904_073227
8,KCCX19980904_113227,50.846,0.162,59.730,368.065,8.704,-79.423,40.608,4352.235,124862.612,19980904_073227
4,KCCX19980905_104741,5.097,0.545,503.265,352.690,28.051,-76.802,40.680,14025.572,104991.366,19980905_064741
4,KCCX19980905_105730,14.914,0.585,510.210,356.621,39.888,-76.761,40.661,19943.935,108851.086,19980905_065730
4,KCCX19980905_110718,24.714,0.402,518.802,374.044,49.331,-76.712,40.582,24665.390,115495.380,19980905_070718
4,KCCX19980905_111706,34.514,0.643,527.536,387.504,59.117,-76.661,40.521,29558.690,121890.886,19980905_071706
1,KCCX19980905_103753,-4.703,0.428,375.285,415.206,36.566,-77.560,40.403,18283.030,68811.903,19980905_063753
2,KCCX19980905_103753,-4.703,0.189,444.590,496.624,20.402,-77.157,40.035,10200.919,122031.988,19980905_063753
5,KCCX19980905_115619,73.730,0.078,344.319,419.601,29.182,-77.743,40.384,14591.116,63773.961,19980905_075619
1,KCCX19980906_102226,-21.135,0.092,50.651,370.242,10.490,-79.477,40.597,5245.099,129526.886,19980906_062226
8,KCCX19980909_101333,-32.962,0.203,188.668,32.681,19.590,-78.677,42.125,9795.092,144788.030,19980909_061333
8,KCCX19980909_101922,-27.145,0.236,187.310,31.130,28.736,-78.685,42.131,14367.887,145765.233,19980909_061922
8,KCCX19980909_102512,-21.312,0.495,190.854,32.974,28.632,-78.664,42.123,14316.022,144235.928,19980909_062512
8,KCCX19980909_103101,-15.495,0.910,197.664,39.696,27.681,-78.622,42.093,13840.631,139848.967,19980909_063101
8,KCCX19980909_103651,-9.662,0.963,200.936,48.310,28.528,-78.602,42.055,14264.183,135241.809,19980909_063651
8,KCCX19980909_104241,-3.829,0.948,205.135,56.213,27.865,-78.577,42.019,13932.426,130796.938,19980909_064241
8,KCCX19980909_104830,1.988,0.938,208.427,63.899,28.526,-78.556,41.985,14263.056,126618.670,19980909_064830
8,KCCX19980909_105420,7.821,0.907,214.686,66.760,29.759,-78.519,41.972,14879.432,124176.772,19980909_065420
8,KCCX19980909_110009,13.638,0.855,219.925,74.154,31.442,-78.487,41.939,15720.988,119810.803,19980909_070009
8,KCCX19980909_110559,19.471,0.828,223.478,81.968,36.406,-78.465,41.904,18202.863,115535.436,19980909_070559
8,KCCX19980909_111149,25.305,0.714,226.135,92.860,33.650,-78.449,41.855,16825.094,109957.818,19980909_071149
8,KCCX19980909_111739,31.138,-1.000,228.959,103.285,31.960,-78.431,41.808,15980.080,104574.976,19980909_071739
8,KCCX19980909_112328,36.955,-1.000,231.775,113.679,30.275,-78.414,41.761,15137.480,99209.382,19980909_072328
8,KCCX19980909_112918,42.788,0.789,233.442,122.333,33.319,-78.404,41.722,16659.355,94862.344,19980909_072918
8,KCCX19980909_113507,48.605,0.638,235.353,128.963,34.943,-78.392,41.692,17471.279,91423.479,19980909_073507
8,KCCX19980909_114057,54.438,-1.000,237.321,135.973,36.403,-78.380,41.661,18201.582,87797.508,19980909_074057
8,KCCX19980909_114646,60.255,0.173,243.215,143.252,37.226,-78.345,41.628,18612.824,83358.364,19980909_074646
8,KCCX19980909_115235,66.071,0.099,249.095,151.581,35.189,-78.309,41.591,17594.549,78453.298,19980909_075235
8,KCCX19980909_115825,71.905,0.110,256.647,157.985,34.180,-78.264,41.562,17089.758,74242.379,19980909_075825
8,KCCX19980909_120414,77.721,0.328,262.358,159.268,35.608,-78.229,41.556,17803.790,72839.830,19980909_080414
8,KCCX19980909_121004,83.555,0.299,268.377,160.238,38.399,-78.193,41.552,19199.648,71647.188,19980909_081004
8,KCCX19980909_121553,89.371,0.141,270.651,161.441,47.815,-78.180,41.547,23907.700,70816.420,19980909_081553
5,KCCX19980909_100154,-44.612,0.778,307.352,169.440,39.035,-77.960,41.511,19517.300,65383.398,19980909_060154
5,KCCX19980909_100743,-38.795,0.670,308.644,170.507,44.564,-77.952,41.506,22281.926,64890.564,19980909_060743
5,KCCX19980909_101333,-32.962,0.494,312.681,174.376,44.722,-77.928,41.489,22361.066,63131.192,19980909_061333
5,KCCX19980909_101922,-27.145,0.420,320.290,175.166,44.464,-77.882,41.485,22231.959,63236.337,19980909_061922
5,KCCX19980909_102512,-21.312,0.205,334.237,182.325,51.418,-77.799,41.453,25709.106,61277.289,19980909_062512
10,KCCX19980909_104241,-3.829,0.501,506.058,359.774,17.660,-76.786,40.647,8830.091,107276.099,19980909_064241
10,KCCX19980909_104830,1.988,0.661,506.036,361.031,23.295,-76.786,40.642,11647.277,107442.518,19980909_064830
10,KCCX19980909_105420,7.821,0.682,507.590,364.543,24.438,-76.777,40.626,12219.223,108695.969,19980909_065420
10,KCCX19980909_110009,13.638,0.300,514.120,367.598,27.017,-76.739,40.612,13508.543,112268.426,19980909_070009
10,KCCX19980909_110559,19.471,0.141,513.913,370.917,28.696,-76.740,40.597,14347.892,112681.043,19980909_070559
10,KCCX19980909_111149,25.305,0.152,504.301,367.685,21.233,-76.797,40.612,10616.507,107610.599,19980909_071149
10,KCCX19980909_111739,31.138,-1.000,504.301,367.685,30.508,-76.797,40.612,15254.007,107610.599,19980909_071739
10,KCCX19980909_112328,36.955,0.056,502.528,368.829,21.818,-76.807,40.607,10908.932,106951.910,19980909_072328
13,KCCX19980909_111739,31.138,0.711,232.412,110.803,28.855,-78.410,41.774,14427.307,100453.525,19980909_071739
13,KCCX19980909_112328,36.955,0.672,233.743,117.386,32.940,-78.402,41.745,16470.197,97131.351,19980909_072328
17,KCCX19980909_121004,83.555,0.088,536.093,128.794,16.288,-76.586,41.685,8144.241,145817.937,19980909_081004
17,KCCX19980909_121553,89.371,0.274,536.179,129.649,24.252,-76.586,41.681,12125.943,145602.110,19980909_081553
1,KCCX19980909_095014,-56.279,0.410,389.340,295.866,9.507,-77.473,40.940,4753.376,44717.748,19980909_055014
2,KCCX19980909_095014,-56.279,0.067,291.892,362.963,9.709,-78.052,40.640,4854.633,31741.521,19980909_055014
4,KCCX19980909_095604,-50.445,0.273,300.931,156.165,44.578,-77.998,41.571,22288.921,71918.986,19980909_055604
6,KCCX19980909_100154,-44.612,0.156,183.361,26.196,14.714,-78.709,42.154,7357.182,148806.544,19980909_060154
11,KCCX19980909_105420,7.821,0.062,502.620,131.363,15.527,-76.787,41.676,7763.451,131807.980,19980909_065420
15,KCCX19980909_114057,54.438,0.063,214.590,422.403,13.796,-78.507,40.371,6898.241,74628.128,19980909_074057
16,KCCX19980909_115825,71.905,0.083,250.321,19.606,16.209,-78.305,42.185,8104.483,142380.308,19980909_075825
18,KCCX19980909_121004,83.555,0.076,209.680,419.943,11.263,-78.536,40.382,5631.289,75073.321,19980909_081004
1,KCCX19980910_104814,0.740,0.827,507.974,357.965,20.418,-76.774,40.656,10209.227,107950.328,19980910_064814
1,KCCX19980910_105802,10.540,0.796,510.513,362.727,28.526,-76.760,40.634,14263.057,109829.931,19980910_065802
1,KCCX19980910_110750,20.340,0.300,524.426,365.060,39.405,-76.678,40.622,19702.693,116833.018,19980910_070750
1,KCCX19980910_111738,30.140,0.092,522.258,381.410,42.498,-76.692,40.549,21249.021,118349.056,19980910_071738
7,KCCX19980910_120639,79.156,0.075,347.662,413.817,30.678,-77.723,40.410,15338.766,61696.851,19980910_080639
7,KCCX19980910_121658,89.473,0.590,354.448,415.558,37.372,-77.683,40.402,18686.206,63871.201,19980910_081658
3,KCCX19980910_105802,10.540,0.387,503.817,301.663,17.908,-76.794,40.909,8953.979,101912.022,19980910_065802
6,KCCX19980910_113715,49.756,0.111,340.280,412.872,22.787,-77.767,40.415,11393.284,59921.761,19980910_073715
3,KCCX19980917_113810,43.774,0.050,425.275,225.785,12.313,-77.257,41.255,6156.494,72803.764,19980917_073810
3,KCCX19980917_114400,49.607,0.721,425.977,227.331,18.403,-77.252,41.248,9201.594,72716.818,19980917_074400
3,KCCX19980917_114950,55.441,0.346,429.888,228.927,20.621,-77.229,41.240,10310.395,74030.740,19980917_074950
1,KCCX19980917_103403,-20.343,0.133,412.292,215.243,20.667,-77.333,41.303,10333.389,70344.310,19980917_063403
2,KCCX19980917_113220,37.941,0.180,425.001,224.213,14.974,-77.258,41.262,7486.801,73090.850,19980917_073220
4,KCCX19980917_114950,55.441,0.100,367.317,311.017,12.793,-77.605,40.873,6396.519,34106.484,19980917_074950
1,KCCX19980918_105352,-1.517,0.612,485.446,339.329,11.369,-76.906,40.741,5684.666,94785.069,19980918_065352
1,KCCX19980918_105942,4.316,0.769,483.820,341.322,17.824,-76.916,40.732,8911.799,94203.411,19980918_065942
1,KCCX19980918_110531,10.133,0.980,481.715,343.526,24.478,-76.928,40.722,12239.180,93427.722,19980918_070531
1,KCCX19980918_111121,15.966,0.968,481.338,344.703,28.927,-76.931,40.717,14463.410,93383.562,19980918_071121
1,KCCX19980918_111711,21.800,0.974,481.545,345.974,33.701,-76.930,40.711,16850.254,93637.579,19980918_071711
1,KCCX19980918_112300,27.616,0.973,480.164,345.418,36.991,-76.938,40.714,18495.395,92900.425,19980918_072300
1,KCCX19980918_112850,33.450,0.934,480.210,345.698,39.914,-76.938,40.712,19956.773,92956.881,19980918_072850
1,KCCX19980918_113439,39.266,0.777,478.853,345.395,46.128,-76.946,40.714,23063.812,92262.097,19980918_073439
1,KCCX19980918_114029,45.100,0.101,479.402,342.716,49.074,-76.942,40.726,24536.897,92208.516,19980918_074029
3,KCCX19980918_105942,4.316,0.631,525.326,493.760,23.255,-76.684,40.043,11627.536,148588.727,19980918_065942
3,KCCX19980918_110531,10.133,0.356,525.761,493.158,30.316,-76.681,40.046,15158.023,148557.807,19980918_070531
3,KCCX19980918_111121,15.966,0.411,525.795,492.269,34.855,-76.681,40.050,17427.559,148282.247,19980918_071121
3,KCCX19980918_111711,21.800,0.067,522.646,496.884,39.214,-76.700,40.029,19607.102,148605.702,19980918_071711
2,KCCX19980918_105352,-1.517,0.068,409.989,539.379,21.972,-77.361,39.843,10985.765,131719.122,19980918_065352
4,KCCX19980918_111711,21.800,0.418,487.634,289.403,29.810,-76.889,40.965,14905.094,93966.496,19980918_071711
1,KCCX19980924_104523,-15.985,0.068,302.636,298.362,7.907,-77.988,40.930,3953.629,1551.447,19980924_064523
5,KCCX19980926_104150,-21.548,0.079,249.033,168.378,8.159,-78.309,41.515,4079.258,70572.848,19980926_064150
5,KCCX19980926_105138,-11.748,0.232,254.775,169.021,19.132,-78.275,41.512,9566.031,69283.516,19980926_065138
5,KCCX19980926_110126,-1.948,0.103,267.844,171.207,21.649,-78.196,41.503,10824.668,66373.142,19980926_070126
5,KCCX19980926_111114,7.852,0.430,271.651,163.189,30.121,-78.174,41.539,15060.422,69858.667,19980926_071114
7,KCCX19980926_111114,7.852,0.259,125.462,336.731,6.458,-79.037,40.753,3229.162,89180.307,19980926_071114
7,KCCX19980926_112102,17.652,0.392,127.183,336.546,19.688,-79.027,40.754,9843.849,88319.363,19980926_072102
7,KCCX19980926_113050,27.452,0.056,129.411,335.354,30.923,-79.014,40.759,15461.670,87106.887,19980926_073050
1,KCCX19980926_102212,-41.181,0.187,215.641,167.123,12.861,-78.509,41.520,6430.265,78696.743,19980926_062212
1,KCCX19980926_103202,-31.348,0.089,214.051,161.632,27.113,-78.519,41.545,13556.466,81444.524,19980926_063202
6,KCCX19980926_110126,-1.948,0.534,219.925,422.403,17.103,-78.475,40.371,8551.666,73134.221,19980926_070126
6,KCCX19980926_111114,7.852,0.485,220.285,423.536,24.538,-78.473,40.366,12268.832,73511.290,19980926_071114
11,KCCX19980926_113050,27.452,0.214,149.138,221.826,21.418,-78.904,41.272,10709.064,84956.475,19980926_073050
11,KCCX19980926_114039,37.269,0.136,156.605,221.128,29.462,-78.860,41.275,14731.172,81827.709,19980926_074039
14,KCCX19980926_120015,56.869,0.491,190.316,222.040,25.088,-78.658,41.272,12544.054,67283.401,19980926_080015
14,KCCX19980926_121004,66.686,0.203,199.476,223.950,32.224,-78.604,41.264,16111.779,63025.227,19980926_081004
2,KCCX19980926_102212,-41.181,0.171,129.771,188.568,5.421,-79.022,41.420,2710.581,101729.080,19980926_062212
12,KCCX19980926_113050,27.452,0.058,23.013,281.326,29.074,-79.650,40.995,14536.835,138807.881,19980926_073050
16,KCCX19980926_121952,76.486,0.291,232.819,237.672,14.386,-78.404,41.203,7192.896,45820.660,19980926_081952
1,KCCX19980927_102205,-42.308,0.299,353.273,317.785,8.345,-77.688,40.843,4172.634,28081.551,19980927_062205
3,KCCX19980927_103934,-24.825,0.051,344.804,411.359,29.607,-77.740,40.421,14803.389,60017.362,19980927_063934
3,KCCX19980927_104524,-18.991,0.183,343.271,410.803,23.715,-77.749,40.424,11857.473,59476.157,19980927_064524
5,KCCX19980927_110254,-1.491,0.108,370.454,297.312,4.438,-77.586,40.934,2219.196,35252.545,19980927_070254
7,KCCX19980927_115006,45.709,0.086,200.886,352.055,16.487,-78.590,40.687,8243.643,55976.247,19980927_075006
8,KCCX19980927_120146,57.375,0.107,367.250,295.417,9.197,-77.605,40.943,4598.446,33702.983,19980927_080146
3,KCCX19980930_104658,-20.474,0.133,356.784,53.408,21.387,-77.661,42.033,10693.699,126522.532,19980930_064658
3,KCCX19980930_105248,-14.640,0.107,359.010,52.754,28.506,-77.648,42.036,14253.156,127095.122,19980930_065248
4,KCCX19980930_122604,78.626,0.117,419.769,551.480,46.690,-77.305,39.789,23344.824,139271.861,19980930_082604
4,KCCX19980930_123153,84.443,0.131,418.591,551.779,54.738,-77.312,39.787,27369.191,139155.241,19980930_083153
1,KCCX19980930_101159,-55.457,0.096,310.897,52.488,16.517,-77.938,42.037,8258.316,123876.050,19980930_061159
2,KCCX19980930_102339,-43.790,0.097,279.952,445.980,21.493,-78.122,40.266,10746.384,73674.991,19980930_062339
1,KCCX19981001_101036,-57.863,0.891,162.186,348.450,11.448,-78.819,40.702,5723.751,73041.321,19981001_061036
1,KCCX19981001_101626,-52.030,0.191,166.212,348.107,19.350,-78.795,40.704,9675.053,71087.019,19981001_061626
11,KCCX19981001_110304,-5.396,0.166,372.613,319.189,20.159,-77.573,40.836,10079.266,37552.767,19981001_070304
11,KCCX19981001_110854,0.437,0.165,377.420,318.033,27.606,-77.545,40.841,13802.856,39746.019,19981001_070854
2,KCCX19981001_101036,-57.863,0.775,310.806,414.112,12.936,-77.940,40.409,6467.850,57311.393,19981001_061036
5,KCCX19981001_101036,-57.863,0.095,132.111,464.507,9.171,-78.989,40.178,4585.340,117525.969,19981001_061036
5,KCCX19981001_101626,-52.030,0.053,131.244,461.543,29.481,-78.995,40.191,14740.262,116805.870,19981001_061626
6,KCCX19981001_101626,-52.030,0.091,401.946,319.756,21.102,-77.400,40.833,10551.243,51921.123,19981001_061626
8,KCCX19981001_103355,-34.546,0.720,246.104,344.488,9.116,-78.323,40.722,4557.888,34942.656,19981001_063355
9,KCCX19981001_103945,-28.713,0.071,338.048,405.853,23.215,-77.780,40.446,11607.515,56241.650,19981001_063945
10,KCCX19981001_105124,-17.063,0.129,307.783,336.651,11.093,-77.958,40.758,5546.274,18734.010,19981001_065124
12,KCCX19981001_121301,64.554,0.068,259.156,65.526,35.317,-78.250,41.978,17658.361,119002.426,19981001_081301
1,KCCX19981002_102900,-40.489,0.093,389.555,291.904,11.720,-77.472,40.958,5859.947,44960.199,19981002_062900
2,KCCX19981002_110813,-1.272,0.161,299.211,299.766,13.452,-78.009,40.924,6726.112,411.285,19981002_070813
2,KCCX19981002_111841,9.194,-1.000,299.211,299.766,30.094,-78.009,40.924,15047.112,411.285,19981002_071841
2,KCCX19981002_112829,18.994,0.114,297.579,301.106,13.281,-78.018,40.918,6640.602,1330.948,19981002_072829
1,KCCX19981003_113838,28.114,0.272,284.782,408.155,27.571,-78.094,40.436,13785.591,54609.999,19981003_073838
4,KCCX19981004_105506,-16.453,0.745,200.532,251.690,22.473,-78.596,41.139,11236.738,55289.535,19981004_065506
4,KCCX19981004_110055,-10.636,0.654,200.193,250.631,30.278,-78.598,41.144,15138.825,55674.956,19981004_070055
4,KCCX19981004_110645,-4.803,0.711,206.675,249.450,30.192,-78.560,41.149,15096.050,53067.793,19981004_070645
4,KCCX19981004_111235,1.031,0.804,217.683,248.994,29.403,-78.494,41.152,14701.551,48419.355,19981004_071235
4,KCCX19981004_111824,6.847,0.528,227.371,249.773,28.641,-78.436,41.148,14320.548,44152.331,19981004_071824
4,KCCX19981004_112414,12.681,0.051,238.921,253.237,22.792,-78.368,41.133,11396.204,38462.139,19981004_072414
1,KCCX19981004_101417,-57.269,0.503,214.227,437.434,15.309,-78.508,40.303,7654.623,81001.601,19981004_061417
1,KCCX19981004_102007,-51.436,0.565,218.610,437.281,20.368,-78.483,40.304,10184.239,79797.206,19981004_062007
1,KCCX19981004_102557,-45.603,0.263,221.787,437.632,25.211,-78.464,40.302,12605.714,79151.644,19981004_062557
3,KCCX19981004_104916,-22.286,0.166,387.995,477.424,26.984,-77.488,40.123,13491.936,99023.154,19981004_064916
5,KCCX19981004_111235,1.031,0.104,423.994,478.937,24.860,-77.277,40.115,12429.794,108849.757,19981004_071235
7,KCCX19981004_121052,59.314,0.200,294.266,347.811,16.802,-78.038,40.708,8400.877,24076.856,19981004_081052
8,KCCX19981004_122304,71.514,0.057,245.993,339.588,9.045,-78.324,40.744,4522.623,33480.963,19981004_082304
4,KCCX19981007_121621,61.670,0.238,110.642,43.092,30.301,-79.148,42.074,15150.445,159576.110,19981007_081621
4,KCCX19981007_122641,72.003,0.206,114.356,42.114,38.778,-79.126,42.079,19389.232,158878.055,19981007_082641
1,KCCX19981007_101845,-55.930,0.083,246.017,337.726,8.900,-78.324,40.753,4449.886,32929.644,19981007_061845
3,KCCX19981007_110745,-6.930,0.050,245.774,338.648,2.775,-78.325,40.749,1387.714,33294.827,19981007_070745
7,KCCX19981008_110832,-7.199,0.091,278.268,378.494,19.830,-78.132,40.570,9915.152,40723.396,19981008_070832
7,KCCX19981008_111422,-1.365,0.292,280.727,375.502,25.963,-78.118,40.583,12981.253,38961.561,19981008_071422
10,KCCX19981008_113741,21.951,0.058,351.637,111.170,19.155,-77.693,41.773,9577.293,97881.435,19981008_073741
10,KCCX19981008_114331,27.785,0.189,353.086,111.447,26.137,-77.685,41.771,13068.592,97941.620,19981008_074331
10,KCCX19981008_114921,33.618,-1.000,354.319,111.683,33.463,-77.677,41.770,16731.702,97997.125,19981008_074921
10,KCCX19981008_115511,39.451,0.074,370.926,111.772,20.282,-77.577,41.770,10140.930,100573.843,19981008_075511
10,KCCX19981008_120101,45.285,0.113,374.573,113.727,28.075,-77.556,41.761,14037.636,100323.086,19981008_080101
1,KCCX19981008_101604,-59.665,0.178,218.824,191.603,2.123,-78.489,41.410,1061.533,67711.526,19981008_061604
2,KCCX19981008_101604,-59.665,0.084,176.361,202.735,12.075,-78.743,41.359,6037.636,78655.889,19981008_061604
4,KCCX19981008_101604,-59.665,0.050,160.265,224.800,6.604,-78.838,41.259,3301.966,79342.403,19981008_061604
5,KCCX19981008_102153,-53.849,0.605,215.792,430.049,13.342,-78.499,40.336,6670.803,77465.595,19981008_062153
6,KCCX19981008_105102,-24.699,0.080,212.404,439.652,30.270,-78.519,40.293,15135.225,82425.634,19981008_065102
8,KCCX19981008_110832,-7.199,0.052,201.540,443.210,29.625,-78.583,40.277,14812.551,86895.502,19981008_070832
9,KCCX19981008_112602,10.301,0.093,298.075,348.866,20.573,-78.015,40.703,10286.556,24451.865,19981008_072602
12,KCCX19981008_120650,51.101,0.156,369.841,382.855,33.165,-77.592,40.549,16582.693,54181.951,19981008_080650
13,KCCX19981008_120650,51.101,0.079,105.284,308.093,9.083,-79.159,40.881,4541.323,97442.044,19981008_080650
14,KCCX19981008_121901,63.285,0.102,26.665,375.596,36.325,-79.618,40.571,18162.292,141798.361,19981008_081901
15,KCCX19981008_123630,80.768,0.067,334.529,243.192,22.582,-77.798,41.179,11290.852,33239.333,19981008_083630
1,KCCX19981015_104250,-40.414,0.292,387.436,298.546,11.308,-77.485,40.928,5654.156,43723.881,19981015_064250
2,KCCX19981015_104250,-40.414,0.177,379.699,327.611,2.485,-77.532,40.798,1242.298,42173.266,19981015_064250
3,KCCX19981017_123516,69.821,0.109,297.513,295.748,15.159,-78.019,40.942,7579.735,2463.053,19981017_083516
3,KCCX19981017_124504,79.621,0.507,298.277,297.198,20.965,-78.014,40.936,10482.275,1644.553,19981017_084504
3,KCCX19981017_125452,89.421,0.296,301.723,301.376,21.063,-77.994,40.917,10531.601,1102.322,19981017_085452
1,KCCX19981017_111619,-9.129,0.097,313.047,301.108,29.881,-77.926,40.918,14940.411,6547.150,19981017_071619
2,KCCX19981017_112607,0.671,0.120,159.718,55.731,22.898,-78.851,42.020,11449.091,140842.571,19981017_072607
1,KCCX19981018_111116,-15.287,0.114,513.906,268.101,11.329,-76.731,41.060,5664.501,108135.952,19981018_071116
1,KCCX19981019_103343,-53.950,0.166,377.781,303.030,7.123,-77.542,40.908,3561.474,38920.174,19981019_063343
3,KCCX19981019_112418,-3.367,0.100,237.331,284.378,4.875,-78.376,40.993,2437.397,32293.425,19981019_072418
1,KCCX19981020_103435,-54.202,0.089,323.576,414.208,8.898,-77.865,40.409,4449.017,58308.263,19981020_063435
2,KCCX19981020_105412,-34.585,0.075,370.351,413.482,32.991,-77.589,40.411,16495.531,66759.651,19981020_065412
6,KCCX19981021_122713,57.307,0.196,118.972,54.246,22.500,-79.097,42.024,11250.155,152615.597,19981021_082713
6,KCCX19981021_123701,67.107,0.231,125.192,55.610,30.490,-79.059,42.019,15244.815,150236.957,19981021_083701
6,KCCX19981021_124649,76.907,0.072,139.662,67.074,24.650,-78.971,41.968,12325.168,141388.514,19981021_084649
1,KCCX19981021_104841,-41.226,0.349,288.665,105.390,15.146,-78.072,41.799,7573.200,97469.722,19981021_064841
2,KCCX19981021_104841,-41.226,0.110,71.753,162.810,20.838,-79.371,41.533,10419.050,133152.003,19981021_064841
3,KCCX19981021_105829,-31.426,0.180,351.230,415.949,36.627,-77.702,40.401,18313.503,63381.208,19981021_065829
4,KCCX19981021_114729,17.574,0.146,224.912,188.171,25.399,-78.453,41.426,12699.471,67349.804,19981021_074729
5,KCCX19981021_120705,37.174,0.128,270.618,209.666,11.751,-78.179,41.330,5875.420,47496.130,19981021_080705
1,KCCX19981022_125056,79.895,0.052,255.360,267.966,20.575,-78.269,41.067,10287.302,27472.317,19981022_085056
1,KCCX19981022_130045,89.711,0.107,261.416,270.163,30.275,-78.233,41.057,15137.441,24387.582,19981022_090045
1,KCCX19981024_104727,-45.863,0.078,211.133,421.278,11.124,-78.527,40.376,5561.819,75175.811,19981024_064727
7,KCCX19981028_122102,43.116,0.099,327.964,94.607,17.756,-77.836,41.848,8877.953,103644.132,19981028_072102
7,KCCX19981028_122651,48.933,0.461,331.529,96.453,23.295,-77.814,41.839,11647.619,102987.199,19981028_072651
7,KCCX19981028_123241,54.766,0.053,331.008,102.800,31.159,-77.817,41.811,15579.721,99811.574,19981028_073241
4,KCCX19981028_120922,31.450,0.209,475.296,387.944,30.574,-76.970,40.522,15287.066,98059.552,19981028_070922
4,KCCX19981028_121512,37.283,0.309,476.742,389.382,38.516,-76.961,40.516,19257.923,99028.764,19981028_071512
4,KCCX19981028_122102,43.116,0.249,494.442,398.675,34.361,-76.857,40.473,17180.410,109023.347,19981028_072102
11,KCCX19981028_123831,60.600,0.054,452.369,499.254,16.349,-77.111,40.022,8174.545,125417.679,19981028_073831
11,KCCX19981028_124421,66.433,0.086,451.699,497.364,26.625,-77.115,40.031,13312.572,124464.022,19981028_074421
1,KCCX19981028_104745,-50.167,0.056,447.048,388.637,14.937,-77.136,40.521,7468.498,85848.132,19981028_054745
2,KCCX19981028_111104,-26.850,0.079,376.682,577.933,23.673,-77.557,39.671,11836.649,144158.823,19981028_061104
3,KCCX19981028_111654,-21.017,0.183,322.531,78.900,16.596,-77.868,41.918,8298.180,111122.600,19981028_061654
5,KCCX19981028_121512,37.283,0.055,381.188,92.143,66.788,-77.515,41.858,33394.173,111575.259,19981028_071512
8,KCCX19981028_122102,43.116,0.053,429.310,478.269,16.559,-77.245,40.118,8279.303,110114.848,19981028_072102
10,KCCX19981028_123831,60.600,0.065,426.749,113.732,65.168,-77.242,41.759,32584.106,112651.106,19981028_073831
1,KCCX19981029_113323,-5.695,0.248,422.506,513.451,30.157,-77.287,39.960,15078.390,123053.917,19981029_063323
1,KCCX19981029_114311,4.105,0.069,420.811,509.267,37.782,-77.297,39.979,18891.100,120818.138,19981029_064311
3,KCCX19981029_123212,53.121,0.089,430.913,96.295,1.740,-77.216,41.837,869.854,121072.245,19981029_073212
1,KCCX19981031_105007,-51.296,0.059,95.136,428.903,8.769,-79.209,40.336,4384.659,121022.094,19981031_055007
2,KCCX19981031_114234,1.154,0.197,226.027,327.582,17.512,-78.442,40.798,8756.092,39474.037,19981031_064234
3,KCCX19981031_114234,1.154,0.078,480.249,283.617,9.020,-76.933,40.992,4510.014,90496.224,19981031_064234
4,KCCX19981031_120552,24.454,0.096,503.148,338.769,31.565,-76.801,40.742,15782.606,103407.361,19981031_070552
1,KCCX19981101_114957,7.365,0.653,172.670,468.304,20.672,-78.751,40.163,10335.855,105521.349,19981101_064957
1,KCCX19981101_115945,17.165,0.053,174.204,468.095,35.257,-78.742,40.164,17628.649,104976.786,19981101_065945
3,KCCX19981101_115945,17.165,0.496,65.042,369.317,14.474,-79.392,40.603,7237.138,122484.688,19981101_065945
2,KCCX19981102_114416,0.507,0.136,140.104,341.756,8.693,-78.950,40.731,4346.483,82629.298,19981102_064416
2,KCCX19981102_115404,10.307,0.843,140.561,344.457,16.668,-78.947,40.719,8333.901,82760.679,19981102_065404
2,KCCX19981102_120352,20.107,0.540,140.725,347.812,24.052,-78.946,40.704,12026.096,83148.372,19981102_070352
1,KCCX19981102_114416,0.507,0.231,170.741,470.702,13.828,-78.762,40.152,6914.189,107059.450,19981102_064416
3,KCCX19981102_115404,10.307,0.095,196.914,385.748,29.537,-78.612,40.535,14768.442,67043.878,19981102_065404
4,KCCX19981102_122400,40.240,0.071,485.975,369.380,19.407,-76.905,40.605,9703.545,99247.429,19981102_072400
1,KCCX19981104_115141,5.565,0.830,144.016,343.144,15.200,-78.927,40.725,7599.989,80920.364,19981104_065141
1,KCCX19981104_120129,15.365,0.181,140.672,338.035,13.672,-78.947,40.748,6836.121,81902.293,19981104_070129
1,KCCX19981106_115749,9.330,0.930,143.173,342.521,14.112,-78.932,40.728,7055.935,81244.452,19981106_065749
1,KCCX19981106_120737,19.130,0.655,144.151,347.243,21.365,-78.926,40.707,10682.295,81426.174,19981106_070737
1,KCCX19981106_121757,29.463,0.081,143.850,346.798,27.043,-78.928,40.709,13521.718,81505.795,19981106_071757
1,KCCX19981107_110302,-46.641,0.056,340.281,288.869,8.925,-77.765,40.973,4462.696,20895.344,19981107_060302
2,KCCX19981107_120150,12.159,0.060,302.012,54.425,55.869,-77.992,42.029,27934.412,122791.748,19981107_070150
1,KCCX19981110_112448,-28.442,0.053,323.441,165.977,20.376,-77.863,41.526,10188.229,68028.998,19981110_062448
3,KCCX19981114_120557,7.953,0.171,154.679,333.187,17.087,-78.865,40.770,8543.344,74531.274,19981114_070557
3,KCCX19981114_121545,17.753,0.923,156.626,336.234,23.612,-78.853,40.757,11806.215,73940.983,19981114_071545
3,KCCX19981114_122532,27.536,0.863,157.338,336.106,29.554,-78.849,40.757,14776.875,73579.881,19981114_072532
1,KCCX19981114_111656,-41.064,0.612,368.850,238.195,10.025,-77.593,41.201,5012.344,46260.468,19981114_061656
1,KCCX19981115_111109,-48.031,0.090,212.343,266.228,9.020,-78.525,41.074,4510.201,46968.843,19981115_061109
2,KCCX19981115_121947,20.602,0.076,216.676,262.804,6.812,-78.500,41.089,3405.876,45624.785,19981115_071947
1,KCCX19981116_120413,3.854,0.944,149.606,335.207,13.941,-78.894,40.761,6970.306,77229.836,19981116_070413
1,KCCX19981116_121401,13.654,0.907,150.453,332.550,20.950,-78.890,40.773,10475.160,76524.451,19981116_071401
1,KCCX19981116_122349,23.454,0.880,150.808,331.417,23.461,-78.888,40.778,11730.738,76231.872,19981116_072349
1,KCCX19981116_123337,33.254,0.229,151.043,331.530,27.997,-78.886,40.778,13998.495,76128.529,19981116_073337
3,KCCX19981116_130333,63.188,0.053,356.627,94.906,21.787,-77.663,41.846,10893.429,106383.737,19981116_080333
3,KCCX19981118_115750,-4.879,0.793,143.251,337.447,12.510,-78.932,40.751,6255.136,80579.970,19981118_065750
3,KCCX19981118_120738,4.921,0.970,146.658,337.985,19.780,-78.912,40.748,9890.188,78988.478,19981118_070738
3,KCCX19981118_121726,14.721,0.890,146.776,341.250,27.995,-78.911,40.734,13997.699,79339.598,19981118_071726
3,KCCX19981118_122714,24.521,0.430,149.254,347.562,32.035,-78.896,40.705,16017.707,79035.435,19981118_072714
1,KCCX19981118_113814,-24.479,0.535,105.665,283.915,11.109,-79.159,40.990,5554.377,97499.760,19981118_063814
1,KCCX19981118_114802,-14.679,0.144,107.993,283.093,27.308,-79.145,40.994,13654.155,96375.139,19981118_064802
1,KCCX19981119_120958,6.087,0.688,118.293,340.985,7.986,-79.079,40.734,3992.771,93136.076,19981119_070958
5,KCCX19981120_124058,35.926,0.267,321.672,396.939,23.204,-77.876,40.487,11601.772,49666.162,19981120_074058
5,KCCX19981120_124648,41.760,0.380,322.961,398.331,32.735,-77.868,40.480,16367.385,50488.236,19981120_074648
5,KCCX19981120_125237,47.576,0.532,328.533,401.733,40.448,-77.836,40.465,20223.806,52829.247,19981120_075237
1,KCCX19981120_115347,-11.257,0.292,56.637,385.154,64.758,-79.440,40.531,32378.929,128915.230,19981120_065347
1,KCCX19981120_115936,-5.440,0.082,59.526,382.259,72.507,-79.423,40.544,36253.255,127077.086,19981120_065936
1,KCCX19981120_120526,0.393,0.125,37.835,317.074,30.718,-79.558,40.836,15358.925,131359.971,19981120_070526
8,KCCX19981120_130417,59.243,0.178,334.556,281.333,31.373,-77.799,41.007,15686.295,19637.727,19981120_080417
8,KCCX19981120_131007,65.076,0.251,337.800,278.951,39.462,-77.779,41.018,19730.809,21632.619,19981120_081007
9,KCCX19981120_131007,65.076,0.235,433.538,125.182,41.948,-77.202,41.707,20974.220,109992.876,19981120_081007
9,KCCX19981120_131556,70.893,0.176,431.434,123.322,53.045,-77.214,41.716,26522.262,110102.410,19981120_081556
3,KCCX19981120_123508,30.093,0.142,303.853,413.799,29.377,-77.981,40.411,14688.284,56932.188,19981120_073508
4,KCCX19981120_123508,30.093,0.127,186.478,349.438,28.635,-78.675,40.699,14317.667,61909.740,19981120_073508
4,KCCX19981120_124058,35.926,0.069,204.698,344.271,22.108,-78.568,40.722,11054.165,52541.303,19981120_074058
7,KCCX19981120_125827,53.410,0.087,41.794,436.611,28.578,-79.522,40.298,14289.202,146059.183,19981120_075827
11,KCCX19981120_132735,82.543,0.076,212.128,225.541,25.434,-78.528,41.257,12717.201,57588.099,19981120_082735
1,KCCX19981125_120613,-4.505,0.600,143.630,333.396,10.061,-78.930,40.769,5030.256,79948.317,19981125_070613
1,KCCX19981125_121603,5.328,0.908,146.222,332.761,21.041,-78.915,40.772,10520.357,78614.651,19981125_071603
1,KCCX19981125_122552,15.145,0.867,147.450,331.605,25.615,-78.907,40.777,12807.305,77894.588,19981125_072552
1,KCCX19981125_123542,24.978,0.141,146.971,332.849,30.227,-78.910,40.772,15113.438,78257.475,19981125_073542
2,KCCX19981125_121603,5.328,0.867,105.253,272.204,14.358,-79.162,41.042,7179.149,98360.394,19981125_071603
2,KCCX19981125_122552,15.145,0.216,103.851,272.382,24.144,-79.170,41.042,12071.963,99041.674,19981125_072552
5,KCCX19981125_131501,64.295,0.063,266.528,324.581,5.221,-78.202,40.812,2610.744,20764.395,19981125_081501
5,KCCX19981125_132451,74.128,0.167,266.994,324.936,12.066,-78.199,40.811,6033.091,20683.417,19981125_082451
1,KCCX19981126_111151,-59.977,0.280,257.473,411.213,10.518,-78.254,40.422,5259.230,59533.582,19981126_061151
1,KCCX19981126_111741,-54.144,0.104,258.313,412.117,18.170,-78.249,40.418,9084.936,59807.940,19981126_061741
4,KCCX19981126_114101,-30.810,0.143,267.410,162.047,36.382,-78.199,41.544,18190.851,70875.037,19981126_064101
4,KCCX19981126_114650,-24.994,0.260,273.226,164.462,41.797,-78.164,41.533,20898.476,69078.812,19981126_064650
8,KCCX19981126_123328,21.640,0.098,361.481,407.076,27.178,-77.642,40.440,13588.902,61735.706,19981126_073328
8,KCCX19981126_123917,27.456,0.098,362.843,408.698,34.373,-77.634,40.433,17186.254,62778.094,19981126_073917
3,KCCX19981126_112921,-42.477,0.196,484.986,223.318,29.857,-76.900,41.263,14928.570,100124.743,19981126_062921
6,KCCX19981126_115240,-19.160,0.087,372.452,243.321,31.020,-77.572,41.177,15510.181,45994.038,19981126_065240
7,KCCX19981126_115830,-13.327,0.054,324.202,565.217,28.834,-77.863,39.729,14417.204,133159.656,19981126_065830
1,KCCX19981128_112606,-47.899,0.535,388.820,293.675,8.926,-77.476,40.950,4463.047,44522.719,19981128_062606
4,KCCX19981129_131632,61.469,0.262,247.219,289.693,25.210,-78.317,40.969,12604.958,26889.098,19981129_081632
4,KCCX19981129_132621,71.286,0.579,241.975,284.816,36.106,-78.349,40.991,18052.769,29989.516,19981129_082621
4,KCCX19981129_133610,81.103,0.456,251.485,280.935,37.448,-78.292,41.009,18723.876,26063.357,19981129_083610
1,KCCX19981129_112826,-46.631,0.174,370.253,280.548,2.611,-77.586,41.010,1305.408,36448.157,19981129_062826
2,KCCX19981130_121908,3.020,0.894,152.412,318.576,16.737,-78.879,40.836,8368.464,74376.202,19981130_071908
2,KCCX19981130_122858,12.853,0.170,155.740,319.186,25.943,-78.859,40.834,12971.317,72765.268,19981130_072858
4,KCCX19981130_121908,3.020,0.269,123.216,357.461,16.925,-79.049,40.660,8462.613,92943.991,19981130_071908
4,KCCX19981130_122858,12.853,0.105,127.004,357.779,31.519,-79.027,40.658,15759.513,91195.128,19981130_072858
1,KCCX19981130_113002,-46.080,0.084,293.789,297.464,16.211,-78.041,40.934,8105.270,3354.215,19981130_063002
3,KCCX19981130_121908,3.020,0.508,122.227,262.905,7.751,-79.062,41.085,3875.326,90801.134,19981130_071908
1,KCCX19981201_115014,-26.914,0.088,395.870,291.372,11.591,-77.434,40.961,5795.406,48128.537,19981201_065014
1,KCCX19981202_121456,-3.231,0.813,155.737,323.524,17.447,-78.859,40.814,8723.566,73084.150,19981202_071456
1,KCCX19981202_122609,7.985,0.288,160.493,327.268,30.982,-78.830,40.797,15490.983,71073.373,19981202_072609
1,KCCX19981204_113648,-43.345,0.157,223.385,519.177,23.990,-78.452,39.935,11995.078,116090.859,19981204_063648
2,KCCX19981204_122551,5.705,0.085,236.829,352.277,6.701,-78.378,40.687,3350.323,40998.192,19981204_072551
3,KCCX19981204_122551,5.705,0.072,258.024,269.640,7.161,-78.254,41.059,3580.376,25902.152,19981204_072551
1,KCCX19981205_121512,-5.906,0.490,149.676,329.745,9.180,-78.894,40.786,4589.878,76619.441,19981205_071512
1,KCCX19981205_122101,-0.089,0.401,151.067,328.828,17.358,-78.886,40.790,8679.139,75848.516,19981205_072101
1,KCCX19981205_122651,5.744,0.505,153.324,332.360,23.722,-78.873,40.774,11860.803,75101.546,19981205_072651
1,KCCX19981205_123240,11.561,0.305,158.305,334.285,25.178,-78.843,40.766,12588.789,72892.153,19981205_073240
2,KCCX19981205_125009,29.044,0.060,26.156,298.069,28.078,-79.629,40.920,14038.984,136925.207,19981205_075009
2,KCCX19981205_125559,34.877,0.151,27.903,296.679,35.206,-79.619,40.927,17603.179,136058.695,19981205_075559
2,KCCX19981205_130149,40.711,0.138,29.023,293.929,34.693,-79.613,40.939,17346.337,135522.347,19981205_080149
2,KCCX19981205_130739,46.544,0.128,30.383,291.304,34.658,-79.605,40.951,17328.998,134878.761,19981205_080739
1,KCCX19981206_122713,5.169,0.179,234.758,352.315,8.861,-78.390,40.687,4430.563,41813.240,19981206_072713
2,KCCX19981206_125621,34.303,0.090,261.681,400.229,8.506,-78.230,40.472,4252.762,53651.955,19981206_075621
3,KCCX19981206_132530,63.453,0.055,299.974,332.838,18.580,-78.004,40.775,9290.234,16418.798,19981206_082530
10,KCCX19981208_123712,13.334,0.524,36.860,331.380,56.885,-79.562,40.771,28442.507,132502.057,19981208_073712
10,KCCX19981208_124409,20.284,0.437,41.729,326.626,66.131,-79.534,40.793,33065.301,129819.740,19981208_074409
11,KCCX19981208_124409,20.284,0.294,254.630,377.840,21.678,-78.272,40.572,10839.136,45048.669,19981208_074409
11,KCCX19981208_124958,26.101,0.055,257.104,374.797,28.779,-78.257,40.586,14389.430,43112.547,19981208_074958
2,KCCX19981208_113855,-44.949,0.294,466.692,379.632,41.074,-77.020,40.560,20537.071,92368.191,19981208_063855
2,KCCX19981208_114445,-39.116,0.235,483.919,375.920,36.568,-76.918,40.576,18284.016,99486.130,19981208_064445
5,KCCX19981208_115624,-27.466,0.095,301.612,292.248,42.106,-77.994,40.958,21052.830,3959.107,19981208_065624
5,KCCX19981208_120214,-21.632,0.127,315.633,283.868,37.801,-77.911,40.996,18900.635,11231.950,19981208_070214
7,KCCX19981208_120214,-21.632,0.094,372.879,276.953,18.165,-77.571,41.026,9082.695,38218.023,19981208_070214
8,KCCX19981208_121353,-9.982,0.082,186.609,408.583,19.911,-78.672,40.432,9955.320,78497.792,19981208_071353
9,KCCX19981208_121353,-9.982,0.067,260.777,328.959,32.202,-78.236,40.792,16101.227,24377.661,19981208_071353
12,KCCX19981208_132456,61.068,0.058,293.219,349.556,23.448,-78.044,40.700,11724.014,25008.797,19981208_082456
3,KCCX19981212_123013,2.995,0.922,110.157,267.608,15.763,-79.133,41.063,7881.559,96293.400,19981212_073013
3,KCCX19981212_124003,12.828,0.894,111.490,266.850,21.699,-79.125,41.067,10849.430,95701.414,19981212_074003
3,KCCX19981212_124953,22.662,0.501,112.663,266.590,24.155,-79.118,41.068,12077.481,95146.529,19981212_074953
4,KCCX19981212_123013,2.995,0.774,149.327,329.116,19.105,-78.896,40.789,9552.626,76730.080,19981212_073013
4,KCCX19981212_124003,12.828,0.952,153.986,329.578,27.601,-78.869,40.787,13800.326,74490.028,19981212_074003
4,KCCX19981212_124953,22.662,0.329,157.304,330.785,29.487,-78.849,40.781,14743.648,72989.509,19981212_074953
2,KCCX19981212_115934,-27.655,0.319,107.792,268.667,9.585,-79.147,41.058,4792.716,97372.335,19981212_065934
2,KCCX19981212_120924,-17.822,0.052,109.927,265.639,23.158,-79.135,41.072,11579.246,96577.074,19981212_070924
1,KCCX19981212_113003,-57.172,0.116,163.256,387.581,8.471,-78.811,40.526,4235.655,81193.215,19981212_063003
2,KCCX19981213_123141,3.686,0.527,144.320,338.239,10.509,-78.926,40.747,5254.738,80153.938,19981213_073141
2,KCCX19981213_123730,9.503,0.661,144.371,339.844,17.335,-78.925,40.740,8667.665,80324.162,19981213_073730
2,KCCX19981213_124320,15.336,0.289,144.058,340.041,20.480,-78.927,40.739,10240.159,80500.429,19981213_074320
1,KCCX19981213_122551,-2.147,0.064,338.142,256.027,13.620,-77.777,41.121,6810.150,29105.360,19981213_072551
2,KCCX19981215_122212,-7.265,0.251,150.507,335.113,9.308,-78.889,40.762,4654.169,76780.825,19981215_072212
2,KCCX19981215_122802,-1.431,0.735,154.053,331.705,20.007,-78.868,40.777,10003.497,74675.635,19981215_072802
2,KCCX19981215_123351,4.385,0.755,156.901,327.798,27.818,-78.852,40.795,13908.826,72887.238,19981215_073351
2,KCCX19981215_123941,10.219,0.225,163.556,329.287,32.478,-78.812,40.788,16238.767,69775.700,19981215_073941
1,KCCX19981215_122212,-7.265,0.803,240.750,354.379,11.009,-78.354,40.678,5504.604,40210.726,19981215_072212
1,KCCX19981215_122802,-1.431,0.488,243.575,354.289,17.002,-78.338,40.678,8501.137,39150.739,19981215_072802
1,KCCX19981216_120127,-28.706,0.197,113.566,273.460,6.451,-79.112,41.037,3225.599,94156.982,19981216_070127
1,KCCX19981216_121117,-18.872,0.231,114.103,271.578,22.628,-79.109,41.046,11313.852,94028.573,19981216_071117
3,KCCX19981216_123206,1.944,0.935,153.716,333.700,17.400,-78.870,40.768,8700.008,75057.853,19981216_073206
3,KCCX19981216_124156,11.778,0.705,158.131,339.318,29.877,-78.844,40.743,14938.703,73608.305,19981216_074156
2,KCCX19981216_122216,-7.889,0.083,238.463,353.621,5.592,-78.368,40.681,2795.757,40810.530,19981216_072216
1,KCCX19981217_115412,-36.617,0.127,44.266,460.652,42.558,-79.505,40.190,21278.988,151004.231,19981217_065412
1,KCCX19981217_120402,-26.783,0.093,48.926,459.869,53.988,-79.478,40.194,26994.195,148825.416,19981217_070402
1,KCCX19981217_121352,-16.950,-1.000,53.314,459.131,65.664,-79.452,40.197,32832.230,146779.107,19981217_071352
1,KCCX19981217_122451,-5.967,0.119,29.601,429.117,35.467,-79.595,40.331,17733.658,149822.091,19981217_072451
1,KCCX19981217_123441,3.867,-1.000,29.601,429.117,51.102,-79.595,40.331,25551.158,149822.091,19981217_073441
1,KCCX19981217_124431,13.700,0.404,36.776,423.760,55.426,-79.553,40.355,27713.107,145433.181,19981217_074431
1,KCCX19981217_125421,23.533,0.064,41.750,436.592,44.659,-79.523,40.298,22329.735,146073.784,19981217_075421
3,KCCX19981217_122451,-5.967,0.059,40.893,229.803,67.396,-79.549,41.229,33697.933,134223.824,19981217_072451
4,KCCX19981217_125421,23.533,0.066,42.575,255.536,78.127,-79.536,41.113,39063.393,130618.476,19981217_075421
1,KCCX19981219_122836,-3.447,0.069,239.812,353.798,5.419,-78.360,40.680,2709.486,40363.529,19981219_072836
1,KCCX19981219_123426,2.387,0.064,241.155,354.318,12.851,-78.352,40.678,6425.541,40041.163,19981219_073426
2,KCCX19981219_124016,8.220,0.195,47.277,317.397,32.213,-79.502,40.835,16106.632,126660.478,19981219_074016
2,KCCX19981219_124606,14.053,0.144,65.486,304.515,28.650,-79.395,40.894,14324.829,117278.687,19981219_074606
4,KCCX19981219_132104,49.020,0.122,27.798,432.925,42.288,-79.605,40.313,21143.831,151461.891,19981219_082104
5,KCCX19981219_135603,84.003,0.112,39.190,231.919,53.040,-79.559,41.219,26520.124,134774.857,19981219_085603
1,KCCX19981222_120003,-33.599,0.069,405.948,94.684,28.944,-77.366,41.846,14472.122,115520.002,19981222_070003
2,KCCX19981222_131655,43.268,0.068,211.140,422.106,12.365,-78.527,40.372,6182.682,75508.226,19981222_081655
3,KCCX19981222_135744,84.085,0.160,210.011,421.161,16.497,-78.534,40.376,8248.386,75461.734,19981222_085744
1,KCCX19981223_120510,-28.948,0.456,238.630,363.926,17.801,-78.367,40.635,8900.343,44307.949,19981223_070510
1,KCCX19981223_121500,-19.115,0.945,235.063,355.639,21.249,-78.388,40.672,10624.731,42756.898,19981223_071500
1,KCCX19981223_122559,-8.132,0.733,236.899,360.080,20.145,-78.377,40.652,10072.278,43563.912,19981223_072559
1,KCCX19981223_123550,1.718,0.536,242.810,362.949,26.947,-78.342,40.639,13473.423,42524.347,19981223_073550
1,KCCX19981225_124507,10.174,0.321,350.152,380.311,25.427,-77.708,40.561,12713.266,47342.005,19981225_074507
1,KCCX19981227_123018,-5.327,0.243,329.810,360.472,16.710,-77.828,40.651,8355.152,33710.246,19981227_073018
1,KCCX19981227_124006,4.473,0.904,335.850,357.380,27.674,-77.792,40.665,13836.840,33829.178,19981227_074006
1,KCCX19981227_124956,14.306,0.777,346.023,356.509,35.004,-77.732,40.668,17502.156,36439.365,19981227_074956
1,KCCX19981228_121146,-24.148,0.141,481.731,493.409,30.531,-76.939,40.047,15265.470,132696.322,19981228_071146
2,KCCX19981228_121146,-24.148,0.057,488.433,196.333,88.115,-76.877,41.384,44057.606,107533.561,19981228_071146
