track_id,filename,from_sunrise,det_score,x,y,r,lon,lat,radius,geo_dist,local_time
1,KCCX19970606_084926,-51.170,0.498,382.080,75.515,10.234,-77.509,41.933,5117.016,119510.076,19970606_044926
1,KCCX19970606_085914,-41.370,0.814,380.243,72.889,15.672,-77.520,41.945,7835.934,120434.855,19970606_045914
1,KCCX19970606_090905,-31.520,0.334,378.882,69.314,15.073,-77.528,41.961,7536.530,121900.188,19970606_050905
1,KCCX19970606_091855,-21.687,0.791,374.839,72.691,17.351,-77.553,41.946,8675.393,119656.046,19970606_051855
1,KCCX19970606_092843,-11.887,-1.000,371.249,74.920,19.218,-77.574,41.936,9609.130,118043.780,19970606_052843
1,KCCX19970606_093832,-2.070,0.630,368.681,69.160,21.805,-77.590,41.962,10902.411,120420.498,19970606_053832
2,KCCX19970606_084926,-51.170,0.122,186.184,93.946,5.910,-78.689,41.849,2954.983,117699.371,19970606_044926
2,KCCX19970606_085914,-41.370,0.219,189.941,94.856,16.811,-78.666,41.845,8405.285,116401.188,19970606_045914
2,KCCX19970606_090905,-31.520,0.241,194.113,96.650,21.703,-78.641,41.837,10851.307,114633.181,19970606_050905
3,KCCX19970607_085808,-42.219,0.161,166.367,404.278,22.124,-78.792,40.451,11062.172,84752.164,19970607_045808
3,KCCX19970607_090401,-36.335,0.493,166.656,401.589,27.933,-78.790,40.463,13966.375,83816.685,19970607_050401
3,KCCX19970607_090952,-30.485,0.126,166.681,385.640,22.347,-78.791,40.535,11173.477,79227.575,19970607_050952
1,KCCX19970607_085217,-48.069,0.084,533.946,475.865,61.378,-76.632,40.123,30689.148,146338.103,19970607_045217
2,KCCX19970607_085217,-48.069,0.078,306.025,420.313,44.228,-77.968,40.381,22114.191,60231.889,19970607_045217
5,KCCX19970607_093905,-1.269,0.054,150.801,333.349,23.570,-78.887,40.770,11784.952,76440.419,19970607_053905
1,KCCX19970615_092654,-12.629,0.052,337.977,422.523,27.716,-77.780,40.371,13858.217,64136.954,19970615_052654
1,KCCX19970616_084526,-54.140,0.154,385.600,292.045,7.943,-77.496,40.958,3971.371,42984.442,19970616_044526
1,KCCX19970616_085517,-44.290,0.572,386.607,292.687,14.181,-77.490,40.955,7090.332,43457.502,19970616_045517
1,KCCX19970616_090508,-34.440,0.082,387.218,291.897,8.945,-77.486,40.958,4472.549,43796.767,19970616_050508
1,KCCX19970616_091458,-24.607,-1.000,387.218,291.897,24.580,-77.486,40.958,12290.049,43796.767,19970616_051458
1,KCCX19970616_092449,-14.757,0.213,399.284,291.045,17.369,-77.414,40.962,8684.467,49843.334,19970616_052449
12,KCCX19970709_105716,68.578,0.071,368.823,312.652,6.404,-77.596,40.865,3201.817,34987.979,19970709_065716
12,KCCX19970709_110219,73.628,-1.000,368.823,312.652,14.433,-77.596,40.865,7216.567,34987.979,19970709_070219
12,KCCX19970709_110723,78.695,0.614,373.505,311.248,14.388,-77.568,40.872,7193.830,37180.369,19970709_070723
12,KCCX19970709_111226,83.745,0.802,384.813,304.597,16.293,-77.501,40.901,8146.528,42468.897,19970709_071226
12,KCCX19970709_111729,88.795,0.963,397.983,304.911,17.079,-77.422,40.899,8539.640,49052.932,19970709_071729
3,KCCX19970709_102154,33.212,0.263,181.117,267.494,23.013,-78.711,41.067,11506.264,61623.582,19970709_062154
3,KCCX19970709_102659,38.295,0.117,183.697,266.391,29.113,-78.696,41.072,14556.509,60530.754,19970709_062659
11,KCCX19970709_105716,68.578,0.071,205.487,94.960,29.402,-78.573,41.845,14700.882,112887.158,19970709_065716
11,KCCX19970709_110219,73.628,0.158,208.271,93.712,35.568,-78.556,41.850,17784.045,112881.348,19970709_070219
11,KCCX19970709_110723,78.695,0.315,226.729,87.377,31.323,-78.445,41.879,15661.667,112446.981,19970709_070723
11,KCCX19970709_111226,83.745,0.397,230.643,85.038,37.182,-78.422,41.890,18591.096,112936.887,19970709_071226
15,KCCX19970709_110219,73.628,0.071,100.361,235.387,20.072,-79.194,41.208,10035.968,104917.310,19970709_070219
15,KCCX19970709_110723,78.695,0.116,104.338,234.185,25.748,-79.170,41.213,12874.094,103217.060,19970709_070723
15,KCCX19970709_111226,83.745,0.182,122.524,225.815,22.580,-79.063,41.252,11290.193,96178.237,19970709_071226
1,KCCX19970709_085548,-52.888,0.227,401.522,277.172,8.334,-77.400,41.024,4166.973,52028.614,19970709_045548
4,KCCX19970709_104712,58.512,0.063,352.501,309.101,11.109,-77.692,40.882,5554.653,26641.912,19970709_064712
7,KCCX19970709_105716,68.578,0.196,436.090,258.373,10.919,-77.194,41.108,5459.656,71156.887,19970709_065716
8,KCCX19970709_105716,68.578,0.184,353.432,291.771,4.885,-77.687,40.960,2442.448,27031.108,19970709_065716
13,KCCX19970709_110219,73.628,0.200,376.347,303.786,2.905,-77.551,40.905,1452.469,38220.631,19970709_070219
1,KCCX19970711_095112,1.106,0.113,329.373,409.012,19.709,-77.831,40.432,9854.431,56449.881,19970711_055112
1,KCCX19970712_085619,-54.507,0.094,94.147,421.927,8.365,-79.216,40.368,4182.616,119626.268,19970712_045619
2,KCCX19970712_085619,-54.507,0.065,135.523,271.889,8.864,-78.982,41.045,4432.159,83430.949,19970712_045619
3,KCCX19970712_110818,77.476,0.086,171.454,383.050,10.192,-78.763,40.547,5096.138,76520.402,19970712_070818
1,KCCX19970714_085527,-56.886,0.086,87.988,423.787,10.930,-79.252,40.359,5464.827,122752.040,19970714_045527
2,KCCX19970714_092452,-27.470,0.103,352.529,416.303,36.367,-77.695,40.399,18183.420,63807.635,19970714_052452
1,KCCX19970715_085548,-57.317,0.128,321.165,130.728,8.178,-77.877,41.685,4089.245,85295.153,19970715_045548
2,KCCX19970715_091526,-37.684,0.124,351.352,419.821,34.667,-77.702,40.383,17333.729,65180.809,19970715_051526
3,KCCX19970715_100429,11.366,0.057,99.978,222.166,16.368,-79.197,41.267,8183.810,107315.785,19970715_060429
1,KCCX19970719_090102,-55.352,0.203,177.637,328.610,6.273,-78.729,40.792,3136.663,62831.431,19970719_050102
1,KCCX19970720_091147,-45.453,0.243,380.212,312.751,12.432,-77.528,40.865,6216.049,40609.348,19970720_051147
3,KCCX19970720_093124,-25.836,0.055,284.940,410.328,28.825,-78.093,40.426,14412.693,55675.362,19970720_053124
4,KCCX19970720_094112,-16.036,0.066,429.598,334.025,24.213,-77.236,40.767,12106.300,66995.139,19970720_054112
1,KCCX19970721_094801,-10.082,0.119,284.271,368.558,6.845,-78.097,40.614,3422.594,35169.750,19970721_054801
2,KCCX19970721_102304,24.968,0.225,154.300,232.543,9.694,-78.873,41.224,4846.804,80279.129,19970721_062304
4,KCCX19970722_105417,55.310,0.068,109.116,422.857,29.416,-79.128,40.364,14707.836,113501.716,19970722_065417
4,KCCX19970722_110008,61.160,0.100,110.334,422.886,35.867,-79.120,40.364,17933.622,112997.906,19970722_070008
4,KCCX19970722_110558,66.993,-1.000,111.368,422.911,42.724,-79.114,40.364,21362.175,112571.290,19970722_070558
4,KCCX19970722_111149,72.843,0.071,116.280,405.032,53.659,-79.087,40.445,26829.713,105811.957,19970722_071149
4,KCCX19970722_111739,78.677,-1.000,119.401,395.416,62.702,-79.069,40.489,31350.942,102127.690,19970722_071739
4,KCCX19970722_112330,84.527,0.053,129.124,403.705,59.897,-79.011,40.452,29948.398,99941.551,19970722_072330
3,KCCX19970722_104236,43.627,0.274,403.452,396.133,20.313,-77.394,40.489,10156.584,70611.281,19970722_064236
3,KCCX19970722_104827,49.477,0.265,407.040,394.742,28.432,-77.373,40.495,14215.856,71472.987,19970722_064827
3,KCCX19970722_105417,55.310,0.256,420.140,394.506,30.042,-77.295,40.495,15021.057,76427.959,19970722_065417
2,KCCX19970722_095551,-3.123,0.062,164.497,352.323,21.757,-78.805,40.685,10878.630,72626.992,19970722_055551
2,KCCX19970722_100142,2.727,0.449,168.102,353.474,27.945,-78.784,40.680,13972.683,71162.850,19970722_060142
1,KCCX19970722_093230,-26.473,0.057,317.545,360.744,29.488,-77.900,40.650,14743.900,31613.346,19970722_053230
5,KCCX19970722_110558,66.993,0.065,123.446,424.839,27.498,-79.043,40.356,13748.793,108115.705,19970722_070558
6,KCCX19970722_111739,78.677,0.151,474.056,399.521,26.547,-76.978,40.470,13273.325,100249.393,19970722_071739
1,KCCX19970723_094601,-13.842,0.060,147.719,272.155,18.361,-78.909,41.045,9180.676,77402.982,19970723_054601
1,KCCX19970724_101009,9.395,0.066,274.212,539.209,15.544,-78.155,39.846,7772.043,120297.426,19970724_061009
2,KCCX19970724_101009,9.395,0.056,424.377,277.992,19.019,-77.265,41.020,9509.663,63154.491,19970724_061009
3,KCCX19970724_102739,26.895,0.119,354.120,226.661,13.434,-77.681,41.253,6716.793,45572.910,19970724_062739
3,KCCX19970724_103330,32.745,-1.000,354.120,226.661,22.735,-77.681,41.253,11367.543,45572.910,19970724_063330
3,KCCX19970724_103921,38.595,0.113,353.353,220.438,17.099,-77.685,41.281,8549.644,47897.640,19970724_063921
5,KCCX19970724_103921,38.595,0.052,418.529,532.946,9.318,-77.311,39.872,4658.863,130683.474,19970724_063921
1,KCCX19970726_094605,-16.493,0.096,371.216,415.357,27.113,-77.584,40.403,13556.442,67784.336,19970726_054605
2,KCCX19970726_104457,42.374,0.058,139.277,263.481,19.204,-78.960,41.084,9602.190,82409.634,19970726_064457
3,KCCX19970726_105446,52.190,0.054,342.861,417.557,39.838,-77.751,40.393,19919.121,62563.532,19970726_065446
4,KCCX19970726_105446,52.190,0.053,150.579,330.926,8.696,-78.889,40.780,4348.150,76293.751,19970726_065446
1,KCCX19970727_090755,-55.584,0.255,298.219,510.582,21.431,-78.014,39.975,10715.347,105294.813,19970727_050755
1,KCCX19970727_091344,-49.767,0.360,297.100,511.256,27.994,-78.021,39.972,13996.775,105637.757,19970727_051344
1,KCCX19970727_091934,-43.934,0.087,295.684,508.467,31.876,-78.029,39.984,15938.203,104255.612,19970727_051934
2,KCCX19970727_090755,-55.584,0.216,110.966,220.400,9.828,-79.132,41.276,4914.120,102555.058,19970727_050755
3,KCCX19970727_093116,-32.234,0.052,383.377,320.412,8.330,-77.510,40.830,4164.841,42919.641,19970727_053116
4,KCCX19970727_100620,2.833,0.125,382.359,305.707,18.628,-77.515,40.896,9314.026,41278.061,19970727_060620
5,KCCX19970727_104123,37.883,0.055,54.670,244.650,23.381,-79.466,41.163,11690.663,125748.056,19970727_064123
6,KCCX19970727_112215,78.749,0.075,210.143,291.468,14.820,-78.538,40.960,7409.840,45130.809,19970727_072215
3,KCCX19970728_105404,49.634,0.419,25.232,228.061,20.660,-79.643,41.235,10330.054,142014.528,19970728_065404
3,KCCX19970728_105954,55.467,0.540,26.926,227.728,27.344,-79.633,41.237,13672.076,141238.063,19970728_065954
3,KCCX19970728_110544,61.300,-1.000,28.365,227.445,34.417,-79.624,41.238,17208.285,140578.781,19970728_070544
3,KCCX19970728_111136,67.167,0.274,39.449,224.713,28.413,-79.558,41.252,14206.718,135605.280,19970728_071136
1,KCCX19970728_093215,-32.183,0.131,191.299,101.637,11.815,-78.658,41.814,5907.658,113096.940,19970728_053215
2,KCCX19970728_104813,43.784,0.075,24.837,111.874,20.040,-79.658,41.758,10019.753,166663.010,19970728_064813
1,KCCX19970729_101645,11.377,0.084,337.419,339.503,19.428,-77.782,40.745,9713.764,27205.969,19970729_061645
1,KCCX19970730_095600,-10.320,0.226,347.451,401.790,31.415,-77.724,40.464,15707.312,56153.414,19970730_055600
4,KCCX19970730_100548,-0.520,0.199,320.830,550.440,7.472,-77.882,39.795,3735.986,125652.423,19970730_060548
5,KCCX19970730_112414,77.913,0.063,341.233,421.679,32.101,-77.761,40.375,16050.432,64237.590,19970730_072414
1,KCCX19970731_095649,-10.457,0.167,361.056,410.163,35.633,-77.644,40.426,17816.406,62975.779,19970731_055649
1,KCCX19970801_091234,-55.667,0.358,166.294,387.446,6.853,-78.793,40.527,3426.315,79881.465,19970801_051234
3,KCCX19970801_095148,-16.433,0.126,287.416,407.517,32.388,-78.078,40.439,16194.000,54125.457,19970801_055148
4,KCCX19970801_100136,-6.633,0.166,378.674,394.903,41.016,-77.540,40.495,20508.053,61636.648,19970801_060136
3,KCCX19970802_101948,10.602,0.084,381.678,80.947,21.573,-77.512,41.908,10786.602,116892.618,19970802_061948
3,KCCX19970802_102539,16.452,0.218,384.447,81.056,28.435,-77.495,41.908,14217.545,117332.633,19970802_062539
3,KCCX19970802_103129,22.285,0.295,394.326,83.407,28.413,-77.436,41.897,14206.736,118120.776,19970802_063129
3,KCCX19970802_103719,28.119,0.713,405.407,86.773,28.756,-77.369,41.881,14378.099,118929.044,19970802_063719
3,KCCX19970802_104310,33.969,0.328,410.939,87.896,29.391,-77.336,41.876,14695.608,119682.256,19970802_064310
3,KCCX19970802_104901,39.819,0.581,416.669,90.329,29.727,-77.301,41.865,14863.487,119972.293,19970802_064901
3,KCCX19970802_105452,45.669,0.776,425.136,91.489,31.605,-77.250,41.859,15802.487,121589.489,19970802_065452
3,KCCX19970802_110044,51.535,0.100,430.027,92.071,34.961,-77.221,41.857,17480.326,122618.579,19970802_070044
6,KCCX19970802_110634,57.369,0.190,382.371,197.612,23.454,-77.512,41.383,11726.776,65704.246,19970802_070634
6,KCCX19970802_111224,63.202,0.062,384.765,198.210,30.375,-77.497,41.380,15187.461,66231.395,19970802_071224
1,KCCX19970802_090939,-59.548,0.320,329.748,562.514,23.022,-77.830,39.741,11511.150,132097.133,19970802_050939
2,KCCX19970802_091530,-53.698,0.134,239.120,141.932,11.296,-78.369,41.634,5648.207,84693.187,19970802_051530
4,KCCX19970802_103719,28.119,0.110,26.328,276.763,40.174,-79.631,41.016,20087.030,137328.141,19970802_063719
5,KCCX19970802_110044,51.535,0.097,209.017,303.509,30.981,-78.544,40.906,15490.635,45525.232,19970802_070044
7,KCCX19970802_111814,69.035,0.080,215.015,374.145,22.130,-78.506,40.588,11064.976,56391.046,19970802_071814
7,KCCX19970802_112404,74.869,0.097,234.398,376.372,19.904,-78.391,40.579,9952.108,50339.284,19970802_072404
1,KCCX19970803_101345,3.583,0.107,389.007,292.563,10.098,-77.475,40.955,5048.901,44658.780,19970803_061345
2,KCCX19970803_101936,9.433,0.092,263.950,224.701,12.218,-78.219,41.262,6108.826,41742.034,19970803_061936
3,KCCX19970803_103116,21.099,0.074,393.299,294.781,13.391,-77.450,40.945,6695.339,46722.563,19970803_063116
4,KCCX19970803_103708,26.966,0.080,288.660,234.119,20.946,-78.072,41.220,10472.904,33425.035,19970803_063708
5,KCCX19970803_104849,38.649,0.100,308.459,242.967,18.917,-77.953,41.180,9458.317,28828.207,19970803_064849
6,KCCX19970803_112352,73.699,0.094,163.809,308.561,23.757,-78.812,40.882,11878.738,68229.670,19970803_072352
1,KCCX19970804_093352,-37.274,0.080,391.711,206.260,25.088,-77.456,41.344,12544.083,65570.817,19970804_053352
1,KCCX19970804_093943,-31.424,0.188,393.863,206.773,30.630,-77.443,41.341,15315.078,66146.968,19970804_053943
4,KCCX19970804_095715,-13.891,0.259,154.578,306.821,24.149,-78.867,40.889,12074.484,72790.712,19970804_055715
4,KCCX19970804_100306,-8.041,0.102,157.046,308.329,31.652,-78.852,40.882,15825.979,71598.237,19970804_060306
6,KCCX19970804_102629,15.342,0.392,236.453,396.121,16.638,-78.379,40.490,8319.105,57614.011,19970804_062629
6,KCCX19970804_103219,21.176,-1.000,236.453,396.121,25.913,-78.379,40.490,12956.605,57614.011,19970804_063219
6,KCCX19970804_103811,27.042,0.057,237.095,412.465,32.473,-78.374,40.416,16236.469,64430.980,19970804_063811
10,KCCX19970804_105541,44.542,0.058,280.738,414.771,20.616,-78.117,40.406,10307.938,58188.060,19970804_065541
10,KCCX19970804_110132,50.392,0.086,279.816,415.766,30.309,-78.123,40.402,15154.395,58756.075,19970804_070132
11,KCCX19970804_110132,50.392,0.082,251.116,458.566,15.894,-78.291,40.209,7947.198,82965.051,19970804_070132
11,KCCX19970804_110722,56.226,0.080,254.291,458.829,22.360,-78.272,40.208,11179.936,82637.613,19970804_070722
11,KCCX19970804_111312,62.059,0.109,266.663,462.458,17.942,-78.200,40.191,8971.130,82921.399,19970804_071312
2,KCCX19970804_093352,-37.274,0.076,119.991,293.946,24.522,-79.073,40.945,12261.087,90055.567,19970804_053352
3,KCCX19970804_095124,-19.741,0.389,146.998,303.980,27.038,-78.912,40.902,13519.244,76527.087,19970804_055124
5,KCCX19970804_100306,-8.041,0.144,199.681,383.038,12.520,-78.596,40.548,6260.063,65113.590,19970804_060306
7,KCCX19970804_102629,15.342,0.066,205.044,317.739,25.344,-78.567,40.842,12671.814,48299.219,19970804_062629
9,KCCX19970804_104401,32.876,0.074,218.200,439.270,19.548,-78.485,40.295,9774.023,80757.797,19970804_064401
1,KCCX19970807_100450,-9.249,0.050,374.185,285.286,8.366,-77.563,40.988,4183.052,37814.983,19970807_060450
1,KCCX19970807_101041,-3.399,0.057,375.133,286.427,16.814,-77.557,40.983,8406.977,38174.607,19970807_061041
2,KCCX19970807_101041,-3.399,0.085,323.842,539.924,16.111,-77.865,39.843,8055.565,120552.760,19970807_061041
2,KCCX19970807_101632,2.451,-1.000,323.842,539.924,25.413,-77.865,39.843,12706.315,120552.760,19970807_061632
2,KCCX19970807_102222,8.284,0.062,325.730,539.506,18.595,-77.854,39.845,9297.438,120442.034,19970807_062222
1,KCCX19970808_093105,-43.985,0.053,378.166,311.391,12.104,-77.540,40.871,6052.002,39495.676,19970808_053105
2,KCCX19970808_095041,-24.385,0.052,239.446,240.004,8.399,-78.365,41.193,4199.587,42621.108,19970808_055041
3,KCCX19970808_101018,-4.768,0.691,370.994,412.342,36.589,-77.586,40.416,18294.313,66447.118,19970808_061018
5,KCCX19970808_110908,54.065,0.071,356.430,404.416,41.677,-77.671,40.452,20838.497,59344.315,19970808_070908
2,KCCX19970809_101559,-0.072,0.470,376.455,394.755,41.561,-77.553,40.496,20780.663,60876.732,19970809_061559
2,KCCX19970809_102547,9.728,0.058,374.964,397.219,55.554,-77.562,40.484,27777.122,61382.075,19970809_062547
1,KCCX19970809_094633,-29.506,0.066,348.260,408.917,35.176,-77.720,40.432,17587.782,59564.954,19970809_054633
4,KCCX19970809_102547,9.728,0.250,413.282,515.661,32.261,-77.341,39.950,16130.291,121801.808,19970809_062547
5,KCCX19970809_111449,58.761,0.071,522.855,473.061,38.460,-76.696,40.136,19229.984,141080.007,19970809_071449
1,KCCX19970811_113254,74.864,0.152,372.194,310.909,6.867,-77.576,40.873,3433.647,36506.823,19970811_073254
1,KCCX19970812_092904,-49.961,0.505,160.781,338.842,18.103,-78.828,40.745,9051.472,72267.736,19970812_052904
1,KCCX19970812_093455,-44.111,0.188,161.202,337.743,26.485,-78.826,40.750,13242.432,71918.952,19970812_053455
1,KCCX19970812_094045,-38.278,0.179,165.225,336.230,27.398,-78.802,40.757,13699.026,69779.924,19970812_054045
1,KCCX19970812_094635,-32.444,0.078,175.516,338.598,21.909,-78.741,40.747,10954.573,65165.408,19970812_054635
6,KCCX19970812_100959,-9.044,0.096,363.582,223.574,6.668,-77.625,41.267,3333.954,49708.122,19970812_060959
6,KCCX19970812_101549,-3.211,0.208,365.010,223.002,14.424,-77.616,41.269,7211.948,50386.111,19970812_061549
6,KCCX19970812_102139,2.622,0.072,370.555,219.661,20.554,-77.583,41.284,10277.081,53461.400,19970812_062139
9,KCCX19970812_101549,-3.211,0.300,270.359,113.181,30.884,-78.182,41.764,15442.041,94577.680,19970812_061549
9,KCCX19970812_102139,2.622,0.086,272.257,113.577,36.995,-78.171,41.762,18497.297,94237.804,19970812_062139
14,KCCX19970812_110233,43.522,0.066,351.928,310.136,5.656,-77.696,40.877,2828.182,26453.982,19970812_070233
14,KCCX19970812_110824,49.372,0.411,352.738,310.712,13.838,-77.691,40.874,6919.231,26907.217,19970812_070824
16,KCCX19970812_111415,55.222,0.132,338.308,396.874,31.970,-77.778,40.487,15985.128,52086.826,19970812_071415
16,KCCX19970812_112006,61.072,0.146,339.444,394.879,37.431,-77.771,40.496,18715.402,51375.787,19970812_072006
3,KCCX19970812_094635,-32.444,0.053,455.393,132.755,41.058,-77.071,41.672,20529.243,114146.665,19970812_054635
4,KCCX19970812_100408,-14.894,0.081,357.393,110.202,30.606,-77.659,41.777,15302.864,99142.692,19970812_060408
5,KCCX19970812_100408,-14.894,0.053,275.783,293.425,10.950,-78.148,40.953,5474.949,12546.667,19970812_060408
7,KCCX19970812_100959,-9.044,0.088,283.993,357.247,11.789,-78.099,40.665,5894.499,29721.404,19970812_060959
13,KCCX19970812_110233,43.522,0.095,353.800,115.307,38.552,-77.680,41.754,19276.199,96184.628,19970812_070233
15,KCCX19970812_110824,49.372,0.087,227.114,419.568,12.359,-78.433,40.384,6179.716,70015.918,19970812_070824
17,KCCX19970812_113736,78.572,0.059,243.489,520.449,24.161,-78.334,39.930,12080.379,113788.564,19970812_073736
7,KCCX19970813_110906,49.080,0.497,283.704,443.511,28.497,-78.100,40.277,14248.472,72216.683,19970813_070906
7,KCCX19970813_111409,54.130,0.074,285.170,442.813,34.663,-78.091,40.280,17331.306,71790.469,19970813_071409
7,KCCX19970813_111912,59.180,0.061,306.254,441.422,27.380,-77.967,40.286,13690.187,70779.921,19970813_071912
13,KCCX19970813_113919,79.297,0.051,339.549,326.004,14.771,-77.770,40.806,7385.723,23665.841,19970813_073919
13,KCCX19970813_114420,84.313,0.052,341.973,325.323,20.756,-77.755,40.809,10377.965,24510.146,19970813_074420
14,KCCX19970813_114420,84.313,0.532,146.589,303.264,23.650,-78.914,40.905,11825.153,76722.760,19970813_074420
14,KCCX19970813_114924,89.380,0.079,147.843,303.074,30.999,-78.907,40.906,15499.333,76094.214,19970813_074924
15,KCCX19970813_114420,84.313,0.110,307.124,140.941,24.140,-77.961,41.639,12070.244,79609.328,19970813_074420
15,KCCX19970813_114924,89.380,0.065,308.779,140.555,30.321,-77.951,41.641,15160.313,79843.271,19970813_074924
1,KCCX19970813_092820,-51.687,0.149,234.437,373.808,17.491,-78.391,40.590,8745.434,49361.100,19970813_052820
2,KCCX19970813_094325,-36.603,0.145,312.231,261.292,27.915,-77.931,41.097,13957.455,20297.062,19970813_054325
3,KCCX19970813_094325,-36.603,0.050,252.560,373.973,24.756,-78.284,40.590,12377.941,43939.257,19970813_054325
3,KCCX19970813_094829,-31.537,-1.000,252.560,373.973,32.812,-78.284,40.590,16405.941,43939.257,19970813_054829
3,KCCX19970813_095332,-26.487,0.062,262.030,372.047,28.650,-78.228,40.598,14324.818,40720.192,19970813_055332
5,KCCX19970813_102847,8.763,0.060,144.386,102.298,25.954,-78.940,41.809,12977.105,125799.282,19970813_062847
6,KCCX19970813_105901,38.997,0.064,147.480,358.449,2.831,-78.906,40.656,1415.359,81668.124,19970813_065901
8,KCCX19970813_110906,49.080,0.063,167.323,356.175,3.267,-78.788,40.667,1633.722,72039.686,19970813_070906
9,KCCX19970813_111912,59.180,0.081,205.050,298.224,23.013,-78.568,40.930,11506.392,47483.436,19970813_071912
11,KCCX19970813_112414,64.213,0.160,310.996,331.647,15.438,-77.939,40.781,7718.761,16751.509,19970813_072414
12,KCCX19970813_112414,64.213,0.129,374.801,295.536,14.167,-77.560,40.942,7083.401,37467.183,19970813_072414
1,KCCX19970814_100936,-11.413,0.096,288.225,384.549,8.795,-78.073,40.542,4397.387,42682.542,19970814_060936
1,KCCX19970814_101437,-6.396,0.129,285.581,385.780,16.868,-78.089,40.537,8434.133,43491.829,19970814_061437
1,KCCX19970814_101939,-1.363,0.289,274.691,389.716,22.987,-78.153,40.519,11493.479,46608.656,19970814_061939
3,KCCX19970814_102943,8.704,0.076,443.285,244.188,14.215,-77.150,41.171,7107.334,76885.541,19970814_062943
3,KCCX19970814_103445,13.737,0.069,443.280,243.897,20.553,-77.150,41.172,10276.655,76936.378,19970814_063445
2,KCCX19970814_101939,-1.363,0.051,211.989,475.764,17.246,-78.520,40.130,8622.801,98283.987,19970814_061939
1,KCCX19970827_104908,15.219,0.114,352.615,310.064,10.076,-77.692,40.877,5038.193,26784.320,19970827_064908
2,KCCX19970828_103243,-2.188,0.064,340.929,318.105,4.090,-77.761,40.841,2044.762,22377.312,19970828_063243
2,KCCX19970828_103744,2.829,-1.000,340.929,318.105,12.066,-77.761,40.841,6033.012,22377.312,19970828_063744
2,KCCX19970828_104246,7.862,0.200,347.330,317.309,15.152,-77.723,40.845,7575.796,25198.097,19970828_064246
2,KCCX19970828_104751,12.945,0.662,351.826,324.600,17.052,-77.697,40.812,8526.226,28684.019,19970828_064751
2,KCCX19970828_105251,17.945,0.289,359.548,331.166,23.265,-77.651,40.782,11632.303,33605.297,19970828_065251
3,KCCX19970828_112804,53.162,0.086,31.622,374.810,30.925,-79.589,40.575,15462.697,139304.953,19970828_072804
4,KCCX19970828_114814,73.329,0.068,21.796,219.348,21.020,-79.664,41.274,10509.899,144829.366,19970828_074814
5,KCCX19970907_102106,-23.675,0.078,275.763,157.888,9.095,-78.149,41.563,4547.642,72082.124,19970907_062106
5,KCCX19970907_102657,-17.825,0.093,275.237,158.629,19.064,-78.152,41.559,9532.069,71761.671,19970907_062657
5,KCCX19970907_103247,-11.992,0.078,278.985,162.523,24.206,-78.130,41.542,12102.999,69536.936,19970907_063247
4,KCCX19970907_100334,-41.209,0.088,221.945,205.129,23.518,-78.470,41.349,11759.068,61427.022,19970907_060334
4,KCCX19970907_100925,-35.359,-1.000,221.945,205.129,32.820,-78.470,41.349,16409.818,61427.022,19970907_060925
4,KCCX19970907_101515,-29.525,0.098,231.056,205.546,33.137,-78.416,41.348,16568.650,58469.662,19970907_061515
6,KCCX19970907_102657,-17.825,0.165,268.333,223.643,16.636,-78.193,41.267,8317.814,41331.531,19970907_062657
6,KCCX19970907_103247,-11.992,0.266,269.569,224.940,24.024,-78.185,41.261,12011.752,40497.149,19970907_063247
13,KCCX19970907_114847,64.008,0.051,332.662,186.206,11.810,-77.808,41.435,5905.079,59194.646,19970907_074847
13,KCCX19970907_115440,69.891,0.090,336.019,186.681,18.380,-77.788,41.433,9189.794,59452.993,19970907_075440
1,KCCX19970907_095153,-52.892,0.494,166.407,126.605,21.472,-78.806,41.701,10736.101,109445.027,19970907_055153
2,KCCX19970907_095153,-52.892,0.110,196.187,200.927,22.718,-78.624,41.367,11358.858,71750.476,19970907_055153
8,KCCX19970907_104428,-0.309,0.085,310.285,165.097,20.204,-77.942,41.530,10101.833,67647.182,19970907_064428
8,KCCX19970907_105018,5.525,-1.000,310.285,165.097,29.479,-77.942,41.530,14739.333,67647.182,19970907_065018
8,KCCX19970907_105609,11.375,0.071,325.006,172.831,23.651,-77.854,41.495,11825.474,64802.050,19970907_065609
10,KCCX19970907_111340,28.891,0.556,257.317,167.078,16.660,-78.260,41.521,8330.130,69803.556,19970907_071340
12,KCCX19970907_112521,40.575,0.156,374.824,238.521,12.613,-77.558,41.199,6306.519,48420.793,19970907_072521
14,KCCX19970907_120620,81.558,0.050,356.834,187.818,18.649,-77.664,41.428,9324.707,62878.839,19970907_080620
1,KCCX19970913_104040,-10.010,0.958,498.831,295.144,14.947,-76.823,40.939,7473.728,99444.901,19970913_064040
1,KCCX19970913_105028,-0.210,0.985,505.028,301.261,22.377,-76.787,40.911,11188.485,102515.754,19970913_065028
1,KCCX19970913_110017,9.607,0.983,508.146,303.862,32.665,-76.769,40.899,16332.342,104091.042,19970913_070017
1,KCCX19970913_111005,19.407,0.936,513.947,313.120,38.448,-76.735,40.857,19224.233,107174.316,19970913_071005
1,KCCX19970913_111954,29.223,0.511,522.417,320.825,47.482,-76.686,40.822,23741.248,111695.097,19970913_071954
2,KCCX19970913_110017,9.607,0.742,497.779,430.298,27.955,-76.840,40.330,13977.743,118420.770,19970913_070017
2,KCCX19970913_111005,19.407,0.483,501.384,431.461,36.455,-76.819,40.325,18227.376,120247.282,19970913_071005
2,KCCX19970913_111954,29.223,0.081,507.043,435.093,41.658,-76.786,40.308,20829.190,123609.242,19970913_071954
3,KCCX19970913_110017,9.607,0.538,508.641,356.440,19.795,-76.770,40.662,9897.480,108070.123,19970913_070017
3,KCCX19970913_111005,19.407,0.228,509.548,359.662,33.579,-76.765,40.648,16789.707,108937.880,19970913_071005
5,KCCX19970913_110017,9.607,0.079,154.052,277.553,21.657,-78.872,41.021,10828.411,73831.843,19970913_070017
5,KCCX19970913_111005,19.407,0.195,159.300,281.099,28.074,-78.840,41.005,14036.847,70981.864,19970913_071005
5,KCCX19970913_111954,29.223,-1.000,164.248,284.442,35.041,-78.811,40.990,17520.655,68320.455,19970913_071954
5,KCCX19970913_112944,39.057,0.246,176.993,293.383,23.490,-78.734,40.951,11744.766,61592.519,19970913_072944
5,KCCX19970913_113934,48.890,0.353,185.635,299.372,29.298,-78.683,40.924,14649.132,57183.201,19970913_073934
5,KCCX19970913_114924,58.723,0.073,196.295,305.549,20.637,-78.619,40.896,10318.619,51926.651,19970913_074924
8,KCCX19970913_111954,29.223,0.057,283.915,109.472,30.080,-78.101,41.781,15040.176,95602.758,19970913_071954
8,KCCX19970913_112944,39.057,0.187,289.617,112.623,37.653,-78.066,41.767,18826.530,93832.320,19970913_072944
6,KCCX19970913_111005,19.407,0.277,346.970,305.752,27.017,-77.725,40.897,13508.503,23660.665,19970913_071005
10,KCCX19970913_114924,58.723,0.166,206.228,228.527,26.655,-78.563,41.243,13327.610,58952.666,19970913_074924
10,KCCX19970913_115915,68.573,0.108,219.105,237.013,23.443,-78.486,41.206,11721.695,51262.428,19970913_075915
2,KCCX19970914_104647,-4.877,0.942,492.821,297.007,17.136,-76.859,40.931,8568.130,96421.950,19970914_064647
2,KCCX19970914_105635,4.923,0.960,491.286,296.544,24.219,-76.868,40.933,12109.344,95658.382,19970914_065635
2,KCCX19970914_110623,14.723,0.972,490.872,298.000,29.479,-76.871,40.926,14739.604,95441.338,19970914_070623
2,KCCX19970914_111612,24.540,0.966,489.184,299.996,37.229,-76.881,40.918,18614.618,94592.138,19970914_071612
2,KCCX19970914_112600,34.340,0.914,494.730,305.869,46.742,-76.849,40.891,23371.175,97409.012,19970914_072600
2,KCCX19970914_113549,44.156,0.832,493.542,308.521,52.800,-76.856,40.879,26400.038,96864.621,19970914_073549
2,KCCX19970914_114537,53.956,0.879,488.268,308.532,55.966,-76.887,40.879,27983.208,94230.795,19970914_074537
3,KCCX19970914_105635,4.923,0.896,542.328,490.718,18.309,-76.584,40.056,9154.523,154188.203,19970914_065635
3,KCCX19970914_110623,14.723,0.774,545.031,493.366,24.742,-76.568,40.043,12370.926,156069.195,19970914_070623
3,KCCX19970914_111612,24.540,0.827,548.341,492.752,23.495,-76.549,40.046,11747.608,157183.473,19970914_071612
3,KCCX19970914_112600,34.340,0.816,545.714,490.024,24.806,-76.564,40.058,12403.206,155310.030,19970914_072600
3,KCCX19970914_113549,44.156,0.675,543.133,485.789,21.825,-76.579,40.078,10912.609,152996.026,19970914_073549
4,KCCX19970914_105635,4.923,0.672,484.005,424.202,19.798,-76.921,40.359,9899.002,110999.843,19970914_065635
4,KCCX19970914_110623,14.723,0.928,483.411,426.495,28.080,-76.924,40.348,14040.202,111400.852,19970914_070623
4,KCCX19970914_111612,24.540,0.723,486.518,430.370,34.152,-76.906,40.331,17075.946,113781.914,19970914_071612
4,KCCX19970914_112600,34.340,0.378,490.492,429.194,36.917,-76.883,40.336,18458.474,115085.051,19970914_072600
5,KCCX19970914_105635,4.923,0.336,495.818,349.393,16.122,-76.845,40.695,8061.092,100975.577,19970914_065635
5,KCCX19970914_110623,14.723,0.632,496.952,353.590,26.738,-76.839,40.676,13369.213,102056.341,19970914_070623
5,KCCX19970914_111612,24.540,0.299,499.721,359.893,29.740,-76.823,40.647,14869.819,104254.059,19970914_071612
1,KCCX19970914_102709,-24.510,0.070,27.664,430.488,41.628,-79.606,40.324,20814.114,150991.647,19970914_062709
1,KCCX19970915_112215,29.605,0.751,509.963,304.819,35.792,-76.758,40.895,17896.053,105009.089,19970915_072215
2,KCCX19970915_112215,29.605,0.685,543.764,486.584,21.616,-76.575,40.074,10807.950,153488.250,19970915_072215
3,KCCX19970915_112215,29.605,0.196,496.322,423.172,35.526,-76.848,40.363,17762.926,115880.961,19970915_072215
4,KCCX19970915_113203,39.405,0.085,53.313,365.264,9.266,-79.462,40.620,4632.863,127587.190,19970915_073203
2,KCCX19970916_110055,7.286,0.979,537.007,497.004,25.889,-76.616,40.028,12944.383,154096.257,19970916_070055
2,KCCX19970916_111043,17.086,0.969,537.298,500.172,30.418,-76.614,40.013,15209.066,155225.035,19970916_071043
2,KCCX19970916_112034,26.936,0.960,535.892,498.170,35.569,-76.622,40.022,17784.526,154042.615,19970916_072034
2,KCCX19970916_113025,36.786,0.935,536.412,503.373,42.047,-76.620,39.999,21023.682,155925.816,19970916_073025
2,KCCX19970916_114013,46.586,0.835,528.725,501.846,42.961,-76.665,40.006,21480.420,152526.225,19970916_074013
2,KCCX19970916_115001,56.386,0.160,524.879,494.492,41.454,-76.686,40.040,20726.862,148658.715,19970916_075001
1,KCCX19970916_105107,-2.514,0.949,493.620,298.259,17.340,-76.855,40.925,8670.017,96814.001,19970916_065107
1,KCCX19970916_110055,7.286,0.980,497.565,303.750,25.525,-76.832,40.900,12762.476,98800.501,19970916_070055
1,KCCX19970916_111043,17.086,0.925,498.880,307.095,31.598,-76.824,40.885,15799.233,99503.251,19970916_071043
1,KCCX19970916_112034,26.936,0.671,501.063,309.015,36.728,-76.811,40.876,18363.814,100632.463,19970916_072034
3,KCCX19970916_111043,17.086,0.715,475.853,426.497,20.727,-76.969,40.349,10363.638,108311.900,19970916_071043
3,KCCX19970916_112034,26.936,0.596,481.443,429.522,31.154,-76.936,40.335,15577.139,111464.402,19970916_072034
3,KCCX19970916_113025,36.786,0.776,485.635,432.083,34.131,-76.912,40.323,17065.504,113914.668,19970916_073025
3,KCCX19970916_114013,46.586,0.206,484.996,428.505,33.526,-76.915,40.339,16763.131,112624.386,19970916_074013
7,KCCX19970918_111626,20.828,0.703,525.354,496.673,20.677,-76.684,40.030,10338.333,149553.162,19970918_071626
7,KCCX19970918_112614,30.628,0.697,525.422,500.016,26.900,-76.684,40.015,13449.978,150683.083,19970918_072614
7,KCCX19970918_113603,40.445,0.717,527.612,500.305,26.739,-76.671,40.013,13369.377,151599.187,19970918_073603
7,KCCX19970918_114554,50.295,0.427,527.712,504.223,32.096,-76.671,39.996,16048.161,152937.696,19970918_074554
7,KCCX19970918_115543,60.112,0.552,528.641,498.669,34.035,-76.665,40.021,17017.396,151448.364,19970918_075543
4,KCCX19970918_104659,-8.622,0.548,490.612,294.689,13.497,-76.872,40.941,6748.749,95342.947,19970918_064659
4,KCCX19970918_105649,1.212,0.886,490.190,301.089,21.989,-76.875,40.913,10994.445,95096.783,19970918_065649
4,KCCX19970918_110638,11.028,0.866,486.854,304.300,24.322,-76.895,40.898,12161.228,93451.901,19970918_070638
4,KCCX19970918_111626,20.828,0.624,488.873,305.705,31.435,-76.883,40.892,15717.301,94479.722,19970918_071626
5,KCCX19970918_105649,1.212,0.875,468.727,417.777,14.542,-77.010,40.388,7271.170,102883.594,19970918_065649
5,KCCX19970918_110638,11.028,0.213,472.974,420.546,25.359,-76.985,40.376,12679.330,105417.560,19970918_070638
5,KCCX19970918_111626,20.828,0.309,479.936,420.086,25.572,-76.944,40.377,12786.065,108163.644,19970918_071626
5,KCCX19970918_112614,30.628,0.113,480.829,420.935,28.375,-76.939,40.374,14187.278,108770.775,19970918_072614
1,KCCX19970918_095641,-58.922,0.168,89.406,425.633,10.181,-79.243,40.351,5090.745,122610.668,19970918_055641
1,KCCX19970918_100142,-53.905,0.088,89.204,425.866,16.786,-79.245,40.350,8393.113,122757.007,19970918_060142
3,KCCX19970918_100142,-53.905,0.078,106.894,457.563,11.298,-79.138,40.208,5648.793,124615.352,19970918_060142
1,KCCX19970919_111650,20.238,0.851,550.396,472.425,30.811,-76.535,40.137,15405.410,152010.357,19970919_071650
1,KCCX19970919_112638,30.038,0.264,550.236,471.424,42.153,-76.536,40.142,21076.290,151660.808,19970919_072638
1,KCCX19970919_113626,39.838,0.220,545.621,467.337,35.486,-76.562,40.161,17742.798,148602.866,19970919_073626
1,KCCX19970920_100833,-49.037,0.301,211.471,266.628,12.293,-78.531,41.072,6146.547,47304.985,19970920_060833
2,KCCX19970920_100833,-49.037,0.132,312.470,344.902,6.630,-77.930,40.721,3315.199,23300.529,19970920_060833
3,KCCX19970920_113614,38.647,0.133,159.395,224.806,22.787,-78.843,41.259,11393.677,79724.266,19970920_073614
1,KCCX19970921_105400,-4.581,0.375,498.260,301.292,18.143,-76.827,40.911,9071.270,99132.323,19970921_065400
1,KCCX19970921_110348,5.219,0.374,497.834,302.145,25.328,-76.830,40.907,12663.870,98922.654,19970921_070348
2,KCCX19970921_110348,5.219,0.100,357.240,419.207,34.711,-77.667,40.386,17355.253,66118.673,19970921_070348
1,KCCX19970922_103951,-19.728,0.417,261.273,128.424,9.617,-78.236,41.695,4808.697,87946.023,19970922_063951
1,KCCX19970923_102517,-35.294,0.121,24.691,381.499,23.132,-79.629,40.545,11566.107,143559.213,19970923_062517
1,KCCX19970923_103107,-29.460,0.061,27.804,380.451,30.930,-79.611,40.550,15465.161,141918.098,19970923_063107
5,KCCX19970923_104912,-11.377,0.438,365.501,246.734,26.628,-77.614,41.162,13313.789,42212.699,19970923_064912
5,KCCX19970923_105502,-5.544,0.169,369.092,244.788,35.177,-77.592,41.171,17588.744,44221.333,19970923_065502
2,KCCX19970923_102517,-35.294,0.088,455.001,509.369,13.828,-77.097,39.977,6913.759,130250.525,19970923_062517
3,KCCX19970923_102517,-35.294,0.051,359.036,163.770,45.825,-77.650,41.536,22912.529,74236.019,19970923_062517
3,KCCX19970923_103107,-29.460,-1.000,359.036,163.770,55.100,-77.650,41.536,27550.029,74236.019,19970923_063107
3,KCCX19970923_103731,-23.060,0.130,369.426,172.653,9.221,-77.588,41.496,4610.306,72521.052,19970923_063731
6,KCCX19970923_114146,41.190,0.426,168.940,77.586,22.147,-78.794,41.922,11073.502,129078.233,19970923_074146
7,KCCX19970923_115327,52.873,0.147,513.095,350.551,16.800,-76.743,40.689,8400.013,109504.374,19970923_075327
8,KCCX19970923_115918,58.723,0.074,69.748,427.406,31.047,-79.359,40.341,15523.441,131575.385,19970923_075918
9,KCCX19970923_115918,58.723,0.059,532.717,475.725,16.495,-76.639,40.124,8247.368,145805.265,19970923_075918
10,KCCX19970923_121649,76.240,0.306,505.972,333.957,17.364,-76.784,40.764,8682.161,104376.292,19970923_081649
1,KCCX19970925_110338,1.049,0.906,509.030,277.498,21.230,-76.761,41.018,10614.803,105118.615,19970925_070338
1,KCCX19970925_110928,6.882,0.765,511.133,276.643,26.012,-76.749,41.021,13006.023,106210.704,19970925_070928
1,KCCX19970925_111520,12.749,0.861,512.350,275.537,26.388,-76.741,41.026,13194.016,106877.078,19970925_071520
1,KCCX19970925_112110,18.582,0.803,517.037,272.664,31.750,-76.713,41.039,15874.767,109375.952,19970925_072110
1,KCCX19970925_112702,24.449,0.365,522.152,267.004,37.183,-76.682,41.064,18591.337,112294.394,19970925_072702
3,KCCX19970925_110338,1.049,0.069,161.367,359.497,5.377,-78.823,40.652,2688.534,75430.500,19970925_070338
3,KCCX19970926_105515,-8.343,0.664,476.459,425.519,12.615,-76.965,40.353,6307.337,108273.860,19970926_065515
3,KCCX19970926_110105,-2.510,0.911,480.372,431.943,18.554,-76.943,40.324,9277.042,111739.393,19970926_070105
3,KCCX19970926_110655,3.324,0.956,483.224,439.276,24.751,-76.926,40.291,12375.602,115074.717,19970926_070655
3,KCCX19970926_111245,9.157,0.822,485.559,441.701,25.109,-76.913,40.280,12554.705,116738.197,19970926_071245
3,KCCX19970926_111835,14.990,0.702,484.436,442.471,27.153,-76.920,40.276,13576.311,116527.462,19970926_071835
4,KCCX19970926_105515,-8.343,0.092,497.281,298.155,13.995,-76.833,40.925,6997.318,98645.030,19970926_065515
4,KCCX19970926_110105,-2.510,0.288,501.282,299.148,22.933,-76.809,40.921,11466.462,100641.922,19970926_070105
4,KCCX19970926_110655,3.324,0.131,508.336,297.504,26.418,-76.767,40.928,13209.016,104175.540,19970926_070655
5,KCCX19970926_110105,-2.510,0.107,545.480,499.355,11.501,-76.566,40.016,5750.278,158116.021,19970926_070105
5,KCCX19970926_110655,3.324,0.168,544.767,499.901,18.996,-76.570,40.014,9497.890,158012.236,19970926_070655
5,KCCX19970926_111245,9.157,0.170,545.505,504.817,21.441,-76.567,39.992,10720.641,159861.322,19970926_071245
1,KCCX19970926_100831,-55.076,0.051,204.630,414.942,4.796,-78.566,40.404,2397.787,74677.782,19970926_060831
2,KCCX19970926_104923,-14.210,0.051,338.337,410.569,33.301,-77.778,40.425,16650.627,58513.300,19970926_064923
2,KCCX19970927_110253,-1.722,0.824,542.720,492.331,20.196,-76.582,40.048,10097.946,154841.831,19970927_070253
2,KCCX19970927_111242,8.095,0.976,543.804,492.592,29.789,-76.575,40.047,14894.261,155347.847,19970927_071242
2,KCCX19970927_112230,17.895,0.965,544.912,493.506,36.307,-76.569,40.043,18153.706,156066.095,19970927_072230
2,KCCX19970927_113220,27.728,0.918,545.274,492.039,40.314,-76.567,40.049,20157.137,155754.609,19970927_073220
2,KCCX19970927_114210,37.562,0.164,539.599,482.064,40.209,-76.599,40.095,20104.505,150461.840,19970927_074210
1,KCCX19970927_105305,-11.522,0.847,485.514,293.082,14.159,-76.902,40.949,7079.609,92821.701,19970927_065305
1,KCCX19970927_110253,-1.722,0.963,487.719,293.682,21.347,-76.889,40.946,10673.401,93912.444,19970927_070253
1,KCCX19970927_111242,8.095,0.905,488.037,292.996,24.997,-76.887,40.949,12498.444,94083.452,19970927_071242
1,KCCX19970927_112230,17.895,0.067,493.587,296.164,35.291,-76.855,40.935,17645.409,96812.653,19970927_072230
3,KCCX19970927_112230,17.895,0.299,491.046,412.320,29.320,-76.878,40.412,14660.025,110808.610,19970927_072230
4,KCCX19971002_111456,5.215,0.062,495.373,297.375,17.646,-76.844,40.929,8823.044,97695.337,19971002_071456
4,KCCX19971002_112444,15.015,-1.000,495.373,297.375,33.228,-76.844,40.929,16614.044,97695.337,19971002_072444
4,KCCX19971002_113432,24.815,-1.000,495.373,297.375,48.810,-76.844,40.929,24405.044,97695.337,19971002_073432
4,KCCX19971002_114422,34.648,0.054,518.588,315.753,58.876,-76.708,40.845,29438.011,109577.668,19971002_074422
1,KCCX19971002_102549,-43.902,0.176,265.964,523.701,9.853,-78.203,39.916,4926.650,113137.872,19971002_062549
2,KCCX19971002_102549,-43.902,0.129,179.767,69.582,11.004,-78.729,41.958,5501.772,129950.465,19971002_062549
1,KCCX19971003_112424,13.647,0.130,41.159,223.777,33.786,-79.548,41.256,16893.147,134915.303,19971003_072424
2,KCCX19971003_115334,42.814,0.177,23.499,492.908,32.510,-79.624,40.043,16254.898,168572.112,19971003_075334
1,KCCX19971004_110407,-7.675,0.066,386.154,321.107,8.600,-77.493,40.827,4300.022,44351.103,19971004_070407
1,KCCX19971005_101508,-57.701,0.618,393.963,271.879,10.165,-77.445,41.048,5082.520,49040.334,19971005_061508
1,KCCX19971005_102058,-51.868,0.119,393.906,270.511,19.233,-77.445,41.054,9616.597,49213.705,19971005_062058
4,KCCX19971005_101508,-57.701,0.076,59.315,289.037,8.493,-79.434,40.964,4246.465,120467.121,19971005_061508
5,KCCX19971005_110742,-5.134,0.150,390.065,293.061,8.266,-77.469,40.953,4132.763,45165.956,19971005_070742
6,KCCX19971005_110742,-5.134,0.114,28.268,378.244,30.687,-79.608,40.560,15343.534,141386.134,19971005_070742
7,KCCX19971005_111332,0.699,0.105,240.869,295.342,16.940,-78.355,40.943,8469.769,29657.278,19971005_071332
8,KCCX19971005_113657,24.116,0.097,96.933,381.580,22.045,-79.203,40.549,11022.324,109420.557,19971005_073657
9,KCCX19971005_113657,24.116,0.077,377.743,300.632,3.898,-77.542,40.919,1949.074,38872.591,19971005_073657
1,KCCX19971006_102417,-49.598,0.082,386.900,290.744,8.262,-77.488,40.964,4130.928,43695.976,19971006_062417
2,KCCX19971006_111322,-0.515,0.090,356.666,414.891,30.839,-77.670,40.405,15419.638,64052.633,19971006_071322
1,KCCX19971007_104044,-34.199,0.289,402.782,64.410,13.301,-77.384,41.982,6650.509,128517.306,19971007_064044
1,KCCX19971007_105034,-24.366,0.149,413.788,68.695,21.744,-77.318,41.962,10871.896,128889.525,19971007_065034
1,KCCX19971009_103845,-38.299,0.482,184.140,72.558,9.885,-78.702,41.945,4942.434,127625.943,19971009_063845
1,KCCX19971011_110356,-15.250,0.168,485.330,294.607,9.102,-76.903,40.942,4550.896,92704.259,19971011_070356
1,KCCX19971011_110947,-9.400,0.901,484.054,297.166,16.070,-76.911,40.931,8035.207,92038.046,19971011_070947
1,KCCX19971011_111538,-3.550,0.926,480.357,300.376,20.195,-76.933,40.916,10097.316,90178.505,19971011_071538
1,KCCX19971011_112128,2.284,0.934,479.713,302.692,28.062,-76.937,40.906,14031.234,89866.556,19971011_072128
1,KCCX19971011_112720,8.150,0.907,476.854,307.650,32.289,-76.955,40.884,16144.664,88509.607,19971011_072720
1,KCCX19971011_113310,13.984,0.893,476.383,310.375,33.038,-76.958,40.872,16519.035,88343.999,19971011_073310
1,KCCX19971011_113901,19.834,0.919,475.482,315.333,40.197,-76.963,40.849,20098.438,88075.407,19971011_073901
1,KCCX19971011_114452,25.684,0.572,475.018,317.702,44.386,-76.966,40.839,22193.170,87955.321,19971011_074452
9,KCCX19971020_123058,61.927,0.187,121.984,322.973,22.846,-79.059,40.815,11423.121,89746.350,19971020_083058
9,KCCX19971020_124048,71.760,0.623,124.345,314.632,38.574,-79.045,40.852,19286.783,88131.835,19971020_084048
9,KCCX19971020_125037,81.577,0.129,138.957,312.639,49.070,-78.959,40.862,24534.933,80769.031,19971020_085037
4,KCCX19971020_110200,-27.040,0.168,420.549,37.154,31.633,-77.275,42.104,15816.654,144585.574,19971020_070200
4,KCCX19971020_111150,-17.207,0.079,423.588,37.786,42.977,-77.257,42.101,21488.491,144939.809,19971020_071150
7,KCCX19971020_120058,31.927,0.102,47.298,273.742,39.247,-79.506,41.032,19623.699,127031.137,19971020_080058
7,KCCX19971020_121048,41.760,-1.000,47.298,273.742,54.882,-79.506,41.032,27441.199,127031.137,19971020_081048
7,KCCX19971020_122108,52.093,0.054,80.985,271.843,59.465,-79.306,41.042,29732.415,110408.802,19971020_082108
1,KCCX19971020_104220,-46.707,0.158,388.295,294.604,8.465,-77.480,40.946,4232.590,44230.055,19971020_064220
3,KCCX19971020_110200,-27.040,0.174,105.906,316.751,23.225,-79.155,40.842,11612.548,97407.848,19971020_070200
6,KCCX19971020_120058,31.927,0.121,462.118,71.095,60.851,-77.026,41.949,30425.652,140249.621,19971020_080058
3,KCCX19971030_112754,-12.611,0.062,197.898,107.256,6.910,-78.618,41.789,3454.809,109058.413,19971030_062754
3,KCCX19971030_113746,-2.744,0.066,203.040,124.621,20.370,-78.586,41.711,10185.189,100198.620,19971030_063746
3,KCCX19971030_114735,7.073,0.260,193.839,113.621,25.548,-78.642,41.760,12774.029,107246.332,19971030_064735
3,KCCX19971030_115725,16.906,0.725,201.616,91.164,25.948,-78.596,41.862,12974.009,115425.215,19971030_065725
3,KCCX19971030_120714,26.723,0.434,212.516,93.278,36.786,-78.531,41.853,18392.870,112235.661,19971030_070714
5,KCCX19971030_114735,7.073,0.170,147.874,343.859,14.018,-78.904,40.722,7009.182,79161.039,19971030_064735
5,KCCX19971030_115725,16.906,0.542,152.064,345.740,25.512,-78.879,40.714,12756.096,77423.110,19971030_065725
4,KCCX19971030_114735,7.073,0.246,327.234,418.419,31.152,-77.844,40.390,15576.084,60755.194,19971030_064735
6,KCCX19971030_114735,7.073,0.061,183.021,461.951,22.977,-78.691,40.192,11488.495,99890.116,19971030_064735
8,KCCX19971030_115725,16.906,0.076,162.302,197.248,17.999,-78.827,41.383,8999.445,85905.029,19971030_065725
9,KCCX19971030_121735,37.073,0.082,92.404,371.333,37.107,-79.230,40.595,18553.417,109754.950,19971030_071735
2,KCCX19971031_113446,-6.917,0.055,390.098,293.566,8.760,-77.469,40.951,4380.177,45163.652,19971031_063446
2,KCCX19971031_114434,2.883,0.194,388.848,294.263,16.665,-77.476,40.948,8332.681,44516.342,19971031_064434
1,KCCX19971031_104540,-56.017,0.052,386.224,292.507,6.804,-77.492,40.956,3401.840,43274.291,19971031_054540
18,KCCX19971101_124729,64.623,0.062,267.570,259.781,20.412,-78.197,41.104,10206.190,25832.566,19971101_074729
18,KCCX19971101_125319,70.457,0.216,268.312,261.278,29.467,-78.192,41.097,14733.367,25017.494,19971101_075319
18,KCCX19971101_125909,76.290,0.331,268.516,255.709,31.303,-78.191,41.122,15651.578,27170.404,19971101_075909
18,KCCX19971101_130500,82.140,0.367,263.610,247.395,30.512,-78.221,41.160,15255.811,31982.157,19971101_080500
18,KCCX19971101_131050,87.973,0.553,258.335,234.869,28.630,-78.252,41.216,14315.184,38658.713,19971101_081050
2,KCCX19971101_110741,-35.177,0.307,188.620,132.656,2.965,-78.673,41.675,1482.685,100510.509,19971101_060741
2,KCCX19971101_111331,-29.343,0.433,188.986,129.883,12.120,-78.671,41.687,6059.827,101567.536,19971101_061331
5,KCCX19971101_113102,-11.827,0.109,183.744,113.894,22.486,-78.703,41.759,11243.153,109716.393,19971101_063102
5,KCCX19971101_113652,-5.993,0.392,183.668,112.642,28.704,-78.703,41.764,14351.982,110268.071,19971101_063652
5,KCCX19971101_114244,-0.127,0.175,178.531,103.698,25.012,-78.735,41.805,12506.092,115422.351,19971101_064244
6,KCCX19971101_113102,-11.827,0.084,170.260,392.156,23.571,-78.769,40.506,11785.564,79569.768,19971101_063102
6,KCCX19971101_113652,-5.993,0.115,168.947,391.749,31.525,-78.777,40.507,15762.472,79988.726,19971101_063652
8,KCCX19971101_114834,5.707,0.070,532.270,492.999,30.858,-76.643,40.046,15428.969,150994.884,19971101_064834
8,KCCX19971101_115424,11.540,0.206,529.922,492.174,37.155,-76.657,40.050,18577.708,149829.159,19971101_065424
8,KCCX19971101_120015,17.390,0.157,524.647,483.142,30.155,-76.687,40.091,15077.686,144920.124,19971101_070015
11,KCCX19971101_121155,29.057,0.065,444.236,190.163,19.757,-77.141,41.414,9878.456,90648.112,19971101_071155
11,KCCX19971101_121816,35.407,0.063,444.207,190.207,28.445,-77.141,41.414,14222.509,90622.979,19971101_071816
16,KCCX19971101_124138,58.773,0.080,355.283,214.557,26.292,-77.674,41.307,13146.099,50884.000,19971101_074138
16,KCCX19971101_124729,64.623,0.109,353.162,211.544,32.319,-77.686,41.321,16159.696,51601.175,19971101_074729
16,KCCX19971101_125319,70.457,0.073,345.397,193.116,28.661,-77.732,41.404,14330.734,58062.733,19971101_075319
16,KCCX19971101_125909,76.290,0.052,342.515,189.272,35.015,-77.750,41.421,17507.594,59304.862,19971101_075909
17,KCCX19971101_124729,64.623,0.213,314.748,387.517,40.712,-77.917,40.529,20356.140,44375.366,19971101_074729
17,KCCX19971101_125319,70.457,0.383,312.497,389.633,44.838,-77.930,40.519,22419.164,45250.025,19971101_075319
17,KCCX19971101_125909,76.290,0.440,300.908,379.130,33.943,-77.999,40.567,16971.706,39567.639,19971101_075909
17,KCCX19971101_130500,82.140,0.065,299.514,379.515,40.863,-78.007,40.565,20431.537,39758.472,19971101_080500
20,KCCX19971101_125319,70.457,0.069,470.161,444.655,37.522,-77.004,40.267,18761.120,111669.053,19971101_075319
20,KCCX19971101_125909,76.290,0.178,466.564,444.812,43.320,-77.025,40.267,21659.927,110356.082,19971101_075909
20,KCCX19971101_130500,82.140,0.667,451.626,440.393,36.004,-77.112,40.287,18002.224,103320.700,19971101_080500
1,KCCX19971101_110150,-41.027,0.057,34.668,519.561,39.395,-79.556,39.924,19697.521,172197.635,19971101_060150
4,KCCX19971101_111331,-29.343,0.065,280.192,555.449,35.843,-78.119,39.773,17921.326,128107.797,19971101_061331
12,KCCX19971101_121816,35.407,0.055,263.723,405.944,22.115,-78.218,40.446,11057.348,55991.542,19971101_071816
14,KCCX19971101_122957,47.090,0.124,384.774,251.661,18.655,-77.499,41.140,9327.587,48793.619,19971101_072957
15,KCCX19971101_122957,47.090,0.057,247.509,386.498,21.329,-78.314,40.533,10664.480,50589.525,19971101_072957
21,KCCX19971101_125909,76.290,0.451,194.599,343.509,14.355,-78.628,40.725,7177.286,57014.186,19971101_075909
25,KCCX19971101_130500,82.140,0.067,126.792,273.543,32.108,-79.034,41.038,16054.224,87608.629,19971101_080500
2,KCCX19971102_112008,-23.907,0.083,471.190,242.306,41.615,-76.984,41.178,20807.446,90325.078,19971102_062008
2,KCCX19971102_112559,-18.057,0.444,474.176,235.017,47.231,-76.965,41.211,23615.277,92951.740,19971102_062559
2,KCCX19971102_113149,-12.223,0.055,473.104,206.262,40.487,-76.970,41.340,20243.496,98427.369,19971102_063149
1,KCCX19971102_110827,-35.590,0.056,408.691,278.264,24.212,-77.358,41.019,12106.159,55421.445,19971102_060827
4,KCCX19971102_114921,5.310,0.137,21.271,408.231,17.679,-79.646,40.424,8839.632,149502.551,19971102_064921
5,KCCX19971102_124227,58.410,0.057,420.248,49.770,34.633,-77.278,42.047,17316.589,138811.677,19971102_074227
3,KCCX19971103_121735,32.361,0.622,198.424,244.436,28.910,-78.609,41.172,14455.103,57890.216,19971103_071735
3,KCCX19971103_122726,42.211,0.298,204.851,237.426,35.676,-78.571,41.203,17837.839,56940.462,19971103_072726
1,KCCX19971103_104838,-56.589,0.051,27.372,172.393,10.180,-79.636,41.486,5090.002,150507.032,19971103_054838
2,KCCX19971103_114735,2.361,0.109,144.425,331.744,7.898,-78.925,40.776,3949.209,79390.201,19971103_064735
1,KCCX19971122_111608,-51.470,0.127,26.507,305.161,26.292,-79.627,40.888,13145.854,136771.028,19971122_061608
1,KCCX19971122_112158,-45.637,0.105,27.760,303.874,34.073,-79.619,40.894,17036.595,136133.579,19971122_062158
2,KCCX19971122_125004,42.463,0.069,180.677,73.172,27.750,-78.723,41.942,13875.143,128149.113,19971122_075004
2,KCCX19971122_125554,48.297,0.095,183.963,71.916,36.080,-78.704,41.948,18040.162,127952.188,19971122_075554
4,KCCX19971122_130735,59.980,0.076,172.141,355.743,24.672,-78.760,40.670,12336.216,69741.059,19971122_080735
4,KCCX19971122_131325,65.813,0.103,174.275,354.443,31.977,-78.747,40.676,15988.644,68503.486,19971122_081325
3,KCCX19971122_130735,59.980,0.168,336.868,97.299,8.975,-77.782,41.835,4487.492,103013.315,19971122_080735
5,KCCX19971122_131325,65.813,0.067,372.454,270.144,27.699,-77.573,41.057,13849.468,39182.209,19971122_081325
6,KCCX19971122_131325,65.813,0.060,265.008,268.542,30.277,-78.212,41.065,15138.306,23526.822,19971122_081325
1,KCCX19971124_112809,-41.712,0.057,242.409,250.005,25.461,-78.347,41.148,12730.339,38132.207,19971124_062809
1,KCCX19971124_113758,-31.896,0.188,249.544,251.412,34.570,-78.304,41.141,17284.931,35023.587,19971124_063758
1,KCCX19971124_114746,-22.096,0.303,269.512,254.933,34.263,-78.185,41.126,17131.569,27205.287,19971124_064746
2,KCCX19971124_124707,37.254,0.324,380.343,295.214,25.628,-77.527,40.944,12813.984,40242.870,19971124_074707
4,KCCX19971125_121919,8.340,0.156,18.646,205.431,32.147,-79.685,41.337,16073.709,148411.195,19971125_071919
4,KCCX19971125_122908,18.157,0.222,23.642,209.754,42.585,-79.654,41.318,21292.709,145359.963,19971125_072908
4,KCCX19971125_123856,27.957,0.144,40.874,216.555,49.958,-79.551,41.288,24978.868,136114.938,19971125_073856
4,KCCX19971125_124844,37.757,0.623,54.303,226.221,55.622,-79.470,41.246,27810.821,128267.600,19971125_074844
4,KCCX19971125_125831,47.540,0.697,67.647,231.034,62.634,-79.389,41.225,31316.915,121185.886,19971125_075831
4,KCCX19971125_130819,57.340,0.380,80.985,229.111,73.466,-79.310,41.235,36732.773,115100.975,19971125_080819
2,KCCX19971125_114923,-21.593,0.287,444.045,84.939,56.484,-77.136,41.888,28241.863,129422.075,19971125_064923
2,KCCX19971125_115912,-11.777,0.118,458.815,83.590,68.609,-77.047,41.893,34304.611,134215.735,19971125_065912
1,KCCX19971125_112946,-41.210,0.051,298.890,300.480,12.335,-78.010,40.921,6167.442,604.462,19971125_062946
3,KCCX19971125_114923,-21.593,0.055,323.158,292.171,11.099,-77.866,40.958,5549.412,12222.920,19971125_064923
5,KCCX19971125_124844,37.757,0.124,43.816,91.230,56.713,-79.546,41.853,28356.546,165238.729,19971125_074844
2,KCCX19971126_114342,-28.380,0.097,26.008,147.297,39.899,-79.647,41.599,19949.377,156835.665,19971126_064342
2,KCCX19971126_115330,-18.580,0.075,33.137,150.778,56.131,-79.604,41.584,28065.686,152875.041,19971126_065330
5,KCCX19971126_132213,70.136,0.481,29.055,476.407,30.315,-79.593,40.118,15157.438,161656.128,19971126_082213
5,KCCX19971126_133201,79.936,0.158,43.467,471.361,39.320,-79.509,40.142,19660.218,154251.461,19971126_083201
1,KCCX19971126_112405,-47.997,0.104,26.783,168.056,43.299,-79.640,41.506,21649.498,151704.272,19971126_062405
1,KCCX19971126_113354,-38.180,-1.000,26.783,168.056,58.907,-79.640,41.506,29453.748,151704.272,19971126_063354
1,KCCX19971126_114342,-28.380,0.058,38.302,240.623,86.137,-79.563,41.180,43068.268,134175.029,19971126_064342
4,KCCX19971126_125248,40.720,0.125,298.146,301.511,11.055,-78.015,40.916,5527.466,1196.112,19971126_075248
6,KCCX19971126_132213,70.136,0.090,297.839,300.411,10.870,-78.017,40.921,5434.929,1099.832,19971126_082213
1,KCCX19971127_120742,-5.472,0.295,317.228,410.041,24.629,-77.902,40.428,12314.417,55690.929,19971127_070742
1,KCCX19971127_121333,0.378,0.271,320.648,412.704,31.219,-77.882,40.416,15609.350,57290.158,19971127_071333
2,KCCX19971127_125909,45.978,0.059,429.495,297.601,77.239,-77.235,40.931,38619.282,64758.611,19971127_075909
3,KCCX19971128_131521,61.100,0.060,381.182,319.766,25.690,-77.523,40.833,12845.165,41776.693,19971128_081521
3,KCCX19971128_132111,66.933,0.222,387.006,323.158,32.364,-77.488,40.818,16181.950,45017.535,19971128_082111
1,KCCX19971128_114713,-27.034,0.185,420.479,282.570,11.796,-77.288,40.999,5897.793,60866.414,19971128_064713
2,KCCX19971128_114713,-27.034,0.069,310.857,236.879,18.444,-77.939,41.207,9221.760,32024.167,19971128_064713
4,KCCX19971128_132701,72.766,0.163,175.678,189.605,33.013,-78.747,41.418,16506.454,83130.823,19971128_082701
5,KCCX19971128_133252,78.616,0.147,434.067,352.192,26.148,-77.211,40.685,13073.986,71933.847,19971128_083252
2,KCCX19971130_123847,22.419,0.812,187.151,356.380,22.585,-78.671,40.667,11292.603,63074.357,19971130_073847
2,KCCX19971130_124438,28.269,0.541,190.974,355.403,27.410,-78.649,40.672,13704.925,61147.873,19971130_074438
1,KCCX19971130_112221,-54.014,0.062,57.660,386.815,14.019,-79.434,40.523,7009.382,128710.649,19971130_062221
2,KCCX19971201_130438,47.235,0.108,448.449,215.855,42.221,-77.118,41.299,21110.744,85319.304,19971201_080438
2,KCCX19971201_131426,57.035,0.171,451.611,234.227,48.275,-77.100,41.216,24137.624,82631.767,19971201_081426
2,KCCX19971201_132414,66.835,0.310,459.625,276.459,36.048,-77.055,41.025,18024.220,80675.950,19971201_082414
1,KCCX19971201_125451,37.452,0.053,452.820,188.785,51.389,-77.090,41.420,25694.485,94502.076,19971201_075451
1,KCCX19971202_113011,-48.231,0.482,212.266,421.607,11.695,-78.520,40.374,5847.673,74975.864,19971202_063011
3,KCCX19971202_130732,49.119,0.130,207.217,417.682,10.431,-78.550,40.392,5215.328,74929.330,19971202_080732
4,KCCX19971202_133659,78.569,0.092,211.042,421.922,14.144,-78.528,40.373,7071.787,75462.733,19971202_083659
1,KCCX19971203_123438,15.220,0.071,164.806,84.594,8.636,-78.818,41.890,4318.205,127158.767,19971203_073438
4,KCCX19971204_122217,1.890,0.631,218.892,508.395,33.054,-78.479,39.984,16526.823,111811.003,19971204_072217
4,KCCX19971204_122807,7.723,0.599,224.892,506.418,38.200,-78.444,39.993,19099.870,109828.828,19971204_072807
4,KCCX19971204_123357,13.557,0.629,239.666,498.671,36.834,-78.357,40.028,18417.042,103815.331,19971204_073357
4,KCCX19971204_123948,19.407,0.356,248.523,500.939,42.199,-78.305,40.018,21099.740,103713.883,19971204_073948
4,KCCX19971204_124537,25.223,0.404,260.163,496.744,39.196,-78.237,40.037,19597.888,100368.410,19971204_074537
4,KCCX19971204_125128,31.073,0.143,271.063,494.946,40.074,-78.173,40.045,20036.938,98541.038,19971204_075128
1,KCCX19971204_112911,-51.210,0.112,284.155,177.525,12.620,-78.099,41.474,6310.062,61747.989,19971204_062911
2,KCCX19971204_120412,-16.193,0.085,305.121,194.557,24.936,-77.973,41.398,12467.800,52783.692,19971204_070412
1,KCCX19971205_113127,-49.903,0.082,261.388,381.011,20.934,-78.232,40.558,10466.835,44871.297,19971205_063127
1,KCCX19971205_114115,-40.103,0.059,268.279,395.261,34.435,-78.191,40.494,17217.686,50201.647,19971205_064115
1,KCCX19971205_115104,-30.286,0.408,288.769,405.262,35.967,-78.070,40.449,17983.651,52929.652,19971205_065104
1,KCCX19971205_120052,-20.486,0.213,316.151,405.098,27.825,-77.909,40.450,13912.636,53166.098,19971205_070052
1,KCCX19971205_121041,-10.670,0.530,312.570,402.890,36.714,-77.930,40.460,18356.897,51827.689,19971205_071041
5,KCCX19971205_122100,-0.353,0.467,134.513,72.603,35.602,-79.002,41.943,17800.810,140619.478,19971205_072100
5,KCCX19971205_123049,9.464,0.059,138.229,73.476,42.254,-78.979,41.939,21126.993,139178.880,19971205_073049
6,KCCX19971205_122100,-0.353,0.242,271.723,297.580,17.629,-78.172,40.934,8814.381,14190.355,19971205_072100
6,KCCX19971205_123049,9.464,0.073,288.763,292.865,28.477,-78.071,40.955,14238.378,6655.303,19971205_073049
8,KCCX19971205_130015,38.897,0.177,148.788,354.322,29.257,-78.898,40.675,14628.690,80336.753,19971205_080015
8,KCCX19971205_131003,48.697,0.272,151.393,353.376,36.627,-78.883,40.679,18313.703,78951.150,19971205_081003
2,KCCX19971205_115104,-30.286,0.071,242.987,345.495,21.117,-78.341,40.718,10558.250,36470.303,19971205_065104
7,KCCX19971205_125026,29.080,0.052,244.830,234.334,24.487,-78.333,41.218,12243.464,42883.124,19971205_075026
4,KCCX19971206_124510,22.875,0.158,25.515,274.379,28.521,-79.636,41.027,14260.321,137839.063,19971206_074510
4,KCCX19971206_125458,32.675,0.277,33.240,279.034,35.496,-79.589,41.007,17747.911,133791.134,19971206_075458
4,KCCX19971206_130505,42.791,0.061,39.553,277.132,40.601,-79.552,41.016,20300.347,130724.592,19971206_080505
4,KCCX19971206_131453,52.591,-1.000,45.817,276.095,45.874,-79.515,41.021,22936.999,127652.152,19971206_081453
4,KCCX19971206_132441,62.391,0.117,36.019,252.815,58.281,-79.576,41.125,29140.256,134082.654,19971206_082441
4,KCCX19971206_133429,72.191,0.083,30.794,241.835,55.429,-79.608,41.174,27714.500,137709.153,19971206_083429
4,KCCX19971206_134418,82.008,0.056,37.994,257.223,63.310,-79.564,41.105,31654.905,132737.413,19971206_084418
1,KCCX19971206_112614,-56.059,0.076,511.866,492.937,13.977,-76.763,40.048,6988.293,143275.860,19971206_062614
2,KCCX19971206_123522,13.075,0.273,436.692,510.660,16.831,-77.204,39.972,8415.707,125560.997,19971206_073522
5,KCCX19971206_125458,32.675,0.174,55.397,125.813,52.639,-79.473,41.698,26319.494,150143.158,19971206_075458
6,KCCX19971206_125458,32.675,0.070,240.277,316.719,18.706,-78.358,40.847,9352.839,31009.473,19971206_075458
7,KCCX19971206_133429,72.191,0.056,303.593,328.598,25.461,-77.983,40.794,12730.433,14411.363,19971206_083429
7,KCCX19971207_130934,46.358,0.074,448.863,255.294,26.096,-77.118,41.121,13048.054,77715.631,19971207_080934
7,KCCX19971207_131922,56.158,-1.000,448.863,255.294,41.678,-77.118,41.121,20839.054,77715.631,19971207_081922
7,KCCX19971207_132910,65.958,0.107,459.005,270.190,39.990,-77.058,41.053,19995.151,80887.578,19971207_082910
7,KCCX19971207_133858,75.758,0.090,474.330,284.865,39.856,-76.968,40.987,19928.033,87492.839,19971207_083858
1,KCCX19971207_114051,-42.359,0.059,173.212,364.137,10.836,-78.753,40.632,5418.137,71043.663,19971207_064051
4,KCCX19971207_125946,36.558,0.249,208.469,337.965,17.304,-78.546,40.751,8651.840,49546.285,19971207_075946
5,KCCX19971207_125946,36.558,0.091,298.667,358.584,16.544,-78.012,40.659,8272.242,29299.528,19971207_075946
6,KCCX19971207_125946,36.558,0.052,30.948,284.440,38.366,-79.602,40.982,19182.878,134750.802,19971207_075946
8,KCCX19971207_131922,56.158,0.244,321.119,408.914,29.081,-77.879,40.433,14540.583,55471.403,19971207_081922
1,KCCX19971208_112535,-58.519,0.257,209.083,419.627,8.979,-78.539,40.383,4489.655,75127.372,19971208_062535
3,KCCX19971208_122454,0.798,0.098,211.046,416.153,11.679,-78.528,40.399,5839.462,73151.079,19971208_072454
1,KCCX19971209_131626,51.461,0.072,313.347,523.057,33.387,-77.926,39.919,16693.319,111727.946,19971209_081626
1,KCCX19971210_120731,-18.301,0.243,253.515,261.104,36.998,-78.281,41.098,18498.798,30305.939,19971210_070731
1,KCCX19971210_121321,-12.468,0.280,275.096,253.202,33.015,-78.152,41.134,16507.355,26506.088,19971210_071321
1,KCCX19971211_124903,22.412,0.090,316.823,290.541,28.690,-77.904,40.966,14345.005,9650.166,19971211_074903
1,KCCX19971212_120705,-20.348,0.162,148.146,227.973,21.879,-78.910,41.244,10939.698,84035.171,19971212_070705
1,KCCX19971212_121653,-10.548,0.326,153.184,231.443,29.757,-78.879,41.228,14878.350,81017.069,19971212_071653
1,KCCX19971212_122712,-0.231,0.521,165.098,232.361,20.756,-78.808,41.225,10378.088,75454.785,19971212_072712
1,KCCX19971212_123701,9.586,0.241,171.639,230.141,16.037,-78.769,41.235,8018.471,73070.126,19971212_073701
6,KCCX19971212_131614,48.802,0.066,31.805,179.151,36.726,-79.609,41.456,18362.793,147082.394,19971212_081614
6,KCCX19971212_132603,58.619,0.148,32.612,183.079,43.988,-79.604,41.438,21993.835,145916.862,19971212_082603
6,KCCX19971212_133551,68.419,0.198,35.638,190.469,36.238,-79.585,41.405,18119.015,143077.074,19971212_083551
6,KCCX19971212_134539,78.219,0.062,36.794,194.110,44.530,-79.577,41.389,22264.870,141853.936,19971212_084539
3,KCCX19971212_122712,-0.231,0.054,496.620,450.814,69.711,-76.849,40.238,34855.343,123899.275,19971212_072712
5,KCCX19971212_131614,48.802,0.123,312.895,289.592,29.061,-77.927,40.970,14530.315,8285.617,19971212_081614
8,KCCX19971212_134539,78.219,0.399,231.248,327.645,14.151,-78.411,40.798,7075.418,37050.879,19971212_084539
1,KCCX19971213_124259,14.786,0.161,43.067,112.839,64.521,-79.549,41.755,32260.498,158937.024,19971213_074259
1,KCCX19971213_125247,24.586,0.123,54.571,117.805,75.651,-79.479,41.734,37825.443,152831.769,19971213_075247
2,KCCX19971213_133201,63.819,0.242,52.088,143.623,67.084,-79.491,41.618,33542.057,146555.607,19971213_083201
2,KCCX19971213_134149,73.619,0.189,50.243,139.500,75.621,-79.503,41.636,37810.355,148440.807,19971213_084149
1,KCCX19971214_123726,8.497,0.141,303.306,382.088,36.969,-77.984,40.553,18484.634,41077.258,19971214_073726
3,KCCX19971214_131640,47.730,0.110,245.863,342.371,7.259,-78.324,40.732,3629.690,34373.255,19971214_081640
1,KCCX19971215_123216,2.620,0.067,291.457,292.792,28.569,-78.055,40.956,14284.370,5588.644,19971215_073216
1,KCCX19971216_125111,20.856,0.105,131.932,81.115,7.238,-79.017,41.904,3618.937,137983.017,19971216_075111
1,KCCX19971219_120300,-29.187,0.178,41.095,152.561,49.168,-79.556,41.576,24584.059,148971.525,19971219_070300
1,KCCX19971219_121247,-19.404,0.404,42.551,151.964,58.871,-79.548,41.579,29435.258,148487.939,19971219_071247
1,KCCX19971219_122306,-9.087,0.413,48.612,137.202,65.077,-79.513,41.646,32538.307,149748.851,19971219_072306
1,KCCX19971219_123255,0.729,0.135,56.164,137.351,66.790,-79.467,41.646,33394.891,146552.674,19971219_073255
3,KCCX19971219_132155,49.729,0.363,480.566,122.369,27.003,-76.919,41.718,13501.572,126645.860,19971219_082155
1,KCCX19971220_113753,-54.861,0.059,273.930,357.428,9.866,-78.158,40.664,4933.035,31534.138,19971220_063753
1,KCCX19971222_115642,-37.060,0.086,40.589,176.081,48.832,-79.557,41.471,24416.225,143744.767,19971222_065642
1,KCCX19971222_120630,-27.260,0.141,43.866,170.773,56.119,-79.538,41.495,28059.352,143443.531,19971222_070630
2,KCCX19971222_132652,53.107,0.197,297.852,300.468,8.964,-78.017,40.921,4481.884,1099.484,19971222_082652
3,KCCX19971222_132652,53.107,0.070,310.247,426.885,15.547,-77.944,40.352,7773.401,63649.308,19971222_082652
4,KCCX19971223_120651,-27.367,0.179,332.224,396.294,31.491,-77.814,40.489,15745.348,50771.133,19971223_070651
4,KCCX19971223_121242,-21.517,0.131,338.053,395.679,37.752,-77.779,40.492,18876.138,51484.427,19971223_071242
4,KCCX19971223_121906,-15.117,0.392,357.698,396.786,39.631,-77.664,40.487,19815.502,56339.625,19971223_071906
4,KCCX19971223_122456,-9.284,0.338,377.328,405.809,39.598,-77.548,40.446,19799.197,65527.039,19971223_072456
4,KCCX19971223_123047,-3.434,0.266,395.240,414.659,38.496,-77.443,40.405,19247.904,74527.347,19971223_073047
4,KCCX19971223_123637,2.400,0.073,408.359,418.613,39.936,-77.366,40.387,19968.125,80328.669,19971223_073637
5,KCCX19971223_121906,-15.117,0.473,285.625,396.338,21.894,-78.089,40.489,10946.976,48702.042,19971223_071906
5,KCCX19971223_122456,-9.284,0.776,290.628,396.796,29.589,-78.059,40.487,14794.389,48624.223,19971223_072456
5,KCCX19971223_123047,-3.434,0.626,295.961,397.390,36.354,-78.028,40.485,18177.066,48736.848,19971223_073047
5,KCCX19971223_123637,2.400,0.264,307.914,399.095,40.895,-77.957,40.477,20447.350,49705.319,19971223_073637
5,KCCX19971223_124227,8.233,0.071,325.980,403.642,43.373,-77.851,40.456,21686.392,53424.433,19971223_074227
5,KCCX19971223_124817,14.066,0.222,359.338,420.888,33.405,-77.655,40.378,16702.665,67332.964,19971223_074817
5,KCCX19971223_125407,19.900,0.350,364.650,420.998,41.614,-77.623,40.378,20807.080,68593.159,19971223_075407
12,KCCX19971223_125407,19.900,0.359,78.751,392.871,31.284,-79.309,40.497,15641.830,119975.347,19971223_075407
12,KCCX19971223_125958,25.750,0.561,80.220,391.067,39.968,-79.300,40.506,19984.170,118950.177,19971223_075958
12,KCCX19971223_130547,31.566,0.319,93.170,388.210,45.336,-79.224,40.519,22667.839,112427.549,19971223_080547
12,KCCX19971223_131137,37.400,0.118,105.527,396.517,40.453,-79.151,40.483,20226.679,108553.344,19971223_081137
2,KCCX19971223_120101,-33.200,0.277,103.147,425.578,26.466,-79.162,40.352,13233.105,116748.635,19971223_070101
2,KCCX19971223_120651,-27.367,0.215,101.860,422.542,36.729,-79.170,40.365,18364.703,116485.970,19971223_070651
3,KCCX19971223_120651,-27.367,0.299,249.416,382.383,22.836,-78.302,40.552,11418.039,48336.500,19971223_070651
3,KCCX19971223_121242,-21.517,-1.000,249.416,382.383,32.138,-78.302,40.552,16068.789,48336.500,19971223_071242
3,KCCX19971223_121906,-15.117,0.312,245.982,386.388,33.580,-78.323,40.534,16789.751,50943.061,19971223_071906
19,KCCX19971223_132907,54.900,0.086,424.670,72.461,48.053,-77.252,41.945,24026.634,129727.493,19971223_082907
19,KCCX19971223_133457,60.733,0.155,428.919,73.856,54.678,-77.227,41.939,27339.130,130154.766,19971223_083457
22,KCCX19971223_135227,78.233,0.058,136.435,334.767,34.318,-78.972,40.762,17158.798,83609.586,19971223_085227
22,KCCX19971223_135818,84.083,0.054,136.581,333.814,44.919,-78.972,40.767,22459.440,83440.185,19971223_085818
17,KCCX19971223_125958,25.750,0.088,74.917,456.428,31.284,-79.326,40.211,15641.808,137051.206,19971223_075958
20,KCCX19971223_135227,78.233,0.096,451.347,97.075,56.794,-77.093,41.833,28397.144,126574.665,19971223_085227
5,KCCX19971225_132618,51.272,0.261,86.016,309.719,24.421,-79.273,40.872,12210.459,107102.180,19971225_082618
5,KCCX19971225_133209,57.122,0.154,89.164,309.279,30.818,-79.255,40.874,15408.963,105520.060,19971225_083209
8,KCCX19971225_134349,68.788,0.176,48.602,153.289,61.089,-79.511,41.574,30544.373,145537.640,19971225_084349
8,KCCX19971225_134939,74.622,0.083,49.980,152.795,68.888,-79.503,41.576,34443.940,145068.412,19971225_084939
1,KCCX19971225_114044,-54.295,0.145,221.619,511.812,12.048,-78.463,39.968,6024.112,112924.454,19971225_064044
2,KCCX19971225_114634,-48.462,0.199,209.333,426.285,16.648,-78.538,40.353,8323.942,77731.148,19971225_064634
3,KCCX19971225_120954,-25.128,0.082,293.395,430.436,29.162,-78.043,40.336,14580.894,65301.652,19971225_070954
4,KCCX19971225_125117,16.255,0.074,336.067,131.944,25.461,-77.787,41.679,12730.705,85941.311,19971225_075117
6,KCCX19971225_133209,57.122,0.050,194.331,444.850,27.121,-78.625,40.269,13560.420,89648.598,19971225_083209
7,KCCX19971225_133759,62.955,0.080,292.878,315.697,15.513,-78.046,40.852,7756.420,8618.440,19971225_083759
9,KCCX19971225_135529,80.455,0.084,264.659,270.781,5.691,-78.214,41.054,2845.467,22927.644,19971225_085529
1,KCCX19971226_135325,78.036,0.224,222.766,296.581,18.696,-78.462,40.938,9348.125,38655.048,19971226_085325
1,KCCX19971227_124854,13.202,0.146,23.379,285.718,27.148,-79.647,40.976,13574.017,138494.621,19971227_074854
2,KCCX19971227_134743,72.019,0.518,231.528,276.131,12.008,-78.411,41.030,6004.034,36256.548,19971227_084743
1,KCCX19971228_123517,-0.696,0.102,323.904,327.415,31.284,-77.862,40.800,15641.825,18186.358,19971228_073517
5,KCCX19971230_133245,56.320,0.101,128.333,405.340,63.544,-79.016,40.444,31772.053,100705.303,19971230_083245
5,KCCX19971230_133835,62.153,0.081,128.543,405.828,71.994,-79.014,40.442,35997.080,100743.380,19971230_083835
1,KCCX19971230_120437,-31.813,0.060,20.425,319.960,24.037,-79.661,40.821,12018.641,140143.373,19971230_070437
2,KCCX19971230_121028,-25.963,0.073,444.497,48.120,48.559,-77.131,42.054,24279.324,145192.017,19971230_071028
3,KCCX19971230_131514,38.803,0.059,108.646,376.362,61.625,-79.134,40.574,30812.551,103013.894,19971230_081514
3,KCCX19971230_132104,44.637,-1.000,108.646,376.362,70.900,-79.134,40.574,35450.051,103013.894,19971230_082104
3,KCCX19971230_132655,50.487,0.058,79.545,375.006,75.825,-79.306,40.578,37912.605,116432.632,19971230_082655
