track_id,filename,from_sunrise,det_score,x,y,r,lon,lat,radius,geo_dist,local_time
1,KCCX20120601_084250_V06,-59.409,0.147,249.112,266.057,6.941,-78.307,41.075,3470.734,30584.991,20120601_044250
1,KCCX20120601_085230_V06,-49.742,0.199,255.217,258.849,14.174,-78.270,41.108,7086.953,30409.326,20120601_045230
1,KCCX20120601_090209_V06,-40.092,0.055,262.719,253.854,14.801,-78.226,41.131,7400.597,29661.974,20120601_050209
3,KCCX20120601_085230_V06,-49.742,0.785,242.569,187.155,20.496,-78.347,41.431,10247.765,63309.416,20120601_045230
3,KCCX20120601_090209_V06,-40.092,0.860,247.997,184.885,27.398,-78.315,41.441,13699.180,63158.224,20120601_050209
3,KCCX20120601_091148_V06,-30.442,0.366,265.301,169.919,28.419,-78.212,41.509,14209.504,67314.689,20120601_051148
6,KCCX20120601_090209_V06,-40.092,0.135,322.013,154.927,33.966,-77.872,41.576,16982.796,73366.618,20120601_050209
6,KCCX20120601_091148_V06,-30.442,0.050,329.649,152.979,41.873,-77.826,41.585,20936.280,74990.160,20120601_051148
6,KCCX20120601_092129_V06,-20.759,0.096,329.453,139.823,43.239,-77.827,41.644,21619.477,81431.301,20120601_052129
6,KCCX20120601_093108_V06,-11.109,-1.000,330.366,128.407,45.652,-77.822,41.695,22825.993,87129.588,20120601_053108
6,KCCX20120601_094047_V06,-1.459,0.169,314.400,134.013,9.303,-77.917,41.670,4651.428,83305.140,20120601_054047
30,KCCX20120601_100946_V06,27.524,0.115,362.258,518.718,51.233,-77.640,39.938,25616.541,113703.041,20120601_060946
30,KCCX20120601_101925_V06,37.174,0.060,369.627,516.252,62.586,-77.597,39.949,31293.085,113592.185,20120601_061925
5,KCCX20120601_085230_V06,-49.742,0.060,213.746,422.028,13.716,-78.512,40.372,6857.790,74716.994,20120601_045230
5,KCCX20120601_090209_V06,-40.092,-1.000,213.746,422.028,29.059,-78.512,40.372,14529.540,74716.994,20120601_050209
5,KCCX20120601_091148_V06,-30.442,0.144,206.904,422.679,14.958,-78.552,40.369,7478.859,77001.561,20120601_051148
9,KCCX20120601_090209_V06,-40.092,0.064,409.443,520.342,46.393,-77.364,39.929,23196.392,123012.421,20120601_050209
14,KCCX20120601_092129_V06,-20.759,0.103,248.849,342.647,7.424,-78.307,40.731,3712.030,33298.631,20120601_052129
21,KCCX20120601_094047_V06,-1.459,0.054,208.117,431.563,16.766,-78.544,40.329,8383.171,80235.914,20120601_054047
24,KCCX20120601_100006_V06,17.858,0.087,443.949,374.619,7.563,-77.154,40.584,3781.548,81070.109,20120601_060006
25,KCCX20120601_100006_V06,17.858,0.066,361.281,523.956,62.842,-77.646,39.914,31420.952,116094.625,20120601_060006
28,KCCX20120601_100946_V06,27.524,0.201,427.284,76.196,49.994,-77.237,41.928,24996.929,128733.536,20120601_060946
37,KCCX20120601_104318_V06,61.058,0.119,378.995,241.271,20.529,-77.533,41.187,10264.374,49216.902,20120601_064318
38,KCCX20120601_104318_V06,61.058,0.070,254.985,128.600,22.274,-78.274,41.694,11137.226,88606.240,20120601_064318
1,KCCX20120602_090032_V06,-41.301,0.180,329.531,330.277,30.668,-77.829,40.787,15333.933,21147.035,20120602_050032
3,KCCX20120602_091943_V06,-22.118,0.132,375.311,430.338,22.946,-77.561,40.335,11472.773,75265.682,20120602_051943
6,KCCX20120602_100747_V06,25.949,0.212,335.802,372.237,22.790,-77.792,40.598,11394.958,40311.187,20120602_060747
8,KCCX20120602_101724_V06,35.566,0.326,355.561,422.971,22.446,-77.677,40.369,11222.801,67470.052,20120602_061724
1,KCCX20120603_084336_V06,-57.860,0.196,318.604,129.066,3.052,-77.892,41.693,1525.753,85971.556,20120603_044336
1,KCCX20120603_084753_V06,-53.576,0.051,318.692,129.155,9.467,-77.892,41.692,4733.686,85932.089,20120603_044753
4,KCCX20120603_094805_V06,6.624,0.232,36.461,205.970,38.808,-79.578,41.336,19404.236,139905.721,20120603_054805
4,KCCX20120603_095223_V06,10.924,0.186,37.418,206.439,44.238,-79.572,41.334,22118.946,139376.405,20120603_055223
3,KCCX20120603_084336_V06,-57.860,0.060,414.358,197.608,4.746,-77.320,41.382,2372.791,76749.508,20120603_044336
2,KCCX20120605_084114_V06,-59.576,0.109,318.559,128.927,4.575,-77.892,41.693,2287.621,86038.489,20120605_044114
7,KCCX20120605_093305_V06,-7.726,0.059,191.514,417.381,14.202,-78.643,40.393,7101.116,79918.104,20120605_053305
1,KCCX20120608_084517_V06,-54.802,0.134,484.314,120.081,13.094,-76.896,41.728,6547.192,128785.403,20120608_044517
1,KCCX20120610_085256_V06,-46.837,0.130,209.754,428.202,10.590,-78.535,40.345,5295.181,78389.953,20120610_045256
3,KCCX20120610_100016_V06,20.496,0.061,211.066,431.346,15.892,-78.527,40.330,7946.049,79311.171,20120610_060016
4,KCCX20120610_103848_V06,59.029,0.156,210.244,430.405,17.045,-78.532,40.335,8522.610,79154.507,20120610_063848
5,KCCX20120610_104825_V06,68.646,0.466,195.675,420.898,11.876,-78.618,40.377,5938.036,79843.728,20120610_064825
1,KCCX20120613_093957_V06,0.399,0.812,369.935,297.842,14.893,-77.589,40.932,7446.377,34983.995,20120613_053957
3,KCCX20120613_093957_V06,0.399,0.116,205.978,297.723,12.922,-78.562,40.932,6460.827,47024.692,20120613_053957
4,KCCX20120613_094936_V06,10.049,0.112,211.830,429.826,19.338,-78.523,40.337,9668.823,78467.569,20120613_054936
5,KCCX20120614_100421_V06,24.805,0.084,214.258,426.786,16.793,-78.509,40.351,8396.723,76528.502,20120614_060421
6,KCCX20120614_105235_V06,73.038,0.125,212.706,424.173,15.859,-78.518,40.363,7929.565,75893.161,20120614_065235
2,KCCX20120615_101814_V06,38.662,0.066,217.253,432.513,17.629,-78.491,40.325,8814.543,78113.469,20120615_061814
3,KCCX20120616_095302_V06,13.403,0.073,407.269,518.294,32.890,-77.376,39.938,16445.230,121613.063,20120616_055302
1,KCCX20120617_085624_V06,-43.322,0.068,212.226,432.236,17.530,-78.520,40.326,8765.181,79357.909,20120617_045624
2,KCCX20120617_094440_V06,4.944,0.057,177.375,309.528,3.425,-78.731,40.878,1712.585,61497.338,20120617_054440
4,KCCX20120617_102539_V06,45.928,0.072,213.029,427.803,16.727,-78.516,40.346,8363.451,77293.928,20120617_062539
4,KCCX20120617_103519_V06,55.594,0.121,209.962,425.966,11.633,-78.534,40.355,5816.425,77418.347,20120617_063519
6,KCCX20120619_085112_V06,-48.801,0.206,375.055,189.587,23.247,-77.555,41.419,11623.360,66753.856,20120619_045112
15,KCCX20120619_093821_V06,-1.651,0.057,199.748,421.747,9.996,-78.594,40.373,4997.793,78855.553,20120619_053821
16,KCCX20120619_094238_V06,2.632,0.135,219.060,389.806,2.458,-78.481,40.518,1229.053,60449.369,20120619_054238
2,KCCX20120620_093554_V06,-4.288,0.067,204.583,418.879,5.874,-78.566,40.386,2937.197,76217.813,20120620_053554
2,KCCX20120620_094532_V06,5.345,0.076,208.704,421.269,15.638,-78.541,40.376,7818.845,75896.618,20120620_054532
1,KCCX20120620_093554_V06,-4.288,0.094,217.812,277.374,11.575,-78.492,41.024,5787.350,42622.577,20120620_053554
4,KCCX20120620_100447_V06,24.595,0.102,252.004,345.195,2.163,-78.288,40.719,1081.297,32962.945,20120620_060447
6,KCCX20120620_105258_V06,72.779,0.164,186.035,283.209,2.744,-78.681,40.997,1371.943,57597.616,20120620_065258
2,KCCX20120621_094102_V06,0.628,0.074,209.834,416.310,9.114,-78.535,40.398,4556.892,73583.092,20120621_054102
3,KCCX20120621_100957_V06,29.544,0.197,368.357,203.629,4.777,-77.595,41.356,2388.489,59076.287,20120621_060957
4,KCCX20120621_100957_V06,29.544,0.072,252.120,344.474,1.643,-78.287,40.722,821.529,32674.293,20120621_060957
3,KCCX20120623_093254_V06,-8.031,0.373,412.883,196.337,7.794,-77.329,41.388,3897.125,76629.860,20120623_053254
3,KCCX20120623_094232_V06,1.602,-1.000,412.883,196.337,23.111,-77.329,41.388,11555.625,76629.860,20120623_054232
3,KCCX20120623_095209_V06,11.219,-1.000,412.883,196.337,38.402,-77.329,41.388,19200.875,76629.860,20120623_055209
3,KCCX20120623_100147_V06,20.852,0.052,432.179,174.830,43.838,-77.213,41.484,21918.862,91020.358,20120623_060147
2,KCCX20120623_093254_V06,-8.031,0.696,388.285,222.841,14.446,-77.477,41.269,7222.954,58625.500,20120623_053254
6,KCCX20120623_093254_V06,-8.031,0.072,379.403,103.874,7.024,-77.526,41.805,3511.837,105794.851,20120623_053254
30,KCCX20120625_101818_V06,36.726,0.097,29.693,308.205,31.740,-79.607,40.875,15869.856,135215.897,20120625_061818
1,KCCX20120626_084355_V06,-58.021,0.058,252.026,344.314,1.994,-78.288,40.723,997.095,32654.629,20120626_044355
1,KCCX20120626_085334_V06,-48.371,0.156,252.035,344.425,9.042,-78.288,40.723,4521.182,32688.637,20120626_045334
1,KCCX20120627_092746_V06,-14.563,0.108,211.500,424.806,11.384,-78.525,40.360,5691.862,76499.464,20120627_052746
2,KCCX20120627_092746_V06,-14.563,0.071,341.261,255.918,47.527,-77.758,41.121,23763.622,30189.854,20120627_052746
4,KCCX20120627_095645_V06,14.421,0.190,368.764,283.987,5.922,-77.595,40.994,2961.182,35301.873,20120627_055645
1,KCCX20120628_084755_V06,-54.831,0.277,250.332,346.173,2.135,-78.298,40.715,1067.495,33907.112,20120628_044755
2,KCCX20120628_084755_V06,-54.831,0.153,248.003,347.823,2.105,-78.312,40.707,1052.380,35322.543,20120628_044755
7,KCCX20120628_085734_V06,-45.181,0.054,219.229,390.702,8.310,-78.480,40.514,4154.787,60726.440,20120628_045734
4,KCCX20120629_103316_V06,50.073,0.282,130.073,67.667,3.549,-79.029,41.965,1774.491,143921.561,20120629_063316
4,KCCX20120629_104252_V06,59.673,0.188,130.775,67.702,13.413,-79.025,41.964,6706.733,143700.941,20120629_064252
4,KCCX20120629_105228_V06,69.273,0.105,141.071,60.378,20.466,-78.963,41.998,10233.088,143768.203,20120629_065228
4,KCCX20120629_110205_V06,78.890,-1.000,150.000,54.098,27.982,-78.909,42.027,13991.228,144020.334,20120629_070205
4,KCCX20120629_111142_V06,88.507,0.116,157.031,71.995,28.993,-78.866,41.946,14496.750,134560.693,20120629_071142
2,KCCX20120629_090901_V06,-34.177,0.065,24.739,433.564,33.576,-79.623,40.310,16787.888,152977.036,20120629_050901
3,KCCX20120629_103316_V06,50.073,0.298,205.274,225.618,7.222,-78.569,41.257,3610.956,60219.571,20120629_063316
9,KCCX20120629_103316_V06,50.073,0.050,218.280,254.694,30.453,-78.490,41.126,15226.526,46719.206,20120629_063316
10,KCCX20120629_104252_V06,59.673,0.121,87.073,72.382,2.907,-79.288,41.941,1453.416,155842.819,20120629_064252
2,KCCX20120630_105642_V06,73.035,0.050,315.303,128.491,2.757,-77.912,41.695,1378.601,86095.153,20120630_065642
2,KCCX20120630_110759_V06,84.319,0.143,317.524,128.761,11.232,-77.899,41.694,5616.034,86066.763,20120630_070759
1,KCCX20120701_085158_V06,-52.195,0.501,483.740,116.060,13.911,-76.899,41.746,6955.639,129994.506,20120701_045158
2,KCCX20120702_103635_V06,51.900,0.055,122.553,133.138,4.579,-79.069,41.669,2289.346,121788.819,20120702_063635
1,KCCX20120703_100504_V06,19.838,0.056,199.032,421.123,7.218,-78.598,40.376,3609.222,78843.858,20120703_060504
7,KCCX20120704_104651_V06,61.051,0.193,197.117,416.019,11.389,-78.610,40.399,5694.485,77532.843,20120704_064651
7,KCCX20120704_105129_V06,65.685,-1.000,197.117,416.019,18.756,-78.610,40.399,9377.985,77532.843,20120704_065129
7,KCCX20120704_105605_V06,70.285,0.116,197.239,415.450,13.977,-78.609,40.402,6988.615,77279.335,20120704_065605
8,KCCX20120704_104651_V06,61.051,0.064,219.080,390.260,2.612,-78.481,40.516,1305.826,60611.210,20120704_064651
2,KCCX20120705_101149_V06,25.425,0.075,206.226,425.468,10.288,-78.556,40.357,5143.890,78319.305,20120705_061149
2,KCCX20120705_102126_V06,35.042,0.063,206.812,425.640,21.062,-78.552,40.356,10531.033,78213.325,20120705_062126
1,KCCX20120705_101149_V06,25.425,0.091,411.770,87.376,31.147,-77.331,41.878,15573.479,120105.576,20120705_061149
4,KCCX20120705_102126_V06,35.042,0.147,431.084,441.322,23.768,-77.233,40.284,11883.833,96378.281,20120705_062126
1,KCCX20120706_085520_V06,-51.673,0.286,233.749,190.832,6.806,-78.400,41.414,3402.863,63848.955,20120706_045520
1,KCCX20120706_090458_V06,-42.040,0.063,234.658,190.817,14.314,-78.395,41.414,7157.162,63621.012,20120706_050458
3,KCCX20120706_103141_V06,44.677,0.125,25.068,498.158,34.442,-79.614,40.019,17221.210,169450.870,20120706_063141
4,KCCX20120706_103141_V06,44.677,0.101,216.414,430.681,17.876,-78.496,40.334,8938.128,77563.114,20120706_063141
1,KCCX20120707_094015_V06,-7.394,0.093,218.674,390.194,2.533,-78.484,40.516,1266.714,60722.687,20120707_054015
14,KCCX20120708_101405_V06,25.781,0.067,218.795,391.467,2.689,-78.483,40.510,1344.381,61156.235,20120708_061405
27,KCCX20120708_103943_V06,51.414,0.054,431.805,267.568,33.109,-77.220,41.066,16554.527,67868.439,20120708_063943
1,KCCX20120709_093825_V06,-10.565,0.400,486.737,291.897,9.124,-76.895,40.954,4562.180,93456.393,20120709_053825
1,KCCX20120709_094241_V06,-6.299,0.476,486.836,292.120,14.945,-76.894,40.953,7472.700,93500.873,20120709_054241
1,KCCX20120709_094657_V06,-2.032,0.539,486.092,293.909,15.533,-76.899,40.945,7766.636,93096.057,20120709_054657
1,KCCX20120709_095115_V06,2.268,0.446,486.473,295.693,16.002,-76.897,40.937,8001.227,93261.139,20120709_055115
1,KCCX20120709_095530_V06,6.518,0.342,486.250,297.818,16.564,-76.898,40.928,8281.826,93131.521,20120709_055530
1,KCCX20120709_095947_V06,10.801,0.186,486.472,296.860,16.972,-76.897,40.932,8486.085,93249.029,20120709_055947
1,KCCX20120709_100405_V06,15.101,0.058,486.659,298.708,18.736,-76.896,40.924,9367.859,93331.653,20120709_060405
4,KCCX20120709_102945_V06,40.768,0.247,199.032,422.156,6.098,-78.598,40.372,3048.775,79241.092,20120709_062945
10,KCCX20120710_110658_V06,77.285,0.058,300.946,302.600,9.933,-77.998,40.911,4966.576,1383.471,20120710_070658
10,KCCX20120710_111636_V06,86.918,0.075,301.368,301.608,17.464,-77.996,40.916,8732.068,1055.466,20120710_071636
1,KCCX20120710_085156_V06,-57.748,0.096,219.182,391.609,3.459,-78.481,40.510,1729.456,61081.304,20120710_045156
3,KCCX20120710_090135_V06,-48.098,0.099,236.057,311.638,4.909,-78.383,40.870,2454.533,32496.529,20120710_050135
7,KCCX20120710_104740_V06,57.985,0.065,395.403,268.109,4.702,-77.436,41.065,2351.074,50295.780,20120710_064740
9,KCCX20120710_110658_V06,77.285,0.074,253.820,348.034,10.487,-78.277,40.706,5243.258,33316.065,20120710_070658
3,KCCX20120711_092053_V06,-29.517,0.072,494.354,515.745,32.481,-76.867,39.946,16240.259,145188.936,20120711_052053
3,KCCX20120711_093030_V06,-19.900,0.317,495.131,510.150,37.030,-76.862,39.971,18514.833,143386.853,20120711_053030
3,KCCX20120711_094006_V06,-10.300,0.161,490.323,502.267,29.756,-76.889,40.007,14878.220,138865.818,20120711_054006
3,KCCX20120711_094943_V06,-0.684,-1.000,490.323,502.267,45.047,-76.889,40.007,22523.470,138865.818,20120711_054943
3,KCCX20120711_095919_V06,8.916,0.065,494.619,512.758,35.564,-76.865,39.959,17782.005,144172.265,20120711_055919
9,KCCX20120711_094943_V06,-0.684,0.103,489.838,289.333,18.843,-76.876,40.966,9421.478,95068.892,20120711_054943
9,KCCX20120711_095919_V06,8.916,0.348,492.993,286.373,26.841,-76.857,40.979,13420.481,96736.679,20120711_055919
1,KCCX20120711_085205_V06,-58.317,0.188,220.106,391.270,2.405,-78.475,40.511,1202.623,60648.900,20120711_045205
4,KCCX20120711_093030_V06,-19.900,0.472,229.940,189.982,4.918,-78.423,41.418,2459.246,65215.806,20120711_053030
8,KCCX20120711_094006_V06,-10.300,0.083,286.035,354.182,13.919,-78.086,40.679,6959.730,27976.454,20120711_054006
11,KCCX20120712_092228_V06,-28.671,0.165,234.593,186.572,8.728,-78.395,41.433,4364.048,65467.359,20120712_052228
11,KCCX20120712_093207_V06,-19.021,0.223,236.794,185.965,15.473,-78.382,41.436,7736.552,65190.140,20120712_053207
2,KCCX20120712_085333_V06,-57.588,0.146,219.357,390.074,2.855,-78.480,40.517,1427.591,60449.502,20120712_045333
5,KCCX20120712_091248_V06,-38.338,0.229,403.970,424.895,10.430,-77.392,40.359,5215.225,81253.626,20120712_051248
6,KCCX20120712_091248_V06,-38.338,0.109,473.308,520.436,41.039,-76.990,39.926,20519.449,140203.219,20120712_051248
6,KCCX20120712_092228_V06,-28.671,-1.000,473.308,520.436,56.409,-76.990,39.926,28204.449,140203.219,20120712_052228
6,KCCX20120712_093207_V06,-19.021,0.061,477.778,520.007,37.270,-76.964,39.928,18635.048,141428.392,20120712_053207
14,KCCX20120712_094147_V06,-9.354,0.375,193.056,230.083,5.703,-78.642,41.236,2851.517,63885.559,20120712_054147
19,KCCX20120712_095126_V06,0.296,0.074,200.860,423.899,9.267,-78.587,40.364,4633.486,79340.420,20120712_055126
20,KCCX20120712_100105_V06,9.946,0.098,379.735,513.652,32.218,-77.537,39.960,16108.915,114022.938,20120712_060105
24,KCCX20120712_103940_V06,48.529,0.251,301.565,303.254,10.394,-77.995,40.908,5197.033,1805.179,20120712_063940
11,KCCX20120713_101421_V06,22.457,0.076,372.670,501.966,31.945,-77.578,40.013,15972.291,107320.952,20120713_061421
11,KCCX20120713_102358_V06,32.074,0.118,375.491,507.127,38.363,-77.562,39.990,19181.409,110227.511,20120713_062358
2,KCCX20120713_090652_V06,-45.026,0.117,375.329,111.512,7.582,-77.551,41.771,3791.241,101491.404,20120713_050652
3,KCCX20120713_090652_V06,-45.026,0.083,249.191,347.159,2.203,-78.305,40.710,1101.339,34660.828,20120713_050652
5,KCCX20120713_090652_V06,-45.026,0.050,220.393,390.182,2.302,-78.474,40.516,1151.022,60145.905,20120713_050652
7,KCCX20120713_094525_V06,-6.476,0.166,386.756,209.316,4.364,-77.486,41.330,2181.820,62749.713,20120713_054525
7,KCCX20120715_100644_V06,13.279,0.176,48.997,425.544,52.966,-79.481,40.348,26483.196,140324.613,20120715_060644
7,KCCX20120715_101101_V06,17.563,0.523,49.390,424.041,58.376,-79.479,40.355,29188.247,139813.799,20120715_061101
7,KCCX20120715_101518_V06,21.846,0.553,54.192,414.791,61.612,-79.452,40.397,30806.097,135645.424,20120715_061518
7,KCCX20120715_101934_V06,26.113,0.108,57.920,411.502,62.431,-79.430,40.412,31215.437,133262.251,20120715_061934
10,KCCX20120715_103223_V06,38.929,0.058,232.255,391.639,12.073,-78.404,40.510,6036.491,56980.413,20120715_063223
27,KCCX20120716_105744_V06,63.475,0.054,202.404,419.949,5.794,-78.579,40.382,2896.917,77318.771,20120716_065744
27,KCCX20120716_110719_V06,73.058,0.242,201.609,420.342,14.078,-78.583,40.380,7038.995,77722.112,20120716_070719
24,KCCX20120716_103834_V06,44.308,0.108,217.803,420.850,23.392,-78.488,40.378,11696.138,73077.192,20120716_063834
24,KCCX20120716_104810_V06,53.908,0.060,213.640,426.702,14.528,-78.512,40.351,7264.177,76667.242,20120716_064810
26,KCCX20120716_104810_V06,53.908,0.056,201.321,417.978,8.465,-78.585,40.390,4232.582,76903.351,20120716_064810
2,KCCX20120717_093809_V06,-16.927,0.433,415.911,111.385,11.444,-77.307,41.770,5722.237,110692.346,20120717_053809
4,KCCX20120717_094747_V06,-7.294,0.327,386.073,272.520,3.486,-77.492,41.046,1743.015,45176.470,20120717_054747
7,KCCX20120717_095725_V06,2.339,0.364,171.293,378.015,5.578,-78.764,40.569,2789.145,75252.819,20120717_055725
9,KCCX20120717_095725_V06,2.339,0.097,196.884,416.062,12.198,-78.611,40.399,6099.123,77626.216,20120717_055725
4,KCCX20120718_100030_V06,4.589,0.072,204.239,419.253,4.920,-78.568,40.385,2460.073,76471.587,20120718_060030
4,KCCX20120718_101009_V06,14.239,0.310,204.136,420.143,11.561,-78.568,40.381,5780.480,76851.179,20120718_061009
1,KCCX20120718_091222_V06,-43.544,0.050,196.557,312.559,8.482,-78.617,40.865,4240.812,52101.217,20120718_051222
3,KCCX20120718_100030_V06,4.589,0.124,404.031,437.568,6.695,-77.392,40.302,3347.416,86237.379,20120718_060030
6,KCCX20120718_100030_V06,4.589,0.057,216.982,270.027,2.384,-78.498,41.057,1192.015,44131.847,20120718_060030
10,KCCX20120718_104839_V06,52.739,0.119,403.384,281.272,30.074,-77.389,41.006,15036.816,52533.248,20120718_064839
2,KCCX20120719_100211_V06,5.426,0.680,220.089,436.299,22.951,-78.474,40.308,11475.531,78998.572,20120719_060211
3,KCCX20120719_100211_V06,5.426,0.534,491.833,287.768,19.053,-76.864,40.973,9526.440,96111.480,20120719_060211
4,KCCX20120719_100211_V06,5.426,0.112,303.637,333.115,18.092,-77.982,40.774,9046.106,16657.066,20120719_060211
6,KCCX20120719_100211_V06,5.426,0.090,198.869,418.514,8.610,-78.599,40.388,4305.105,77898.956,20120719_060211
7,KCCX20120719_102137_V06,24.860,0.069,395.309,526.638,49.881,-77.447,39.901,24940.647,122931.491,20120719_062137
7,KCCX20120719_103120_V06,34.576,0.087,372.040,517.216,38.134,-77.582,39.944,19067.114,114425.075,20120719_063120
9,KCCX20120719_104104_V06,44.310,0.217,219.292,439.004,22.070,-78.479,40.296,11035.063,80367.900,20120719_064104
13,KCCX20120719_110031_V06,63.760,0.082,338.042,516.919,34.568,-77.781,39.946,17283.949,110114.637,20120719_070031
15,KCCX20120719_111015_V06,73.493,0.098,213.895,439.622,17.616,-78.510,40.293,8807.981,82018.891,20120719_071015
17,KCCX20120719_111015_V06,73.493,0.059,235.672,150.673,14.491,-78.390,41.595,7245.367,81296.985,20120719_071015
1,KCCX20120720_085826_V06,-59.183,0.076,199.225,424.727,2.522,-78.597,40.360,1260.939,80175.286,20120720_045826
6,KCCX20120720_110029_V06,62.867,0.064,278.637,36.050,24.965,-78.133,42.111,12482.355,132406.756,20120720_070029
2,KCCX20120722_091342_V06,-45.668,0.079,392.367,292.411,12.819,-77.455,40.956,6409.492,46339.171,20120722_051342
2,KCCX20120722_092327_V06,-35.918,0.124,393.609,309.686,30.106,-77.449,40.878,15053.056,47054.240,20120722_052327
1,KCCX20120722_090358_V06,-55.402,0.055,199.326,425.069,2.473,-78.596,40.358,1236.473,80276.956,20120722_050358
3,KCCX20120722_094258_V06,-16.402,0.096,315.894,424.832,13.971,-77.910,40.361,6985.714,62920.069,20120722_054258
6,KCCX20120722_110058_V06,61.598,0.212,222.376,439.067,27.279,-78.460,40.296,13639.420,79632.310,20120722_070058
10,KCCX20120726_095155_V06,-11.075,0.145,284.792,198.171,12.638,-78.095,41.381,6318.813,51479.271,20120726_055155
19,KCCX20120726_101457_V06,11.958,0.088,390.541,195.831,38.646,-77.463,41.391,19323.002,69008.624,20120726_061457
20,KCCX20120726_101457_V06,11.958,0.088,3.754,338.133,6.071,-79.758,40.738,3035.254,149345.019,20120726_061457
28,KCCX20120726_104232_V06,39.542,0.081,33.862,341.615,33.505,-79.579,40.725,16752.396,134685.812,20120726_064232
8,KCCX20120727_100512_V06,1.282,0.074,386.196,294.352,23.594,-77.492,40.947,11797.009,43190.367,20120727_060512
13,KCCX20120727_103909_V06,35.232,0.052,226.661,252.625,22.221,-78.441,41.136,11110.531,43654.791,20120727_063909
14,KCCX20120727_103909_V06,35.232,0.050,494.007,382.988,23.994,-76.859,40.544,11997.076,105505.293,20120727_063909
17,KCCX20120727_110021_V06,56.432,0.056,326.556,54.828,16.536,-77.844,42.027,8267.849,123302.931,20120727_070021
22,KCCX20120727_112132_V06,77.615,0.098,305.401,328.194,13.317,-77.972,40.796,6658.253,14353.376,20120727_072132
14,KCCX20120728_103931_V06,34.665,0.243,202.138,280.549,16.828,-78.586,41.009,8413.891,49887.935,20120728_063931
14,KCCX20120728_104345_V06,38.898,0.094,203.211,279.876,22.361,-78.579,41.012,11180.255,49429.582,20120728_064345
14,KCCX20120728_104759_V06,43.131,0.103,207.706,277.124,24.646,-78.553,41.025,12322.980,47543.255,20120728_064759
28,KCCX20120728_111739_V06,72.798,0.084,203.198,238.410,16.842,-78.581,41.199,8420.925,57367.095,20120728_071739
29,KCCX20120728_111739_V06,72.798,0.064,424.732,181.453,24.588,-77.257,41.454,12294.231,86039.990,20120728_071739
30,KCCX20120728_112154_V06,77.048,0.070,253.986,397.261,44.132,-78.275,40.485,22066.195,53798.112,20120728_072154
33,KCCX20120728_113022_V06,85.515,0.066,214.301,238.383,19.550,-78.515,41.199,9775.238,52775.350,20120728_073022
8,KCCX20120729_095944_V06,-6.059,0.390,349.936,314.443,14.164,-77.708,40.858,7082.138,25991.424,20120729_055944
8,KCCX20120729_100920_V06,3.541,0.786,349.224,316.633,18.647,-77.712,40.848,9323.303,25979.020,20120729_060920
8,KCCX20120729_101855_V06,13.124,0.253,378.857,296.488,21.629,-77.536,40.938,10814.614,39467.385,20120729_061855
8,KCCX20120729_102829_V06,22.691,0.069,387.065,298.221,28.210,-77.487,40.930,14105.057,43541.575,20120729_062829
6,KCCX20120729_095944_V06,-6.059,0.822,282.848,372.478,14.989,-78.105,40.597,7494.469,37239.961,20120729_055944
6,KCCX20120729_100920_V06,3.541,0.254,278.617,379.303,27.524,-78.130,40.566,13762.127,41067.806,20120729_060920
10,KCCX20120729_095944_V06,-6.059,0.273,440.397,511.118,39.509,-77.182,39.969,19754.667,126769.480,20120729_055944
10,KCCX20120729_100920_V06,3.541,0.056,437.410,514.579,52.794,-77.200,39.954,26397.161,127402.363,20120729_060920
12,KCCX20120729_095944_V06,-6.059,0.154,380.975,277.714,7.376,-77.523,41.022,3687.851,41992.978,20120729_055944
12,KCCX20120729_100920_V06,3.541,0.976,381.033,288.667,16.009,-77.523,40.973,8004.649,40910.618,20120729_060920
18,KCCX20120729_095944_V06,-6.059,0.079,349.894,364.699,2.486,-77.709,40.631,1242.825,40851.484,20120729_055944
18,KCCX20120729_100920_V06,3.541,0.137,349.992,364.935,9.932,-77.708,40.630,4965.887,40975.064,20120729_060920
30,KCCX20120729_103936_V06,33.808,0.111,200.816,422.298,6.349,-78.588,40.371,3174.498,78730.959,20120729_063936
30,KCCX20120729_104910_V06,43.374,0.062,203.402,424.151,15.784,-78.573,40.363,7891.962,78652.287,20120729_064910
1,KCCX20120729_091152_V06,-53.926,0.116,219.593,391.533,2.554,-78.478,40.510,1277.048,60916.939,20120729_051152
4,KCCX20120729_094035_V06,-25.209,0.085,235.780,261.560,4.784,-78.386,41.095,2392.113,37422.492,20120729_054035
5,KCCX20120729_095944_V06,-6.059,0.845,241.900,457.876,15.705,-78.345,40.212,7852.429,84113.689,20120729_055944
22,KCCX20120729_095944_V06,-6.059,0.050,467.513,285.534,6.513,-77.009,40.984,3256.355,84068.434,20120729_055944
1,KCCX20120730_095735_V06,-9.156,0.246,248.767,439.113,8.608,-78.305,40.296,4304.186,74123.679,20120730_055735
1,KCCX20120730_100710_V06,0.428,0.815,248.904,439.231,16.321,-78.304,40.296,8160.655,74155.503,20120730_060710
1,KCCX20120730_101645_V06,10.011,0.944,250.544,439.974,22.220,-78.295,40.292,11110.182,74227.048,20120730_061645
1,KCCX20120730_102621_V06,19.611,0.185,247.918,435.191,29.468,-78.310,40.314,14733.971,72437.888,20120730_062621
2,KCCX20120730_095735_V06,-9.156,0.127,287.973,354.013,7.217,-78.075,40.680,3608.484,27667.865,20120730_055735
2,KCCX20120730_100710_V06,0.428,0.221,286.523,354.002,16.857,-78.084,40.680,8428.520,27829.401,20120730_060710
3,KCCX20120730_100710_V06,0.428,0.439,383.153,270.800,16.648,-77.509,41.053,8323.952,44065.386,20120730_060710
3,KCCX20120730_101645_V06,10.011,0.067,381.432,269.693,27.434,-77.520,41.058,13717.036,43444.437,20120730_061645
4,KCCX20120730_101645_V06,10.011,0.053,409.372,518.570,22.677,-77.364,39.937,11338.613,122204.062,20120730_061645
2,KCCX20120731_091045_V06,-56.941,0.091,218.922,389.793,2.229,-78.482,40.518,1114.531,60490.728,20120731_051045
18,KCCX20120801_111617_V06,67.635,0.130,33.396,257.370,37.985,-79.591,41.104,18992.332,134995.316,20120801_071617
18,KCCX20120801_112031_V06,71.868,0.178,34.737,258.360,42.496,-79.583,41.100,21248.034,134255.464,20120801_072031
18,KCCX20120801_112446_V06,76.118,0.185,36.861,264.383,43.108,-79.569,41.073,21553.826,132769.066,20120801_072446
13,KCCX20120801_105047_V06,42.135,0.088,55.151,190.850,56.101,-79.468,41.405,28050.423,134037.779,20120801_065047
13,KCCX20120801_105504_V06,46.418,0.150,55.371,193.149,61.609,-79.466,41.395,30804.697,133473.246,20120801_065504
6,KCCX20120801_091254_V06,-55.749,0.072,209.671,420.431,8.835,-78.536,40.380,4417.608,75271.225,20120801_051254
1,KCCX20120802_094923_V06,-20.228,0.096,182.919,202.895,11.059,-78.703,41.358,5529.545,76054.851,20120802_054923
1,KCCX20120802_095856_V06,-10.678,0.172,186.297,204.850,19.304,-78.683,41.349,9652.189,74131.397,20120802_055856
2,KCCX20120802_094923_V06,-20.228,0.068,317.853,123.789,14.671,-77.897,41.716,7335.403,88556.726,20120802_054923
7,KCCX20120802_100829_V06,-1.128,0.071,438.012,279.112,4.633,-77.184,41.014,2316.547,69792.013,20120802_060829
8,KCCX20120802_100829_V06,-1.128,0.055,379.494,423.562,5.159,-77.536,40.366,2579.453,73462.462,20120802_060829
7,KCCX20120803_105716_V06,46.689,0.588,207.277,421.998,14.865,-78.550,40.372,7432.747,76617.870,20120803_065716
8,KCCX20120803_105716_V06,46.689,0.076,475.198,115.657,4.597,-76.951,41.748,2298.450,127158.056,20120803_065716
9,KCCX20120803_110648_V06,56.222,0.187,313.394,250.706,12.677,-77.924,41.145,6338.314,25540.646,20120803_070648
10,KCCX20120803_113541_V06,85.105,0.247,219.040,389.803,2.208,-78.482,40.518,1104.050,60454.785,20120803_073541
11,KCCX20120803_113541_V06,85.105,0.131,251.701,340.799,8.065,-78.290,40.739,4032.274,31612.389,20120803_073541
2,KCCX20120804_111012_V06,58.651,0.087,353.428,512.247,42.518,-77.691,39.967,21259.047,109434.238,20120804_071012
2,KCCX20120804_111946_V06,68.218,0.079,355.860,513.133,54.286,-77.677,39.963,27142.824,110165.761,20120804_071946
1,KCCX20120804_104126_V06,29.884,0.056,427.506,440.908,32.482,-77.254,40.286,16241.066,95017.200,20120804_064126
3,KCCX20120804_111012_V06,58.651,0.070,211.332,431.704,18.625,-78.526,40.329,9312.607,79385.252,20120804_071012
3,KCCX20120805_094137_V06,-30.907,0.176,245.944,268.152,17.640,-78.325,41.066,8820.070,31370.341,20120805_054137
5,KCCX20120805_101532_V06,3.009,0.119,301.178,235.613,15.566,-77.997,41.213,7782.841,32198.959,20120805_061532
13,KCCX20120805_111911_V06,66.659,0.081,198.132,273.862,13.769,-78.610,41.039,6884.563,52584.128,20120805_071911
6,KCCX20120806_100148_V06,-11.703,0.287,381.846,279.034,8.394,-77.517,41.016,4197.170,42244.319,20120806_060148
6,KCCX20120806_101122_V06,-2.136,0.947,384.071,284.091,17.397,-77.504,40.994,8698.579,42781.425,20120806_061122
5,KCCX20120806_095214_V06,-21.269,0.065,282.677,188.779,14.828,-78.108,41.424,7414.040,56280.885,20120806_055214
11,KCCX20120806_103502_V06,21.531,0.081,218.435,389.749,2.024,-78.485,40.518,1012.220,60637.759,20120806_063502
12,KCCX20120806_103929_V06,25.981,0.053,219.974,252.829,8.170,-78.480,41.134,4085.075,46446.833,20120806_063929
2,KCCX20120807_091901_V06,-55.468,0.084,137.557,271.947,10.332,-78.970,41.045,5166.092,82423.840,20120807_051901
2,KCCX20120807_092835_V06,-45.901,0.127,137.541,272.384,18.381,-78.970,41.043,9190.346,82394.607,20120807_052835
2,KCCX20120807_093809_V06,-36.334,0.089,141.890,270.592,21.084,-78.944,41.052,10542.038,80410.930,20120807_053809
1,KCCX20120807_091901_V06,-55.468,0.360,222.198,115.586,8.708,-78.472,41.752,4353.889,100077.058,20120807_051901
5,KCCX20120807_101631_V06,2.032,0.079,241.172,508.205,37.330,-78.348,39.985,18664.936,108178.265,20120807_061631
6,KCCX20120807_102607_V06,11.632,0.231,411.116,514.036,33.645,-77.354,39.957,16822.268,120580.357,20120807_062607
11,KCCX20120808_103011_V06,14.714,0.067,399.059,514.513,10.604,-77.424,39.956,5302.030,118140.227,20120808_063011
11,KCCX20120808_103944_V06,24.264,-1.000,399.059,514.513,25.789,-77.424,39.956,12894.280,118140.227,20120808_063944
11,KCCX20120808_104919_V06,33.848,0.582,412.223,529.833,27.506,-77.348,39.886,13752.847,127883.982,20120808_064919
11,KCCX20120808_105851_V06,43.381,0.067,417.901,531.210,34.674,-77.315,39.880,17336.886,129767.711,20120808_065851
1,KCCX20120808_092323_V06,-52.086,0.257,179.582,384.682,9.834,-78.715,40.540,4917.030,73606.243,20120808_052323
4,KCCX20120808_095156_V06,-23.536,0.132,382.031,426.272,8.952,-77.521,40.353,4475.822,75289.026,20120808_055156
5,KCCX20120808_095156_V06,-23.536,0.094,277.938,458.990,20.106,-78.133,40.207,10052.815,80256.825,20120808_055156
7,KCCX20120808_100127_V06,-14.019,0.052,469.305,513.774,64.729,-77.013,39.956,32364.532,136348.376,20120808_060127
8,KCCX20120808_102036_V06,5.131,0.576,364.707,453.514,11.584,-77.624,40.231,5792.162,83296.861,20120808_062036
10,KCCX20120808_102036_V06,5.131,0.058,434.230,169.475,6.757,-77.200,41.508,3378.742,93614.453,20120808_062036
12,KCCX20120808_103944_V06,24.264,0.372,279.197,91.616,8.773,-78.129,41.861,4386.299,104709.687,20120808_063944
15,KCCX20120808_104919_V06,33.848,0.064,374.030,450.349,12.843,-77.569,40.245,6421.425,83793.421,20120808_064919
16,KCCX20120808_105851_V06,43.381,0.117,428.526,447.949,10.802,-77.249,40.254,5401.026,97989.388,20120808_065851
18,KCCX20120808_110822_V06,52.898,0.058,100.364,191.115,23.326,-79.198,41.407,11662.753,113699.856,20120808_070822
2,KCCX20120809_091937_V06,-56.839,0.111,491.466,115.814,5.641,-76.853,41.747,2820.690,132838.141,20120809_051937
2,KCCX20120809_092911_V06,-47.273,0.113,487.769,116.518,14.657,-76.875,41.744,7328.307,131265.722,20120809_052911
5,KCCX20120809_093843_V06,-37.739,0.149,364.404,455.459,10.892,-77.626,40.222,5445.816,84136.041,20120809_053843
5,KCCX20120809_094815_V06,-28.206,0.637,363.915,455.700,15.593,-77.628,40.221,7796.327,84153.825,20120809_054815
1,KCCX20120809_091937_V06,-56.839,0.290,196.821,418.543,11.414,-78.611,40.388,5707.218,78578.510,20120809_051937
7,KCCX20120809_094815_V06,-28.206,0.117,262.757,298.973,7.933,-78.225,40.927,3966.692,18628.795,20120809_054815
15,KCCX20120809_105729_V06,41.027,0.095,198.637,423.328,4.633,-78.601,40.366,2316.717,79818.832,20120809_065729
2,KCCX20120811_093731_V06,-40.920,0.076,455.061,256.709,9.141,-77.081,41.114,4570.480,80495.248,20120811_053731
6,KCCX20120811_101619_V06,-2.120,0.050,376.369,414.597,37.548,-77.554,40.406,18774.055,68855.997,20120811_061619
7,KCCX20120811_112419_V06,65.880,0.093,372.035,406.889,33.973,-77.579,40.441,16986.715,64448.492,20120811_072419
8,KCCX20120811_112419_V06,65.880,0.066,329.731,121.173,15.152,-77.825,41.728,7575.893,90640.868,20120811_072419
6,KCCX20120812_102915_V06,9.821,0.058,86.921,453.242,28.361,-79.256,40.226,14180.521,131230.330,20120812_062915
4,KCCX20120813_103013_V06,9.793,0.941,506.300,360.535,26.045,-76.784,40.644,13022.322,107499.293,20120813_063013
4,KCCX20120813_103955_V06,19.493,0.959,507.741,359.686,30.237,-76.776,40.648,15118.578,108072.520,20120813_063955
4,KCCX20120813_104939_V06,29.226,0.900,522.546,364.188,43.249,-76.689,40.627,21624.521,115808.799,20120813_064939
4,KCCX20120813_105922_V06,38.943,0.864,524.424,371.458,47.910,-76.678,40.594,23954.975,117762.790,20120813_065922
4,KCCX20120813_110905_V06,48.660,0.375,519.672,363.303,47.675,-76.706,40.631,23837.547,114305.513,20120813_070905
5,KCCX20120813_103013_V06,9.793,0.263,22.797,110.530,31.084,-79.671,41.764,15541.988,167884.261,20120813_063013
5,KCCX20120813_103955_V06,19.493,0.128,26.565,105.578,36.783,-79.649,41.787,18391.704,167754.609,20120813_063955
9,KCCX20120813_104939_V06,29.226,0.222,26.818,273.124,46.247,-79.628,41.033,23123.503,137250.591,20120813_064939
9,KCCX20120813_105922_V06,38.943,0.105,28.321,274.557,55.832,-79.619,41.026,27916.166,136433.875,20120813_065922
6,KCCX20120813_103013_V06,9.793,0.098,217.642,438.161,23.590,-78.488,40.300,11795.233,80422.852,20120813_063013
6,KCCX20120813_103955_V06,19.493,-1.000,217.642,438.161,39.013,-78.488,40.300,19506.733,80422.852,20120813_063955
6,KCCX20120813_104939_V06,29.226,0.244,220.249,427.459,20.857,-78.473,40.348,10428.270,75176.492,20120813_064939
10,KCCX20120813_105922_V06,38.943,0.112,484.838,123.703,13.173,-76.893,41.711,6586.327,127716.272,20120813_065922
1,KCCX20120814_092939_V06,-51.769,0.057,218.852,390.406,1.977,-78.483,40.515,988.316,60741.458,20120814_052939
1,KCCX20120814_093357_V06,-47.469,0.230,218.811,390.400,7.315,-78.483,40.515,3657.591,60753.111,20120814_053357
9,KCCX20120814_102533_V06,4.131,0.147,164.898,385.646,6.071,-78.801,40.535,3035.717,79981.028,20120814_062533
9,KCCX20120814_102952_V06,8.448,0.258,164.672,385.216,12.578,-78.803,40.537,6289.246,79961.491,20120814_062952
15,KCCX20120814_105122_V06,29.948,0.126,218.979,390.172,2.361,-78.482,40.516,1180.511,60612.058,20120814_065122
15,KCCX20120814_105543_V06,34.298,0.065,219.012,390.186,7.901,-78.482,40.516,3950.667,60606.529,20120814_065543
12,KCCX20120814_102533_V06,4.131,0.055,167.793,379.803,2.625,-78.784,40.561,1312.750,77212.696,20120814_062533
3,KCCX20120815_092936_V06,-52.814,0.071,240.644,109.395,5.139,-78.361,41.781,2569.376,99816.526,20120815_052936
3,KCCX20120815_093918_V06,-43.114,0.136,241.761,109.824,13.941,-78.354,41.779,6970.543,99447.045,20120815_053918
1,KCCX20120815_092936_V06,-52.814,0.241,219.166,390.137,7.636,-78.481,40.516,3818.096,60536.951,20120815_052936
4,KCCX20120815_105705_V06,34.669,0.245,324.941,323.780,31.166,-77.856,40.816,15583.204,17230.456,20120815_065705
3,KCCX20120816_103601_V06,12.606,0.761,501.813,371.625,24.962,-76.812,40.594,12481.199,107073.032,20120816_063601
3,KCCX20120816_104543_V06,22.306,0.698,506.860,373.111,33.510,-76.782,40.587,16754.954,109699.873,20120816_064543
3,KCCX20120816_105521_V06,31.939,0.114,500.518,367.231,23.843,-76.819,40.614,11921.391,105744.347,20120816_065521
5,KCCX20120816_104543_V06,22.306,0.074,199.567,321.445,17.547,-78.599,40.825,8773.321,51348.689,20120816_064543
5,KCCX20120816_105521_V06,31.939,0.574,193.537,311.351,29.843,-78.635,40.870,14921.610,53533.130,20120816_065521
1,KCCX20120816_101645_V06,-6.661,0.106,237.251,305.197,11.089,-78.376,40.899,5544.529,31481.699,20120816_061645
2,KCCX20120816_101645_V06,-6.661,0.103,229.214,514.047,47.807,-78.418,39.959,23903.343,112723.780,20120816_061645
4,KCCX20120816_103601_V06,12.606,0.158,292.277,430.820,15.970,-78.049,40.334,7984.932,65523.778,20120816_063601
7,KCCX20120816_111442_V06,51.289,0.171,206.985,364.400,10.324,-78.554,40.632,5161.797,56566.627,20120816_071442
8,KCCX20120816_113403_V06,70.639,0.312,421.875,311.216,17.818,-77.281,40.870,8908.962,61195.239,20120816_073403
32,KCCX20120817_114402_V06,79.626,0.089,219.061,390.020,2.646,-78.481,40.517,1323.071,60528.360,20120817_074402
32,KCCX20120817_114819_V06,83.909,0.111,219.123,390.049,7.962,-78.481,40.517,3980.911,60518.647,20120817_074819
15,KCCX20120818_102644_V06,1.330,0.867,491.311,361.920,21.740,-76.873,40.639,10869.938,100540.947,20120818_062644
15,KCCX20120818_103626_V06,11.030,0.923,488.334,366.115,28.875,-76.891,40.620,14437.672,99800.873,20120818_063626
15,KCCX20120818_104610_V06,20.763,0.691,492.083,365.842,32.462,-76.869,40.621,16231.095,101526.977,20120818_064610
15,KCCX20120818_105553_V06,30.480,0.447,513.853,380.534,46.822,-76.741,40.554,23411.105,114257.371,20120818_065553
5,KCCX20120818_101702_V06,-8.370,0.826,375.223,282.773,14.892,-77.557,41.000,7445.778,38585.306,20120818_061702
5,KCCX20120818_102644_V06,1.330,0.072,377.219,281.644,25.762,-77.545,41.005,12880.986,39685.429,20120818_062644
16,KCCX20120818_102644_V06,1.330,0.596,398.969,514.935,27.830,-77.425,39.954,13914.761,118312.939,20120818_062644
16,KCCX20120818_103626_V06,11.030,0.267,405.286,512.837,36.416,-77.388,39.963,18207.843,118727.409,20120818_063626
9,KCCX20120818_101702_V06,-8.370,0.226,413.047,278.610,3.174,-77.332,41.017,1586.983,57526.631,20120818_061702
17,KCCX20120818_102644_V06,1.330,0.160,522.290,315.094,21.658,-76.686,40.848,10828.804,111401.008,20120818_062644
18,KCCX20120818_102644_V06,1.330,0.092,202.424,515.661,46.984,-78.575,39.951,23492.126,118353.839,20120818_062644
20,KCCX20120818_110537_V06,40.213,0.058,190.565,241.666,45.290,-78.656,41.184,22644.773,62005.933,20120818_070537
3,KCCX20120819_102154_V06,-4.500,0.198,238.348,438.968,6.828,-78.366,40.297,3413.872,76014.741,20120819_062154
3,KCCX20120819_103132_V06,5.134,-1.000,238.348,438.968,22.145,-78.366,40.297,11072.372,76014.741,20120819_063132
3,KCCX20120819_104106_V06,14.700,0.102,219.603,442.984,32.629,-78.477,40.278,16314.459,82018.601,20120819_064106
1,KCCX20120819_095041_V06,-35.716,0.214,384.253,253.972,8.388,-77.502,41.129,4193.794,48003.085,20120819_055041
4,KCCX20120819_102154_V06,-4.500,0.135,247.448,447.866,12.246,-78.313,40.257,6123.022,78463.367,20120819_062154
5,KCCX20120819_104106_V06,14.700,0.087,496.671,309.614,53.156,-76.837,40.874,26578.150,98452.799,20120819_064106
5,KCCX20120819_105041_V06,24.284,0.056,513.988,287.886,43.629,-76.733,40.971,21814.442,107165.071,20120819_065041
7,KCCX20120819_110953_V06,43.484,0.053,214.240,435.186,17.552,-78.508,40.313,8775.917,80046.981,20120819_070953
8,KCCX20120819_112905_V06,62.684,0.070,378.351,291.169,17.573,-77.539,40.962,8786.678,39423.347,20120819_072905
1,KCCX20120820_092739_V06,-59.745,0.328,219.042,390.299,2.948,-78.482,40.515,1474.079,60638.557,20120820_052739
1,KCCX20120820_093156_V06,-55.462,0.076,219.016,390.315,8.901,-78.482,40.515,4450.567,60653.376,20120820_053156
15,KCCX20120820_100200_V06,-25.395,0.227,218.886,390.138,2.719,-78.482,40.516,1359.566,60630.449,20120820_060200
15,KCCX20120820_100619_V06,-21.079,0.073,218.860,390.147,8.104,-78.483,40.516,4051.762,60642.968,20120820_060619
13,KCCX20120820_095325_V06,-33.979,0.078,219.070,389.890,2.270,-78.481,40.517,1135.061,60477.106,20120820_055325
17,KCCX20120820_100619_V06,-21.079,0.097,285.334,28.370,21.757,-78.093,42.146,10878.437,136013.055,20120820_060619
2,KCCX20120821_104624_V06,18.010,0.280,488.202,360.742,15.414,-76.891,40.644,7707.043,98880.709,20120821_064624
2,KCCX20120821_105606_V06,27.710,0.632,490.393,362.727,24.539,-76.879,40.635,12269.420,100229.943,20120821_065606
2,KCCX20120821_110545_V06,37.360,0.281,493.454,366.457,29.348,-76.861,40.618,14674.237,102275.228,20120821_070545
1,KCCX20120821_102444_V06,-3.657,0.069,245.877,445.474,12.983,-78.322,40.268,6491.621,77607.911,20120821_062444
3,KCCX20120821_110545_V06,37.360,0.093,213.165,434.318,18.139,-78.515,40.317,9069.563,79971.514,20120821_070545
1,KCCX20120822_093725_V06,-51.967,0.088,227.279,216.221,5.604,-78.438,41.299,2801.804,55468.882,20120822_053725
2,KCCX20120822_101607_V06,-13.267,0.215,200.930,423.236,6.287,-78.587,40.367,3143.396,79060.021,20120822_061607
3,KCCX20120822_101607_V06,-13.267,0.210,371.852,302.486,8.305,-77.577,40.911,4152.355,35947.370,20120822_061607
1,KCCX20120823_093144_V06,-58.644,0.107,262.341,186.011,2.657,-78.229,41.436,1328.281,60024.186,20120823_053144
1,KCCX20120823_094116_V06,-49.110,0.091,263.156,185.330,14.648,-78.224,41.439,7324.127,60221.655,20120823_054116
3,KCCX20120823_094116_V06,-49.110,0.127,495.053,405.753,6.602,-76.854,40.441,3300.920,110938.240,20120823_054116
4,KCCX20120823_100021_V06,-30.027,0.087,357.983,518.851,36.544,-77.665,39.937,18271.839,113200.635,20120823_060021
5,KCCX20120823_102857_V06,-1.427,0.165,189.299,326.404,6.845,-78.660,40.802,3422.718,56903.319,20120823_062857
6,KCCX20120823_103830_V06,8.123,0.056,421.663,220.584,49.861,-77.278,41.278,24930.569,72644.172,20120823_063830
6,KCCX20120823_104802_V06,17.656,-1.000,421.663,220.584,65.019,-77.278,41.278,32509.569,72644.172,20120823_064802
6,KCCX20120823_105732_V06,27.156,0.083,396.163,218.599,29.389,-77.430,41.288,14694.412,62994.823,20120823_065732
7,KCCX20120823_105732_V06,27.156,0.102,311.787,431.009,28.884,-77.935,40.333,14441.967,65768.973,20120823_065732
1,KCCX20120824_102923_V06,-1.985,0.123,192.299,246.539,27.029,-78.646,41.162,13514.309,60119.582,20120824_062923
3,KCCX20120824_104825_V06,17.048,0.382,405.516,217.432,37.638,-77.374,41.293,18819.099,66990.833,20120824_064825
1,KCCX20120825_094252_V06,-49.493,0.064,220.968,390.825,4.770,-78.470,40.513,2384.991,60198.140,20120825_054252
3,KCCX20120825_114731_V06,75.157,0.223,218.640,437.731,21.823,-78.482,40.302,10911.516,79983.310,20120825_074731
1,KCCX20120827_093620_V06,-58.004,0.378,219.050,390.704,2.725,-78.481,40.514,1362.291,60786.571,20120827_053620
1,KCCX20120827_093953_V06,-54.454,0.083,219.296,390.643,7.418,-78.480,40.514,3708.770,60681.951,20120827_053953
7,KCCX20120827_115738_V06,83.296,0.067,219.389,390.117,2.473,-78.479,40.516,1236.704,60454.853,20120827_075738
7,KCCX20120827_120110_V06,86.830,0.080,219.377,390.104,7.196,-78.480,40.516,3598.046,60454.125,20120827_080110
3,KCCX20120827_101841_V06,-15.654,0.083,218.970,389.957,2.095,-78.482,40.517,1047.644,60535.433,20120827_061841
6,KCCX20120827_105024_V06,16.063,0.068,218.827,390.329,2.478,-78.483,40.515,1239.201,60721.641,20120827_065024
1,KCCX20120828_112436_V06,49.276,0.133,219.070,390.056,3.103,-78.481,40.517,1551.283,60538.516,20120828_072436
2,KCCX20120828_112436_V06,49.276,0.072,432.176,509.910,34.729,-77.230,39.975,17364.252,124028.839,20120828_072436
1,KCCX20120829_102928_V06,-6.843,0.325,503.087,291.419,13.986,-76.798,40.955,6993.031,101633.958,20120829_062928
2,KCCX20120829_103901_V06,2.707,0.069,448.494,518.575,47.024,-77.135,39.936,23511.791,132122.625,20120829_063901
3,KCCX20120829_104835_V06,12.274,0.051,212.801,272.475,23.113,-78.522,41.046,11556.314,45720.178,20120829_064835
4,KCCX20120829_105808_V06,21.824,0.051,402.519,364.246,2.418,-77.398,40.632,1208.763,60493.115,20120829_065808
5,KCCX20120829_110739_V06,31.340,0.470,200.339,419.630,8.556,-78.591,40.383,4277.802,77851.748,20120829_070739
7,KCCX20120829_115532_V06,79.224,0.112,505.706,239.062,74.767,-76.778,41.191,37383.251,107270.910,20120829_075532
1,KCCX20120830_104219_V06,5.022,0.978,514.422,285.251,23.971,-76.730,40.982,11985.500,107464.419,20120830_064219
1,KCCX20120830_105152_V06,14.572,0.885,515.131,290.889,32.547,-76.726,40.957,16273.536,107661.809,20120830_065152
2,KCCX20120831_101253_V06,-25.396,0.457,210.318,422.462,14.631,-78.532,40.370,7315.725,75894.398,20120831_061253
2,KCCX20120831_102220_V06,-15.946,0.054,208.552,430.601,26.167,-78.542,40.334,13083.403,79717.369,20120831_062220
1,KCCX20120831_094422_V06,-53.912,0.053,200.155,417.202,7.583,-78.592,40.394,3791.410,76982.614,20120831_054422
6,KCCX20120831_102220_V06,-15.946,0.195,484.616,119.499,13.706,-76.894,41.730,6852.955,129096.650,20120831_062220
6,KCCX20120831_103150_V06,-6.446,-1.000,484.616,119.499,28.811,-76.894,41.730,14405.455,129096.650,20120831_063150
6,KCCX20120831_104120_V06,3.054,0.097,485.892,116.883,10.159,-76.887,41.742,5079.720,130468.106,20120831_064120
7,KCCX20120831_102220_V06,-15.946,0.187,190.533,337.262,3.104,-78.652,40.753,1551.937,57817.497,20120831_062220
11,KCCX20120831_111926_V06,41.154,0.140,436.386,233.615,17.665,-77.191,41.219,8832.577,75842.202,20120831_071926
12,KCCX20120831_113832_V06,60.254,0.062,195.485,319.754,31.939,-78.623,40.832,15969.702,53182.573,20120831_073832
1,KCCX20120901_093925_V06,-59.846,0.089,195.725,416.215,11.674,-78.618,40.398,5837.036,78069.071,20120901_053925
6,KCCX20120901_103056_V06,-8.329,0.254,553.304,96.937,10.975,-76.479,41.827,5487.663,162325.026,20120901_063056
7,KCCX20120903_111217_V06,31.056,0.126,80.776,341.754,77.789,-79.301,40.728,38894.527,111582.685,20120903_071217
8,KCCX20120903_111217_V06,31.056,0.068,277.467,425.437,14.760,-78.137,40.358,7379.879,63722.481,20120903_071217
1,KCCX20120904_094257_V06,-59.260,0.071,218.617,390.037,2.353,-78.484,40.517,1176.695,60683.285,20120904_054257
2,KCCX20120904_104619_V06,4.107,0.113,219.360,390.039,2.567,-78.480,40.517,1283.466,60435.791,20120904_064619
3,KCCX20120905_095135_V06,-51.608,0.276,316.262,274.520,12.493,-77.907,41.038,6246.723,15113.494,20120905_055135
6,KCCX20120905_103909_V06,-4.042,0.342,348.959,276.154,12.210,-77.713,41.030,6104.763,27228.918,20120905_063909
1,KCCX20120906_095325_V06,-50.757,0.063,220.268,390.523,2.370,-78.474,40.515,1185.158,60314.840,20120906_055325
2,KCCX20120907_105308_V06,7.977,0.052,442.510,343.086,17.688,-77.160,40.726,8844.238,74440.302,20120907_065308
2,KCCX20120907_110246_V06,17.611,0.062,446.336,342.857,32.469,-77.138,40.727,16234.673,76241.395,20120907_070246
2,KCCX20120907_111225_V06,27.261,0.094,455.582,290.630,73.418,-77.080,40.962,36708.878,77932.007,20120907_071225
2,KCCX20120907_112203_V06,36.894,0.185,457.440,289.754,83.560,-77.069,40.965,41780.078,78886.704,20120907_072203
3,KCCX20120907_110246_V06,17.611,0.302,366.141,391.493,18.608,-77.614,40.510,9304.033,56448.210,20120907_070246
3,KCCX20120907_111225_V06,27.261,0.111,365.326,394.340,26.877,-77.619,40.498,13438.438,57374.988,20120907_071225
7,KCCX20120907_115059_V06,65.827,0.105,409.673,514.868,29.943,-77.362,39.954,14971.626,120619.783,20120907_075059
7,KCCX20120907_120038_V06,75.477,0.134,394.249,519.387,39.679,-77.453,39.934,19839.581,119387.544,20120907_080038
8,KCCX20120907_120038_V06,75.477,0.361,73.017,373.484,77.556,-79.344,40.584,38778.164,119290.781,20120907_080038
1,KCCX20120908_095307_V06,-53.022,0.110,218.945,390.337,2.698,-78.482,40.515,1349.064,60684.994,20120908_055307
2,KCCX20120908_102311_V06,-22.955,0.126,219.163,390.276,2.836,-78.481,40.516,1418.209,60589.310,20120908_062311
4,KCCX20120908_104857_V06,2.811,0.113,164.195,380.007,13.856,-78.806,40.560,6928.211,78810.153,20120908_064857
2,KCCX20120909_104013_V06,-6.905,0.967,510.120,286.274,16.469,-76.756,40.978,8234.745,105284.105,20120909_064013
2,KCCX20120909_105010_V06,3.045,0.951,511.814,287.888,21.906,-76.746,40.971,10953.198,106079.789,20120909_065010
2,KCCX20120909_105428_V06,7.345,0.789,510.546,288.089,26.578,-76.753,40.970,13289.073,105441.133,20120909_065428
2,KCCX20120909_105847_V06,11.662,0.820,512.110,289.085,28.922,-76.744,40.965,14461.246,106195.516,20120909_065847
2,KCCX20120909_110305_V06,15.962,0.679,512.316,289.759,33.184,-76.743,40.962,16592.230,106281.359,20120909_070305
2,KCCX20120909_110723_V06,20.262,0.512,514.432,289.601,38.029,-76.730,40.963,19014.504,107341.900,20120909_070723
2,KCCX20120909_111141_V06,24.562,0.449,512.718,296.768,37.159,-76.741,40.931,18579.728,106371.101,20120909_071141
2,KCCX20120909_111451_V06,27.728,0.082,512.504,297.460,39.558,-76.742,40.928,19779.013,106259.596,20120909_071451
2,KCCX20120909_111802_V06,30.912,-1.000,512.172,299.432,41.202,-76.744,40.919,20600.844,106086.558,20120909_071802
2,KCCX20120909_112112_V06,34.078,0.050,512.953,300.352,48.357,-76.740,40.915,24178.345,106476.493,20120909_072112
14,KCCX20120909_105847_V06,11.662,0.116,505.930,349.712,22.237,-76.786,40.693,11118.587,105922.441,20120909_065847
14,KCCX20120909_110305_V06,15.962,0.253,506.318,350.286,28.206,-76.783,40.690,14102.754,106178.818,20120909_070305
14,KCCX20120909_110723_V06,20.262,0.121,509.098,354.231,31.112,-76.767,40.672,15556.157,108008.208,20120909_070723
14,KCCX20120909_111141_V06,24.562,0.182,511.510,355.275,34.742,-76.753,40.667,17370.885,109306.797,20120909_071141
14,KCCX20120909_111451_V06,27.728,0.144,511.847,358.665,33.307,-76.751,40.652,16653.744,109910.052,20120909_071451
14,KCCX20120909_111802_V06,30.912,0.053,512.718,362.915,33.747,-76.747,40.633,16873.549,110913.520,20120909_071802
12,KCCX20120909_105847_V06,11.662,0.339,452.477,488.325,18.618,-77.110,40.072,9309.187,121156.438,20120909_065847
12,KCCX20120909_110305_V06,15.962,0.177,453.207,488.878,24.743,-77.106,40.069,12371.402,121601.179,20120909_070305
12,KCCX20120909_110723_V06,20.262,0.154,453.738,489.508,27.719,-77.103,40.066,13859.395,122012.849,20120909_070723
12,KCCX20120909_111141_V06,24.562,0.050,449.983,484.049,19.700,-77.125,40.091,9850.201,118710.633,20120909_071141
8,KCCX20120909_105010_V06,3.045,0.351,451.102,485.924,15.340,-77.118,40.082,7669.955,119790.935,20120909_065010
8,KCCX20120909_105428_V06,7.345,0.086,451.197,486.860,21.199,-77.118,40.078,10599.696,120184.285,20120909_065428
3,KCCX20120909_104013_V06,-6.905,0.805,407.841,512.130,27.495,-77.373,39.966,13747.635,118983.768,20120909_064013
5,KCCX20120909_104013_V06,-6.905,0.175,214.956,426.842,13.762,-78.504,40.351,6880.898,76356.566,20120909_064013
10,KCCX20120909_105010_V06,3.045,0.070,425.183,376.992,2.836,-77.265,40.574,1418.005,73482.094,20120909_065010
13,KCCX20120909_105847_V06,11.662,0.124,373.852,397.800,13.959,-77.568,40.482,6979.719,61275.963,20120909_065847
16,KCCX20120909_111451_V06,27.728,0.086,218.968,390.189,2.474,-78.482,40.516,1237.234,60622.468,20120909_071451
18,KCCX20120909_114944_V06,62.612,0.051,219.248,390.299,2.214,-78.480,40.515,1107.149,60569.729,20120909_074944
21,KCCX20120909_120845_V06,81.628,0.084,218.492,390.683,2.621,-78.485,40.514,1310.520,60965.196,20120909_080845
1,KCCX20120910_103754_V06,-10.205,0.951,503.393,291.549,14.261,-76.796,40.955,7130.402,101784.408,20120910_063754
1,KCCX20120910_104723_V06,-0.722,0.981,507.650,297.145,22.040,-76.771,40.929,11020.194,103834.791,20120910_064723
1,KCCX20120910_105654_V06,8.795,0.974,508.653,298.491,29.095,-76.765,40.923,14547.559,104329.383,20120910_065654
1,KCCX20120910_110624_V06,18.295,0.805,509.924,311.412,38.167,-76.759,40.865,19083.384,105117.103,20120910_070624
1,KCCX20120910_111553_V06,27.778,0.924,514.114,311.020,42.344,-76.734,40.866,21171.945,107198.735,20120910_071553
1,KCCX20120910_112521_V06,37.245,0.620,513.245,313.160,43.271,-76.739,40.857,21635.633,106825.569,20120910_072521
3,KCCX20120910_104723_V06,-0.722,0.931,494.077,352.159,18.377,-76.856,40.682,9188.595,100481.976,20120910_064723
3,KCCX20120910_105654_V06,8.795,0.579,496.563,353.653,30.108,-76.841,40.676,15053.954,101876.777,20120910_065654
2,KCCX20120910_103754_V06,-10.205,0.083,299.816,297.177,28.268,-78.005,40.936,14133.984,1414.560,20120910_063754
4,KCCX20120910_105654_V06,8.795,0.639,452.693,510.405,26.131,-77.110,39.972,13065.402,129986.031,20120910_065654
8,KCCX20120910_112521_V06,37.245,0.455,217.712,434.934,20.452,-78.488,40.314,10226.082,79022.864,20120910_072521
9,KCCX20120910_115345_V06,65.645,0.050,216.660,433.115,14.902,-78.494,40.323,7450.899,78525.704,20120910_075345
5,KCCX20120911_104116_V06,-7.823,0.946,508.308,295.762,19.796,-76.767,40.936,9898.109,104175.363,20120911_064116
5,KCCX20120911_105046_V06,1.677,0.989,508.571,300.302,26.749,-76.766,40.915,13374.624,104285.814,20120911_065046
5,KCCX20120911_110015_V06,11.161,0.981,509.901,302.591,32.964,-76.758,40.905,16482.141,104958.470,20120911_070015
5,KCCX20120911_110944_V06,20.644,0.767,512.429,308.884,39.338,-76.744,40.876,19668.831,106307.446,20120911_070944
5,KCCX20120911_111916_V06,30.177,0.263,517.689,329.157,56.994,-76.714,40.785,28496.802,109816.230,20120911_071916
6,KCCX20120911_105046_V06,1.677,0.874,444.679,482.097,16.726,-77.156,40.100,8362.756,116287.701,20120911_065046
6,KCCX20120911_110015_V06,11.161,0.872,447.124,485.304,25.649,-77.141,40.085,12824.641,118303.446,20120911_070015
6,KCCX20120911_110944_V06,20.644,0.462,449.858,489.791,32.038,-77.126,40.065,16018.988,120911.435,20120911_070944
6,KCCX20120911_111916_V06,30.177,-1.000,452.583,494.219,38.625,-77.110,40.045,19312.379,123493.513,20120911_071916
6,KCCX20120911_112848_V06,39.711,0.051,454.191,515.025,58.645,-77.102,39.951,29322.506,132297.444,20120911_072848
1,KCCX20120911_095346_V06,-55.323,0.184,218.688,390.350,2.709,-78.484,40.515,1354.622,60775.593,20120911_055346
1,KCCX20120911_100315_V06,-45.839,0.055,218.341,390.842,13.425,-78.486,40.513,6712.707,61074.636,20120911_060315
7,KCCX20120911_105046_V06,1.677,0.484,497.215,350.933,16.210,-76.837,40.688,8105.215,101842.644,20120911_065046
7,KCCX20120911_110015_V06,11.161,0.935,499.484,355.157,25.904,-76.824,40.669,12952.138,103484.689,20120911_070015
8,KCCX20120911_115722_V06,68.277,0.082,304.507,439.284,15.604,-77.977,40.296,7801.756,69678.581,20120911_075722
5,KCCX20120912_105627_V06,6.376,0.317,456.352,500.802,32.765,-77.088,40.015,16382.673,127247.259,20120912_065627
5,KCCX20120912_110601_V06,15.943,0.300,460.933,504.649,47.696,-77.062,39.998,23848.062,130173.416,20120912_070601
5,KCCX20120912_111535_V06,25.509,0.302,462.201,503.721,61.703,-77.054,40.002,30851.683,130202.967,20120912_071535
5,KCCX20120912_112506_V06,35.026,0.561,451.243,510.875,64.380,-77.119,39.970,32189.893,129752.598,20120912_072506
5,KCCX20120912_113438_V06,44.559,0.072,437.100,510.422,60.152,-77.201,39.973,30076.060,125572.540,20120912_073438
3,KCCX20120912_095045_V06,-59.324,0.122,181.685,444.337,3.758,-78.699,40.271,1878.841,93316.315,20120912_055045
3,KCCX20120912_100016_V06,-49.807,0.051,181.280,443.468,12.869,-78.702,40.275,6434.336,93109.569,20120912_060016
6,KCCX20120912_105627_V06,6.376,0.217,484.861,123.452,13.043,-76.893,41.713,6521.397,127811.053,20120912_065627
6,KCCX20120912_110601_V06,15.943,0.066,484.853,121.980,20.696,-76.893,41.719,10347.799,128317.955,20120912_070601
8,KCCX20120912_114413_V06,54.143,0.054,412.605,266.794,38.273,-77.334,41.071,19136.662,58699.675,20120912_074413
8,KCCX20120912_115348_V06,63.726,0.059,411.289,265.393,46.278,-77.342,41.077,23139.247,58272.935,20120912_075348
1,KCCX20120913_095325_V06,-57.643,0.545,219.160,390.273,8.758,-78.481,40.516,4378.939,60589.459,20120913_055325
1,KCCX20120913_100254_V06,-48.160,0.302,218.673,390.373,15.011,-78.484,40.515,7505.262,60789.023,20120913_060254
4,KCCX20120913_110001_V06,8.957,0.195,428.127,431.319,26.335,-77.250,40.329,13167.267,91734.860,20120913_070001
1,KCCX20120914_100027_V06,-51.597,0.129,219.964,390.657,2.309,-78.476,40.514,1154.392,60466.016,20120914_060027
1,KCCX20120914_100956_V06,-42.113,0.101,219.305,390.648,9.803,-78.480,40.514,4901.569,60681.005,20120914_060956
3,KCCX20120914_103554_V06,-16.147,0.084,491.645,114.373,24.432,-76.852,41.753,12216.225,133402.627,20120914_063554
4,KCCX20120914_105503_V06,3.003,0.175,168.677,364.058,12.509,-78.780,40.632,6254.589,73056.954,20120914_065503
5,KCCX20120914_105503_V06,3.003,0.097,191.413,441.039,11.245,-78.642,40.286,5622.320,88998.973,20120914_065503
6,KCCX20120914_105503_V06,3.003,0.073,425.028,224.727,30.000,-77.258,41.260,14999.992,72969.282,20120914_065503
7,KCCX20120914_113315_V06,41.203,0.081,378.625,509.598,41.283,-77.544,39.978,20641.438,111929.766,20120914_073315
9,KCCX20120914_121205_V06,80.037,0.259,202.410,417.357,13.013,-78.579,40.393,6506.653,76316.247,20120914_081205
1,KCCX20120915_105030_V06,-2.535,0.086,205.786,421.784,9.031,-78.559,40.373,4515.602,76986.472,20120915_065030
1,KCCX20120915_110004_V06,7.032,0.132,209.317,423.618,19.865,-78.538,40.365,9932.575,76656.407,20120915_070004
4,KCCX20120915_111907_V06,26.082,0.125,449.595,515.560,20.788,-77.129,39.949,10394.058,131191.390,20120915_071907
4,KCCX20120915_112839_V06,35.615,0.060,431.165,505.840,37.679,-77.236,39.994,18839.553,122039.274,20120915_072839
6,KCCX20120915_113806_V06,45.065,0.144,376.812,514.135,34.515,-77.554,39.958,17257.442,113747.408,20120915_073806
6,KCCX20120915_114737_V06,54.582,0.207,365.524,517.561,48.956,-77.621,39.943,24477.949,113607.187,20120915_074737
2,KCCX20120915_110004_V06,7.032,0.096,358.286,396.999,8.666,-77.660,40.486,4333.162,56582.079,20120915_070004
3,KCCX20120915_110004_V06,7.032,0.055,367.145,216.563,34.138,-77.603,41.298,17068.779,53549.509,20120915_070004
5,KCCX20120915_111907_V06,26.082,0.117,219.209,391.521,2.348,-78.481,40.510,1174.147,61039.249,20120915_071907
4,KCCX20120916_104854_V06,-5.124,0.542,524.650,297.381,28.162,-76.670,40.927,14081.036,112332.464,20120916_064854
4,KCCX20120916_105822_V06,4.343,0.291,524.136,296.418,36.153,-76.673,40.932,18076.357,112082.198,20120916_065822
7,KCCX20120916_105822_V06,4.343,0.172,366.120,398.249,15.511,-77.614,40.480,7755.367,59213.091,20120916_065822
7,KCCX20120916_110749_V06,13.793,0.233,373.096,408.705,31.966,-77.573,40.433,15983.118,65497.898,20120916_070749
1,KCCX20120917_100407_V06,-50.897,0.697,219.155,388.424,6.183,-78.481,40.524,3091.669,59905.706,20120917_060407
1,KCCX20120917_101343_V06,-41.297,0.063,208.902,406.025,13.927,-78.541,40.444,6963.599,69893.075,20120917_061343
3,KCCX20120917_100407_V06,-50.897,0.083,187.975,442.016,10.800,-78.663,40.282,5400.211,90440.818,20120917_060407
1,KCCX20120919_103930_V06,-17.499,0.107,212.339,427.209,14.356,-78.520,40.349,7177.752,77243.879,20120919_063930
1,KCCX20120919_104904_V06,-7.932,0.078,215.432,429.448,22.967,-78.502,40.339,11483.545,77312.064,20120919_064904
4,KCCX20120919_110816_V06,11.268,0.572,341.333,287.157,31.922,-77.758,40.981,15961.052,21641.099,20120919_070816
4,KCCX20120919_111751_V06,20.851,0.097,345.846,293.624,38.550,-77.732,40.951,19274.838,23143.656,20120919_071751
2,KCCX20120919_103930_V06,-17.499,0.068,313.996,317.404,31.126,-77.921,40.845,15563.124,11166.832,20120919_063930
3,KCCX20120919_104904_V06,-7.932,0.463,511.557,290.023,16.230,-76.747,40.961,8114.975,105896.223,20120919_064904
5,KCCX20120919_113701_V06,40.018,0.059,384.510,305.939,16.822,-77.502,40.895,8411.072,42359.360,20120919_073701
6,KCCX20120919_121521_V06,78.351,0.123,284.486,417.582,8.600,-78.095,40.394,4299.881,59300.544,20120919_081521
1,KCCX20120920_100118_V06,-56.693,0.133,196.567,416.035,12.537,-78.613,40.399,6268.299,77721.569,20120920_060118
1,KCCX20120920_101047_V06,-47.210,0.593,196.687,420.231,10.941,-78.612,40.380,5470.568,79260.611,20120920_061047
3,KCCX20120920_101047_V06,-47.210,0.546,458.069,167.920,5.819,-77.057,41.514,2909.271,102993.859,20120920_061047
5,KCCX20120920_101047_V06,-47.210,0.154,480.405,119.670,9.502,-76.920,41.730,4751.118,127539.328,20120920_061047
8,KCCX20120920_111014_V06,12.240,0.148,479.310,262.173,42.330,-76.937,41.088,21164.978,91628.318,20120920_071014
9,KCCX20120920_114823_V06,50.390,0.078,214.872,431.085,17.316,-78.505,40.332,8657.959,78150.847,20120920_074823
2,KCCX20120921_111230_V06,13.511,0.141,365.312,318.884,19.217,-77.617,40.837,9608.356,33993.598,20120921_071230
1,KCCX20120922_100609_V06,-53.837,0.131,219.008,390.015,2.403,-78.482,40.517,1201.641,60544.143,20120922_060609
2,KCCX20120923_103354_V06,-27.087,0.076,190.525,29.372,34.758,-78.666,42.140,17378.763,145966.135,20120923_063354
2,KCCX20120923_104323_V06,-17.604,0.372,195.480,28.883,41.957,-78.636,42.142,20978.347,145283.323,20120923_064323
2,KCCX20120923_105516_V06,-5.720,0.327,219.200,30.183,33.546,-78.493,42.137,16772.879,140827.990,20120923_065516
1,KCCX20120923_103354_V06,-27.087,0.092,217.415,432.374,16.793,-78.490,40.326,8396.524,78011.240,20120923_063354
4,KCCX20120923_111415_V06,13.263,0.128,346.035,282.378,20.079,-77.730,41.002,10039.333,24646.500,20120923_071415
1,KCCX20120925_104305_V06,-19.910,0.124,214.429,426.388,14.936,-78.508,40.353,7468.046,76315.470,20120925_064305
5,KCCX20120926_103930_V06,-24.500,0.109,167.746,125.732,17.314,-78.798,41.705,8656.916,109385.262,20120926_063930
13,KCCX20120927_115042_V06,45.690,0.051,16.474,437.783,24.518,-79.671,40.291,12259.135,157616.045,20120927_075042
13,KCCX20120927_115352_V06,48.856,0.062,17.187,436.821,28.821,-79.667,40.295,14410.418,157085.453,20120927_075352
13,KCCX20120927_115704_V06,52.056,0.272,20.987,435.792,29.655,-79.645,40.300,14827.414,155151.066,20120927_075704
13,KCCX20120927_120014_V06,55.223,0.215,25.277,433.341,28.804,-79.620,40.311,14401.756,152686.583,20120927_080014
13,KCCX20120927_120324_V06,58.390,0.084,29.415,434.004,29.406,-79.595,40.309,14703.058,150974.800,20120927_080324
10,KCCX20120927_112156_V06,16.923,0.098,218.960,390.408,2.555,-78.482,40.515,1277.428,60706.246,20120927_072156
3,KCCX20120928_101845_V06,-47.273,0.092,310.324,381.689,29.963,-77.943,40.555,14981.703,41169.626,20120928_061845
3,KCCX20120928_102258_V06,-43.056,0.298,312.496,381.405,34.522,-77.930,40.557,17260.890,41179.436,20120928_062258
3,KCCX20120928_102710_V06,-38.856,0.463,323.405,379.884,27.419,-77.866,40.563,13709.339,41621.135,20120928_062710
3,KCCX20120928_103122_V06,-34.656,0.236,324.513,379.227,33.070,-77.859,40.566,16534.791,41466.062,20120928_063122
2,KCCX20120928_101433_V06,-51.473,0.055,318.759,205.298,8.431,-77.892,41.349,4215.298,48270.877,20120928_061433
1,KCCX20120929_101419_V06,-52.723,0.053,220.229,390.585,2.130,-78.475,40.514,1065.125,60351.372,20120929_061419
1,KCCX20120929_102352_V06,-43.173,0.115,220.211,390.573,9.510,-78.475,40.514,4755.055,60352.573,20120929_062352
2,KCCX20120929_111127_V06,4.411,0.091,412.580,397.184,13.541,-77.340,40.484,6770.723,74362.372,20120929_071127
2,KCCX20120929_112058_V06,13.927,0.265,418.799,409.903,31.537,-77.304,40.426,15768.414,80919.260,20120929_072058
3,KCCX20120929_113028_V06,23.427,0.235,511.014,333.750,54.472,-76.754,40.764,27236.128,106848.006,20120929_073028
3,KCCX20120929_114000_V06,32.961,0.418,506.698,332.175,60.061,-76.780,40.772,30030.642,104593.698,20120929_074000
5,KCCX20120929_120836_V06,61.561,0.059,209.726,425.499,13.228,-78.535,40.357,6614.100,77297.029,20120929_080836
5,KCCX20120929_121807_V06,71.077,0.114,211.658,427.128,21.930,-78.524,40.349,10964.761,77404.481,20120929_081807
11,KCCX20120930_114615_V06,38.191,0.193,398.480,426.013,28.656,-77.424,40.354,14327.755,79964.805,20120930_074615
11,KCCX20120930_114924_V06,41.341,0.067,399.207,426.347,32.540,-77.420,40.353,16269.868,80320.792,20120930_074924
11,KCCX20120930_115233_V06,44.491,0.108,406.999,428.588,25.030,-77.374,40.342,12514.774,83641.841,20120930_075233
9,KCCX20120930_113647_V06,28.724,0.117,73.071,287.989,28.284,-79.352,40.969,14142.149,113623.516,20120930_073647
14,KCCX20120930_114615_V06,38.191,0.064,507.975,203.493,17.801,-76.761,41.351,8900.539,114637.435,20120930_074615
1,KCCX20121001_101326_V06,-55.649,0.163,218.164,390.446,2.447,-78.487,40.515,1223.307,60986.618,20121001_061326
1,KCCX20121001_101817_V06,-50.799,0.116,218.333,390.449,8.240,-78.486,40.515,4119.998,60931.352,20121001_061817
5,KCCX20121001_110651_V06,-2.233,0.073,166.456,383.215,2.033,-78.792,40.546,1016.705,78674.524,20121001_070651
6,KCCX20121001_122856_V06,79.851,0.189,197.727,418.928,9.845,-78.606,40.386,4922.421,78427.951,20121001_082856
10,KCCX20121003_123119_V06,80.174,0.075,296.680,294.401,21.422,-78.024,40.948,10710.854,3254.932,20121003_083119
10,KCCX20121003_123720_V06,86.191,0.155,295.802,295.841,29.280,-78.029,40.942,14639.963,2954.622,20121003_083720
1,KCCX20121003_101235_V06,-58.559,0.133,198.271,421.263,8.147,-78.603,40.376,4073.324,79141.354,20121003_061235
3,KCCX20121003_101650_V06,-54.309,0.078,218.965,390.072,2.337,-78.482,40.517,1168.694,60579.880,20121003_061650
4,KCCX20121003_103809_V06,-32.992,0.091,219.030,390.275,2.463,-78.482,40.516,1231.325,60633.271,20121003_063809
5,KCCX20121004_111106_V06,-1.079,0.089,218.622,390.294,2.487,-78.484,40.516,1243.456,60777.082,20121004_071106
12,KCCX20121004_114936_V06,37.421,0.055,218.925,390.049,2.516,-78.482,40.517,1257.944,60584.810,20121004_074936
1,KCCX20121005_103033_V06,-42.670,0.086,397.171,307.701,6.878,-77.427,40.887,3438.862,48737.653,20121005_063033
4,KCCX20121006_113701_V06,22.750,0.074,30.385,155.389,33.883,-79.620,41.563,16941.303,152974.337,20121006_073701
4,KCCX20121006_114116_V06,27.000,0.079,32.880,154.464,39.445,-79.605,41.567,19722.495,152096.635,20121006_074116
9,KCCX20121006_122536_V06,71.334,0.148,26.971,529.491,36.408,-79.600,39.879,18203.789,178333.131,20121006_082536
1,KCCX20121008_105706_V06,-19.274,0.334,212.328,424.600,11.724,-78.520,40.361,5861.889,76176.595,20121008_065706
1,KCCX20121009_101828_V06,-58.969,0.090,198.133,420.745,8.455,-78.604,40.378,4227.516,78987.629,20121009_061828
3,KCCX20121009_111609_V06,-1.286,0.065,340.294,309.505,13.275,-77.765,40.880,6637.505,20699.950,20121009_071609
4,KCCX20121012_105514_V06,-25.420,0.062,196.427,417.809,11.199,-78.614,40.391,5599.457,78432.103,20121012_065514
5,KCCX20121012_110511_V06,-15.470,0.119,300.583,301.222,8.090,-78.000,40.918,4044.968,676.852,20121012_070511
12,KCCX20121012_123532_V06,74.880,0.277,401.914,295.051,17.098,-77.399,40.944,8548.801,51016.826,20121012_083532
8,KCCX20121014_122723_V06,64.557,0.707,211.719,273.763,20.392,-78.529,41.040,10196.110,46048.797,20121014_082723
19,KCCX20121015_124140_V06,77.745,0.184,184.559,274.966,5.150,-78.690,41.034,2575.083,59062.087,20121015_084140
1,KCCX20121016_105745_V06,-27.271,0.050,341.762,513.131,32.311,-77.760,39.963,16155.693,108591.979,20121016_065745
3,KCCX20121016_110720_V06,-17.688,0.064,215.339,432.474,17.696,-78.502,40.326,8847.969,78607.893,20121016_070720
4,KCCX20121016_115511_V06,30.162,0.108,226.371,287.252,12.498,-78.441,40.980,6248.781,37361.956,20121016_075511
5,KCCX20121016_122357_V06,58.929,0.223,206.786,425.249,15.946,-78.553,40.358,7973.099,78064.511,20121016_082357
2,KCCX20121017_102611_V06,-59.944,0.144,200.874,421.128,5.746,-78.588,40.376,2872.858,78259.410,20121017_062611
2,KCCX20121017_103550_V06,-50.294,0.100,199.028,420.915,14.941,-78.598,40.377,7470.556,78765.027,20121017_063550
4,KCCX20121017_122406_V06,57.973,0.442,393.547,294.669,11.541,-77.448,40.946,5770.317,46849.236,20121017_082406
2,KCCX20121020_104923_V06,-40.091,0.058,416.624,228.229,7.221,-77.308,41.244,3610.302,68469.409,20121020_064923
3,KCCX20121020_105857_V06,-30.525,0.326,26.491,200.163,30.485,-79.638,41.361,15242.386,145580.257,20121020_065857
5,KCCX20121020_110832_V06,-20.941,0.122,199.955,421.085,8.430,-78.593,40.376,4215.136,78534.304,20121020_070832
6,KCCX20121020_115630_V06,27.025,0.050,40.858,259.375,76.610,-79.546,41.096,38305.149,131153.486,20121020_075630
1,KCCX20121021_104917_V06,-41.317,0.365,365.061,320.439,5.477,-77.618,40.830,2738.415,34098.054,20121021_064917
1,KCCX20121022_103630_V06,-55.231,0.063,200.941,417.116,11.028,-78.587,40.394,5513.826,76695.583,20121022_063630
2,KCCX20121022_112453_V06,-6.848,0.132,213.973,425.854,16.443,-78.510,40.355,8221.640,76223.038,20121022_072453
40,KCCX20121023_125042_V06,77.833,0.060,19.649,426.965,23.823,-79.654,40.340,11911.272,153880.484,20121023_085042
40,KCCX20121023_125417_V06,81.417,0.171,20.360,427.880,29.437,-79.649,40.335,14718.462,153746.646,20121023_085417
40,KCCX20121023_125805_V06,85.217,0.145,24.457,433.977,34.579,-79.625,40.308,17289.619,153194.185,20121023_085805
40,KCCX20121023_130220_V06,89.467,0.175,29.317,430.424,38.335,-79.596,40.325,19167.603,150232.873,20121023_090220
17,KCCX20121023_113800_V06,5.133,0.084,393.891,49.158,24.688,-77.437,42.051,12344.017,133918.836,20121023_073800
17,KCCX20121023_114148_V06,8.933,0.223,395.232,50.608,29.541,-77.429,42.044,14770.355,133477.847,20121023_074148
5,KCCX20121023_105233_V06,-40.317,0.181,181.815,26.324,27.966,-78.719,42.153,13983.246,149052.099,20121023_065233
18,KCCX20121023_113800_V06,5.133,0.055,448.434,159.512,22.903,-77.114,41.552,11451.378,102188.069,20121023_073800
22,KCCX20121023_115605_V06,23.217,0.075,334.235,299.047,29.213,-77.801,40.927,14606.255,17124.118,20121023_075605
30,KCCX20121023_121303_V06,40.183,0.075,58.617,205.533,29.100,-79.446,41.339,14549.894,129605.057,20121023_081303
31,KCCX20121023_121303_V06,40.183,0.072,369.738,234.962,11.399,-77.588,41.215,5699.364,47679.560,20121023_081303
35,KCCX20121023_123305_V06,60.217,0.074,25.560,461.405,30.865,-79.615,40.185,15432.507,159192.360,20121023_083305
1,KCCX20121024_103752_V06,-56.140,0.094,217.631,390.025,2.682,-78.490,40.517,1340.794,61010.776,20121024_063752
5,KCCX20121024_113732_V06,3.526,0.054,101.685,416.594,6.368,-79.172,40.392,3184.011,115025.100,20121024_073732
7,KCCX20121024_122832_V06,54.526,0.112,219.038,390.041,2.598,-78.482,40.517,1299.124,60543.893,20121024_082832
1,KCCX20121025_104244_V06,-52.419,0.513,454.266,163.762,8.834,-77.080,41.533,4416.813,102906.304,20121025_064244
3,KCCX20121025_104244_V06,-52.419,0.057,220.043,390.267,2.394,-78.476,40.516,1197.109,60293.530,20121025_064244
4,KCCX20121025_110155_V06,-33.235,0.236,238.784,377.558,13.659,-78.365,40.573,6829.506,49402.878,20121025_070155
5,KCCX20121025_110155_V06,-33.235,0.090,487.647,118.089,9.768,-76.876,41.737,4883.839,130674.367,20121025_070155
6,KCCX20121025_112104_V06,-14.085,0.062,386.120,310.205,18.062,-77.493,40.876,9031.208,43361.438,20121025_072104
2,KCCX20121027_110313_V06,-34.238,0.064,207.002,426.401,8.630,-78.551,40.353,4314.909,78463.190,20121027_070313
10,KCCX20121028_114314_V06,4.620,0.075,42.926,120.463,49.095,-79.549,41.721,24547.565,156780.733,20121028_074314
2,KCCX20121029_124015_V06,60.474,0.051,531.407,114.799,77.078,-76.613,41.749,38539.021,148196.240,20121029_084015
9,KCCX20121031_124637_V06,64.504,0.230,25.729,274.923,31.680,-79.635,41.024,15840.050,137707.287,20121031_084637
9,KCCX20121031_125617_V06,74.171,0.060,28.257,276.132,45.192,-79.619,41.019,22596.029,136394.571,20121031_085617
3,KCCX20121031_111723_V06,-24.729,0.062,59.248,400.976,78.430,-79.423,40.460,39214.951,130535.209,20121031_071723
8,KCCX20121031_123656_V06,54.821,0.076,37.993,266.427,41.336,-79.563,41.064,20668.036,132074.680,20121031_083656
9,KCCX20121102_123552_V06,51.403,0.056,218.321,390.351,2.847,-78.486,40.515,1423.296,60899.147,20121102_083552
9,KCCX20121102_124533_V06,61.086,-1.000,218.321,390.351,18.243,-78.486,40.515,9121.546,60899.147,20121102_084533
9,KCCX20121102_125514_V06,70.770,0.168,220.742,424.969,21.524,-78.470,40.359,10761.848,73991.604,20121102_085514
1,KCCX20121102_111604_V06,-28.397,0.166,353.032,182.657,17.462,-77.687,41.451,8730.797,64385.391,20121102_071604
2,KCCX20121102_112545_V06,-18.714,0.289,471.655,84.979,27.544,-76.970,41.886,13771.877,137567.366,20121102_072545
5,KCCX20121102_115448_V06,10.336,0.168,164.467,245.079,23.989,-78.811,41.168,11994.339,73119.069,20121102_075448
6,KCCX20121102_115448_V06,10.336,0.142,210.811,238.268,22.060,-78.536,41.200,11029.808,54234.271,20121102_075448
12,KCCX20121102_125514_V06,70.770,0.056,427.798,95.383,32.246,-77.235,41.842,16123.158,120623.870,20121102_085514
2,KCCX20121103_114659_V06,1.339,0.076,182.578,260.632,32.457,-78.703,41.098,16228.575,61922.698,20121103_074659
1,KCCX20121104_114719_V06,0.489,0.071,212.095,431.875,15.866,-78.521,40.328,7932.833,79243.548,20121104_064719
2,KCCX20121104_124746_V06,60.939,0.123,209.309,426.224,11.769,-78.538,40.353,5884.527,77713.108,20121104_074746
1,KCCX20121105_104949_V06,-58.196,0.062,309.822,183.727,4.790,-77.945,41.447,2394.855,58343.539,20121105_054949
2,KCCX20121105_111854_V06,-29.113,0.084,196.715,421.876,8.462,-78.612,40.373,4231.131,79877.281,20121105_061854
3,KCCX20121107_122714_V06,36.843,0.095,346.487,319.079,30.515,-77.728,40.837,15257.746,25125.102,20121107_072714
1,KCCX20121108_111913_V06,-32.364,0.058,364.383,437.897,21.832,-77.625,40.302,10915.754,76093.327,20121108_061913
2,KCCX20121108_122714_V06,35.652,0.058,207.338,432.609,12.329,-78.549,40.325,6164.623,80888.056,20121108_072714
1,KCCX20121109_110103_V06,-51.722,0.064,196.978,421.045,8.472,-78.610,40.376,4236.166,79475.346,20121109_060103
9,KCCX20121110_115025_V06,-3.547,0.063,26.352,424.931,34.416,-79.614,40.349,17207.918,150408.858,20121110_065025
9,KCCX20121110_115441_V06,0.719,0.099,27.191,425.704,39.987,-79.609,40.346,19993.547,150188.425,20121110_065441
9,KCCX20121110_115858_V06,5.003,0.080,33.253,427.580,42.524,-79.574,40.338,21261.830,147843.329,20121110_065858
8,KCCX20121110_115025_V06,-3.547,0.089,299.786,302.284,8.690,-78.005,40.913,4344.814,1147.069,20121110_065025
15,KCCX20121110_123308_V06,39.169,0.095,245.954,185.193,29.226,-78.327,41.439,14612.867,63445.976,20121110_073308
1,KCCX20121111_110149_V06,-53.338,0.063,456.860,168.041,7.282,-77.064,41.513,3640.823,102492.000,20121111_060149
2,KCCX20121111_114033_V06,-14.605,0.287,387.711,297.958,9.278,-77.483,40.931,4639.069,43867.510,20121111_064033
1,KCCX20121112_111116_V06,-45.079,0.167,197.039,423.105,6.386,-78.610,40.367,3193.041,80243.011,20121112_061116
1,KCCX20121113_105909_V06,-58.384,0.096,218.837,389.654,2.797,-78.483,40.518,1398.298,60467.693,20121113_055909
3,KCCX20121113_110326_V06,-54.100,0.167,197.629,416.421,11.839,-78.607,40.397,5919.722,77513.988,20121113_060326
4,KCCX20121113_112446_V06,-32.767,0.058,219.020,389.949,2.346,-78.482,40.517,1173.033,60515.527,20121113_062446
7,KCCX20121113_114153_V06,-15.650,0.088,218.806,390.025,2.424,-78.483,40.517,1212.151,60615.414,20121113_064153
9,KCCX20121113_115900_V06,1.466,0.053,218.853,389.937,2.686,-78.483,40.517,1343.187,60567.200,20121113_065900
10,KCCX20121113_121151_V06,14.316,0.063,219.304,390.129,2.689,-78.480,40.516,1344.616,60487.747,20121113_071151
11,KCCX20121113_124605_V06,48.550,0.056,219.337,390.086,2.463,-78.480,40.516,1231.701,60460.791,20121113_074605
12,KCCX20121113_130204_V06,64.533,0.100,219.385,390.091,2.342,-78.480,40.516,1170.845,60446.471,20121113_080204
12,KCCX20121113_130514_V06,67.700,-1.000,219.385,390.091,7.377,-78.480,40.516,3688.345,60446.471,20121113_080514
12,KCCX20121113_130824_V06,70.866,0.061,218.941,389.719,2.509,-78.482,40.518,1254.581,60456.675,20121113_080824
15,KCCX20121113_131752_V06,80.333,0.054,218.630,389.878,2.530,-78.484,40.517,1264.896,60619.905,20121113_081752
15,KCCX20121113_132101_V06,83.483,-1.000,218.630,389.878,7.538,-78.484,40.517,3769.146,60619.905,20121113_082101
15,KCCX20121113_132410_V06,86.633,0.165,218.769,390.169,2.820,-78.483,40.516,1410.192,60681.467,20121113_082410
1,KCCX20121120_130246_V06,57.024,0.072,476.675,114.348,6.909,-76.942,41.754,3454.365,128141.434,20121120_080246
7,KCCX20121130_125741_V06,40.955,0.090,306.063,338.945,20.588,-77.968,40.748,10294.210,19706.926,20121130_075741
3,KCCX20121202_115106_V06,-27.660,0.084,171.544,332.087,7.668,-78.765,40.776,3833.826,66201.576,20121202_065106
8,KCCX20121202_133632_V06,77.774,0.063,19.443,398.199,30.934,-79.658,40.469,15466.873,148623.041,20121202_083632
4,KCCX20121203_125433_V06,34.801,0.054,195.061,151.395,30.448,-78.633,41.590,15223.923,90961.362,20121203_075433
1,KCCX20121206_113531_V06,-47.083,0.101,485.023,120.335,13.043,-76.892,41.727,6521.549,128950.516,20121206_063531
2,KCCX20121206_120445_V06,-17.849,0.060,218.804,390.066,2.772,-78.483,40.517,1386.217,60631.538,20121206_070445
2,KCCX20121206_120758_V06,-14.633,-1.000,218.804,390.066,7.887,-78.483,40.517,3943.467,60631.538,20121206_070758
2,KCCX20121206_121110_V06,-11.433,0.054,218.887,389.930,2.713,-78.482,40.517,1356.251,60553.427,20121206_071110
3,KCCX20121206_121110_V06,-11.433,0.095,182.029,368.171,1.735,-78.701,40.614,867.336,68125.592,20121206_071110
8,KCCX20121207_121517_V06,-8.224,0.175,430.161,49.020,47.392,-77.218,42.050,23696.144,141362.006,20121207_071517
8,KCCX20121207_121935_V06,-3.924,0.568,433.794,47.625,50.855,-77.196,42.056,25427.290,142823.200,20121207_071935
2,KCCX20121208_114144_V06,-42.660,0.130,441.294,217.691,5.740,-77.160,41.291,2869.961,81759.786,20121208_064144
17,KCCX20121209_132926_V06,64.177,0.070,25.946,494.023,39.832,-79.609,40.038,19916.002,167891.653,20121209_082926
17,KCCX20121209_133235_V06,67.327,0.159,26.292,494.286,43.881,-79.607,40.037,21940.469,167826.844,20121209_083235
17,KCCX20121209_133545_V06,70.494,0.124,30.240,490.589,47.425,-79.585,40.054,23712.652,165147.213,20121209_083545
1,KCCX20121209_112538_V06,-59.623,0.191,298.219,302.265,10.521,-78.014,40.913,5260.284,1440.679,20121209_062538
1,KCCX20121209_112848_V06,-56.456,0.190,297.935,302.157,15.290,-78.016,40.913,7644.970,1492.889,20121209_062848
4,KCCX20121209_112848_V06,-56.456,0.056,182.724,367.957,2.543,-78.697,40.615,1271.524,67771.646,20121209_062848
14,KCCX20121210_122118_V06,-4.794,0.053,34.456,206.653,64.490,-79.590,41.332,32244.820,140736.725,20121210_072118
14,KCCX20121210_122535_V06,-0.511,0.055,35.408,203.363,71.780,-79.585,41.347,35890.036,140843.777,20121210_072535
14,KCCX20121210_122951_V06,3.756,0.096,40.075,191.988,77.471,-79.558,41.399,38735.704,140737.173,20121210_072951
14,KCCX20121210_123409_V06,8.056,0.097,43.587,150.884,73.613,-79.541,41.584,36806.713,148309.930,20121210_073409
8,KCCX20121210_120827_V06,-17.644,0.193,331.844,433.313,21.825,-77.817,40.323,10912.458,68531.681,20121210_070827
11,KCCX20121211_132205_V06,55.176,0.154,199.024,424.231,8.711,-78.598,40.362,4355.286,80045.895,20121211_082205
11,KCCX20121211_133144_V06,64.826,0.167,204.761,427.153,18.536,-78.564,40.349,9268.083,79432.912,20121211_083144
15,KCCX20121211_134123_V06,74.476,0.057,399.438,287.821,33.399,-77.413,40.976,16699.734,50090.728,20121211_084123
4,KCCX20121212_134745_V06,80.056,0.070,225.744,285.632,44.853,-78.445,40.987,22426.397,37816.450,20121212_084745
1,KCCX20121213_114013_V06,-48.237,0.070,197.374,420.802,11.150,-78.608,40.378,5574.961,79254.799,20121213_064013
1,KCCX20121215_113950_V06,-50.054,0.688,195.704,417.886,12.288,-78.618,40.391,6144.094,78700.089,20121215_063950
2,KCCX20121215_130721_V06,37.462,0.212,196.172,416.494,12.497,-78.615,40.397,6248.594,78024.316,20121215_080721
3,KCCX20121215_133628_V06,66.579,0.164,259.420,340.151,17.775,-78.244,40.742,8887.486,28542.912,20121215_083628
3,KCCX20121216_114627_V06,-44.110,0.151,133.357,343.631,14.366,-78.990,40.722,7183.034,86129.853,20121216_064627
9,KCCX20121216_132316_V06,52.706,0.116,263.208,198.999,10.735,-78.224,41.378,5367.617,53746.979,20121216_082316
5,KCCX20121217_123351_V06,2.648,0.060,417.851,425.737,23.610,-77.310,40.355,11804.829,86166.341,20121217_073351
17,KCCX20121218_130600_V06,34.187,0.277,39.482,310.934,59.142,-79.549,40.863,29570.843,130373.707,20121218_080600
17,KCCX20121218_131018_V06,38.487,0.055,39.903,309.295,66.047,-79.547,40.871,33023.384,130131.656,20121218_081018
16,KCCX20121218_130142_V06,29.887,0.323,33.496,329.877,43.200,-79.582,40.778,21600.216,134086.686,20121218_080142
23,KCCX20121218_132732_V06,55.720,0.083,230.936,276.644,15.989,-78.414,41.027,7994.589,36453.211,20121218_082732
25,KCCX20121218_133606_V06,64.287,0.123,31.705,170.059,33.477,-79.611,41.497,16738.625,149052.604,20121218_083606
2,KCCX20121221_121316_V06,-20.182,0.112,405.943,410.117,36.144,-77.380,40.426,18071.892,76402.870,20121221_071316
6,KCCX20121221_124202_V06,8.584,0.064,320.384,371.829,31.904,-77.883,40.600,15951.780,37332.532,20121221_074202
6,KCCX20121221_125138_V06,18.184,-1.000,320.384,371.829,47.168,-77.883,40.600,23583.780,37332.532,20121221_075138
6,KCCX20121221_130114_V06,27.784,0.089,338.180,368.917,39.118,-77.778,40.613,19559.006,39393.157,20121221_080114
6,KCCX20121221_131049_V06,37.368,-1.000,338.180,368.917,54.356,-77.778,40.613,27177.756,39393.157,20121221_081049
6,KCCX20121221_132025_V06,46.968,0.081,348.319,354.352,21.542,-77.718,40.678,10770.893,36362.389,20121221_082025
6,KCCX20121221_133001_V06,56.568,-1.000,348.319,354.352,36.806,-77.718,40.678,18402.893,36362.389,20121221_083001
6,KCCX20121221_133937_V06,66.168,0.107,366.773,333.281,32.251,-77.608,40.773,16125.523,37303.605,20121221_083937
18,KCCX20121221_134914_V06,75.784,0.074,209.078,414.548,10.508,-78.539,40.406,5253.868,73123.592,20121221_084914
2,KCCX20121224_115037_V06,-44.162,0.138,180.261,365.315,8.415,-78.712,40.627,4207.615,68197.266,20121224_065037
2,KCCX20121226_130559_V06,30.494,0.195,299.270,300.696,10.447,-78.008,40.920,5223.705,504.322,20121226_080559
8,KCCX20121227_132118_V06,45.510,0.342,185.680,169.376,7.527,-78.689,41.509,3763.641,86792.411,20121227_082118
1,KCCX20121229_133444_V06,58.452,0.330,16.675,445.999,27.013,-79.669,40.254,13506.400,159364.991,20121229_083444
1,KCCX20121229_133902_V06,62.752,0.652,18.088,442.985,31.984,-79.661,40.267,15991.979,158050.011,20121229_083902
1,KCCX20121229_134319_V06,67.035,0.649,24.665,441.312,38.230,-79.623,40.275,19114.920,154740.287,20121229_084319
1,KCCX20121229_134737_V06,71.335,0.517,30.313,433.011,43.181,-79.590,40.313,21590.554,150352.005,20121229_084737
1,KCCX20121229_135155_V06,75.635,0.531,32.375,430.918,49.522,-79.578,40.323,24761.184,148965.381,20121229_085155
1,KCCX20121229_135612_V06,79.919,0.663,38.641,426.281,52.169,-79.542,40.344,26084.711,145133.870,20121229_085612
1,KCCX20121229_140029_V06,84.202,0.564,42.699,421.785,56.907,-79.519,40.365,28453.541,142333.619,20121229_090029
1,KCCX20121229_140447_V06,88.502,0.196,47.454,410.283,56.999,-79.492,40.417,28499.691,137787.908,20121229_090447
4,KCCX20121229_140029_V06,84.202,0.097,33.998,204.696,64.949,-79.593,41.341,32474.419,141279.875,20121229_090029
4,KCCX20121229_140447_V06,88.502,0.053,34.742,204.459,70.898,-79.589,41.342,35449.025,140969.479,20121229_090447
4,KCCX20121230_135124_V06,74.929,0.088,419.503,246.789,15.263,-77.292,41.160,7631.588,65407.064,20121230_085124
