track_id,filename,from_sunrise,det_score,x,y,r,lon,lat,radius,geo_dist,local_time
2,KBGM19980607_091322,-14.729,0.386,26.375,401.929,50.622,-77.629,41.729,25311.001,145996.570,19980607_051322
2,KBGM19980607_092311,-4.912,0.516,27.275,396.981,56.375,-77.625,41.751,28187.621,144727.640,19980607_052311
2,KBGM19980607_093300,4.905,0.267,34.330,393.407,63.200,-77.583,41.768,31599.907,140805.868,19980607_053300
2,KBGM19980607_094250,14.738,0.272,40.629,385.266,66.146,-77.546,41.805,33072.928,136513.200,19980607_054250
2,KBGM19980607_095240,24.571,0.121,44.869,395.748,71.864,-77.519,41.758,35931.846,136252.733,19980607_055240
2,KBGM19980607_100228,34.371,-1.000,49.442,403.206,77.209,-77.491,41.725,38604.462,135490.765,19980607_060228
2,KBGM19980607_101217,44.188,0.061,26.829,356.199,38.537,-77.632,41.935,19268.547,139445.823,19980607_061217
1,KBGM19980607_083405,-54.012,0.179,24.182,417.886,33.771,-77.641,41.657,16885.323,149977.215,19980607_043405
1,KBGM19980607_084355,-44.179,0.083,24.166,420.834,41.299,-77.641,41.644,20649.304,150569.935,19980607_044355
4,KBGM19980607_101217,44.188,0.051,26.683,279.367,47.015,-77.642,42.281,23507.515,137047.226,19980607_061217
14,KBGM19980608_102155,54.073,0.125,229.206,132.070,12.534,-76.419,42.955,6266.987,91121.018,19980608_062155
14,KBGM19980608_102749,59.973,0.104,228.965,132.472,19.365,-76.420,42.953,9682.465,90982.843,19980608_062749
14,KBGM19980608_103344,65.890,0.116,228.728,133.022,21.153,-76.422,42.950,10576.553,90776.332,19980608_063344
14,KBGM19980608_103939,71.806,0.131,228.413,133.295,23.226,-76.424,42.949,11612.828,90713.024,19980608_063939
14,KBGM19980608_104535,77.740,0.174,230.809,139.619,24.461,-76.409,42.921,12230.441,87334.773,19980608_064535
14,KBGM19980608_105130,83.656,0.066,236.587,142.271,34.942,-76.373,42.909,17471.069,84999.321,19980608_065130
14,KBGM19980608_105726,89.590,0.278,248.742,145.648,41.407,-76.299,42.894,20703.353,81320.492,19980608_065726
3,KBGM19980608_085906,-28.744,0.125,183.622,365.723,12.196,-76.686,41.902,6098.148,66826.753,19980608_045906
3,KBGM19980608_090501,-22.827,0.125,183.969,367.129,20.130,-76.684,41.895,10065.120,67025.241,19980608_050501
3,KBGM19980608_091056,-16.910,0.186,183.843,374.603,22.999,-76.684,41.862,11499.658,69025.495,19980608_051056
3,KBGM19980608_091652,-10.977,0.105,183.228,377.069,27.401,-76.688,41.851,13700.545,69955.795,19980608_051652
3,KBGM19980608_092247,-5.060,0.094,184.764,390.621,26.075,-76.678,41.790,13037.503,73299.716,19980608_052247
3,KBGM19980608_092840,0.823,0.149,182.426,398.837,27.615,-76.692,41.753,13807.535,76799.121,19980608_052840
2,KBGM19980608_084122,-46.477,0.507,197.549,95.472,51.024,-76.614,43.119,25511.786,114376.252,19980608_044122
2,KBGM19980608_084716,-40.577,0.240,196.327,95.489,57.081,-76.622,43.118,28540.501,114644.066,19980608_044716
2,KBGM19980608_085312,-34.644,0.320,197.983,102.605,55.827,-76.611,43.087,27913.559,111099.306,19980608_045312
2,KBGM19980608_085906,-28.744,-1.000,199.102,108.297,56.108,-76.604,43.061,28054.138,108317.162,19980608_045906
2,KBGM19980608_090501,-22.827,0.054,203.828,101.042,52.524,-76.576,43.094,26261.941,110491.382,19980608_050501
2,KBGM19980608_091056,-16.910,0.090,212.890,104.122,49.478,-76.520,43.080,24738.797,107187.305,19980608_051056
2,KBGM19980608_091652,-10.977,-1.000,220.048,105.958,46.853,-76.476,43.072,23426.587,104934.153,19980608_051652
2,KBGM19980608_092247,-5.060,-1.000,227.186,107.789,44.236,-76.432,43.064,22118.064,102770.453,19980608_052247
2,KBGM19980608_092840,0.823,-1.000,234.283,109.609,41.634,-76.388,43.056,20816.912,100706.547,19980608_052840
2,KBGM19980608_093436,6.756,0.145,221.708,125.083,53.806,-76.465,42.986,26902.992,95819.712,19980608_053436
1,KBGM19980608_083527,-52.394,0.240,165.108,324.179,15.840,-76.800,42.088,7919.855,68520.739,19980608_043527
4,KBGM19980608_085906,-28.744,0.091,297.790,36.682,15.581,-75.999,43.385,7790.447,131663.512,19980608_045906
5,KBGM19980608_085906,-28.744,0.057,208.198,92.969,47.539,-76.549,43.130,23769.407,113235.726,19980608_045906
9,KBGM19980608_091652,-10.977,0.188,302.133,43.771,21.907,-75.972,43.353,10953.590,128118.972,19980608_051652
10,KBGM19980608_091652,-10.977,0.068,173.121,421.930,28.097,-76.747,41.648,14048.359,87984.722,19980608_051652
11,KBGM19980608_095221,24.506,0.319,210.250,240.484,22.737,-76.531,42.466,11368.589,53845.041,19980608_055221
21,KBGM19980608_105130,83.656,0.067,335.228,101.254,35.426,-75.769,43.094,17713.249,100921.979,19980608_065130
1,KBGM19980610_083116,-56.179,0.064,147.733,417.886,3.420,-76.899,41.665,1710.094,96284.147,19980610_043116
2,KBGM19980610_100938,42.188,0.058,26.820,447.401,20.948,-77.622,41.524,10473.894,155204.903,19980610_060938
2,KBGM19980616_084757,-39.138,0.087,364.593,406.965,25.639,-75.597,41.718,12819.567,62477.525,19980616_044757
2,KBGM19980616_085353,-33.205,0.231,366.517,404.868,31.759,-75.585,41.727,15879.333,62092.530,19980616_045353
7,KBGM19980616_103434,67.478,0.076,330.512,365.329,24.262,-75.801,41.905,12131.231,36051.537,19980616_063434
7,KBGM19980616_104029,73.395,0.555,334.718,363.544,29.106,-75.776,41.913,14552.982,36205.216,19980616_064029
7,KBGM19980616_104624,79.312,0.229,346.513,356.271,22.987,-75.705,41.946,11493.660,36502.755,19980616_064624
7,KBGM19980616_105219,85.228,0.141,347.199,354.010,30.317,-75.700,41.956,15158.369,35863.602,19980616_065219
1,KBGM19980616_083012,-56.888,0.053,153.809,257.746,8.500,-76.873,42.386,4250.151,76087.427,19980616_043012
3,KBGM19980616_084757,-39.138,0.069,371.009,269.829,30.565,-75.554,42.335,15282.673,38576.224,19980616_044757
4,KBGM19980616_095901,31.928,0.053,293.032,380.165,29.584,-76.027,41.839,14791.994,40233.707,19980616_055901
4,KBGM19980616_100457,37.862,0.364,303.910,382.314,22.464,-75.961,41.829,11232.044,41203.336,19980616_060457
6,KBGM19980616_102243,55.628,0.112,322.215,375.430,22.893,-75.851,41.860,11446.547,39316.512,19980616_062243
6,KBGM19980617_103344,66.583,0.374,368.959,313.667,20.543,-75.568,42.137,10271.481,35150.390,19980617_063344
6,KBGM19980617_103852,71.717,0.545,371.264,315.203,24.661,-75.554,42.130,12330.698,36433.845,19980617_063852
6,KBGM19980617_104400,76.850,0.062,376.265,316.287,24.833,-75.524,42.125,12416.419,38992.143,19980617_064400
1,KBGM19980617_095236,25.450,0.070,279.605,206.096,15.690,-76.109,42.622,7844.986,48046.754,19980617_055236
1,KBGM19980617_095746,30.617,0.279,280.127,207.207,21.508,-76.106,42.617,10754.090,47448.409,19980617_055746
3,KBGM19980617_101820,51.183,0.202,324.804,370.310,27.848,-75.836,41.883,13924.202,37278.643,19980617_061820
3,KBGM19980617_102329,56.333,0.102,324.738,370.649,33.941,-75.836,41.882,16970.723,37427.426,19980617_062329
3,KBGM19980617_102836,61.450,0.266,330.600,372.643,25.420,-75.801,41.873,12709.929,39412.462,19980617_062836
5,KBGM19980617_102836,61.450,0.060,188.975,195.601,20.150,-76.662,42.668,10075.001,76200.065,19980617_062836
5,KBGM19980617_103344,66.583,0.115,189.556,196.650,25.758,-76.659,42.663,12878.765,75629.287,19980617_063344
7,KBGM19980617_103852,71.717,0.165,485.611,379.380,16.109,-74.868,41.837,8054.518,100936.156,19980617_063852
7,KBGM19980617_104400,76.850,0.099,487.018,379.517,21.808,-74.859,41.836,10904.120,101610.254,19980617_064400
9,KBGM19980617_104907,81.967,0.192,304.732,357.516,15.891,-75.956,41.941,7945.393,28855.279,19980617_064907
9,KBGM19980617_105415,87.100,0.950,307.849,358.916,17.216,-75.938,41.935,8608.190,29718.273,19980617_065415
2,KBGM19980617_100255,35.767,0.114,157.712,214.046,22.017,-76.852,42.583,11008.671,83117.337,19980617_060255
8,KBGM19980617_103852,71.717,0.115,287.022,351.276,15.568,-76.063,41.969,7783.979,26446.295,19980617_063852
6,KBGM19980618_093515,8.004,0.190,220.321,365.444,19.577,-76.465,41.904,9788.452,51555.071,19980618_053515
6,KBGM19980618_094505,17.837,0.796,230.847,368.698,24.214,-76.402,41.890,12107.218,48737.822,19980618_054505
6,KBGM19980618_095456,27.687,0.912,242.653,372.353,24.813,-76.330,41.874,12406.313,46161.593,19980618_055456
6,KBGM19980618_100446,37.521,0.131,252.089,379.636,25.353,-76.273,41.841,12676.563,46468.590,19980618_060446
6,KBGM19980618_101436,47.354,0.949,259.506,383.416,28.101,-76.229,41.824,14050.652,46362.533,19980618_061436
6,KBGM19980618_102427,57.204,0.953,264.811,389.003,28.836,-76.197,41.799,14418.122,47853.407,19980618_062427
6,KBGM19980618_103416,67.021,0.906,272.423,396.872,29.216,-76.151,41.764,14607.975,50360.508,19980618_063416
2,KBGM19980618_083613,-51.029,0.187,446.345,246.467,14.215,-75.096,42.437,7107.555,77914.239,19980618_043613
2,KBGM19980618_084603,-41.196,0.180,444.466,245.824,24.977,-75.107,42.440,12488.268,77145.259,19980618_044603
2,KBGM19980618_085554,-31.346,0.084,444.725,248.413,26.486,-75.106,42.429,13242.857,76821.991,19980618_045554
1,KBGM19980618_083613,-51.029,0.732,265.597,494.776,14.447,-76.190,41.323,7223.692,98895.314,19980618_043613
1,KBGM19980618_084603,-41.196,0.448,266.580,493.408,25.883,-76.185,41.329,12941.721,98136.948,19980618_044603
4,KBGM19980618_085554,-31.346,0.082,286.293,514.973,12.841,-76.067,41.232,6420.338,107704.847,19980618_045554
4,KBGM19980618_090544,-21.513,0.062,284.763,505.887,29.603,-76.076,41.273,14801.380,103224.783,19980618_050544
7,KBGM19980618_095456,27.687,0.079,493.189,215.941,13.493,-74.808,42.572,6746.586,105342.261,19980618_055456
12,KBGM19980618_104407,76.871,0.097,367.858,509.628,8.097,-75.580,41.255,4048.344,110168.822,19980618_064407
3,KBGM19980620_082817,-59.256,0.178,365.984,281.256,4.339,-75.585,42.283,2169.521,34297.511,19980620_042817
3,KBGM19980620_083412,-53.339,0.344,367.077,281.970,10.002,-75.578,42.280,5001.204,34728.780,19980620_043412
3,KBGM19980620_084007,-47.422,0.602,370.879,281.507,10.688,-75.555,42.282,5344.121,36625.987,19980620_044007
2,KBGM19980620_082817,-59.256,0.179,157.882,350.302,11.329,-76.842,41.970,5664.309,75378.633,19980620_042817
2,KBGM19980620_083412,-53.339,0.140,156.775,350.566,17.764,-76.849,41.969,8882.189,75944.486,19980620_043412
2,KBGM19980621_082845,-58.985,0.058,392.667,198.832,5.256,-75.420,42.654,2628.212,68596.832,19980621_042845
2,KBGM19980621_083842,-49.035,0.076,392.661,198.686,13.869,-75.420,42.654,6934.253,68648.717,19980621_043842
4,KBGM19980621_085836,-29.135,0.185,372.674,431.955,9.364,-75.549,41.605,4682.112,75321.982,19980621_045836
4,KBGM19980621_090833,-19.185,0.082,374.256,436.840,20.319,-75.540,41.583,10159.470,77844.567,19980621_050833
1,KBGM19980621_082845,-58.985,0.087,193.703,271.455,6.935,-76.630,42.326,3467.287,55031.386,19980621_042845
3,KBGM19980621_083842,-49.035,0.051,340.686,174.111,7.251,-75.736,42.766,3625.706,66150.030,19980621_043842
6,KBGM19980621_091831,-9.219,0.070,159.347,350.140,8.668,-76.833,41.971,4333.801,74661.223,19980621_051831
7,KBGM19980621_095821,30.615,0.066,193.084,268.354,9.395,-76.634,42.340,4697.720,55750.812,19980621_055821
8,KBGM19980621_101816,50.531,0.218,373.057,428.230,11.624,-75.547,41.622,5811.804,73790.954,19980621_061816
10,KBGM19980621_103842,70.965,0.197,333.030,159.765,11.106,-75.783,42.831,5553.200,72036.086,19980621_063842
11,KBGM19980621_103842,70.965,0.153,451.888,262.291,28.196,-75.063,42.366,14097.832,78249.581,19980621_063842
1,KBGM19980622_094210,14.202,0.265,445.093,328.780,10.727,-75.108,42.067,5363.495,73959.857,19980622_054210
3,KBGM19980623_102402,55.808,0.094,436.178,523.473,15.258,-75.173,41.191,7628.990,130847.738,19980623_062402
3,KBGM19980623_102958,61.741,0.082,436.827,524.146,23.852,-75.170,41.188,11926.078,131304.123,19980623_062958
1,KBGM19980623_094236,14.374,0.051,396.313,430.349,21.150,-75.407,41.611,10575.026,81035.494,19980623_054236
2,KBGM19980623_100022,32.141,0.240,406.010,432.958,20.244,-75.349,41.599,10121.830,85023.296,19980623_060022
1,KBGM19980626_083756,-51.264,0.074,239.401,155.795,11.701,-76.356,42.848,5850.340,78210.241,19980626_043756
2,KBGM19980626_084811,-41.014,0.328,262.372,157.432,14.536,-76.215,42.841,7268.112,73724.734,19980626_044811
3,KBGM19980626_094043,11.520,0.063,303.863,176.911,25.693,-75.961,42.754,12846.535,61574.973,19980626_054043
4,KBGM19980626_100117,32.086,0.388,179.171,343.407,15.988,-76.714,42.002,7994.074,64194.639,19980626_060117
3,KBGM19980629_085233,-37.887,0.275,421.590,165.466,71.631,-75.242,42.803,35815.712,90669.202,19980629_045233
3,KBGM19980629_085829,-31.954,0.310,421.990,159.143,82.540,-75.239,42.831,41270.092,93169.495,19980629_045829
4,KBGM19980629_085233,-37.887,0.184,309.020,223.465,20.344,-75.930,42.544,10172.092,38532.225,19980629_045233
4,KBGM19980629_085829,-31.954,0.126,310.293,223.821,27.828,-75.922,42.543,13914.030,38435.512,19980629_045829
5,KBGM19980629_091049,-19.620,0.118,153.138,274.343,23.731,-76.876,42.312,11865.276,74543.031,19980629_051049
5,KBGM19980629_091644,-13.704,0.061,155.599,275.327,30.267,-76.861,42.307,15133.658,73246.924,19980629_051644
1,KBGM19980629_084638,-43.804,0.139,407.793,134.106,50.938,-75.325,42.945,25469.166,98919.242,19980629_044638
2,KBGM19980629_084638,-43.804,0.132,243.762,197.865,19.182,-76.328,42.659,9590.763,58297.101,19980629_044638
7,KBGM19980629_093431,4.080,0.129,364.717,227.823,31.096,-75.591,42.524,15547.977,48470.880,19980629_053431
8,KBGM19980629_094026,9.996,0.078,484.871,192.434,64.862,-74.857,42.678,32430.943,106943.726,19980629_054026
9,KBGM19980629_095217,21.846,0.303,254.634,153.485,20.786,-76.263,42.859,10393.082,76688.931,19980629_055217
10,KBGM19980629_102749,57.380,0.059,404.140,179.491,16.355,-75.349,42.740,8177.582,79635.967,19980629_062749
11,KBGM19980629_103941,69.246,0.085,351.807,243.863,19.242,-75.670,42.452,9621.235,38194.660,19980629_063941
12,KBGM19980629_104536,75.163,0.104,393.383,169.039,26.748,-75.414,42.788,13374.199,80422.486,19980629_064536
1,KBGM19980630_084359,-46.924,0.062,388.518,277.250,26.428,-75.448,42.301,13213.963,45697.192,19980630_044359
2,KBGM19980630_090937,-21.291,0.099,438.784,261.823,29.368,-75.143,42.368,14683.884,71969.602,19980630_050937
3,KBGM19980630_093959,9.076,0.091,285.280,236.822,43.135,-76.075,42.484,21567.511,32434.891,19980630_053959
4,KBGM19980630_094507,14.209,0.110,438.906,230.487,31.363,-75.140,42.510,15681.499,77664.163,19980630_054507
5,KBGM19980630_095525,24.509,0.091,356.186,212.868,31.284,-75.643,42.591,15642.033,51838.364,19980630_055525
6,KBGM19980630_100032,29.626,0.170,475.067,448.461,35.118,-74.936,41.527,17558.819,114770.676,19980630_060032
7,KBGM19980630_100032,29.626,0.061,435.047,208.941,35.466,-75.162,42.607,17733.227,81439.098,19980630_060032
8,KBGM19980630_101049,39.909,0.083,390.508,521.795,31.731,-75.446,41.200,15865.748,119775.503,19980630_061049
1,KBGM19980703_092927,-3.030,0.198,322.962,425.692,24.960,-75.847,41.634,12479.790,63886.034,19980703_052927
2,KBGM19980703_103909,66.670,0.129,375.857,431.866,16.342,-75.530,41.605,8171.165,76064.263,19980703_063909
2,KBGM19980721_092300,-23.098,0.096,191.409,352.333,12.365,-76.640,41.962,6182.611,60271.786,19980721_052300
2,KBGM19980721_093258,-13.132,0.100,190.238,352.325,19.761,-76.647,41.962,9880.661,60797.825,19980721_053258
7,KBGM19980721_103245,46.652,0.068,214.576,513.187,18.482,-76.494,41.239,9241.162,114832.260,19980721_063245
7,KBGM19980721_104242,56.602,0.058,217.027,508.612,25.343,-76.480,41.260,12671.313,112253.764,19980721_064242
8,KBGM19980721_110237,76.518,0.104,189.004,351.069,13.267,-76.655,41.968,6633.585,61090.615,19980721_070237
8,KBGM19980721_111234,86.468,0.470,188.987,351.442,20.040,-76.655,41.966,10019.875,61176.548,19980721_071234
1,KBGM19980721_092300,-23.098,0.314,224.994,507.983,19.671,-76.433,41.263,9835.689,110547.549,19980721_052300
3,KBGM19980721_101250,26.735,0.473,287.715,452.504,12.736,-76.059,41.513,6367.918,76499.221,19980721_061250
4,KBGM19980721_103245,46.652,0.120,393.779,287.166,9.872,-75.417,42.256,4936.119,47326.366,19980721_063245
6,KBGM19980721_103245,46.652,0.083,432.406,332.173,14.243,-75.185,42.052,7121.552,68129.278,19980721_063245
1,KBGM19980722_092416,-22.750,0.162,170.551,341.977,3.224,-76.766,42.008,1612.202,68042.566,19980722_052416
1,KBGM19980722_093012,-16.817,0.279,170.518,341.988,10.856,-76.767,42.008,5427.865,68059.999,19980722_053012
4,KBGM19980722_093012,-16.817,0.253,313.063,187.539,12.619,-75.905,42.706,6309.406,56608.742,19980722_053012
5,KBGM19980722_093012,-16.817,0.122,378.513,318.175,8.317,-75.510,42.117,4158.657,40294.811,19980722_053012
3,KBGM19980730_094707,-7.618,0.270,187.454,128.768,16.581,-76.675,42.968,8290.663,102453.622,19980730_054707
3,KBGM19980730_095705,2.348,0.134,193.594,132.230,32.354,-76.637,42.953,16176.895,99333.883,19980730_055705
3,KBGM19980730_100703,12.315,0.085,205.932,138.779,47.848,-76.561,42.924,23924.098,93328.640,19980730_060703
2,KBGM19980730_093710,-17.568,0.139,401.844,267.407,11.640,-75.367,42.345,5819.984,53466.278,19980730_053710
2,KBGM19980730_094707,-7.618,0.859,402.495,271.268,16.165,-75.363,42.327,8082.626,53222.975,19980730_054707
6,KBGM19980730_094707,-7.618,0.054,86.268,427.181,36.083,-77.267,41.620,18041.647,124354.839,19980730_054707
6,KBGM19980730_095705,2.348,0.128,79.666,426.299,42.996,-77.307,41.624,21497.857,126983.101,19980730_055705
1,KBGM19980730_093710,-17.568,0.208,394.364,305.642,32.539,-75.414,42.173,16269.295,47266.380,19980730_053710
7,KBGM19980730_095705,2.348,0.510,161.238,264.464,15.981,-76.827,42.357,7990.705,71619.832,19980730_055705
8,KBGM19980730_104653,52.148,0.144,190.947,271.786,9.157,-76.647,42.325,4578.720,56321.845,19980730_064653
9,KBGM19980730_110648,72.065,0.108,403.254,287.856,30.078,-75.359,42.253,15039.078,51982.772,19980730_070648
1,KBGM19980731_093430,-21.236,0.706,174.211,125.942,8.233,-76.756,42.981,4116.468,107376.594,19980731_053430
1,KBGM19980731_094026,-15.303,0.894,172.344,129.350,15.493,-76.767,42.965,7746.528,106556.713,19980731_054026
1,KBGM19980731_094621,-9.386,0.957,172.877,131.088,20.443,-76.764,42.957,10221.674,105701.738,19980731_054621
1,KBGM19980731_095217,-3.453,0.881,174.484,132.670,23.786,-76.754,42.950,11893.036,104587.071,19980731_055217
1,KBGM19980731_095845,3.014,0.738,174.578,135.739,30.242,-76.753,42.937,15121.172,103335.006,19980731_055845
1,KBGM19980731_100440,8.930,0.659,176.080,134.360,31.665,-76.744,42.943,15832.415,103431.752,19980731_060440
1,KBGM19980731_101034,14.830,0.525,176.233,131.466,35.038,-76.743,42.956,17518.991,104549.186,19980731_061034
1,KBGM19980731_101632,20.797,0.544,175.896,135.340,37.322,-76.745,42.938,18660.823,103095.816,19980731_061632
1,KBGM19980731_102226,26.697,0.534,166.578,145.831,37.236,-76.802,42.891,18618.143,101942.858,19980731_062226
1,KBGM19980731_102822,32.630,0.247,154.586,150.181,45.190,-76.875,42.871,22594.978,104391.936,19980731_062822
1,KBGM19980731_103417,38.547,0.193,141.763,157.430,60.202,-76.953,42.837,30100.758,106495.315,19980731_063417
1,KBGM19980731_104013,44.480,0.110,139.363,160.385,64.883,-76.967,42.824,32441.747,106414.827,19980731_064013
4,KBGM19980731_094621,-9.386,0.440,156.179,269.151,7.700,-76.858,42.335,3849.970,73546.259,19980731_054621
4,KBGM19980731_095217,-3.453,0.365,156.369,270.146,15.148,-76.856,42.331,7574.090,73350.581,19980731_055217
4,KBGM19980731_095845,3.014,0.152,158.399,270.487,21.462,-76.844,42.329,10730.794,72322.230,19980731_055845
6,KBGM19980731_095217,-3.453,0.094,373.489,304.698,12.261,-75.540,42.178,6130.726,36819.662,19980731_055217
7,KBGM19980731_095217,-3.453,0.090,220.407,340.528,6.916,-76.465,42.016,3458.040,44658.582,19980731_055217
9,KBGM19980731_095845,3.014,0.050,376.586,64.579,9.283,-75.513,43.258,4641.613,123782.639,19980731_055845
3,KBGM19980801_094034,-16.177,0.876,177.925,128.929,16.782,-76.733,42.967,8391.184,105080.712,19980801_054034
3,KBGM19980801_095024,-6.344,0.926,178.324,134.747,28.081,-76.730,42.941,14040.632,102607.973,19980801_055024
3,KBGM19980801_100013,3.473,0.908,178.813,135.057,31.866,-76.727,42.940,15932.916,102338.381,19980801_060013
3,KBGM19980801_101004,13.323,0.806,176.859,132.433,38.369,-76.739,42.951,19184.479,103974.061,19980801_061004
3,KBGM19980801_101953,23.140,0.173,175.453,133.404,45.635,-76.748,42.947,22817.275,104002.481,19980801_061953
3,KBGM19980801_102943,32.973,0.384,165.513,123.402,34.560,-76.810,42.992,17279.947,110988.325,19980801_062943
3,KBGM19980801_103932,42.790,0.081,164.441,117.857,41.053,-76.816,43.017,20526.483,113525.957,19980801_063932
3,KBGM19980801_104922,52.623,0.193,183.378,106.892,17.334,-76.701,43.067,8667.189,112795.583,19980801_064922
4,KBGM19980801_100013,3.473,0.929,159.021,266.209,27.383,-76.840,42.349,13691.286,72485.906,19980801_060013
4,KBGM19980801_101004,13.323,0.687,161.041,269.418,31.738,-76.828,42.334,15869.117,71142.196,19980801_061004
6,KBGM19980801_102943,32.973,0.054,175.615,162.859,16.221,-76.745,42.815,8110.437,92573.188,19980801_062943
6,KBGM19980801_103932,42.790,0.073,178.081,161.466,29.764,-76.730,42.821,14882.229,92271.046,19980801_063932
1,KBGM19980801_091103,-45.694,0.184,169.724,342.396,3.381,-76.771,42.006,1690.668,68500.427,19980801_051103
3,KBGM19980802_094757,-9.806,0.944,183.280,121.365,24.448,-76.701,43.002,12224.241,106693.684,19980802_054757
3,KBGM19980802_100736,9.844,0.476,185.015,116.784,44.550,-76.690,43.022,22274.920,108154.587,19980802_060736
1,KBGM19980802_090840,-49.090,0.180,169.709,341.784,3.369,-76.771,42.009,1684.740,68413.401,19980802_050840
4,KBGM19980802_100736,9.844,0.147,163.428,257.781,20.994,-76.814,42.387,10496.826,71474.363,19980802_060736
2,KBGM19980803_094620,-12.441,0.941,177.963,127.494,19.815,-76.733,42.974,9907.387,105654.355,19980803_054620
2,KBGM19980803_101546,16.992,0.391,180.832,127.776,33.176,-76.715,42.973,16587.950,104716.660,19980803_061546
1,KBGM19980803_093631,-22.258,0.052,466.853,237.110,7.776,-74.970,42.478,3888.206,89155.728,19980803_053631
3,KBGM19980803_101546,16.992,0.486,154.780,265.964,28.716,-76.866,42.350,14357.995,74577.542,19980803_061546
14,KBGM19980805_110137,60.793,0.199,23.715,212.178,27.306,-77.668,42.583,13653.074,144953.718,19980805_070137
14,KBGM19980805_110732,66.710,0.054,24.455,211.051,35.047,-77.664,42.588,17523.546,144772.954,19980805_070732
14,KBGM19980805_111356,73.110,0.064,25.376,210.979,37.165,-77.658,42.588,18582.581,144346.027,19980805_071356
14,KBGM19980805_111952,79.043,0.051,28.077,211.487,38.528,-77.641,42.586,19263.986,142983.248,19980805_071952
5,KBGM19980805_095031,-10.307,0.279,211.795,365.047,19.911,-76.517,41.906,9955.284,54797.706,19980805_055031
5,KBGM19980805_095627,-4.374,0.634,214.780,363.976,25.277,-76.499,41.911,12638.375,53280.531,19980805_055627
5,KBGM19980805_100223,1.560,0.476,218.782,357.922,25.553,-76.475,41.938,12776.314,49878.112,19980805_060223
3,KBGM19980805_094436,-16.224,0.732,417.676,440.838,42.280,-75.280,41.564,21139.915,91764.766,19980805_054436
3,KBGM19980805_095031,-10.307,0.171,420.802,439.568,48.559,-75.261,41.569,24279.572,92293.364,19980805_055031
12,KBGM19980805_103201,31.193,0.106,307.878,431.866,20.511,-75.938,41.606,10255.697,66050.543,19980805_063201
12,KBGM19980805_103756,37.110,0.060,308.138,429.948,26.530,-75.936,41.615,13265.082,65101.386,19980805_063756
16,KBGM19980805_111952,79.043,0.078,244.115,147.735,21.403,-76.327,42.885,10701.454,81098.323,19980805_071952
16,KBGM19980805_112547,84.960,0.132,246.637,147.540,28.403,-76.312,42.885,14201.578,80764.690,19980805_072547
1,KBGM19980805_090316,-57.557,0.065,171.194,343.534,8.776,-76.762,42.001,4388.029,67981.756,19980805_050316
4,KBGM19980805_094436,-16.224,0.091,101.322,307.784,22.639,-77.187,42.158,11319.294,99415.283,19980805_054436
6,KBGM19980805_095031,-10.307,0.058,23.284,310.174,27.712,-77.659,42.142,13856.190,138451.564,19980805_055031
6,KBGM19980805_095627,-4.374,-1.000,23.284,310.174,37.146,-77.659,42.142,18573.190,138451.564,19980805_055627
6,KBGM19980805_100223,1.560,0.105,35.590,306.747,31.920,-77.585,42.158,15959.937,132247.989,19980805_060223
8,KBGM19980805_101416,13.443,0.158,211.110,282.396,26.353,-76.524,42.278,13176.336,45308.249,19980805_061416
9,KBGM19980805_102011,19.360,0.136,356.795,309.222,14.627,-75.641,42.158,7313.297,28769.617,19980805_062011
10,KBGM19980805_102606,25.276,0.150,337.602,428.007,25.738,-75.759,41.623,12868.965,66707.498,19980805_062606
11,KBGM19980805_102606,25.276,0.113,157.607,350.243,19.543,-76.844,41.970,9771.353,75498.642,19980805_062606
13,KBGM19980805_103756,37.110,0.082,109.678,374.733,22.254,-77.131,41.858,11127.079,102234.247,19980805_063756
15,KBGM19980805_111356,73.110,0.140,245.007,427.433,15.427,-76.315,41.626,7713.335,69396.250,19980805_071356
4,KBGM19980806_091157,-49.904,0.071,27.338,253.199,32.357,-77.641,42.398,16178.522,138324.776,19980806_051157
4,KBGM19980806_091753,-43.971,0.127,29.979,252.721,39.855,-77.625,42.401,19927.255,137064.515,19980806_051753
1,KBGM19980806_090601,-55.838,0.281,171.849,344.372,6.897,-76.758,41.997,3448.723,67807.918,19980806_050601
5,KBGM19980806_094733,-14.304,0.152,162.741,50.665,26.668,-76.831,43.319,13334.091,142309.443,19980806_054733
6,KBGM19980806_111710,75.312,0.065,168.678,340.525,9.435,-76.778,42.015,4717.262,68716.269,19980806_071710
1,KBGM19980807_090314,-59.655,0.800,282.677,141.676,14.709,-76.091,42.912,7354.538,79634.476,19980807_050314
1,KBGM19980807_091504,-47.822,0.626,285.232,143.022,24.145,-76.075,42.906,12072.364,78835.482,19980807_051504
1,KBGM19980807_092102,-41.855,0.576,287.378,143.656,24.746,-76.062,42.903,12372.753,78426.368,19980807_052102
8,KBGM19980811_095428,-12.586,0.083,180.454,125.963,9.247,-76.718,42.981,4623.531,105570.128,19980811_055428
8,KBGM19980811_100024,-6.653,0.900,183.478,129.419,17.212,-76.699,42.965,8605.807,103290.180,19980811_060024
8,KBGM19980811_100620,-0.719,0.895,189.830,130.106,23.913,-76.660,42.962,11956.267,101244.026,19980811_060620
8,KBGM19980811_101216,5.214,0.618,194.396,132.838,29.263,-76.632,42.950,14631.334,98862.656,19980811_061216
8,KBGM19980811_101811,11.131,0.234,196.306,137.041,33.836,-76.620,42.931,16918.055,96576.492,19980811_061811
8,KBGM19980811_102407,17.064,0.234,189.891,124.080,27.181,-76.660,42.990,13590.651,103768.891,19980811_062407
8,KBGM19980811_103003,22.997,0.360,190.673,124.721,34.709,-76.655,42.987,17354.318,103289.464,19980811_063003
10,KBGM19980811_100620,-0.719,0.067,154.676,276.691,8.944,-76.866,42.301,4472.103,73590.580,19980811_060620
10,KBGM19980811_101216,5.214,0.462,157.223,277.044,16.703,-76.851,42.300,8351.560,72305.246,19980811_061216
10,KBGM19980811_101811,11.131,0.638,158.625,274.366,20.792,-76.842,42.312,10395.964,71839.981,19980811_061811
10,KBGM19980811_102407,17.064,0.065,162.243,275.695,25.900,-76.820,42.306,12949.883,69942.356,19980811_062407
3,KBGM19980811_091300,-54.053,0.086,324.933,162.124,13.633,-75.833,42.820,6816.750,70056.318,19980811_051300
3,KBGM19980811_091856,-48.119,0.073,325.713,162.710,20.490,-75.828,42.818,10244.851,69838.423,19980811_051856
3,KBGM19980811_092451,-42.203,0.281,332.770,165.373,15.956,-75.785,42.806,7977.932,69279.142,19980811_052451
7,KBGM19980811_094237,-24.436,0.086,361.887,332.646,24.239,-75.611,42.052,12119.539,34984.738,19980811_054237
7,KBGM19980811_094832,-18.519,0.053,360.713,332.732,31.816,-75.618,42.052,15908.007,34486.933,19980811_054832
15,KBGM19980811_103003,22.997,0.122,364.035,95.068,19.552,-75.592,43.121,9775.806,107351.679,19980811_063003
15,KBGM19980811_103558,28.914,0.147,365.777,96.354,25.485,-75.581,43.116,12742.524,107002.804,19980811_063558
16,KBGM19980811_104749,40.764,0.164,421.409,317.146,23.042,-75.251,42.120,11521.172,61307.009,19980811_064749
16,KBGM19980811_105344,46.681,0.391,419.548,317.000,30.563,-75.262,42.121,15281.525,60375.381,19980811_065344
16,KBGM19980811_105940,52.614,0.150,428.574,313.146,26.010,-75.207,42.138,13005.104,64622.128,19980811_065940
1,KBGM19980811_090704,-59.986,0.202,436.980,256.810,9.050,-75.153,42.391,4525.185,71813.563,19980811_050704
2,KBGM19980811_090704,-59.986,0.163,137.959,108.846,15.156,-76.980,43.056,7578.200,125297.092,19980811_050704
5,KBGM19980811_093047,-36.269,0.111,161.717,120.424,5.022,-76.833,43.005,2511.150,113324.705,19980811_053047
6,KBGM19980811_094237,-24.436,0.145,344.058,167.929,19.995,-75.716,42.794,9997.467,69613.161,19980811_054237
9,KBGM19980811_100620,-0.719,0.090,447.461,200.238,11.704,-75.086,42.645,5851.894,89018.707,19980811_060620
11,KBGM19980811_101216,5.214,0.063,382.583,191.751,19.459,-75.481,42.686,9729.740,68076.783,19980811_061216
14,KBGM19980811_102407,17.064,0.087,481.471,208.656,25.936,-74.879,42.606,12968.155,101581.586,19980811_062407
1,KBGM19980812_094917,-18.816,0.146,178.497,124.429,6.216,-76.730,42.988,3107.996,106756.973,19980812_054917
1,KBGM19980812_095424,-13.699,0.075,179.107,124.198,12.304,-76.726,42.989,6152.219,106678.590,19980812_055424
1,KBGM19980812_095930,-8.599,0.953,174.891,131.171,16.796,-76.752,42.957,8398.220,105065.906,19980812_055930
1,KBGM19980812_100436,-3.499,0.971,175.592,134.094,19.994,-76.747,42.944,9996.868,103684.943,19980812_060436
1,KBGM19980812_100944,1.634,0.930,177.171,131.795,23.353,-76.738,42.954,11676.480,104138.963,19980812_060944
1,KBGM19980812_101452,6.767,0.919,176.370,137.616,28.905,-76.742,42.928,14452.273,102045.288,19980812_061452
1,KBGM19980812_102000,11.901,0.785,179.310,144.434,40.658,-76.724,42.898,20329.030,98446.635,19980812_062000
1,KBGM19980812_102508,17.034,0.607,179.974,144.336,48.184,-76.720,42.898,24092.009,98282.252,19980812_062508
4,KBGM19980812_095930,-8.599,0.596,395.314,274.062,7.535,-75.407,42.315,3767.750,49390.179,19980812_055930
4,KBGM19980812_100436,-3.499,0.856,396.423,275.163,13.205,-75.400,42.310,6602.337,49785.208,19980812_060436
4,KBGM19980812_100944,1.634,0.178,395.762,279.457,16.406,-75.404,42.291,8203.065,48970.206,19980812_060944
3,KBGM19980813_100201,-7.132,0.963,175.501,119.655,23.678,-76.749,43.009,11838.879,109572.469,19980813_060201
3,KBGM19980813_101151,2.702,0.931,173.815,117.221,29.806,-76.759,43.020,14903.147,111052.869,19980813_061151
3,KBGM19980813_102142,12.552,0.926,172.382,113.515,36.971,-76.768,43.036,18485.551,112985.607,19980813_062142
3,KBGM19980813_103132,22.385,0.803,173.501,108.723,43.808,-76.761,43.058,21904.005,114661.573,19980813_063132
3,KBGM19980813_104122,32.218,0.599,170.001,101.804,48.736,-76.783,43.089,24367.949,118513.318,19980813_064122
3,KBGM19980813_105113,42.068,0.130,168.728,92.389,50.054,-76.792,43.131,25027.242,122815.337,19980813_065113
4,KBGM19980813_100201,-7.132,0.890,155.083,259.952,15.873,-76.865,42.377,7936.733,75174.332,19980813_060201
4,KBGM19980813_101151,2.702,0.870,156.309,259.763,19.597,-76.857,42.378,9798.700,74609.409,19980813_061151
4,KBGM19980813_102142,12.552,0.762,158.091,262.658,26.616,-76.846,42.365,13308.151,73369.983,19980813_062142
4,KBGM19980813_103132,22.385,0.062,157.474,264.033,31.838,-76.850,42.358,15918.898,73496.875,19980813_063132
6,KBGM19980813_101151,2.702,0.165,398.578,268.404,10.264,-75.387,42.340,5132.042,51758.738,19980813_061151
6,KBGM19980813_102142,12.552,0.063,398.791,265.351,23.247,-75.385,42.354,11623.388,52345.645,19980813_062142
1,KBGM19980813_095210,-16.982,0.625,460.538,235.986,9.238,-75.009,42.484,4619.225,86414.941,19980813_055210
5,KBGM19980813_100201,-7.132,0.053,390.057,311.932,14.116,-75.440,42.145,7057.964,45422.230,19980813_060201
7,KBGM19980813_102142,12.552,0.233,226.229,339.466,14.002,-76.430,42.021,7000.889,41832.046,19980813_062142
1,KBGM19980814_095932,-10.665,0.967,193.374,113.296,20.168,-76.639,43.038,10083.929,107503.093,19980814_055932
1,KBGM19980814_100923,-0.815,0.981,195.544,110.892,27.196,-76.626,43.049,13597.920,108019.589,19980814_060923
1,KBGM19980814_101913,9.018,0.948,198.413,108.837,35.854,-76.608,43.058,17926.947,108239.281,19980814_061913
1,KBGM19980814_102903,18.851,0.378,199.623,107.740,41.107,-76.601,43.063,20553.474,108442.754,19980814_062903
3,KBGM19980814_101913,9.018,0.347,514.065,274.856,36.591,-74.687,42.306,18295.387,107768.493,19980814_061913
4,KBGM19980814_101913,9.018,0.064,423.774,170.563,34.463,-75.229,42.780,17231.384,89546.209,19980814_061913
1,KBGM19980815_100946,-1.484,0.961,194.484,118.421,21.532,-76.632,43.015,10766.001,105005.337,19980815_060946
1,KBGM19980815_101541,4.433,0.953,198.279,117.441,27.331,-76.609,43.020,13665.618,104492.600,19980815_061541
1,KBGM19980815_102136,10.349,0.905,198.836,117.405,30.851,-76.606,43.020,15425.294,104373.392,19980815_062136
1,KBGM19980815_102730,16.249,0.833,200.601,117.015,34.586,-76.595,43.022,17292.832,104119.746,19980815_062730
1,KBGM19980815_103325,22.166,0.698,204.866,111.782,41.710,-76.569,43.045,20855.077,105447.044,19980815_063325
1,KBGM19980815_103920,28.083,0.096,207.226,105.685,44.178,-76.555,43.073,22089.132,107662.911,19980815_063920
4,KBGM19980816_100903,-3.254,0.968,182.821,126.329,24.453,-76.703,42.979,12226.381,104752.605,19980816_060903
4,KBGM19980816_101458,2.663,0.963,184.995,126.151,31.229,-76.690,42.980,15614.736,104222.841,19980816_061458
4,KBGM19980816_102053,8.580,0.950,188.411,125.473,35.890,-76.669,42.983,17944.991,103575.739,19980816_062053
4,KBGM19980816_102648,14.496,0.918,190.466,124.038,41.850,-76.657,42.990,20924.826,103634.624,19980816_062648
4,KBGM19980816_103243,20.413,0.658,191.944,120.729,45.591,-76.648,43.005,22795.749,104658.976,19980816_063243
4,KBGM19980816_103838,26.330,0.700,193.810,114.707,49.980,-76.636,43.032,24989.834,106782.434,19980816_063838
4,KBGM19980816_104434,32.263,0.401,196.428,108.806,54.067,-76.621,43.059,27033.737,108722.383,19980816_064434
2,KBGM19980816_095713,-15.087,0.185,156.505,271.627,6.092,-76.855,42.324,3046.183,73136.800,19980816_055713
2,KBGM19980816_100308,-9.170,0.201,157.337,272.470,14.658,-76.850,42.320,7328.927,72647.486,19980816_060308
2,KBGM19980816_100903,-3.254,0.547,158.343,269.119,21.466,-76.844,42.336,10732.808,72492.118,19980816_060903
2,KBGM19980816_101458,2.663,0.482,163.474,271.905,26.430,-76.813,42.323,13215.146,69693.287,19980816_061458
5,KBGM19980816_103838,26.330,0.077,28.466,344.539,32.753,-77.623,41.988,16376.505,137581.028,19980816_063838
5,KBGM19980816_104434,32.263,-1.000,28.466,344.539,42.187,-77.623,41.988,21093.505,137581.028,19980816_064434
5,KBGM19980816_105029,38.180,0.076,38.659,341.102,44.202,-77.562,42.004,22101.186,132276.471,19980816_065029
1,KBGM19980816_091547,-56.520,0.095,225.712,535.047,10.764,-76.427,41.141,5381.866,123253.779,19980816_051547
6,KBGM19980816_111410,61.863,0.081,57.684,379.949,19.510,-77.444,41.831,9755.147,127582.315,19980816_071410
1,KBGM19980817_091531,-57.841,0.545,327.721,349.259,13.670,-75.818,41.978,6834.785,28261.729,19980817_051531
1,KBGM19980817_092126,-51.924,0.262,327.167,350.677,23.030,-75.821,41.971,11515.022,28749.913,19980817_052126
1,KBGM19980817_092722,-45.991,0.209,329.530,351.764,28.166,-75.807,41.967,14082.857,29797.358,19980817_052722
1,KBGM19980817_093317,-40.074,0.546,338.908,339.446,26.744,-75.750,42.022,13372.090,27703.032,19980817_053317
1,KBGM19980817_093912,-34.158,-1.000,346.085,331.030,27.464,-75.707,42.060,13732.250,27778.878,19980817_053912
1,KBGM19980817_094507,-28.241,-1.000,353.262,322.613,28.185,-75.663,42.097,14092.409,28931.810,19980817_054507
1,KBGM19980817_095102,-22.324,0.076,369.285,325.799,32.188,-75.566,42.083,16093.783,36966.003,19980817_055102
1,KBGM19980817_095656,-16.424,0.142,365.779,323.489,42.379,-75.587,42.093,21189.562,34923.517,19980817_055656
3,KBGM19980817_092722,-45.991,0.191,233.864,224.060,30.687,-76.388,42.541,15343.279,50351.083,19980817_052722
3,KBGM19980817_093317,-40.074,0.074,234.026,222.144,39.252,-76.387,42.549,19625.959,51024.690,19980817_053317
3,KBGM19980817_093912,-34.158,0.245,238.321,210.747,42.084,-76.361,42.601,21041.976,54245.582,19980817_053912
3,KBGM19980817_094507,-28.241,0.140,238.741,192.631,45.280,-76.359,42.682,22639.864,61807.644,19980817_054507
12,KBGM19980817_102037,7.259,0.732,260.556,243.853,16.350,-76.225,42.452,8175.247,34308.696,19980817_062037
12,KBGM19980817_102632,13.176,0.802,261.185,242.633,20.467,-76.221,42.458,10233.472,34632.127,19980817_062632
12,KBGM19980817_103228,19.109,0.099,261.064,240.763,22.742,-76.222,42.466,11370.876,35443.864,19980817_063228
15,KBGM19980817_105607,42.759,0.079,233.054,528.352,19.360,-76.384,41.171,9679.758,118981.223,19980817_065607
15,KBGM19980817_110202,48.676,0.347,235.024,526.690,25.635,-76.372,41.179,12817.476,117908.883,19980817_070202
15,KBGM19980817_110757,54.592,0.105,241.498,523.097,25.459,-76.334,41.195,12729.564,115319.888,19980817_070757
4,KBGM19980817_093317,-40.074,0.669,167.086,371.516,22.543,-76.786,41.875,11271.433,75466.503,19980817_053317
4,KBGM19980817_093912,-34.158,0.168,169.636,368.676,28.417,-76.770,41.888,14208.421,73673.393,19980817_053912
10,KBGM19980817_101442,1.342,0.141,304.292,144.188,29.388,-75.959,42.901,14694.225,77935.777,19980817_061442
10,KBGM19980817_102037,7.259,0.065,308.187,142.873,35.637,-75.935,42.907,17818.440,78670.001,19980817_062037
13,KBGM19980817_103823,25.026,0.088,336.133,506.029,27.930,-75.769,41.272,13965.193,104586.581,19980817_063823
13,KBGM19980817_104418,30.942,0.149,338.002,504.580,34.263,-75.758,41.279,17131.429,104039.764,19980817_064418
14,KBGM19980817_105013,36.859,0.236,249.992,112.528,17.124,-76.292,43.043,8561.884,97013.604,19980817_065013
14,KBGM19980817_105607,42.759,0.358,250.764,111.963,23.152,-76.287,43.046,11576.097,97187.959,19980817_065607
21,KBGM19980817_111948,66.442,0.066,183.322,527.843,35.457,-76.680,41.172,17728.348,127990.469,19980817_071948
21,KBGM19980817_112543,72.359,0.115,186.042,527.836,41.543,-76.664,41.172,20771.314,127373.177,19980817_072543
2,KBGM19980817_091531,-57.841,0.076,29.493,458.959,28.761,-77.604,41.473,14380.302,156877.143,19980817_051531
5,KBGM19980817_093317,-40.074,0.074,368.642,273.468,29.343,-75.569,42.318,14671.673,36795.416,19980817_053317
11,KBGM19980817_101442,1.342,0.071,212.107,116.517,21.967,-76.524,43.024,10983.488,101724.221,19980817_061442
16,KBGM19980817_105607,42.759,0.055,297.361,248.484,30.577,-76.001,42.432,15288.387,25791.547,19980817_065607
17,KBGM19980817_110202,48.676,0.291,232.563,306.189,23.283,-76.393,42.171,11641.275,33860.000,19980817_070202
18,KBGM19980817_110202,48.676,0.055,479.324,216.383,28.716,-74.893,42.571,14357.845,98930.465,19980817_070202
19,KBGM19980817_110757,54.592,0.053,305.093,390.594,21.799,-75.954,41.792,10899.670,45368.561,19980817_070757
20,KBGM19980817_111353,60.526,0.078,408.463,118.965,32.453,-75.320,43.013,16226.631,105519.969,19980817_071353
22,KBGM19980817_112543,72.359,0.064,209.411,292.602,26.130,-76.534,42.232,13065.208,45445.149,19980817_072543
1,KBGM19980818_092117,-53.129,0.628,213.509,42.884,18.047,-76.518,43.356,9023.726,135636.708,19980818_052117
1,KBGM19980818_092712,-47.212,0.671,218.860,45.002,23.968,-76.485,43.346,11984.166,133798.148,19980818_052712
1,KBGM19980818_093307,-41.296,0.787,228.968,46.864,26.060,-76.423,43.338,13030.148,131456.432,19980818_053307
1,KBGM19980818_093902,-35.379,0.291,239.073,50.071,26.159,-76.361,43.324,13079.450,128624.112,19980818_053902
3,KBGM19980818_093902,-35.379,0.058,278.778,150.253,13.774,-76.115,42.874,6886.757,75621.621,19980818_053902
3,KBGM19980818_094457,-29.462,0.319,282.508,151.309,20.575,-76.092,42.869,10287.330,74858.129,19980818_054457
4,KBGM19980818_095053,-23.529,0.633,304.076,157.466,15.804,-75.960,42.841,7901.867,71296.375,19980818_055053
4,KBGM19980818_095651,-17.562,0.257,306.161,157.905,23.204,-75.947,42.839,11602.047,71114.196,19980818_055651
4,KBGM19980818_100246,-11.646,0.223,318.947,154.392,18.957,-75.869,42.855,9478.733,73417.837,19980818_060246
4,KBGM19980818_100847,-5.629,0.159,321.324,155.378,26.625,-75.855,42.851,13312.660,73093.010,19980818_060847
4,KBGM19980818_101442,0.288,0.178,335.626,159.148,19.341,-75.767,42.834,9670.704,72643.770,19980818_061442
6,KBGM19980818_100847,-5.629,0.443,409.832,91.146,24.627,-75.310,43.138,12313.713,117986.188,19980818_060847
6,KBGM19980818_101442,0.288,0.180,410.736,91.913,32.562,-75.305,43.134,16281.046,117858.660,19980818_061442
7,KBGM19980818_100847,-5.629,0.167,235.017,416.356,8.090,-76.375,41.675,4044.865,66635.936,19980818_060847
7,KBGM19980818_101442,0.288,0.536,236.615,418.294,16.409,-76.366,41.667,8204.672,67102.555,19980818_061442
2,KBGM19980818_093307,-41.296,0.354,263.682,148.315,15.816,-76.207,42.882,7907.993,77986.230,19980818_053307
2,KBGM19980819_101039,-4.818,0.964,164.028,143.891,24.377,-76.817,42.899,12188.259,103511.227,19980819_061039
2,KBGM19980819_102036,5.132,0.918,160.962,153.152,34.696,-76.836,42.858,17348.225,101113.665,19980819_062036
2,KBGM19980819_103032,15.066,0.695,157.199,159.037,40.868,-76.858,42.831,20434.228,100327.826,19980819_063032
2,KBGM19980819_104027,24.982,0.102,159.525,177.028,42.269,-76.843,42.750,21134.442,93347.974,19980819_064027
2,KBGM19980819_105023,34.916,0.099,162.642,203.240,49.992,-76.822,42.632,24996.169,84008.542,19980819_065023
2,KBGM19980819_110020,44.866,-1.000,165.495,227.693,56.613,-76.803,42.522,28306.652,76354.434,19980819_070020
2,KBGM19980819_111017,54.816,0.074,160.060,235.449,58.439,-76.836,42.487,29219.349,77055.379,19980819_071017
1,KBGM19980819_093053,-44.584,0.055,188.920,354.461,8.905,-76.655,41.953,4452.639,61856.047,19980819_053053
4,KBGM19980819_105023,34.916,0.078,170.070,265.135,28.353,-76.774,42.354,14176.416,67263.209,19980819_065023
1,KBGM19980820_101023,-6.139,0.960,176.273,122.793,24.541,-76.744,42.995,12270.586,108063.336,19980820_061023
1,KBGM19980820_102021,3.827,0.973,177.686,121.789,32.371,-76.735,42.999,16185.428,108073.934,19980820_062021
1,KBGM19980820_103018,13.777,0.844,178.859,125.554,42.910,-76.728,42.983,21454.994,106191.281,19980820_063018
2,KBGM19980821_091945,-57.828,0.247,388.732,379.165,17.402,-75.451,41.842,8701.080,59456.652,19980821_051945
2,KBGM19980821_092540,-51.911,0.084,389.470,380.418,24.541,-75.446,41.836,12270.502,60149.573,19980821_052540
2,KBGM19980821_093136,-45.978,0.222,387.466,366.986,37.756,-75.458,41.897,18878.051,55084.929,19980821_053136
2,KBGM19980821_093732,-40.045,0.783,398.850,365.548,40.998,-75.389,41.903,20499.076,59304.280,19980821_053732
2,KBGM19980821_094327,-34.128,0.424,409.209,367.371,41.598,-75.327,41.895,20799.178,64159.004,19980821_054327
2,KBGM19980821_094922,-28.211,-1.000,419.160,368.307,42.980,-75.267,41.890,21489.956,68674.878,19980821_054922
2,KBGM19980821_095518,-22.278,0.424,434.853,376.317,40.923,-75.173,41.853,20461.510,77474.962,19980821_055518
2,KBGM19980821_100113,-16.361,0.104,440.727,391.040,34.850,-75.139,41.787,17424.891,83803.892,19980821_060113
11,KBGM19980821_101305,-4.495,0.910,188.893,129.112,17.112,-76.666,42.967,8556.236,101915.975,19980821_061305
11,KBGM19980821_101900,1.422,0.951,193.175,131.205,24.093,-76.640,42.958,12046.414,99879.064,19980821_061900
11,KBGM19980821_102455,7.339,0.530,194.367,131.822,26.987,-76.632,42.955,13493.555,99300.213,19980821_062455
11,KBGM19980821_103051,13.272,0.092,194.751,132.984,27.842,-76.630,42.950,13920.891,98706.384,19980821_063051
6,KBGM19980821_093136,-45.978,0.171,366.819,296.433,32.602,-75.580,42.215,16301.205,33457.267,19980821_053136
6,KBGM19980821_093732,-40.045,0.307,371.801,296.452,40.228,-75.550,42.215,20114.003,35944.262,19980821_053732
6,KBGM19980821_094327,-34.128,0.211,384.892,304.748,35.314,-75.471,42.177,17656.979,42512.166,19980821_054327
6,KBGM19980821_094922,-28.211,0.246,387.121,303.600,43.741,-75.458,42.182,21870.675,43597.862,19980821_054922
6,KBGM19980821_095518,-22.278,0.074,394.828,315.976,34.373,-75.412,42.126,17186.262,48082.395,19980821_055518
12,KBGM19980821_103647,19.205,0.069,170.754,342.461,3.525,-76.765,42.006,1762.409,68020.839,19980821_063647
12,KBGM19980821_104242,25.122,0.174,170.628,342.462,11.519,-76.766,42.006,5759.671,68080.899,19980821_064242
12,KBGM19980821_104837,31.039,-1.000,170.521,342.463,19.721,-76.766,42.006,9860.304,68132.175,19980821_064837
12,KBGM19980821_105433,36.972,0.052,170.780,341.976,2.874,-76.765,42.008,1437.189,67933.546,19980821_065433
16,KBGM19980821_110028,42.889,0.065,316.276,538.596,28.636,-75.888,41.126,14317.780,119575.460,19980821_070028
16,KBGM19980821_110623,48.805,0.271,317.733,539.625,36.457,-75.879,41.121,18228.729,120140.040,19980821_070623
16,KBGM19980821_111219,54.739,0.273,331.493,546.649,32.329,-75.798,41.089,16164.469,124325.924,19980821_071219
16,KBGM19980821_111815,60.672,0.322,333.984,549.905,37.294,-75.783,41.075,18646.968,126102.754,19980821_071815
1,KBGM19980821_091945,-57.828,0.272,170.327,342.510,3.282,-76.768,42.006,1640.867,68231.440,19980821_051945
4,KBGM19980821_091945,-57.828,0.096,363.105,383.034,9.119,-75.605,41.825,4559.742,52146.024,19980821_051945
5,KBGM19980821_092540,-51.911,0.198,280.263,303.927,17.396,-76.104,42.182,8697.792,10061.873,19980821_052540
8,KBGM19980821_094922,-28.211,0.576,426.058,376.678,36.240,-75.226,41.852,18120.119,73773.403,19980821_054922
18,KBGM19980821_111219,54.739,0.123,170.796,342.413,3.539,-76.765,42.006,1769.529,67993.733,19980821_071219
18,KBGM19980821_111815,60.672,-1.000,170.796,342.413,12.973,-76.765,42.006,6486.529,67993.733,19980821_071815
18,KBGM19980821_112410,66.589,0.061,171.427,342.491,8.970,-76.761,42.006,4484.987,67706.125,19980821_072410
20,KBGM19980821_111219,54.739,0.071,394.048,554.687,25.559,-75.426,41.052,12779.346,135748.338,19980821_071219
2,KBGM19980822_101208,-6.500,0.492,174.157,123.446,17.165,-76.757,42.992,8582.348,108406.314,19980822_061208
2,KBGM19980822_102205,3.450,0.988,174.220,122.760,28.824,-76.756,42.995,14411.876,108667.579,19980822_062205
2,KBGM19980822_103203,13.417,0.954,176.178,125.000,35.824,-76.744,42.985,17912.025,107187.681,19980822_063203
2,KBGM19980822_104200,23.367,0.812,180.814,122.182,45.552,-76.716,42.998,22775.763,107033.098,19980822_064200
2,KBGM19980822_105158,33.334,0.057,178.558,145.587,35.199,-76.728,42.892,17599.257,98223.795,19980822_065158
1,KBGM19980822_100212,-16.433,0.067,210.045,558.426,21.988,-76.520,41.035,10994.188,136817.469,19980822_060212
3,KBGM19980822_101208,-6.500,0.100,404.334,291.138,20.120,-75.353,42.238,10059.822,52355.098,19980822_061208
4,KBGM19980822_102205,3.450,0.174,55.602,147.591,58.148,-77.481,42.876,29073.830,144013.180,19980822_062205
6,KBGM19980822_113108,72.500,0.052,170.397,343.323,3.134,-76.767,42.002,1567.141,68325.927,19980822_073108
4,KBGM19980823_101521,-4.337,0.724,154.075,275.728,12.412,-76.870,42.306,6205.793,73964.933,19980823_061521
4,KBGM19980823_102117,1.596,0.099,154.871,272.670,20.028,-76.865,42.319,10014.177,73839.802,19980823_062117
4,KBGM19980823_102712,7.513,0.424,157.621,266.910,25.985,-76.849,42.345,12992.416,73086.544,19980823_062712
4,KBGM19980823_103308,13.446,0.651,157.918,273.919,25.317,-76.847,42.314,12658.710,72227.838,19980823_063308
4,KBGM19980823_103903,19.363,0.379,158.653,275.967,27.989,-76.842,42.305,13994.367,71687.547,19980823_063903
4,KBGM19980823_104459,25.296,0.061,158.419,276.971,28.771,-76.843,42.300,14385.636,71720.967,19980823_064459
2,KBGM19980823_100926,-10.254,0.478,170.944,141.687,6.163,-76.775,42.910,3081.499,102125.665,19980823_060926
2,KBGM19980823_101521,-4.337,0.081,171.666,143.535,12.953,-76.771,42.901,6476.469,101181.518,19980823_061521
2,KBGM19980823_102117,1.596,0.726,170.957,147.141,17.378,-76.775,42.885,8689.081,100022.186,19980823_062117
2,KBGM19980823_102712,7.513,0.506,172.751,146.740,23.655,-76.764,42.887,11827.431,99600.303,19980823_062712
8,KBGM19980823_103308,13.446,0.060,191.398,96.913,15.670,-76.652,43.112,7835.041,115150.829,19980823_063308
8,KBGM19980823_103903,19.363,0.074,191.303,96.992,24.498,-76.653,43.112,12248.774,115138.321,19980823_063903
8,KBGM19980823_104459,25.296,0.092,190.923,105.283,35.184,-76.655,43.074,17592.075,111593.642,19980823_064459
11,KBGM19980823_110246,43.079,0.070,183.479,185.302,11.999,-76.696,42.714,5999.308,81750.712,19980823_070246
11,KBGM19980823_110841,48.996,0.534,183.092,183.349,20.978,-76.699,42.723,10488.957,82575.820,19980823_070841
11,KBGM19980823_111437,54.929,0.422,184.168,184.144,24.335,-76.692,42.719,12167.602,81914.154,19980823_071437
1,KBGM19980823_092206,-57.587,0.140,170.306,341.760,2.079,-76.768,42.009,1039.608,68125.575,19980823_052206
1,KBGM19980823_092801,-51.671,0.170,170.511,341.848,8.388,-76.767,42.009,4194.023,68041.622,19980823_052801
12,KBGM19980823_112035,60.896,0.063,118.027,407.879,14.047,-77.078,41.709,7023.488,105773.101,19980823_072035
12,KBGM19980823_112631,66.829,0.051,118.005,408.143,21.923,-77.078,41.708,10961.280,105850.411,19980823_072631
1,KBGM19980824_093116,-49.475,0.545,381.998,313.854,12.376,-75.489,42.136,6187.790,41580.233,19980824_053116
3,KBGM19980824_112416,63.525,0.297,403.410,174.282,2.564,-75.353,42.764,1282.104,81392.117,19980824_072416
6,KBGM19980824_113012,69.459,0.251,436.432,133.005,8.371,-75.149,42.948,4185.741,107820.687,19980824_073012
4,KBGM19980825_101406,-7.694,0.531,198.226,130.682,19.723,-76.609,42.960,9861.614,98775.743,19980825_061406
4,KBGM19980825_101913,-2.578,0.689,200.147,129.310,26.248,-76.597,42.966,13124.012,98875.884,19980825_061913
4,KBGM19980825_102421,2.556,0.862,201.604,127.205,28.554,-76.588,42.976,14277.022,99423.178,19980825_062421
4,KBGM19980825_102928,7.672,0.871,207.564,128.311,30.901,-76.552,42.971,15450.602,97495.582,19980825_062928
4,KBGM19980825_103437,12.822,0.772,212.145,129.786,38.808,-76.523,42.965,19404.139,95774.984,19980825_063437
4,KBGM19980825_103945,17.956,0.765,225.880,131.128,47.454,-76.439,42.959,23726.845,92210.846,19980825_063945
3,KBGM19980825_092759,-53.811,0.076,341.631,111.919,23.569,-75.730,43.046,11784.733,96316.594,19980825_052759
3,KBGM19980825_093308,-48.661,0.054,343.033,112.417,29.435,-75.721,43.044,14717.590,96228.046,19980825_053308
1,KBGM19980825_092219,-59.478,0.170,170.809,342.818,2.567,-76.765,42.004,1283.297,68051.093,19980825_052219
5,KBGM19980825_113101,69.222,0.072,27.416,248.544,19.168,-77.641,42.419,9584.153,138698.968,19980825_073101
2,KBGM19980826_102252,0.020,0.264,183.444,122.754,16.228,-76.700,42.995,8114.016,106067.824,19980826_062252
2,KBGM19980826_102801,5.170,0.851,187.958,122.201,22.733,-76.672,42.998,11366.373,105078.175,19980826_062801
2,KBGM19980826_103309,10.303,0.823,190.528,122.793,25.161,-76.656,42.995,12580.451,104146.943,19980826_063309
2,KBGM19980826_103816,15.420,0.792,190.610,121.694,29.192,-76.656,43.000,14595.977,104593.479,19980826_063816
2,KBGM19980826_104326,20.586,0.608,189.008,119.870,31.727,-76.666,43.008,15863.463,105789.835,19980826_064326
1,KBGM19980826_101745,-5.097,0.097,274.906,109.189,4.660,-76.139,43.058,2329.876,96226.910,19980826_061745
1,KBGM19980826_102252,0.020,0.056,276.158,108.432,13.416,-76.131,43.062,6707.979,96522.840,19980826_062252
1,KBGM19980826_102801,5.170,-1.000,277.183,107.813,22.113,-76.125,43.065,11056.362,96768.604,19980826_062801
1,KBGM19980826_103309,10.303,-1.000,278.204,107.195,30.781,-76.119,43.067,15390.672,97016.631,19980826_063309
1,KBGM19980826_103816,15.420,0.052,287.240,114.115,30.035,-76.063,43.036,15017.641,93161.280,19980826_063816
3,KBGM19980826_104326,20.586,0.090,25.675,284.918,32.839,-77.647,42.256,16419.676,137369.822,19980826_064326
5,KBGM19980826_105851,36.003,0.066,185.971,87.632,24.784,-76.686,43.153,12392.088,120522.612,19980826_065851
8,KBGM19980826_114508,82.286,0.072,217.579,114.500,10.595,-76.491,43.034,5297.569,101493.406,19980826_074508
1,KBGM19980827_101639,-7.248,0.489,173.811,136.047,25.576,-76.758,42.935,12787.931,103445.960,19980827_061639
1,KBGM19980827_102635,2.685,0.890,173.072,132.374,30.607,-76.763,42.952,15303.741,105129.935,19980827_062635
1,KBGM19980827_103633,12.652,0.874,176.529,141.206,43.796,-76.741,42.912,21897.848,100574.037,19980827_063633
1,KBGM19980827_104630,22.602,0.648,172.308,146.512,53.054,-76.767,42.888,26526.981,99829.606,19980827_064630
1,KBGM19980827_105627,32.552,0.209,163.873,146.193,59.060,-76.818,42.889,29529.889,102697.596,19980827_065627
2,KBGM19980827_102635,2.685,0.553,171.247,177.660,19.181,-76.771,42.748,9590.694,88803.679,19980827_062635
2,KBGM19980827_103633,12.652,0.181,168.622,186.678,31.622,-76.787,42.707,15811.017,86749.805,19980827_063633
2,KBGM19980827_104630,22.602,0.170,166.749,177.700,32.165,-76.799,42.747,16082.365,90433.882,19980827_064630
5,KBGM19980827_105627,32.552,0.132,492.581,181.896,41.095,-74.809,42.725,20547.348,112955.717,19980827_065627
5,KBGM19980827_110624,42.502,0.202,490.402,184.020,50.105,-74.823,42.716,25052.288,111472.024,19980827_070624
6,KBGM19980827_105627,32.552,0.055,151.471,260.062,12.756,-76.887,42.376,6377.991,76902.332,19980827_065627
1,KBGM19980828_102946,4.818,0.636,161.644,117.630,36.077,-76.834,43.017,18038.609,114456.621,19980828_062946
1,KBGM19980828_103942,14.751,0.692,166.379,113.070,39.544,-76.805,43.038,19772.072,114888.400,19980828_063942
2,KBGM19980828_104939,24.701,0.071,233.333,366.707,22.986,-76.387,41.899,11493.059,47154.905,19980828_064939
2,KBGM19980828_105936,34.651,0.059,234.844,367.470,32.279,-76.378,41.895,16139.647,46897.452,19980828_065936
1,KBGM19980829_092742,-58.298,0.079,109.285,131.191,15.042,-77.154,42.954,7520.940,127346.741,19980829_052742
2,KBGM19980829_111417,48.285,0.075,247.015,162.260,21.741,-76.309,42.819,10870.495,73789.545,19980829_071417
5,KBGM19980830_104559,18.936,0.285,189.944,160.924,20.641,-76.658,42.824,10320.625,88676.981,19980830_064559
5,KBGM19980830_105155,24.870,0.404,191.180,164.794,25.722,-76.650,42.806,12861.001,86779.126,19980830_065155
5,KBGM19980830_105751,30.803,0.179,197.294,153.104,34.370,-76.613,42.859,17184.971,89619.963,19980830_065751
5,KBGM19980830_110346,36.720,0.370,198.796,155.206,36.134,-76.604,42.850,18067.152,88328.416,19980830_070346
5,KBGM19980830_110941,42.636,0.758,203.972,165.994,37.240,-76.572,42.801,18620.177,82430.011,19980830_070941
5,KBGM19980830_111536,48.553,0.693,206.459,166.562,41.869,-76.557,42.799,20934.581,81479.253,19980830_071536
5,KBGM19980830_112132,54.486,0.740,206.329,176.048,40.309,-76.557,42.756,20154.460,77682.495,19980830_072132
5,KBGM19980830_112728,60.420,0.849,217.238,183.509,41.813,-76.490,42.723,20906.571,71448.808,19980830_072728
5,KBGM19980830_113323,66.336,0.560,212.617,190.327,39.611,-76.518,42.692,19805.538,70114.124,19980830_073323
5,KBGM19980830_113919,72.270,0.062,211.284,191.135,40.697,-76.526,42.688,20348.442,70217.991,19980830_073919
4,KBGM19980830_102217,-4.764,0.348,171.493,147.011,11.865,-76.772,42.886,5932.299,99899.809,19980830_062217
4,KBGM19980830_102812,1.153,0.081,171.689,147.799,20.091,-76.770,42.882,10045.479,99535.142,19980830_062812
6,KBGM19980830_104559,18.936,0.073,411.931,176.626,19.091,-75.301,42.753,9545.620,83291.370,19980830_064559
6,KBGM19980830_105155,24.870,-1.000,411.931,176.626,28.525,-75.301,42.753,14262.620,83291.370,19980830_065155
6,KBGM19980830_105751,30.803,0.054,411.399,166.791,35.562,-75.304,42.797,17780.958,86824.987,19980830_065751
1,KBGM19980830_093453,-52.164,0.066,170.607,342.443,3.043,-76.766,42.006,1521.410,68088.140,19980830_053453
2,KBGM19980830_093453,-52.164,0.051,366.841,402.162,10.547,-75.583,41.739,5273.361,61042.498,19980830_053453
8,KBGM19980830_105155,24.870,0.067,96.511,452.248,22.761,-77.204,41.508,11380.340,127070.383,19980830_065155
12,KBGM19980830_111536,48.553,0.075,92.346,433.903,29.559,-77.230,41.590,14779.463,123541.845,19980830_071536
3,KBGM19980831_101744,-10.361,0.168,185.430,119.964,11.851,-76.688,43.008,5925.518,106699.762,19980831_061744
3,KBGM19980831_102340,-4.428,0.452,188.752,123.956,22.445,-76.667,42.990,11222.364,104124.487,19980831_062340
3,KBGM19980831_102935,1.489,0.565,193.999,128.908,29.006,-76.635,42.968,14502.863,100633.842,19980831_062935
3,KBGM19980831_103530,7.406,0.863,195.292,129.963,33.668,-76.627,42.963,16833.892,99845.415,19980831_063530
3,KBGM19980831_104127,13.356,0.815,203.679,130.090,43.078,-76.575,42.963,21539.140,97656.276,19980831_064127
3,KBGM19980831_104723,19.289,0.680,210.965,131.163,52.463,-76.531,42.958,26231.331,95437.185,19980831_064723
3,KBGM19980831_105319,25.222,0.230,211.671,127.659,55.953,-76.526,42.974,27976.552,96829.163,19980831_065319
2,KBGM19980831_101744,-10.361,0.347,170.140,153.692,17.146,-76.779,42.856,8573.067,97813.116,19980831_061744
2,KBGM19980831_102340,-4.428,0.189,170.209,154.942,23.348,-76.779,42.850,11673.879,97323.646,19980831_062340
9,KBGM19980831_110509,37.056,0.531,178.908,190.797,22.670,-76.724,42.689,11334.879,81530.000,19980831_070509
9,KBGM19980831_111105,42.989,0.533,180.358,193.424,29.482,-76.715,42.677,14740.757,80113.431,19980831_071105
9,KBGM19980831_111701,48.922,0.076,176.031,198.426,24.454,-76.741,42.654,12227.173,80133.679,19980831_071701
9,KBGM19980831_112258,54.872,0.076,176.121,200.896,32.150,-76.740,42.643,16075.197,79321.339,19980831_072258
1,KBGM19980831_093616,-51.828,0.053,374.342,272.844,14.181,-75.534,42.321,7090.446,39573.496,19980831_053616
8,KBGM19980831_105913,31.122,0.471,184.025,178.052,25.204,-76.693,42.746,12601.891,84145.005,19980831_065913
5,KBGM19980901_102606,-3.041,0.550,178.590,116.924,19.313,-76.730,43.021,9656.746,109837.628,19980901_062606
5,KBGM19980901_103556,6.792,0.755,183.771,124.227,36.173,-76.698,42.989,18086.672,105362.683,19980901_063556
5,KBGM19980901_104546,16.626,0.804,188.837,118.723,39.517,-76.667,43.014,19758.629,106323.489,19980901_064546
5,KBGM19980901_105536,26.459,0.767,190.789,111.478,42.376,-76.655,43.046,21187.919,108935.053,19980901_065536
5,KBGM19980901_110527,36.309,0.271,194.222,110.063,49.618,-76.634,43.053,24809.124,108702.705,19980901_070527
1,KBGM19980901_094613,-42.924,0.234,169.583,342.014,3.270,-76.772,42.008,1634.825,68508.647,19980901_054613
3,KBGM19980901_101617,-12.858,0.284,170.972,342.616,2.528,-76.764,42.005,1264.164,67942.001,19980901_061617
1,KBGM19980902_101757,-12.236,0.052,358.136,297.468,8.379,-75.633,42.211,4189.651,29095.327,19980902_061757
1,KBGM19980902_102353,-6.303,0.331,361.462,295.495,14.839,-75.613,42.219,7419.709,30813.235,19980902_062353
1,KBGM19980902_102949,-0.370,0.418,370.786,294.218,19.976,-75.556,42.225,9987.890,35511.103,19980902_062949
1,KBGM19980902_103545,5.564,0.515,380.611,287.204,19.068,-75.497,42.256,9533.810,40810.030,19980902_063545
1,KBGM19980902_104141,11.497,0.104,390.995,279.366,20.000,-75.433,42.291,9999.770,46652.769,19980902_064141
1,KBGM19980902_104736,17.414,0.503,378.707,285.469,19.652,-75.508,42.264,9825.977,40018.685,19980902_064736
1,KBGM19980902_105332,23.347,0.068,380.702,283.977,22.337,-75.496,42.271,11168.528,41138.567,19980902_065332
3,KBGM19980902_104141,11.497,0.054,183.839,107.683,30.946,-76.698,43.063,15472.965,112337.907,19980902_064141
3,KBGM19980902_104736,17.414,0.054,182.932,106.358,38.333,-76.704,43.069,19166.394,113139.219,19980902_064736
3,KBGM19980902_105332,23.347,0.112,180.742,100.220,38.873,-76.717,43.097,19436.714,116334.178,19980902_065332
3,KBGM19980902_105928,29.280,0.054,180.753,90.451,38.321,-76.718,43.141,19160.566,120551.561,19980902_065928
6,KBGM19980902_111119,41.130,0.061,286.646,190.551,13.132,-76.066,42.692,6565.960,55130.139,19980902_071119
6,KBGM19980902_111715,47.064,0.478,289.206,190.132,21.151,-76.051,42.694,10575.666,55198.595,19980902_071715
6,KBGM19980902_112310,52.980,0.140,297.110,187.668,24.722,-76.003,42.705,12361.109,56184.682,19980902_072310
4,KBGM19980902_105928,29.280,0.159,212.104,361.007,32.310,-76.515,41.924,16154.865,53496.542,19980902_065928
4,KBGM19980902_110523,35.197,0.091,213.691,359.973,40.187,-76.505,41.929,20093.319,52550.003,19980902_070523
2,KBGM19980902_102949,-0.370,0.056,226.599,254.900,14.164,-76.431,42.402,7082.170,43074.690,19980902_062949
7,KBGM19980902_114055,70.730,0.328,207.369,314.814,22.615,-76.545,42.132,11307.507,46903.805,19980902_074055
7,KBGM19980902_114650,76.647,-1.000,207.369,314.814,32.023,-76.545,42.132,16011.257,46903.805,19980902_074650
7,KBGM19980902_115248,82.614,0.084,220.658,306.306,27.529,-76.465,42.170,13764.296,39795.890,19980902_075248
1,KBGM19980910_104424,5.867,0.618,190.549,133.272,17.357,-76.656,42.948,8678.738,99721.675,19980910_064424
1,KBGM19980910_105019,11.783,0.922,190.325,134.728,22.750,-76.657,42.942,11375.178,99175.855,19980910_065019
1,KBGM19980910_105615,17.717,0.820,193.007,137.502,30.055,-76.640,42.929,15027.347,97279.479,19980910_065615
1,KBGM19980910_110210,23.633,0.546,194.993,143.844,40.078,-76.628,42.901,20038.863,94089.177,19980910_070210
3,KBGM19980910_105019,11.783,0.093,227.944,384.022,23.923,-76.419,41.821,11961.666,55343.683,19980910_065019
3,KBGM19980910_105615,17.717,0.074,228.747,386.181,30.631,-76.414,41.811,15315.557,55911.066,19980910_065615
1,KBGM19980911_101658,-22.611,0.083,391.516,312.717,9.265,-75.431,42.141,4632.374,46197.757,19980911_061658
2,KBGM19980911_115624,76.823,0.092,175.881,426.897,31.121,-76.730,41.626,15560.686,88752.703,19980911_075624
4,KBGM19980915_102510,-18.597,0.497,187.848,347.344,5.258,-76.662,41.985,2628.786,60867.481,19980915_062510
4,KBGM19980915_103105,-12.681,0.291,188.938,347.485,12.457,-76.655,41.984,6228.510,60393.526,19980915_063105
12,KBGM19980915_110634,22.803,0.226,309.707,80.840,24.281,-75.925,43.186,12140.678,109687.241,19980915_070634
12,KBGM19980915_111229,28.719,0.292,311.710,80.536,31.364,-75.913,43.188,15682.163,109888.278,19980915_071229
12,KBGM19980915_111824,34.636,0.153,331.215,77.585,25.913,-75.793,43.201,12956.398,112297.544,19980915_071824
12,KBGM19980915_112419,40.553,0.083,332.559,75.991,34.227,-75.785,43.208,17113.395,113181.499,19980915_072419
1,KBGM19980915_095503,-48.714,0.053,207.064,124.604,5.742,-76.555,42.988,2870.913,99248.255,19980915_055503
2,KBGM19980915_101319,-30.447,0.214,255.430,196.048,8.749,-76.257,42.667,4374.489,56551.948,19980915_061319
9,KBGM19980915_103700,-6.764,0.234,381.872,217.940,7.393,-75.486,42.568,3696.648,57958.474,19980915_063700
11,KBGM19980915_104849,5.053,0.081,413.567,217.133,8.738,-75.293,42.571,4368.916,70293.105,19980915_064849
7,KBGM19980916_110727,22.636,0.077,418.499,259.395,15.810,-75.266,42.380,7904.896,62631.163,19980916_070727
7,KBGM19980916_111322,28.553,0.243,420.971,260.754,22.436,-75.251,42.374,11218.212,63589.157,19980916_071322
7,KBGM19980916_111917,34.470,0.160,425.337,256.832,28.424,-75.224,42.392,14212.192,66281.190,19980916_071917
2,KBGM19980916_102003,-24.764,0.186,314.378,368.410,37.821,-75.898,41.892,18910.528,34952.201,19980916_062003
2,KBGM19980916_102558,-18.847,0.108,315.401,366.722,47.000,-75.892,41.899,23500.120,34238.131,19980916_062558
2,KBGM19980916_103154,-12.914,0.175,323.198,374.373,40.409,-75.845,41.865,20204.615,38953.676,19980916_063154
4,KBGM19980916_103154,-12.914,0.073,286.160,272.972,21.844,-76.069,42.321,10921.860,15182.453,19980916_063154
4,KBGM19980916_103750,-6.980,0.091,287.748,274.234,28.765,-76.059,42.316,14382.694,14265.297,19980916_063750
4,KBGM19980916_104346,-1.047,0.110,297.737,281.554,24.234,-75.999,42.283,12117.054,9291.981,19980916_064346
8,KBGM19980916_110727,22.636,0.076,483.605,303.541,16.644,-74.874,42.178,8321.827,91819.469,19980916_070727
8,KBGM19980916_111322,28.553,0.085,483.009,302.364,25.231,-74.877,42.184,12615.376,91512.383,19980916_071322
1,KBGM19980916_100215,-42.564,0.135,411.384,249.374,18.252,-75.308,42.426,9125.866,61174.835,19980916_060215
6,KBGM19980916_104940,4.853,0.122,359.150,293.760,12.110,-75.627,42.227,6055.054,29739.307,19980916_064940
9,KBGM19980916_113108,46.320,0.089,183.787,286.783,24.514,-76.689,42.257,12257.078,58481.245,19980916_073108
10,KBGM19980916_113108,46.320,0.073,408.078,308.700,20.607,-75.331,42.159,10303.509,54213.597,19980916_073108
11,KBGM19980916_113703,52.236,0.066,504.156,311.972,29.492,-74.750,42.139,14746.017,102253.493,19980916_073703
1,KBGM19980919_100153,-46.089,0.248,385.019,272.736,8.409,-75.469,42.321,4204.498,44641.947,19980919_060153
2,KBGM19980919_100153,-46.089,0.057,187.514,350.355,2.234,-76.664,41.971,1117.083,61621.226,19980919_060153
1,KBGM19981022_103340,-51.007,0.103,409.522,261.934,10.708,-75.320,42.369,5353.806,57974.357,19981022_063340
1,KBGM19981022_103936,-45.073,0.276,408.681,257.881,21.178,-75.325,42.387,10588.787,58278.608,19981022_063936
1,KBGM19981022_104532,-39.140,0.706,413.003,262.348,17.864,-75.299,42.367,8931.984,59555.162,19981022_064532
1,KBGM19981022_105127,-33.223,0.647,416.456,265.036,25.110,-75.278,42.355,12555.207,60795.848,19981022_065127
1,KBGM19981022_105723,-27.290,0.442,425.727,274.281,22.056,-75.222,42.313,11028.107,64165.223,19981022_065723
1,KBGM19981022_110327,-21.223,0.108,425.591,276.922,29.744,-75.223,42.301,14872.075,63846.754,19981022_070327
6,KBGM19981022_111325,-11.257,0.128,316.183,181.472,23.088,-75.886,42.733,11543.808,59813.982,19981022_071325
6,KBGM19981022_112321,-1.323,0.114,317.574,185.394,34.205,-75.878,42.716,17102.663,57972.906,19981022_072321
7,KBGM19981022_122300,58.327,0.304,383.851,270.779,16.489,-75.476,42.330,8244.648,44398.495,19981022_082300
7,KBGM19981022_123257,68.277,0.076,398.434,283.958,29.000,-75.388,42.270,14499.780,49866.083,19981022_083257
3,KBGM19981022_104532,-39.140,0.199,298.720,72.799,42.263,-75.993,43.222,21131.536,113602.448,19981022_064532
5,KBGM19981022_111325,-11.257,0.167,221.076,243.625,31.089,-76.465,42.452,15544.729,48495.182,19981022_071325
1,KBGM19981023_111753,-7.985,0.189,391.424,295.026,29.201,-75.431,42.221,14600.555,45779.359,19981023_071753
4,KBGM19981028_114347,11.872,0.153,296.458,551.458,25.962,-76.006,41.068,12980.995,125741.352,19981028_064347
4,KBGM19981028_114941,17.772,0.952,303.225,555.797,30.954,-75.966,41.048,15476.954,127908.825,19981028_064941
4,KBGM19981028_115537,23.705,0.922,305.673,558.591,35.428,-75.951,41.036,17713.818,129326.554,19981028_065537
4,KBGM19981028_120132,29.622,0.946,309.959,562.213,38.768,-75.926,41.019,19383.768,131201.121,19981028_070132
4,KBGM19981028_120758,36.055,0.947,318.235,561.138,39.901,-75.877,41.024,19950.420,130886.953,19981028_070758
4,KBGM19981028_121353,41.972,0.615,326.260,560.427,41.393,-75.829,41.027,20696.644,130873.765,19981028_071353
4,KBGM19981028_121949,47.905,0.315,334.945,560.010,43.045,-75.777,41.029,21522.721,131173.841,19981028_071949
2,KBGM19981028_111410,-17.745,0.055,345.354,167.271,23.006,-75.708,42.797,11502.819,70131.855,19981028_061410
2,KBGM19981028_112005,-11.828,0.288,348.449,167.828,28.804,-75.689,42.794,14402.159,70386.169,19981028_062005
1,KBGM19981028_110220,-29.578,0.115,125.441,171.263,31.906,-77.051,42.774,15953.244,108447.892,19981028_060220
3,KBGM19981028_112601,-5.895,0.074,10.085,365.344,16.518,-77.732,41.892,8258.877,148593.927,19981028_062601
5,KBGM19981028_120758,36.055,0.191,61.635,440.828,25.466,-77.414,41.557,12733.088,138428.888,19981028_070758
7,KBGM19981028_121353,41.972,0.064,56.907,344.626,21.466,-77.452,41.989,10732.769,123577.529,19981028_071353
8,KBGM19981028_124925,77.505,0.074,122.956,355.393,20.753,-77.053,41.945,10376.422,92753.838,19981028_074925
1,KBGM19981029_104030,-52.632,0.193,375.441,250.162,11.156,-75.527,42.423,5577.877,45208.268,19981029_054030
2,KBGM19981029_110024,-32.732,0.089,189.095,157.340,16.694,-76.663,42.840,8346.935,90349.222,19981029_060024
3,KBGM19981029_113043,-2.416,0.071,216.222,181.619,21.351,-76.496,42.731,10675.299,72513.397,19981029_063043
4,KBGM19981029_123025,57.284,0.096,187.293,258.077,33.534,-76.669,42.386,16766.817,60125.837,19981029_073025
1,KBGM19981104_111904,-21.455,0.178,119.843,259.756,12.764,-77.079,42.376,6381.977,92298.625,19981104_061904
1,KBGM19981104_112854,-11.621,0.213,121.079,261.776,22.221,-77.071,42.367,11110.427,91479.375,19981104_062854
6,KBGM19981104_124735,67.062,0.249,198.195,136.016,22.253,-76.609,42.936,11126.289,96507.885,19981104_074735
6,KBGM19981104_125724,76.879,0.255,203.089,140.861,28.939,-76.578,42.914,14469.737,93162.584,19981104_075724
4,KBGM19981104_121804,37.545,0.188,352.477,104.907,23.109,-75.663,43.077,11554.482,101013.876,19981104_071804
5,KBGM19981104_122754,47.379,0.057,230.124,291.642,16.947,-76.408,42.237,8473.585,35187.224,19981104_072754
7,KBGM19981104_124735,67.062,0.053,206.191,210.864,31.963,-76.557,42.600,15981.516,64701.937,19981104_074735
1,KBGM19981105_122516,43.506,0.051,350.867,414.141,37.101,-75.680,41.685,18550.627,62481.182,19981105_072516
1,KBGM19981106_115304,10.064,0.120,156.729,298.241,14.617,-76.852,42.204,7308.653,71640.806,19981106_065304
1,KBGM19981106_120253,19.881,0.696,158.207,295.664,22.537,-76.844,42.216,11268.477,70929.808,19981106_070253
1,KBGM19981106_121244,29.731,0.052,161.336,301.286,23.490,-76.824,42.191,11745.181,69334.871,19981106_071244
1,KBGM19981126_115414,-13.100,0.104,29.706,475.861,41.445,-77.601,41.397,20722.435,161234.023,19981126_065414
2,KBGM19981126_123206,24.767,0.069,201.987,331.774,20.418,-76.577,42.055,10209.120,51517.469,19981126_073206
3,KBGM19981126_123802,30.700,0.310,174.891,382.672,16.965,-76.738,41.825,8482.571,74978.136,19981126_073802
4,KBGM19981126_133120,84.000,0.056,62.597,80.622,65.895,-77.445,43.178,32947.590,161622.338,19981126_083120
1,KBGM19981129_111625,-54.270,0.194,170.273,342.136,3.425,-76.768,42.007,1712.450,68199.175,19981129_061625
1,KBGM19981129_112616,-44.420,0.100,170.357,342.026,10.619,-76.767,42.008,5309.739,68142.122,19981129_062616
1,KBGM19981130_124211,30.411,0.755,278.989,371.314,14.053,-76.112,41.879,7026.409,37172.491,19981130_074211
8,KBGM19981201_125507,42.275,0.081,171.892,157.680,19.017,-76.768,42.838,9508.263,95742.698,19981201_075507
8,KBGM19981201_130103,48.208,0.282,173.576,158.616,28.421,-76.758,42.834,14210.262,94832.181,19981201_080103
8,KBGM19981201_130658,54.125,0.314,186.493,165.536,30.025,-76.679,42.803,15012.345,87983.627,19981201_080658
8,KBGM19981201_131253,60.042,0.114,197.098,172.928,32.401,-76.614,42.770,16200.529,81755.750,19981201_081253
1,KBGM19981201_113210,-40.675,0.108,38.884,235.920,28.981,-77.573,42.477,14490.651,134431.767,19981201_063210
1,KBGM19981201_113806,-34.742,0.176,39.770,238.367,38.274,-77.567,42.466,19137.146,133714.623,19981201_063806
7,KBGM19981201_124316,30.425,0.075,391.671,292.413,35.329,-75.430,42.233,17664.368,45992.438,19981201_074316
7,KBGM19981201_124911,36.342,0.088,398.757,293.638,41.692,-75.387,42.227,20846.055,49480.619,19981201_074911
7,KBGM19981201_125507,42.275,0.060,425.859,305.882,35.993,-75.223,42.171,17996.677,62998.306,19981201_075507
7,KBGM19981201_130103,48.208,-1.000,425.859,305.882,45.427,-75.223,42.171,22713.677,62998.306,19981201_080103
7,KBGM19981201_130658,54.125,0.051,421.136,256.403,81.386,-75.249,42.394,40692.844,64371.002,19981201_080658
2,KBGM19981201_114957,-22.892,0.052,525.422,266.881,62.178,-74.617,42.341,31088.917,113920.854,19981201_064957
3,KBGM19981201_121339,0.808,0.335,508.483,492.514,12.340,-74.740,41.326,6169.761,141886.346,19981201_071339
6,KBGM19981201_122530,12.658,0.119,346.842,279.626,32.147,-75.701,42.291,16073.490,25540.691,19981201_072530
1,KBGM19981202_112435,-49.309,0.112,367.215,303.167,8.640,-75.578,42.185,4319.912,33644.669,19981202_062435
4,KBGM19981208_132046,61.003,0.389,359.289,322.061,19.159,-75.627,42.100,9579.506,31630.412,19981208_082046
4,KBGM19981208_133037,70.853,0.725,363.834,320.089,32.926,-75.599,42.109,16462.877,33460.291,19981208_083037
1,KBGM19981208_123128,11.703,0.065,201.362,365.414,22.698,-76.579,41.904,11349.184,59178.574,19981208_073128
2,KBGM19981208_125110,31.403,0.076,284.936,390.350,35.494,-76.076,41.793,17747.015,45798.453,19981208_075110
2,KBGM19981208_130102,41.269,0.073,300.182,372.803,24.076,-75.984,41.872,12037.855,36401.390,19981208_080102
1,KBGM19981215_114855,-36.573,0.147,274.706,407.872,11.870,-76.137,41.714,5935.047,55399.112,19981215_064855
1,KBGM19981217_113801,-48.845,0.490,34.723,321.812,54.014,-77.588,42.090,27007.124,133086.252,19981217_063801
1,KBGM19981217_114355,-42.945,0.521,36.631,319.588,61.960,-77.577,42.100,30980.204,132048.351,19981217_064355
9,KBGM19981217_133225,65.555,0.089,327.619,416.659,14.349,-75.819,41.674,7174.458,59942.032,19981217_083225
9,KBGM19981217_134217,75.422,0.922,330.752,416.047,19.938,-75.800,41.677,9968.864,60026.033,19981217_084217
7,KBGM19981217_130645,39.888,0.052,37.466,237.147,61.570,-77.581,42.472,30785.187,134976.219,19981217_080645
1,KBGM19981218_114430,-43.000,0.089,424.679,133.203,17.505,-75.221,42.948,8752.468,104122.388,19981218_064430
1,KBGM19981218_115423,-33.117,0.169,425.956,132.603,28.985,-75.213,42.951,14492.388,104745.626,19981218_065423
6,KBGM19981218_130318,35.800,0.059,332.130,411.110,41.511,-75.792,41.699,20755.724,57831.313,19981218_080318
6,KBGM19981218_131308,45.633,0.050,339.576,416.639,51.661,-75.747,41.674,25830.284,61585.083,19981218_081308
7,KBGM19981218_131308,45.633,0.281,198.403,197.176,23.053,-76.605,42.661,11526.430,72275.025,19981218_081308
7,KBGM19981218_132258,55.467,0.573,201.065,202.005,28.992,-76.588,42.639,14496.084,69626.401,19981218_082258
3,KBGM19981218_123349,6.317,0.103,229.559,276.931,17.016,-76.412,42.303,8507.812,37061.262,19981218_073349
4,KBGM19981218_123349,6.317,0.057,126.361,217.202,23.703,-77.042,42.568,11851.528,96184.540,19981218_073349
5,KBGM19981218_130318,35.800,0.064,191.140,178.265,29.115,-76.650,42.746,14557.518,81654.631,19981218_080318
1,KBGM19981219_132012,52.095,0.114,409.408,566.557,20.327,-75.335,40.998,10163.743,144068.208,19981219_082012
2,KBGM19981219_133004,61.962,0.067,49.456,536.151,56.101,-77.477,41.127,28050.499,172147.755,19981219_083004
1,KBGM19981221_113133,-57.662,0.105,435.125,275.126,25.306,-75.166,42.309,12653.152,68697.571,19981221_063133
2,KBGM19981221_121121,-17.862,0.120,353.968,421.974,19.296,-75.661,41.650,9648.247,66689.955,19981221_071121
1,KBGM19981222_114202,-47.680,0.066,35.956,244.185,39.674,-77.590,42.440,19837.215,134939.192,19981222_064202
2,KBGM19981222_122331,-6.196,0.135,369.003,312.143,27.204,-75.568,42.144,13601.768,35031.497,19981222_072331
3,KBGM19981222_132843,59.004,0.106,202.667,196.332,22.421,-76.579,42.665,11210.281,71099.720,19981222_082843
1,KBGM19981227_115115,-40.415,0.071,402.064,291.776,8.954,-75.367,42.235,4477.104,51197.613,19981227_065115
2,KBGM19981227_133044,59.068,0.054,362.010,79.356,2.307,-75.604,43.192,1153.656,114596.100,19981227_083044
1,KBGM19981228_114010,-51.775,0.173,525.674,496.617,36.783,-74.638,41.307,18391.483,149655.553,19981228_064010
1,KBGM19981229_130816,36.087,0.904,320.894,405.046,29.994,-75.859,41.727,14996.769,53552.129,19981229_080816
1,KBGM19981229_131813,46.037,0.684,336.616,411.770,24.321,-75.765,41.696,12160.357,58807.395,19981229_081813
1,KBGM19981230_113741,-54.695,0.096,189.657,354.812,9.263,-76.650,41.951,4631.649,61603.303,19981230_063741
1,KBGM19981230_114738,-44.745,0.586,189.174,353.450,14.535,-76.653,41.957,7267.542,61520.879,19981230_064738
3,KBGM19981230_125717,24.905,0.089,336.455,508.876,19.396,-75.768,41.259,9698.019,106016.562,19981230_075717
4,KBGM19981230_132708,54.755,0.088,420.589,503.271,58.862,-75.265,41.282,29430.912,118174.672,19981230_082708
4,KBGM19981231_132517,52.746,0.237,177.208,332.611,24.235,-76.727,42.051,12117.672,63524.137,19981231_082517
4,KBGM19981231_133514,62.696,0.061,181.473,314.728,32.272,-76.702,42.131,16136.077,59719.315,19981231_083514
4,KBGM19981231_134509,72.612,0.070,193.234,295.769,32.594,-76.632,42.217,16297.167,53425.038,19981231_084509
1,KBGM19981231_131520,42.796,0.754,387.914,278.421,24.129,-75.452,42.296,12064.594,45261.752,19981231_081520
1,KBGM19981231_132517,52.746,0.255,390.071,285.227,35.516,-75.439,42.265,17758.017,45636.974,19981231_082517
2,KBGM19981231_131520,42.796,0.099,426.697,295.948,21.109,-75.218,42.215,10554.676,63380.950,19981231_081520
5,KBGM19981231_133514,62.696,0.090,369.305,319.192,24.870,-75.566,42.113,12434.948,35956.414,19981231_083514
