track_id,filename,from_sunrise,det_score,x,y,r,lon,lat,radius,geo_dist,local_time
2,KTYX19980611_100651,46.365,0.583,469.391,225.125,20.934,-74.622,44.088,10467.144,92600.804,19980611_060651
2,KTYX19980611_101241,52.199,-1.000,469.391,225.125,30.209,-74.622,44.088,15104.644,92600.804,19980611_061241
2,KTYX19980611_101831,58.032,0.090,469.032,232.076,36.177,-74.625,44.057,18088.643,91084.568,19980611_061831
1,KTYX19980611_090831,-11.968,0.086,181.660,76.204,20.258,-76.427,44.760,10129.166,126578.862,19980611_050831
6,KTYX19980613_083859,-41.272,0.702,253.377,268.820,14.762,-75.970,43.896,7380.766,28044.210,19980613_043859
6,KTYX19980613_084359,-36.272,0.563,253.937,267.940,20.875,-75.967,43.900,10437.490,28061.055,19980613_044359
6,KTYX19980613_084859,-31.272,0.826,259.203,260.810,21.596,-75.934,43.932,10798.139,28285.366,19980613_044859
6,KTYX19980613_085359,-26.272,0.482,265.409,252.954,20.744,-75.896,43.967,10372.210,29196.943,19980613_045359
6,KTYX19980613_085859,-21.272,0.101,268.491,248.246,21.869,-75.876,43.989,10934.530,30295.388,19980613_045859
6,KTYX19980613_090359,-16.272,-1.000,272.370,242.740,22.565,-75.852,44.013,11282.630,31788.907,19980613_050359
6,KTYX19980613_090859,-11.272,0.203,271.609,242.541,28.210,-75.857,44.014,14104.968,32045.044,19980613_050859
9,KTYX19980613_090359,-16.272,0.411,288.705,390.600,12.856,-75.750,43.348,6427.906,45650.705,19980613_050359
9,KTYX19980613_090859,-11.272,0.534,290.451,389.228,18.848,-75.739,43.354,9423.951,44868.996,19980613_050859
9,KTYX19980613_091401,-6.239,0.721,294.531,386.162,21.032,-75.714,43.368,10516.125,43167.847,19980613_051401
9,KTYX19980613_091900,-1.255,0.273,293.756,385.709,23.483,-75.719,43.370,11741.301,42967.919,19980613_051900
9,KTYX19980613_092359,3.728,0.081,296.337,380.115,23.614,-75.703,43.395,11806.846,40099.484,19980613_052359
1,KTYX19980613_082358,-56.289,0.379,237.175,285.965,13.815,-76.070,43.818,6907.257,32186.880,19980613_042358
1,KTYX19980613_082859,-51.272,0.250,239.028,284.331,20.112,-76.059,43.826,10055.783,31476.714,19980613_042859
1,KTYX19980613_083359,-46.272,0.834,248.225,276.068,16.580,-76.002,43.863,8289.867,28519.069,19980613_043359
4,KTYX19980613_082859,-51.272,0.090,323.887,524.109,18.075,-75.534,42.747,9037.682,112689.371,19980613_042859
4,KTYX19980613_083359,-46.272,0.616,324.661,527.734,25.215,-75.529,42.731,12607.440,114532.803,19980613_043359
18,KTYX19980613_095400,33.745,0.077,54.134,61.357,55.370,-77.234,44.819,27684.807,171318.708,19980613_055400
18,KTYX19980613_095900,38.745,0.088,55.776,59.144,60.349,-77.224,44.829,30174.289,171505.816,19980613_055900
19,KTYX19980613_100400,43.745,0.081,277.739,269.823,22.341,-75.819,43.892,11170.456,18749.712,19980613_060400
19,KTYX19980613_100859,48.728,0.350,279.334,267.625,27.109,-75.809,43.901,13554.740,19204.266,19980613_060859
22,KTYX19980613_101900,58.745,0.331,329.597,379.303,6.561,-75.497,43.399,3280.672,42323.010,19980613_061900
22,KTYX19980613_102359,63.728,-1.000,329.597,379.303,14.485,-75.497,43.399,7242.422,42323.010,19980613_062359
22,KTYX19980613_102858,68.711,0.071,337.853,368.532,17.725,-75.446,43.447,8862.604,39145.599,19980613_062858
7,KTYX19980613_084859,-31.272,0.323,342.641,521.600,28.621,-75.420,42.758,14310.411,112832.422,19980613_044859
8,KTYX19980613_085859,-21.272,0.074,142.686,338.795,11.563,-76.654,43.577,5781.551,81013.478,19980613_045859
10,KTYX19980613_090359,-16.272,0.160,274.108,239.284,18.977,-75.841,44.029,9488.527,33003.131,19980613_050359
15,KTYX19980613_093858,18.711,0.112,310.312,380.622,16.869,-75.616,43.393,8434.595,40639.139,19980613_053858
15,KTYX19980613_094358,23.711,-1.000,310.312,380.622,24.819,-75.616,43.393,12409.595,40639.139,19980613_054358
15,KTYX19980613_094859,28.728,0.089,323.255,370.388,17.406,-75.536,43.439,8703.156,37064.973,19980613_054859
16,KTYX19980613_093858,18.711,0.082,42.348,80.875,52.151,-77.306,44.730,26075.485,169115.882,19980613_053858
20,KTYX19980613_100400,43.745,0.054,85.837,425.892,33.464,-76.997,43.182,16732.004,124212.237,19980613_060400
4,KTYX19980625_094119,19.390,0.091,207.640,231.660,55.866,-76.256,44.062,27932.917,57447.158,19980625_054119
4,KTYX19980625_094710,25.240,0.428,207.880,232.983,61.990,-76.255,44.056,30995.112,56959.004,19980625_054710
4,KTYX19980625_095300,31.073,0.079,211.889,234.867,64.201,-76.230,44.048,32100.375,54785.615,19980625_055300
4,KTYX19980625_095850,36.906,0.284,224.852,239.988,62.159,-76.149,44.025,31079.469,48085.192,19980625_055850
4,KTYX19980625_100440,42.740,0.099,237.153,245.618,61.170,-76.072,44.000,30585.098,41554.505,19980625_060440
4,KTYX19980625_101030,48.573,0.355,247.422,243.963,63.164,-76.008,44.008,31581.971,38420.555,19980625_061030
4,KTYX19980625_101652,54.940,0.435,257.473,250.433,64.206,-75.945,43.979,32103.001,32655.060,19980625_061652
4,KTYX19980625_102242,60.773,-1.000,267.044,255.022,65.202,-75.885,43.958,32600.777,27879.750,19980625_062242
4,KTYX19980625_102833,66.623,0.240,286.195,258.414,59.762,-75.766,43.943,29881.226,21908.619,19980625_062833
4,KTYX19980625_103422,72.440,0.308,303.560,249.173,53.376,-75.658,43.985,26688.013,25475.841,19980625_063422
1,KTYX19980625_084259,-38.944,0.514,158.215,220.049,25.965,-76.566,44.112,12982.433,81386.531,19980625_044259
1,KTYX19980625_084849,-33.110,0.257,160.178,220.068,33.378,-76.553,44.112,16688.974,80528.689,19980625_044849
3,KTYX19980625_093529,13.556,0.178,319.870,147.371,28.846,-75.555,44.443,14423.050,76958.547,19980625_053529
3,KTYX19980625_094119,19.390,-1.000,319.870,147.371,38.121,-75.555,44.443,19060.550,76958.547,19980625_054119
3,KTYX19980625_094710,25.240,0.067,314.977,137.618,50.052,-75.586,44.486,25025.848,81535.585,19980625_054710
2,KTYX19980625_091759,-3.944,0.062,201.032,224.007,45.662,-76.298,44.096,22830.757,62389.018,19980625_051759
6,KTYX19980625_100440,42.740,0.377,35.605,284.981,24.764,-77.323,43.812,12382.186,132410.767,19980625_060440
7,KTYX19980625_100440,42.740,0.066,26.780,338.074,26.211,-77.371,43.572,13105.251,137930.004,19980625_060440
9,KTYX19980625_102242,60.773,0.396,276.532,254.815,57.313,-75.826,43.959,28656.626,25457.960,19980625_062242
1,KTYX19980630_095004,26.006,0.534,193.520,376.380,15.060,-76.337,43.410,7530.056,65520.788,19980630_055004
1,KTYX19980630_095554,31.839,0.895,194.873,373.586,23.748,-76.329,43.423,11874.146,64161.145,19980630_055554
1,KTYX19980630_100144,37.672,0.479,198.975,371.005,32.353,-76.304,43.435,16176.315,61741.066,19980630_060144
1,KTYX19980711_092834,-2.668,0.082,532.642,46.399,51.604,-74.208,44.888,25802.006,172072.568,19980711_052834
1,KTYX19980711_093448,3.565,0.091,532.577,47.659,59.318,-74.208,44.882,29658.817,171586.494,19980711_053448
2,KTYX19980712_084419,-47.716,0.110,103.486,320.323,37.890,-76.898,43.658,18945.034,98780.976,19980712_044419
2,KTYX19980712_085009,-41.882,-1.000,103.486,320.323,47.165,-76.898,43.658,23582.534,98780.976,19980712_045009
2,KTYX19980712_085558,-36.066,-1.000,103.486,320.323,56.414,-76.898,43.658,28206.784,98780.976,19980712_045558
2,KTYX19980712_090150,-30.199,-1.000,103.486,320.323,65.742,-76.898,43.658,32870.784,98780.976,19980712_050150
2,KTYX19980712_090739,-24.382,0.116,80.354,314.399,76.712,-77.042,43.683,38356.165,110058.755,19980712_050739
3,KTYX19980712_091918,-12.732,0.088,180.701,379.995,32.197,-76.416,43.393,16098.658,71818.510,19980712_051918
3,KTYX19980712_092508,-6.899,0.076,182.317,379.461,38.089,-76.406,43.396,19044.661,70998.951,19980712_052508
1,KTYX19980712_084419,-47.716,0.129,123.863,127.539,26.139,-76.788,44.527,13069.708,123254.961,19980712_044419
1,KTYX19980714_084147,-51.906,0.072,227.484,294.443,13.987,-76.130,43.780,6993.572,36364.096,19980714_044147
1,KTYX19980715_101228,37.918,0.057,377.666,501.274,34.161,-75.205,42.849,17080.475,107869.675,19980715_061228
1,KTYX19980716_102151,46.424,0.072,451.269,112.748,3.226,-74.727,44.594,1613.194,120359.402,19980716_062151
1,KTYX19980717_101224,36.078,0.161,437.966,52.215,18.917,-74.807,44.867,9458.450,141802.498,19980717_061224
1,KTYX19980717_101723,41.061,0.067,439.488,50.505,25.134,-74.797,44.875,12567.248,142919.860,19980717_061723
1,KTYX19980719_100230,24.335,0.096,189.226,382.173,16.384,-76.364,43.384,8192.217,68962.686,19980719_060230
1,KTYX19980720_095140,12.556,0.123,313.222,349.351,9.997,-75.598,43.534,4998.299,25545.950,19980720_055140
2,KTYX19980720_110142,82.589,0.053,327.415,367.763,17.518,-75.511,43.451,8759.111,36549.572,19980720_070142
1,KTYX19980726_091410,-30.902,0.345,323.460,331.640,20.812,-75.535,43.613,10405.994,19694.210,19980726_051410
1,KTYX19980726_092000,-25.068,0.080,323.378,333.166,27.661,-75.535,43.606,13830.516,20288.485,19980726_052000
3,KTYX19980726_103000,44.932,0.109,156.922,262.192,16.865,-76.571,43.923,8432.268,73994.729,19980726_063000
3,KTYX19980726_103550,50.765,0.065,158.197,262.636,23.589,-76.563,43.921,11794.356,73321.687,19980726_063550
3,KTYX19980726_104140,56.598,0.142,165.927,268.539,18.926,-76.514,43.894,9463.001,68857.559,19980726_064140
3,KTYX19980726_104730,62.432,0.080,167.965,268.832,25.174,-76.502,43.893,12586.839,67831.746,19980726_064730
3,KTYX19980726_105320,68.265,0.308,181.125,271.439,14.057,-76.420,43.882,7028.423,61128.984,19980726_065320
3,KTYX19980726_105910,74.098,0.245,182.120,271.651,20.919,-76.413,43.881,10459.664,60620.333,19980726_065910
3,KTYX19980726_110459,79.915,0.132,189.757,272.623,16.110,-76.366,43.877,8054.842,56795.632,19980726_070459
2,KTYX19980726_094910,4.098,0.084,140.256,409.848,29.942,-76.664,43.257,14970.775,96933.940,19980726_054910
1,KTYX19980727_085422,-51.734,0.088,124.125,44.644,23.730,-76.793,44.900,11864.812,155031.200,19980727_045422
2,KTYX19980727_091741,-28.418,0.073,255.386,254.151,6.199,-75.958,43.962,3099.678,31986.352,19980727_051741
3,KTYX19980727_093509,-10.951,0.080,211.195,422.734,32.927,-76.226,43.202,16463.583,75746.141,19980727_053509
2,KTYX19980731_095827,8.130,0.086,264.647,227.248,10.707,-75.901,44.083,5353.737,40443.223,19980731_055827
2,KTYX19980731_100417,13.963,0.760,262.632,228.278,15.838,-75.913,44.078,7918.929,40436.377,19980731_060417
2,KTYX19980731_101007,19.796,0.540,262.084,232.445,16.824,-75.917,44.060,8412.095,38734.055,19980731_061007
2,KTYX19980731_101557,25.630,0.056,263.899,233.815,16.984,-75.905,44.053,8491.773,37695.352,19980731_061557
1,KTYX19980731_095236,2.280,0.283,122.742,477.576,23.691,-76.766,42.951,11845.551,125452.539,19980731_055236
1,KTYX19980731_095827,8.130,0.298,122.376,478.040,29.869,-76.768,42.949,14934.624,125746.501,19980731_055827
4,KTYX19980731_101557,25.630,0.053,29.295,277.924,19.835,-77.363,43.843,9917.341,135801.656,19980731_061557
4,KTYX19980731_102147,31.463,0.113,29.065,280.660,27.816,-77.364,43.830,13907.795,135812.085,19980731_062147
3,KTYX19980731_100417,13.963,0.125,87.236,227.191,12.942,-77.008,44.076,6471.047,112438.331,19980731_060417
1,KTYX19980801_094930,-1.894,0.344,130.921,476.413,23.338,-76.716,42.957,11669.019,122177.381,19980801_054930
1,KTYX19980801_095520,3.939,0.593,130.662,477.662,30.496,-76.718,42.952,15247.859,122718.269,19980801_055520
1,KTYX19980801_100109,9.756,0.744,129.839,477.085,30.658,-76.723,42.954,15329.236,122794.085,19980801_060109
1,KTYX19980801_100659,15.589,0.534,125.868,476.873,33.932,-76.747,42.955,16966.106,124102.683,19980801_060659
1,KTYX19980801_101248,21.406,0.140,121.465,471.971,34.556,-76.774,42.977,17277.794,123944.314,19980801_061248
1,KTYX19980801_101838,27.239,0.473,120.438,468.348,33.751,-76.781,42.993,16875.668,123068.793,19980801_061838
2,KTYX19980801_105336,62.206,0.056,132.062,449.982,18.664,-76.711,43.076,9331.876,112580.703,19980801_065336
1,KTYX19980802_090853,-43.591,0.101,189.106,363.390,10.910,-76.365,43.468,5455.137,63866.724,19980802_050853
1,KTYX19980803_085840,-54.893,0.127,365.540,483.475,15.988,-75.279,42.929,7994.177,97414.618,19980803_045840
5,KTYX19980805_100747,12.036,0.229,471.474,522.789,15.787,-74.633,42.748,7893.608,140568.680,19980805_060747
5,KTYX19980805_101337,17.870,0.148,473.628,523.709,23.802,-74.620,42.744,11901.138,141591.275,19980805_061337
8,KTYX19980805_105427,58.703,0.210,259.984,326.630,15.805,-75.928,43.636,7902.363,24033.471,19980805_065427
8,KTYX19980805_110017,64.536,0.154,261.029,326.766,21.779,-75.921,43.635,10889.658,23638.801,19980805_070017
1,KTYX19980805_090340,-52.080,0.105,181.778,269.213,9.049,-76.416,43.892,4524.330,61082.301,19980805_050340
2,KTYX19980805_090930,-46.247,0.063,329.350,577.166,26.382,-75.501,42.508,13191.082,139357.838,19980805_050930
3,KTYX19980805_090930,-46.247,0.052,197.811,412.954,29.183,-76.309,43.246,14591.429,76159.728,19980805_050930
4,KTYX19980805_091519,-40.430,0.062,187.776,366.980,13.749,-76.373,43.452,6874.641,65346.165,19980805_051519
6,KTYX19980805_100747,12.036,0.089,375.752,512.525,21.507,-75.217,42.798,10753.707,112811.058,19980805_060747
7,KTYX19980805_103106,35.353,0.124,191.316,392.471,29.794,-76.350,43.338,14897.194,71349.617,19980805_063106
9,KTYX19980805_110017,64.536,0.083,236.643,382.299,19.856,-76.071,43.385,9928.051,51930.701,19980805_070017
5,KTYX19980806_110039,63.803,0.132,214.810,290.485,14.955,-76.209,43.797,7477.741,42859.764,19980806_070039
5,KTYX19980806_110631,69.669,0.066,214.858,290.568,22.339,-76.209,43.797,11169.272,42831.411,19980806_070631
1,KTYX19980806_101950,22.986,0.184,416.245,378.601,47.787,-74.963,43.400,23893.524,70162.285,19980806_061950
1,KTYX19980806_102539,28.803,0.094,419.426,365.692,35.948,-74.942,43.458,17973.904,68150.669,19980806_062539
3,KTYX19980806_103719,40.469,0.071,152.164,259.788,14.594,-76.601,43.933,7297.146,76603.606,19980806_063719
4,KTYX19980806_104310,46.319,0.072,266.638,321.893,30.134,-75.887,43.657,15067.204,19951.680,19980806_064310
6,KTYX19980806_111219,75.469,0.052,304.395,507.720,20.494,-75.653,42.821,10247.172,103883.050,19980806_071219
1,KTYX19980807_085950,-58.119,0.161,225.198,494.104,19.128,-76.138,42.881,9564.182,104009.246,19980807_045950
1,KTYX19980807_090540,-52.285,0.197,225.716,493.177,25.473,-76.135,42.886,12736.615,103483.433,19980807_050540
1,KTYX19980807_091130,-46.452,0.094,227.132,492.740,25.766,-76.126,42.888,12882.854,103027.105,19980807_051130
1,KTYX19980807_091719,-40.635,0.278,233.357,492.635,24.495,-76.088,42.888,12247.429,101918.357,19980807_051719
1,KTYX19980807_092309,-34.802,-1.000,238.053,492.406,24.104,-76.059,42.889,12052.166,101065.948,19980807_052309
1,KTYX19980807_092859,-28.969,0.087,244.848,495.471,24.962,-76.017,42.876,12480.753,101551.465,19980807_052859
1,KTYX19980807_093449,-23.135,0.072,253.466,496.467,23.234,-75.965,42.871,11617.216,100951.504,19980807_053449
4,KTYX19980807_094038,-17.319,0.057,336.669,209.466,26.356,-75.451,44.163,13178.226,48839.273,19980807_054038
4,KTYX19980807_094628,-11.485,0.125,339.166,209.372,32.007,-75.435,44.163,16003.693,49364.409,19980807_054628
4,KTYX19980807_095218,-5.652,0.366,351.421,213.310,23.977,-75.359,44.145,11988.602,50396.763,19980807_055218
4,KTYX19980807_095807,0.165,0.195,353.343,214.208,30.665,-75.347,44.141,15332.638,50511.778,19980807_055807
4,KTYX19980807_100356,5.981,0.124,365.449,216.915,23.787,-75.271,44.129,11893.532,52883.408,19980807_060356
4,KTYX19980807_100946,11.815,0.060,367.701,217.107,30.511,-75.257,44.128,15255.696,53513.065,19980807_060946
5,KTYX19980807_094628,-11.485,0.073,70.823,450.980,42.241,-77.087,43.068,21120.344,137219.985,19980807_054628
5,KTYX19980807_095218,-5.652,0.081,68.829,449.178,51.149,-77.099,43.076,25574.719,137562.900,19980807_055218
9,KTYX19980807_101535,17.631,0.084,135.690,441.227,29.573,-76.689,43.116,14786.381,108331.381,19980807_061535
9,KTYX19980807_102125,23.465,0.128,138.743,443.175,35.418,-76.671,43.107,17708.801,107822.655,19980807_062125
11,KTYX19980807_102125,23.465,0.056,14.348,299.344,19.348,-77.453,43.745,9673.849,142826.443,19980807_062125
11,KTYX19980807_102715,29.298,0.062,16.343,299.416,25.881,-77.441,43.745,12940.391,141828.947,19980807_062715
12,KTYX19980807_110213,64.265,0.508,285.809,348.875,11.985,-75.768,43.536,5992.422,25446.748,19980807_070213
12,KTYX19980807_110803,70.098,0.148,286.775,348.688,18.758,-75.762,43.537,9378.955,25225.818,19980807_070803
13,KTYX19980807_110213,64.265,0.116,165.541,280.725,23.115,-76.516,43.840,11557.432,67916.607,19980807_070213
13,KTYX19980807_110803,70.098,0.140,165.862,281.197,29.946,-76.514,43.837,14972.991,67724.738,19980807_070803
2,KTYX19980807_092309,-34.802,0.071,47.973,483.574,26.080,-77.223,42.919,13039.894,155898.221,19980807_052309
3,KTYX19980807_094038,-17.319,0.706,184.194,379.360,20.018,-76.395,43.396,10009.235,70194.627,19980807_054038
8,KTYX19980807_100356,5.981,0.053,404.290,98.474,25.442,-75.023,44.661,12720.970,113455.888,19980807_060356
10,KTYX19980807_102125,23.465,0.079,457.489,363.460,24.945,-74.707,43.466,12472.292,84897.020,19980807_062125
4,KTYX19980808_095344,-5.327,0.872,130.135,456.912,15.273,-76.722,43.045,7636.385,115624.088,19980808_055344
4,KTYX19980808_095934,0.507,0.945,126.612,454.829,20.915,-76.744,43.054,10457.358,116227.460,19980808_055934
4,KTYX19980808_100523,6.323,0.934,124.568,453.005,28.347,-76.757,43.062,14173.682,116390.549,19980808_060523
4,KTYX19980808_101113,12.157,0.853,123.501,450.368,35.387,-76.764,43.074,17693.251,115933.640,19980808_061113
4,KTYX19980808_101703,17.990,0.851,119.456,446.421,41.435,-76.789,43.091,20717.727,116227.274,19980808_061703
4,KTYX19980808_102252,23.807,0.753,111.420,445.097,46.651,-76.838,43.097,23325.448,118970.245,19980808_062252
2,KTYX19980808_093025,-28.643,0.693,343.268,150.850,16.604,-75.408,44.427,8301.819,77649.483,19980808_053025
2,KTYX19980808_093615,-22.810,0.084,343.529,151.774,23.488,-75.407,44.423,11743.969,77242.518,19980808_053615
2,KTYX19980808_094206,-16.960,0.064,348.103,153.618,16.989,-75.378,44.414,8494.301,77041.585,19980808_054206
5,KTYX19980808_104612,47.140,0.136,286.328,147.851,30.359,-75.766,44.440,15179.668,76381.035,19980808_064612
5,KTYX19980808_105202,52.973,0.116,287.193,147.560,36.939,-75.760,44.442,18469.614,76488.317,19980808_065202
5,KTYX19980808_105751,58.790,0.152,292.229,147.457,30.609,-75.729,44.442,15304.462,76370.445,19980808_065751
5,KTYX19980808_110340,64.607,0.059,294.285,149.418,36.571,-75.716,44.433,18285.257,75345.275,19980808_070340
5,KTYX19980808_110930,70.440,0.142,300.798,152.536,29.539,-75.675,44.419,14769.379,73733.258,19980808_070930
5,KTYX19980808_111520,76.273,0.098,303.530,151.865,35.817,-75.658,44.422,17908.675,74088.595,19980808_071520
5,KTYX19980808_112110,82.107,0.195,311.209,146.225,31.307,-75.610,44.448,15653.587,77091.644,19980808_072110
1,KTYX19980808_092435,-34.477,0.182,337.297,148.929,18.512,-75.446,44.435,9255.959,77803.211,19980808_052435
2,KTYX19980809_095019,-9.855,0.472,135.631,455.048,14.806,-76.689,43.054,7403.215,112978.996,19980809_055019
2,KTYX19980809_095609,-4.022,0.876,138.832,454.746,19.434,-76.669,43.055,9717.101,111715.568,19980809_055609
2,KTYX19980809_100200,1.828,0.920,142.128,453.928,25.265,-76.649,43.059,12632.427,110246.817,19980809_060200
2,KTYX19980809_100749,7.645,0.877,143.153,454.245,31.388,-76.643,43.058,15694.094,109991.478,19980809_060749
2,KTYX19980809_101339,13.478,0.864,142.952,452.876,38.806,-76.644,43.064,19403.024,109584.688,19980809_061339
2,KTYX19980809_101928,19.295,0.800,144.406,447.036,45.079,-76.635,43.090,22539.391,107038.327,19980809_061928
2,KTYX19980809_102519,25.145,0.691,144.270,444.869,48.364,-76.636,43.100,24182.207,106347.079,19980809_062519
1,KTYX19980809_093249,-27.355,0.078,283.056,103.819,19.912,-75.787,44.639,9955.837,98455.727,19980809_053249
1,KTYX19980809_093839,-21.522,0.082,282.459,104.839,27.193,-75.791,44.634,13596.293,97973.705,19980809_053839
5,KTYX19980812_095750,-5.690,0.276,123.678,474.667,14.404,-76.761,42.965,7201.974,124094.493,19980812_055750
5,KTYX19980812_100339,0.126,0.676,122.260,476.574,20.491,-76.769,42.956,10245.666,125269.843,19980812_060339
5,KTYX19980812_100929,5.960,0.823,124.256,479.540,24.885,-76.757,42.943,12442.319,125619.051,19980812_060929
5,KTYX19980812_101518,11.776,0.825,125.591,482.324,29.423,-76.748,42.930,14711.686,126155.229,19980812_061518
5,KTYX19980812_102108,17.610,0.792,124.113,485.471,35.753,-76.757,42.916,17876.632,127803.995,19980812_062108
5,KTYX19980812_102657,23.426,0.835,124.318,492.024,43.599,-76.755,42.887,21799.258,130131.843,19980812_062657
5,KTYX19980812_103247,29.260,0.468,123.738,491.445,50.358,-76.759,42.889,25179.173,130114.745,19980812_063247
1,KTYX19980812_095200,-11.524,0.442,253.187,232.221,9.042,-75.972,44.060,4521.091,41186.711,19980812_055200
1,KTYX19980812_095750,-5.690,0.706,251.003,234.050,15.008,-75.986,44.052,7503.919,41079.764,19980812_055750
1,KTYX19980812_100339,0.126,0.743,248.471,236.257,18.355,-76.001,44.042,9177.567,40983.132,19980812_060339
1,KTYX19980812_100929,5.960,0.678,246.485,240.318,21.287,-76.014,44.024,10643.349,40080.395,19980812_060929
1,KTYX19980812_101518,11.776,0.462,242.682,243.349,25.126,-76.037,44.010,12563.145,40294.839,19980812_061518
1,KTYX19980812_102108,17.610,0.207,236.425,252.590,33.035,-76.076,43.968,16517.508,39653.132,19980812_062108
11,KTYX19980812_101518,11.776,0.859,226.743,309.359,18.521,-76.134,43.713,9260.738,36926.243,19980812_061518
11,KTYX19980812_102108,17.610,0.632,226.121,312.846,25.884,-76.138,43.697,12942.040,37493.605,19980812_062108
11,KTYX19980812_102657,23.426,0.258,221.124,321.711,32.125,-76.169,43.657,16062.263,40904.579,19980812_062657
11,KTYX19980812_103247,29.260,0.270,204.030,332.923,44.122,-76.274,43.606,22061.017,50730.250,19980812_063247
7,KTYX19980812_095750,-5.690,0.182,323.473,408.960,5.035,-75.535,43.265,2517.723,55729.756,19980812_055750
7,KTYX19980812_100339,0.126,0.208,324.234,407.087,11.083,-75.531,43.274,5541.382,54897.324,19980812_060339
7,KTYX19980812_100929,5.960,0.078,329.238,405.502,12.049,-75.500,43.281,6024.359,54739.466,19980812_060929
6,KTYX19980812_095750,-5.690,0.248,213.717,444.066,11.182,-76.210,43.106,5591.143,83963.907,19980812_055750
6,KTYX19980812_100339,0.126,0.186,213.795,444.127,17.955,-76.210,43.106,8977.550,83970.102,19980812_060339
9,KTYX19980812_100339,0.126,0.714,228.143,303.112,16.620,-76.126,43.741,8309.956,35962.122,19980812_060339
9,KTYX19980812_100929,5.960,0.471,227.525,305.146,22.838,-76.130,43.732,11418.913,36328.892,19980812_060929
10,KTYX19980812_100929,5.960,0.171,443.577,250.035,12.996,-74.785,43.977,6497.940,76011.565,19980812_060929
10,KTYX19980812_101518,11.776,0.125,444.673,250.389,22.439,-74.778,43.976,11219.472,76471.599,19980812_061518
12,KTYX19980812_102108,17.610,0.111,16.536,249.495,19.342,-77.446,43.969,9671.180,143963.823,19980812_062108
12,KTYX19980812_102657,23.426,0.258,16.999,251.699,26.998,-77.443,43.960,13498.776,143546.373,19980812_062657
12,KTYX19980812_103247,29.260,0.054,18.450,251.527,18.624,-77.434,43.961,9311.968,142846.211,19980812_063247
13,KTYX19980812_102657,23.426,0.148,406.593,295.310,25.652,-75.018,43.775,12826.157,53348.082,19980812_062657
13,KTYX19980812_103247,29.260,0.537,408.724,298.305,33.412,-75.005,43.761,16705.813,54368.363,19980812_063247
13,KTYX19980812_103836,35.076,0.489,407.465,306.742,29.625,-75.013,43.724,14812.733,53837.987,19980812_063836
13,KTYX19980812_104425,40.893,0.672,403.930,309.097,33.934,-75.035,43.713,16966.859,52163.926,19980812_064425
17,KTYX19980812_111332,70.010,0.108,374.375,294.994,9.654,-75.218,43.777,4827.232,37271.744,19980812_071332
17,KTYX19980812_111921,75.826,0.110,373.801,295.709,17.264,-75.222,43.774,8631.766,36962.781,19980812_071921
2,KTYX19980813_095410,-10.479,0.650,253.638,226.652,7.269,-75.969,44.086,3634.701,43385.818,19980813_055410
2,KTYX19980813_095959,-4.663,0.934,251.373,225.071,12.731,-75.984,44.093,6365.443,44662.422,19980813_055959
2,KTYX19980813_100549,1.171,0.872,251.143,223.538,17.057,-75.985,44.100,8528.617,45369.191,19980813_060549
2,KTYX19980813_101138,6.987,0.569,252.707,223.622,20.459,-75.975,44.099,10229.317,44917.192,19980813_061138
2,KTYX19980813_101728,12.821,0.737,254.990,221.843,22.241,-75.961,44.107,11120.670,45095.691,19980813_061728
2,KTYX19980813_102318,18.654,0.734,257.548,219.429,22.289,-75.945,44.118,11144.462,45535.195,19980813_062318
5,KTYX19980813_100549,1.171,0.828,232.756,294.352,10.765,-76.098,43.780,5382.399,33740.351,19980813_060549
5,KTYX19980813_101138,6.987,0.848,232.316,293.615,16.145,-76.100,43.784,8072.608,33992.047,19980813_061138
5,KTYX19980813_101728,12.821,0.932,231.519,294.076,17.710,-76.105,43.782,8854.867,34368.362,19980813_061728
5,KTYX19980813_102318,18.654,0.665,232.830,295.485,21.305,-76.097,43.775,10652.643,33660.900,19980813_062318
5,KTYX19980813_102907,24.471,0.204,229.004,295.819,26.138,-76.121,43.774,13068.808,35559.636,19980813_062907
4,KTYX19980813_095410,-10.479,0.052,329.610,400.983,2.577,-75.498,43.301,1288.439,52617.134,19980813_055410
4,KTYX19980813_095959,-4.663,0.291,329.568,400.126,10.553,-75.498,43.305,5276.482,52200.276,19980813_055959
4,KTYX19980813_100549,1.171,0.242,328.475,397.396,14.940,-75.504,43.317,7470.128,50736.661,19980813_060549
1,KTYX19980813_094230,-22.146,0.139,195.888,422.736,16.223,-76.320,43.202,8111.618,80472.593,19980813_054230
6,KTYX19980813_100549,1.171,0.120,250.733,272.415,7.424,-75.987,43.880,3711.905,28232.063,19980813_060549
3,KTYX19980814_100614,0.463,0.242,141.827,458.540,22.218,-76.650,43.038,11108.848,111975.035,19980814_060614
3,KTYX19980814_101204,6.296,0.809,142.803,459.253,28.387,-76.644,43.035,14193.681,111884.344,19980814_061204
3,KTYX19980814_101754,12.130,0.822,146.981,458.218,29.815,-76.619,43.040,14907.482,110054.186,19980814_061754
3,KTYX19980814_102343,17.946,0.805,148.798,457.541,35.406,-76.608,43.043,17703.015,109180.139,19980814_062343
3,KTYX19980814_102933,23.780,0.142,150.753,446.885,47.595,-76.597,43.091,23797.587,104702.110,19980814_062933
1,KTYX19980814_100025,-5.354,0.893,258.422,225.691,9.982,-75.940,44.090,4990.944,42575.195,19980814_060025
1,KTYX19980814_100614,0.463,0.718,260.276,226.667,17.475,-75.928,44.086,8737.567,41700.606,19980814_060614
1,KTYX19980814_101204,6.296,0.232,261.758,228.468,21.896,-75.919,44.077,10947.793,40556.284,19980814_061204
4,KTYX19980814_101204,6.296,0.066,27.751,240.094,27.298,-77.378,44.013,13649.231,139380.965,19980814_061204
4,KTYX19980814_101754,12.130,0.153,28.132,241.349,35.025,-77.375,44.007,17512.527,139061.396,19980814_061754
4,KTYX19980814_102343,17.946,0.291,33.071,248.120,36.203,-77.343,43.977,18101.625,135961.796,19980814_062343
2,KTYX19980814_100025,-5.354,0.054,442.723,269.971,16.181,-74.792,43.888,8090.324,72923.836,19980814_060025
5,KTYX19980814_111055,65.146,0.158,207.871,287.409,9.693,-76.253,43.811,4846.487,46492.637,19980814_071055
2,KTYX19980815_101006,3.204,0.607,138.815,465.447,18.908,-76.668,43.007,9454.109,115491.883,19980815_061006
2,KTYX19980815_101625,9.520,0.918,145.072,462.499,25.732,-76.630,43.021,12865.899,112259.226,19980815_061625
2,KTYX19980815_102214,15.337,0.786,145.218,461.305,28.007,-76.629,43.026,14003.549,111777.147,19980815_062214
2,KTYX19980815_102804,21.170,0.686,147.677,459.821,32.308,-76.615,43.033,16153.871,110391.219,19980815_062804
2,KTYX19980815_103353,26.987,0.230,148.442,455.706,34.668,-76.610,43.051,17334.039,108643.936,19980815_063353
3,KTYX19980815_101006,3.204,0.083,43.225,237.514,37.349,-77.282,44.026,18674.465,132134.117,19980815_061006
3,KTYX19980815_101625,9.520,0.353,43.780,241.016,42.203,-77.278,44.010,21101.424,131460.984,19980815_061625
3,KTYX19980815_102214,15.337,0.193,44.933,246.624,41.140,-77.270,43.985,20569.896,130296.162,19980815_062214
3,KTYX19980815_102804,21.170,0.095,50.023,244.490,46.259,-77.238,43.995,23129.406,128032.926,19980815_062804
4,KTYX19980815_103943,32.820,0.174,91.770,269.803,28.204,-76.976,43.884,14102.114,105203.914,19980815_063943
4,KTYX19980815_104532,38.637,0.074,93.096,270.479,34.721,-76.967,43.881,17360.705,104499.639,19980815_064532
1,KTYX19980815_094647,-20.113,0.118,265.977,234.721,26.964,-75.892,44.049,13482.094,36806.464,19980815_054647
5,KTYX19980820_102242,10.155,0.746,129.375,463.203,28.651,-76.727,43.017,14325.414,118055.309,19980820_062242
5,KTYX19980820_103230,19.955,0.601,132.491,466.137,39.700,-76.707,43.003,19850.215,117962.646,19980820_063230
5,KTYX19980820_104218,29.755,0.097,129.259,459.531,44.245,-76.728,43.033,22122.477,116836.006,19980820_064218
1,KTYX19980820_091403,-58.495,0.061,275.326,70.769,11.765,-75.836,44.787,5882.462,115277.405,19980820_051403
2,KTYX19980820_095316,-19.278,0.129,347.205,505.696,34.576,-75.391,42.830,17287.994,105521.596,19980820_055316
3,KTYX19980820_100305,-9.462,0.290,383.156,466.274,9.052,-75.170,43.006,4526.059,92954.257,19980820_060305
2,KTYX19980821_101619,2.641,0.183,136.857,480.984,24.303,-76.679,42.937,12151.528,121830.807,19980821_061619
2,KTYX19980821_102209,8.474,0.057,135.997,484.171,34.095,-76.684,42.923,17047.531,123304.345,19980821_062209
1,KTYX19980821_094119,-32.359,0.237,174.237,332.163,14.565,-76.459,43.608,7282.566,64905.553,19980821_054119
2,KTYX19980822_101320,-1.474,0.126,379.995,119.970,29.464,-75.177,44.565,14731.796,98501.515,19980822_061320
2,KTYX19980822_101909,4.343,0.143,381.268,121.308,34.876,-75.169,44.559,17437.838,98151.806,19980822_061909
2,KTYX19980822_102459,10.176,-1.000,382.352,122.449,40.883,-75.162,44.554,20441.394,97859.811,19980822_062459
2,KTYX19980822_103049,16.009,-1.000,383.436,123.590,46.890,-75.155,44.548,23444.951,97573.286,19980822_063049
2,KTYX19980822_103639,21.843,0.640,383.291,123.272,43.347,-75.156,44.550,21673.541,97685.873,19980822_063639
2,KTYX19980822_104228,27.659,0.509,386.142,125.047,47.678,-75.138,44.542,23839.222,97504.979,19980822_064228
2,KTYX19980822_104818,33.493,0.667,387.368,123.189,52.532,-75.130,44.550,26266.023,98609.349,19980822_064818
2,KTYX19980822_105408,39.326,0.651,393.839,127.356,52.255,-75.090,44.531,26127.739,98249.318,19980822_065408
2,KTYX19980822_105957,45.143,0.732,401.723,130.949,51.051,-75.040,44.515,25525.474,98648.053,19980822_065957
2,KTYX19980822_110547,50.976,0.724,403.602,134.845,52.946,-75.029,44.497,26472.928,97480.135,19980822_070547
2,KTYX19980822_111137,56.809,0.748,406.579,140.901,51.910,-75.010,44.470,25954.804,95749.058,19980822_071137
2,KTYX19980822_111726,62.626,0.657,411.874,143.796,52.484,-74.977,44.457,26242.119,96066.904,19980822_071726
2,KTYX19980822_112316,68.459,0.582,420.858,147.985,50.711,-74.921,44.437,25355.622,97101.968,19980822_072316
2,KTYX19980822_112906,74.293,0.745,423.887,154.522,50.366,-74.902,44.408,25183.226,95540.321,19980822_072906
2,KTYX19980822_113455,80.109,0.419,432.115,161.082,47.786,-74.851,44.378,23892.845,95854.665,19980822_073455
3,KTYX19980822_101909,4.343,0.418,123.811,467.122,19.799,-76.760,42.999,9899.399,121421.102,19980822_061909
3,KTYX19980822_102459,10.176,0.425,123.701,467.186,28.277,-76.761,42.998,14138.272,121482.957,19980822_062459
3,KTYX19980822_103049,16.009,0.662,125.524,469.415,30.821,-76.750,42.988,15410.453,121596.798,19980822_063049
6,KTYX19980822_104228,27.659,0.057,41.999,336.721,35.941,-77.277,43.579,17970.310,130300.684,19980822_064228
6,KTYX19980822_104818,33.493,-1.000,41.999,336.721,45.216,-77.277,43.579,22607.810,130300.684,19980822_064818
6,KTYX19980822_105408,39.326,-1.000,41.999,336.721,54.491,-77.277,43.579,27245.310,130300.684,19980822_065408
6,KTYX19980822_105957,45.143,0.075,59.089,325.009,58.471,-77.173,43.634,29235.313,121102.734,19980822_065957
6,KTYX19980822_110547,50.976,0.098,62.147,327.450,61.992,-77.154,43.623,30995.839,119715.758,19980822_070547
5,KTYX19980822_103049,16.009,0.169,34.843,322.339,38.607,-77.323,43.643,19303.490,133048.089,19980822_063049
5,KTYX19980822_103639,21.843,0.239,35.707,324.513,44.982,-77.318,43.634,22491.230,132713.601,19980822_063639
1,KTYX19980822_101320,-1.474,0.152,261.565,227.626,15.763,-75.920,44.081,7881.651,40973.256,19980822_061320
4,KTYX19980822_103049,16.009,0.349,389.577,131.253,33.643,-75.117,44.514,16821.468,95524.370,19980822_063049
1,KTYX19980823_102039,4.711,0.608,256.804,236.882,9.379,-75.949,44.040,4689.583,38242.157,19980823_062039
1,KTYX19980823_102629,10.545,0.424,258.380,235.399,19.611,-75.940,44.046,9805.576,38423.765,19980823_062629
3,KTYX19980823_103219,16.378,0.319,127.936,497.995,23.092,-76.733,42.860,11546.008,131156.569,19980823_063219
3,KTYX19980823_103809,22.211,0.102,129.238,497.724,31.611,-76.725,42.861,15805.363,130627.721,19980823_063809
1,KTYX19980824_093845,-38.319,0.080,378.275,69.159,20.327,-75.185,44.793,10163.742,121875.730,19980824_053845
2,KTYX19980824_112133,64.481,0.073,301.205,357.753,18.360,-75.673,43.496,9180.149,28882.600,19980824_072133
3,KTYX19980824_114135,84.514,0.058,227.669,294.398,25.707,-76.129,43.780,12853.312,36274.006,19980824_074135
6,KTYX19980829_104821,25.637,0.876,304.060,301.168,30.169,-75.655,43.751,15084.499,2112.073,19980829_064821
6,KTYX19980829_105412,31.487,0.688,304.198,301.059,33.215,-75.654,43.751,16607.391,2164.614,19980829_065412
4,KTYX19980829_103049,8.104,0.708,302.818,299.663,30.223,-75.663,43.757,15111.561,1419.013,19980829_063049
3,KTYX19980902_101233,-14.663,0.892,299.195,301.685,24.972,-75.685,43.748,12485.779,933.626,19980902_061233
4,KTYX19980902_113417,67.070,0.948,299.872,301.372,25.705,-75.681,43.750,12852.482,688.910,19980902_073417
2,KTYX19980911_104123,4.073,0.524,297.946,304.047,12.642,-75.693,43.738,6320.786,2269.125,19980911_064123
2,KTYX19980911_104713,9.906,0.071,298.181,304.016,19.704,-75.691,43.738,9852.238,2204.504,19980911_064713
1,KTYX19980911_101800,-19.310,0.081,300.395,305.883,16.682,-75.678,43.729,8341.217,2948.337,19980911_061800
3,KTYX19980911_111624,39.090,0.120,300.251,304.570,21.535,-75.678,43.735,10767.513,2288.254,19980911_071624
6,KTYX19980912_110531,27.082,0.149,333.081,154.063,18.199,-75.472,44.412,9099.575,74819.705,19980912_070531
6,KTYX19980912_111122,32.932,0.640,337.184,152.516,27.974,-75.447,44.419,13987.234,76049.881,19980912_071122
6,KTYX19980912_111712,38.766,0.875,346.594,150.352,38.867,-75.387,44.429,19433.590,78366.873,19980912_071712
6,KTYX19980912_112302,44.599,0.827,364.967,156.193,38.299,-75.272,44.402,19149.404,78900.656,19980912_072302
6,KTYX19980912_112853,50.449,0.721,384.212,161.883,35.633,-75.152,44.376,17816.399,80882.583,19980912_072853
6,KTYX19980912_113443,56.282,0.607,392.645,165.700,39.865,-75.099,44.359,19932.415,81577.579,19980912_073443
7,KTYX19980912_110531,27.082,0.070,448.849,40.650,28.468,-74.737,44.919,14233.822,149514.864,19980912_070531
7,KTYX19980912_111122,32.932,0.257,453.780,42.361,35.359,-74.706,44.911,17679.349,150021.829,19980912_071122
7,KTYX19980912_111712,38.766,-1.000,457.963,43.813,42.589,-74.680,44.904,21294.332,150486.088,19980912_071712
7,KTYX19980912_112302,44.599,0.092,472.906,62.843,45.874,-74.587,44.818,22936.762,146747.875,19980912_072302
7,KTYX19980912_112853,50.449,0.445,485.277,69.936,49.868,-74.509,44.785,24933.873,147696.654,19980912_072853
7,KTYX19980912_113443,56.282,0.422,499.054,73.197,52.138,-74.423,44.770,26068.884,150882.528,19980912_073443
7,KTYX19980912_114033,62.116,0.099,506.406,73.866,57.285,-74.376,44.766,28642.639,153085.138,19980912_074033
2,KTYX19980912_104801,9.582,0.195,95.988,117.775,30.735,-76.964,44.569,15367.311,136772.613,19980912_064801
2,KTYX19980912_105351,15.416,0.654,100.118,122.706,37.421,-76.938,44.547,18710.634,133590.516,19980912_065351
2,KTYX19980912_105941,21.249,0.329,120.706,136.475,28.032,-76.807,44.486,14016.058,121333.141,19980912_065941
1,KTYX19980912_094348,-54.634,0.089,307.261,362.552,5.820,-75.635,43.474,2910.112,31485.773,19980912_054348
4,KTYX19980912_105351,15.416,0.104,229.086,286.593,8.532,-76.121,43.815,4266.155,36084.998,19980912_065351
9,KTYX19980912_111122,32.932,0.056,299.644,187.123,2.029,-75.682,44.264,1014.744,56438.727,19980912_071122
1,KTYX19980913_102751,-11.709,0.714,183.714,203.359,8.202,-76.407,44.188,4101.233,75600.543,19980913_062751
1,KTYX19980913_103341,-5.876,0.850,183.528,203.313,13.700,-76.408,44.189,6850.172,75687.162,19980913_063341
1,KTYX19980913_103931,-0.042,0.881,182.488,202.701,16.867,-76.415,44.191,8433.468,76282.785,19980913_063931
1,KTYX19980913_104521,5.791,0.917,181.250,204.379,22.090,-76.423,44.184,11045.166,76231.458,19980913_064521
1,KTYX19980913_105112,11.641,0.930,179.617,204.449,28.766,-76.433,44.183,14382.921,76847.059,19980913_065112
1,KTYX19980913_105703,17.491,0.777,182.209,204.188,32.541,-76.417,44.185,16270.534,75918.747,19980913_065703
1,KTYX19980913_110253,23.324,0.060,184.165,203.980,35.635,-76.404,44.186,17817.730,75228.816,19980913_070253
10,KTYX19980913_105112,11.641,0.073,79.212,263.794,28.121,-77.054,43.911,14060.532,111868.278,19980913_065112
10,KTYX19980913_105703,17.491,0.058,80.077,264.463,35.618,-77.049,43.908,17809.179,111387.605,19980913_065703
10,KTYX19980913_110253,23.324,0.364,80.051,271.958,34.891,-77.048,43.874,17445.568,110864.867,19980913_070253
10,KTYX19980913_110843,29.158,-1.000,80.181,278.020,35.916,-77.047,43.847,17958.217,110457.494,19980913_070843
10,KTYX19980913_111434,35.008,0.078,85.463,273.964,44.167,-77.014,43.865,22083.435,108055.547,19980913_071434
10,KTYX19980913_112024,40.841,0.136,93.973,285.556,34.095,-76.960,43.814,17047.577,103266.538,19980913_072024
10,KTYX19980913_112615,46.691,0.080,93.111,286.038,40.664,-76.966,43.811,20331.983,103679.640,19980913_072615
2,KTYX19980913_102751,-11.709,0.422,233.730,290.071,7.489,-76.092,43.800,3744.610,33504.932,19980913_062751
2,KTYX19980913_103341,-5.876,0.694,233.450,291.721,15.648,-76.093,43.792,7823.924,33531.722,19980913_063341
2,KTYX19980913_103931,-0.042,0.825,233.530,292.362,20.739,-76.093,43.789,10369.267,33453.692,19980913_063931
9,KTYX19980913_105112,11.641,0.733,216.821,275.645,17.056,-76.197,43.864,8528.086,43335.769,19980913_065112
9,KTYX19980913_105703,17.491,0.827,219.158,277.427,25.094,-76.183,43.856,12546.907,41967.065,19980913_065703
9,KTYX19980913_110253,23.324,0.511,219.261,277.755,28.975,-76.182,43.855,14487.486,41873.493,19980913_070253
5,KTYX19980913_103341,-5.876,0.281,221.034,149.576,11.685,-76.176,44.432,5842.642,84945.856,19980913_063341
5,KTYX19980913_103931,-0.042,0.391,220.323,149.260,18.278,-76.180,44.433,9139.068,85251.185,19980913_063931
5,KTYX19980913_104521,5.791,0.329,219.412,148.098,16.143,-76.186,44.438,8071.333,85977.670,19980913_064521
7,KTYX19980913_104521,5.791,0.160,81.826,187.209,5.574,-77.046,44.255,2786.988,122802.598,19980913_064521
8,KTYX19980913_104521,5.791,0.102,190.257,248.212,14.120,-76.364,43.987,7060.177,60674.485,19980913_064521
11,KTYX19980913_110843,29.158,0.433,87.535,280.802,30.521,-77.001,43.835,15260.656,106665.130,19980913_070843
2,KTYX19980916_103430,-8.441,0.708,180.981,214.401,9.289,-76.424,44.139,4644.491,73301.915,19980916_063430
2,KTYX19980916_103933,-3.391,0.677,181.494,214.981,14.807,-76.420,44.136,7403.473,72924.431,19980916_063933
2,KTYX19980916_104434,1.625,0.357,179.637,218.882,18.489,-76.432,44.118,9244.275,72573.202,19980916_064434
2,KTYX19980916_104935,6.642,0.683,178.718,220.405,19.311,-76.437,44.112,9655.303,72533.929,19980916_064935
2,KTYX19980916_105436,11.659,0.931,176.678,223.022,24.003,-76.450,44.100,12001.453,72687.573,19980916_065436
2,KTYX19980916_105937,16.675,0.931,177.213,224.898,24.875,-76.447,44.091,12437.538,71966.758,19980916_065937
2,KTYX19980916_110437,21.675,0.904,179.564,228.625,28.938,-76.432,44.075,14469.089,69998.446,19980916_070437
2,KTYX19980916_110937,26.675,0.563,178.382,228.641,32.083,-76.439,44.074,16041.317,70503.651,19980916_070937
2,KTYX19980916_111438,31.692,0.211,176.935,232.565,34.561,-76.448,44.057,17280.663,70164.977,19980916_071438
4,KTYX19980916_104434,1.625,0.464,226.795,166.196,14.897,-76.139,44.357,7448.654,76260.102,19980916_064434
4,KTYX19980916_104935,6.642,0.316,225.810,167.402,22.303,-76.145,44.352,11151.417,75971.121,19980916_064935
1,KTYX19980916_094926,-53.508,0.183,386.486,325.731,12.525,-75.144,43.639,6262.630,45116.369,19980916_054926
5,KTYX19980916_110937,26.675,0.076,339.999,30.469,28.629,-75.427,44.968,14314.301,136241.402,19980916_070937
2,KTYX19980917_104414,0.162,0.074,239.317,294.688,19.596,-76.057,43.779,9797.970,30457.321,19980917_064414
2,KTYX19980917_105003,5.978,0.137,241.368,296.693,26.345,-76.044,43.770,13172.676,29362.509,19980917_065003
1,KTYX19980917_100324,-40.672,0.066,149.550,262.452,6.914,-76.617,43.921,3457.148,77532.328,19980917_060324
3,KTYX19980917_105003,5.978,0.128,437.951,262.431,16.758,-74.821,43.922,8378.864,71487.611,19980917_065003
1,KTYX19980918_105345,8.546,0.330,189.598,222.633,9.352,-76.369,44.102,4676.161,67405.838,19980918_065345
1,KTYX19980918_105936,14.396,0.638,192.255,221.476,18.444,-76.353,44.107,9222.205,66661.506,19980918_065936
1,KTYX19980918_110526,20.230,0.774,199.439,217.743,24.869,-76.308,44.124,12434.265,64958.876,19980918_070526
1,KTYX19980918_111116,26.063,0.604,206.710,219.890,28.123,-76.263,44.115,14061.499,61482.917,19980918_071116
1,KTYX19980919_104447,-1.554,0.410,202.794,199.885,12.209,-76.288,44.205,6104.568,69771.115,19980919_064447
1,KTYX19980920_111614,28.761,0.180,79.464,253.687,26.756,-77.054,43.956,13378.042,112673.321,19980920_071614
1,KTYX19980920_112205,34.611,0.081,80.976,254.092,34.198,-77.044,43.954,17098.933,111891.522,19980920_072205
1,KTYX19980920_112755,40.444,-1.000,82.260,254.436,41.895,-77.036,43.953,20947.535,111228.252,19980920_072755
1,KTYX19980920_113344,46.261,-1.000,83.539,254.779,49.570,-77.028,43.951,24785.140,110566.890,19980920_073344
1,KTYX19980920_113933,52.077,0.059,101.269,244.670,47.891,-76.919,43.998,23945.384,103144.893,19980920_073933
1,KTYX19980920_114523,57.911,0.169,102.657,268.490,29.952,-76.908,43.891,14975.909,99921.172,19980920_074523
1,KTYX19980920_115114,63.761,0.098,102.719,268.425,36.965,-76.908,43.891,18482.277,99896.031,19980920_075114
1,KTYX19980920_115704,69.594,0.167,107.117,270.896,35.856,-76.880,43.881,17927.822,97533.270,19980920_075704
1,KTYX19980921_110127,12.840,0.051,293.488,259.369,19.695,-75.721,43.939,9847.530,20574.585,19980921_070127
3,KTYX19980922_104213,-7.533,0.176,184.547,210.373,10.706,-76.402,44.157,5352.757,73079.371,19980922_064213
3,KTYX19980922_104803,-1.700,0.410,182.160,210.715,17.423,-76.417,44.155,8711.356,73922.514,19980922_064803
3,KTYX19980922_105353,4.134,0.815,175.964,218.247,17.202,-76.455,44.121,8600.924,74277.546,19980922_065353
3,KTYX19980922_105943,9.967,0.448,173.327,223.553,18.766,-76.471,44.097,9383.250,73976.556,19980922_065943
3,KTYX19980922_110533,15.800,0.720,173.174,230.694,21.021,-76.471,44.065,10510.565,72263.910,19980922_070533
3,KTYX19980922_111123,21.634,-1.000,172.274,237.395,23.083,-76.477,44.035,11541.253,71121.776,19980922_071123
3,KTYX19980922_111713,27.467,0.161,169.372,238.031,26.532,-76.495,44.032,13265.890,72290.966,19980922_071713
3,KTYX19980922_112303,33.300,0.340,174.348,247.224,22.156,-76.463,43.991,11078.232,68142.930,19980922_072303
12,KTYX19980922_112853,39.134,0.060,349.098,60.296,32.765,-75.370,44.834,16382.694,122340.168,19980922_072853
12,KTYX19980922_113444,44.984,0.173,349.906,65.109,38.742,-75.365,44.812,19371.204,120067.148,19980922_073444
12,KTYX19980922_114035,50.834,0.400,340.018,76.130,43.413,-75.427,44.763,21706.268,113709.163,19980922_074035
12,KTYX19980922_114625,56.667,0.159,341.952,83.010,40.882,-75.415,44.732,20441.123,110504.146,19980922_074625
12,KTYX19980922_115215,62.500,0.142,348.293,88.083,39.946,-75.375,44.709,19972.883,108675.094,19980922_075215
10,KTYX19980922_110533,15.800,0.519,348.515,37.308,17.674,-75.373,44.937,8837.021,133567.463,19980922_070533
10,KTYX19980922_111123,21.634,0.608,348.093,39.631,22.667,-75.375,44.927,11333.743,132386.650,19980922_071123
10,KTYX19980922_111713,27.467,0.115,343.759,40.470,26.807,-75.403,44.923,13403.735,131596.522,19980922_071713
10,KTYX19980922_112303,33.300,0.365,340.171,47.230,36.476,-75.426,44.893,18237.797,127971.173,19980922_072303
1,KTYX19980922_104213,-7.533,0.358,232.878,154.815,2.568,-76.101,44.408,1284.235,79974.977,19980922_064213
1,KTYX19980922_104803,-1.700,0.180,232.486,156.161,10.152,-76.104,44.402,5075.971,79448.016,19980922_064803
1,KTYX19980922_105353,4.134,0.067,227.312,163.072,16.123,-76.136,44.371,8061.692,77512.586,19980922_065353
7,KTYX19980922_104803,-1.700,0.891,228.960,297.834,8.692,-76.121,43.765,4346.106,35536.506,19980922_064803
7,KTYX19980922_105353,4.134,0.914,226.691,301.609,13.301,-76.135,43.748,6650.570,36663.507,19980922_065353
7,KTYX19980922_105943,9.967,0.269,226.422,304.090,18.270,-76.137,43.737,9134.785,36845.939,19980922_065943
14,KTYX19980922_113444,44.984,0.089,21.186,289.005,27.660,-77.412,43.792,13830.204,139515.375,19980922_073444
14,KTYX19980922_114035,50.834,0.543,24.925,283.498,33.979,-77.390,43.817,16989.604,137784.555,19980922_074035
14,KTYX19980922_114625,56.667,0.480,46.797,267.042,29.354,-77.256,43.893,14676.752,127669.349,19980922_074625
14,KTYX19980922_115215,62.500,0.088,48.837,265.582,38.530,-77.243,43.900,19265.016,126754.987,19980922_075215
9,KTYX19980922_105943,9.967,0.147,130.002,485.561,24.399,-76.721,42.916,12199.361,125829.407,19980922_065943
13,KTYX19980922_113444,44.984,0.091,513.588,105.272,19.864,-74.334,44.624,9932.037,144515.261,19980922_073444
1,KTYX19980923_105842,7.809,0.160,222.737,346.539,13.379,-76.158,43.545,6689.600,45098.304,19980923_065842
1,KTYX19980923_110431,13.625,0.606,224.342,346.377,23.691,-76.148,43.546,11845.598,44370.731,19980923_070431
1,KTYX19980923_111020,19.442,0.058,225.369,350.135,30.094,-76.142,43.529,15047.123,44953.489,19980923_071020
1,KTYX19980924_105603,4.015,0.098,187.655,210.741,8.418,-76.382,44.155,4208.849,71743.810,19980924_065603
1,KTYX19980924_110153,9.848,0.169,188.804,212.210,14.773,-76.375,44.149,7386.651,70837.380,19980924_070153
1,KTYX19980924_110744,15.698,0.672,196.167,216.892,8.764,-76.329,44.128,4381.874,66498.533,19980924_070744
1,KTYX19980924_111335,21.548,0.265,197.049,217.497,15.288,-76.323,44.125,7643.983,65965.394,19980924_071335
4,KTYX19980925_110538,12.451,0.091,195.475,206.013,14.666,-76.334,44.177,7332.869,70283.604,19980925_070538
4,KTYX19980925_111127,18.268,0.054,195.678,206.369,22.181,-76.332,44.175,11090.456,70088.668,19980925_071127
4,KTYX19980925_111716,24.085,0.696,199.412,204.408,26.167,-76.309,44.184,13083.548,69382.669,19980925_071716
4,KTYX19980925_112307,29.935,0.474,202.244,204.729,28.779,-76.291,44.183,14389.438,68251.148,19980925_072307
4,KTYX19980925_112856,35.751,0.286,202.189,211.819,25.654,-76.291,44.151,12826.876,65846.231,19980925_072856
4,KTYX19980925_113445,41.568,0.215,203.102,213.757,31.289,-76.286,44.142,15644.258,64859.688,19980925_073445
4,KTYX19980925_114035,47.401,0.193,207.034,220.183,24.165,-76.261,44.114,12082.281,61264.853,19980925_074035
4,KTYX19980925_114626,53.251,0.126,207.495,220.348,31.444,-76.258,44.113,15721.839,61036.063,19980925_074626
1,KTYX19980925_100713,-45.965,0.060,359.953,317.363,9.043,-75.308,43.677,4521.606,31208.240,19980925_060713
6,KTYX19980925_113445,41.568,0.077,168.099,103.090,22.269,-76.511,44.639,11134.422,118502.345,19980925_073445
1,KTYX19980926_111447,20.452,0.202,201.398,212.521,13.380,-76.296,44.148,6689.789,65907.013,19980926_071447
1,KTYX19980926_112036,26.269,0.114,201.557,212.494,20.912,-76.295,44.148,10456.066,65856.449,19980926_072036
1,KTYX19980926_112626,32.102,0.799,210.834,194.341,35.264,-76.238,44.230,17631.999,69127.367,19980926_072626
1,KTYX19980926_113217,37.952,0.778,214.479,189.397,42.182,-76.215,44.252,21091.143,69905.017,19980926_073217
1,KTYX19980926_113807,43.786,0.850,220.695,192.333,43.762,-76.176,44.239,21881.076,66860.521,19980926_073807
1,KTYX19980926_114356,49.602,0.634,221.770,194.691,44.573,-76.170,44.229,22286.403,65593.184,19980926_074356
2,KTYX19980927_104638,-8.849,0.053,367.942,214.126,47.361,-75.255,44.141,23680.721,54750.545,19980927_064638
2,KTYX19980927_105138,-3.849,0.549,370.693,213.329,54.564,-75.238,44.145,27282.139,55922.398,19980927_065138
2,KTYX19980927_105640,1.184,0.215,381.181,215.246,58.986,-75.173,44.136,29493.007,58680.341,19980927_065640
3,KTYX19980927_111147,16.301,0.056,340.063,223.852,32.995,-75.430,44.098,16497.540,43022.008,19980927_071147
3,KTYX19980927_111649,21.334,0.062,343.457,224.006,39.277,-75.409,44.097,19638.640,43771.085,19980927_071649
1,KTYX19980927_095621,-59.133,0.055,385.794,141.067,26.603,-75.141,44.470,13301.292,90305.466,19980927_055621
4,KTYX19980927_115704,61.584,0.087,210.601,256.298,33.655,-76.237,43.951,16827.438,49754.587,19980927_075704
5,KTYX19980927_120207,66.634,0.073,204.081,164.698,19.974,-76.282,44.363,9987.200,82926.025,19980927_080207
6,KTYX19980927_121714,81.751,0.054,259.191,250.254,51.339,-75.934,43.979,25669.395,32171.537,19980927_081714
3,KTYX19980930_101841,-40.272,0.071,68.726,260.203,32.267,-77.120,43.926,16133.717,117336.410,19980930_061841
3,KTYX19980930_102431,-34.439,0.082,68.984,255.872,43.574,-77.119,43.945,21786.952,117596.342,19980930_062431
3,KTYX19980930_103022,-28.589,0.372,85.161,252.555,43.273,-77.018,43.962,21636.354,110007.680,19980930_063022
1,KTYX19980930_100701,-51.939,0.100,273.923,414.231,17.839,-75.841,43.242,8919.279,58585.008,19980930_060701
4,KTYX19980930_103612,-22.755,0.149,279.375,431.960,15.503,-75.807,43.162,7751.722,66780.799,19980930_063612
1,KTYX19981001_121945,79.631,0.086,230.687,272.774,22.608,-76.111,43.878,11304.008,37234.029,19981001_081945
1,KTYX19981020_104422,-38.744,0.114,283.810,104.112,18.167,-75.782,44.637,9083.527,98278.177,19981020_064422
2,KTYX19981020_111102,-12.077,0.136,243.736,174.333,2.537,-76.033,44.321,1268.330,68843.668,19981020_071102
3,KTYX19981020_111102,-12.077,0.109,176.208,377.229,2.936,-76.444,43.406,1468.220,72953.288,19981020_071102
5,KTYX19981020_115148,28.690,0.053,283.182,103.343,18.819,-75.786,44.641,9409.267,98687.392,19981020_075148
1,KTYX19981021_105804,-26.306,0.063,295.518,348.244,19.800,-75.708,43.539,9899.925,24225.921,19981021_065804
1,KTYX19981021_110355,-20.456,0.151,299.557,350.208,25.844,-75.683,43.530,12922.025,25105.042,19981021_070355
3,KTYX19981021_115039,26.277,0.334,238.180,279.931,20.243,-76.064,43.845,10121.574,32498.052,19981021_075039
3,KTYX19981021_115629,32.110,0.170,240.791,280.037,27.038,-76.048,43.845,13518.845,31241.729,19981021_075629
3,KTYX19981021_120220,37.960,0.081,256.368,283.618,21.391,-75.951,43.829,10695.538,23302.858,19981021_080220
2,KTYX19981021_110355,-20.456,0.216,352.769,237.742,20.921,-75.351,44.036,10460.300,40806.503,19981021_070355
8,KTYX19981021_122541,61.310,0.351,153.786,348.975,6.867,-76.584,43.532,3433.712,77099.315,19981021_082541
10,KTYX19981021_124312,78.827,0.184,289.498,95.359,22.628,-75.746,44.677,11313.972,102455.291,19981021_084312
2,KTYX19981022_105739,-27.991,0.053,263.628,507.048,25.856,-75.902,42.824,12928.075,105109.255,19981022_065739
2,KTYX19981022_110328,-22.174,0.136,264.964,510.256,31.455,-75.894,42.809,15727.255,106577.365,19981022_070328
1,KTYX19981022_104558,-39.674,0.065,262.544,426.230,34.699,-75.910,43.188,17349.596,65834.995,19981022_064558
3,KTYX19981022_113238,6.993,0.144,199.087,257.730,12.005,-76.308,43.944,6002.678,54704.052,19981022_073238
1,KTYX19981023_121429,47.570,0.135,158.084,346.878,3.489,-76.558,43.541,1744.507,74729.273,19981023_081429
13,KTYX19981027_122454,52.853,0.131,319.509,360.436,17.620,-75.559,43.484,8809.984,31753.587,19981027_072454
13,KTYX19981027_123045,58.703,0.221,319.711,360.284,24.590,-75.558,43.484,12295.056,31712.225,19981027_073045
13,KTYX19981027_123635,64.536,0.058,320.395,360.093,26.504,-75.554,43.485,13252.134,31729.989,19981027_073635
13,KTYX19981027_124224,70.353,0.075,319.971,357.774,30.696,-75.557,43.496,15347.935,30564.036,19981027_074224
13,KTYX19981027_124815,76.203,0.138,316.727,356.513,33.080,-75.577,43.501,16540.008,29468.108,19981027_074815
3,KTYX19981027_110314,-28.814,0.094,390.673,73.805,13.860,-75.107,44.772,6929.939,121845.950,19981027_060314
3,KTYX19981027_110904,-22.981,0.067,391.582,74.302,21.451,-75.102,44.770,10725.479,121785.448,19981027_060904
3,KTYX19981027_111453,-17.164,0.062,394.650,77.505,22.539,-75.082,44.755,11269.378,120895.429,19981027_061453
4,KTYX19981027_111453,-17.164,0.054,332.442,78.148,26.919,-75.475,44.754,13459.312,112105.622,19981027_061453
4,KTYX19981027_112044,-11.314,0.276,334.893,77.096,33.105,-75.460,44.759,16552.599,112809.234,19981027_062044
4,KTYX19981027_112634,-5.481,0.117,335.620,76.331,35.702,-75.455,44.762,17850.760,113243.571,19981027_062634
1,KTYX19981027_103954,-52.147,0.052,243.515,351.918,16.981,-76.029,43.522,8490.562,38360.361,19981027_053954
1,KTYX19981027_104544,-46.314,0.442,242.888,352.420,24.052,-76.033,43.519,12025.754,38761.029,19981027_054544
9,KTYX19981027_114953,17.836,0.067,112.348,562.485,25.904,-76.823,42.569,12951.846,161331.607,19981027_064953
9,KTYX19981027_115544,23.686,0.148,114.735,561.995,32.007,-76.808,42.571,16003.496,160440.414,19981027_065544
9,KTYX19981027_120133,29.503,0.142,123.875,560.378,25.790,-76.753,42.579,12895.200,157175.797,19981027_070133
9,KTYX19981027_120723,35.336,0.145,125.439,559.636,32.783,-76.743,42.582,16391.333,156430.915,19981027_070723
5,KTYX19981027_113223,0.336,0.075,415.143,579.324,22.486,-74.980,42.497,11243.189,151062.650,19981027_063223
5,KTYX19981027_113813,6.169,-1.000,415.143,579.324,31.761,-74.980,42.497,15880.689,151062.650,19981027_063813
5,KTYX19981027_114403,12.003,0.067,430.510,577.361,21.473,-74.886,42.505,10736.644,153265.988,19981027_064403
14,KTYX19981028_115912,25.859,0.060,186.123,281.069,22.789,-76.388,43.839,11394.571,57719.951,19981028_065912
14,KTYX19981028_120503,31.709,0.062,188.475,280.589,30.117,-76.373,43.841,15058.334,56600.834,19981028_070503
14,KTYX19981028_121054,37.559,0.070,200.545,278.009,30.869,-76.298,43.853,15434.311,50928.501,19981028_071054
14,KTYX19981028_121644,43.393,0.285,211.504,277.502,32.954,-76.230,43.856,16476.908,45655.671,19981028_071644
3,KTYX19981028_110640,-26.674,0.229,285.030,523.111,19.978,-75.771,42.752,9989.092,111806.335,19981028_060640
3,KTYX19981028_111231,-20.824,0.115,287.641,521.618,27.569,-75.755,42.758,13784.438,110981.098,19981028_061231
3,KTYX19981028_111821,-14.991,0.132,299.264,518.985,23.009,-75.684,42.770,11504.660,109492.898,19981028_061821
3,KTYX19981028_112411,-9.157,0.075,302.049,518.532,29.864,-75.667,42.772,14932.200,109270.751,19981028_062411
5,KTYX19981028_111231,-20.824,0.071,231.789,96.295,34.991,-76.110,44.672,17495.590,107410.886,19981028_061231
5,KTYX19981028_111821,-14.991,0.294,237.515,95.245,41.161,-76.074,44.677,20580.413,107038.373,19981028_061821
5,KTYX19981028_112411,-9.157,0.217,268.114,94.364,29.258,-75.881,44.681,14628.958,104046.963,19981028_062411
5,KTYX19981028_113001,-3.324,0.174,272.230,94.242,35.686,-75.855,44.682,17842.840,103811.982,19981028_063001
9,KTYX19981028_112411,-9.157,0.075,139.012,182.784,22.923,-76.688,44.279,11461.290,99570.043,19981028_062411
9,KTYX19981028_113001,-3.324,0.075,141.718,181.536,30.133,-76.671,44.285,15066.671,98852.015,19981028_063001
1,KTYX19981028_110049,-32.524,0.069,106.677,189.088,65.837,-76.890,44.249,32918.709,111439.864,19981028_060049
1,KTYX19981028_110640,-26.674,0.401,134.116,190.390,59.121,-76.718,44.244,29560.530,99413.012,19981028_060640
8,KTYX19981028_112411,-9.157,0.147,89.407,253.448,45.005,-76.992,43.958,22502.514,107838.335,19981028_062411
10,KTYX19981028_114142,8.359,0.087,175.153,179.409,30.684,-76.462,44.296,15341.997,86788.165,19981028_064142
11,KTYX19981028_114142,8.359,0.079,148.863,270.611,23.395,-76.620,43.884,11697.537,76983.861,19981028_064142
11,KTYX19981028_114732,14.193,0.058,161.930,279.058,20.371,-76.539,43.847,10185.286,69824.347,19981028_064732
13,KTYX19981028_115322,20.026,0.067,283.759,390.155,16.980,-75.780,43.350,8489.941,45802.940,19981028_065322
15,KTYX19981028_121644,43.393,0.112,298.131,356.259,12.915,-75.692,43.503,6457.571,28145.064,19981028_071644
2,KTYX19981029_121610,41.529,0.085,22.002,289.209,26.766,-77.407,43.791,13382.851,139103.737,19981029_071610
2,KTYX19981029_122200,47.363,0.127,22.393,292.086,33.492,-77.404,43.778,16745.790,138859.943,19981029_072200
2,KTYX19981029_122751,53.213,0.095,24.269,302.576,33.374,-77.391,43.731,16687.103,137871.504,19981029_072751
1,KTYX19981029_110018,-34.337,0.063,274.109,242.229,8.986,-75.841,44.016,4493.244,31653.773,19981029_060018
1,KTYX19981030_105219,-43.621,0.078,267.084,192.828,12.814,-75.886,44.238,6407.209,56056.532,19981030_055219
2,KTYX19981030_111541,-20.254,0.052,230.485,233.493,7.521,-76.114,44.054,3760.321,48102.686,19981030_061541
1,KTYX19981031_114837,11.377,0.073,279.653,104.801,17.055,-75.808,44.634,8527.573,98128.332,19981031_064837
1,KTYX19981103_105226,-48.729,0.316,374.767,56.519,20.593,-75.207,44.850,10296.265,127351.001,19981103_055226
1,KTYX19981103_105817,-42.879,0.428,376.557,55.528,28.930,-75.196,44.855,14464.782,128089.479,19981103_055817
1,KTYX19981103_110407,-37.046,0.536,379.871,60.668,30.843,-75.175,44.832,15421.457,126154.068,19981103_060407
1,KTYX19981103_110957,-31.213,0.382,389.245,63.445,34.779,-75.116,44.819,17389.266,126414.835,19981103_060957
1,KTYX19981103_111549,-25.346,0.271,397.459,73.311,33.205,-75.064,44.774,16602.720,123375.476,19981103_061549
1,KTYX19981103_112140,-19.496,-1.000,405.565,81.351,33.054,-75.014,44.738,16527.010,121399.405,19981103_062140
1,KTYX19981103_112730,-13.663,-1.000,413.648,89.368,32.903,-74.963,44.701,16451.515,119667.861,19981103_062730
1,KTYX19981103_113320,-7.829,-1.000,421.731,97.385,32.752,-74.913,44.665,16376.021,118185.370,19981103_063320
1,KTYX19981103_113912,-1.963,0.389,428.684,104.523,40.917,-74.869,44.633,20458.498,117015.892,19981103_063912
1,KTYX19981103_114503,3.887,0.209,434.985,103.717,45.885,-74.829,44.636,22942.321,119108.913,19981103_064503
3,KTYX19981104_113342,-8.774,0.110,328.349,54.808,14.875,-75.501,44.859,7437.397,123412.706,19981104_063342
3,KTYX19981104_113931,-2.958,0.403,329.973,52.841,23.590,-75.490,44.868,11795.124,124484.702,19981104_063931
3,KTYX19981104_114523,2.909,0.603,334.094,51.011,26.522,-75.464,44.876,13261.107,125656.266,19981104_064523
3,KTYX19981104_115113,8.742,0.465,335.738,51.819,28.758,-75.454,44.872,14379.101,125370.210,19981104_065113
3,KTYX19981104_115703,14.576,0.561,338.207,52.611,33.106,-75.438,44.869,16553.005,125160.960,19981104_065703
3,KTYX19981104_120253,20.409,0.164,340.152,54.019,36.779,-75.426,44.862,18389.628,124618.119,19981104_070253
3,KTYX19981104_120843,26.242,0.054,344.082,58.646,32.680,-75.401,44.842,16339.867,122673.248,19981104_070843
4,KTYX19981104_115113,8.742,0.051,401.331,111.921,8.998,-75.042,44.600,4498.978,106819.466,19981104_065113
4,KTYX19981104_115703,14.576,0.069,401.243,113.785,16.611,-75.043,44.592,8305.467,105979.076,19981104_065703
5,KTYX19981104_120843,26.242,0.054,299.227,445.825,21.367,-75.685,43.100,10683.594,72913.715,19981104_070843
5,KTYX19981104_121434,32.092,0.157,300.713,445.457,27.849,-75.676,43.101,13924.494,72729.292,19981104_071434
1,KTYX19981104_105842,-43.774,0.432,296.119,292.346,8.796,-75.704,43.790,4398.129,4290.749,19981104_055842
2,KTYX19981104_112752,-14.608,0.050,224.725,368.163,25.213,-76.145,43.448,12606.623,50775.343,19981104_062752
7,KTYX19981104_122616,43.792,0.123,346.474,292.823,17.755,-75.391,43.788,8877.525,23512.224,19981104_072616
8,KTYX19981104_125527,72.976,0.092,154.287,485.730,24.361,-76.572,42.916,12180.320,118033.904,19981104_075527
2,KTYX19981105_120304,19.279,0.270,25.828,410.644,24.751,-77.368,43.245,12375.548,147828.038,19981105_070304
2,KTYX19981105_120853,25.096,0.060,25.635,410.290,30.647,-77.369,43.247,15323.373,147851.385,19981105_070853
1,KTYX19981105_104705,-56.704,0.084,294.668,291.262,8.926,-75.713,43.795,4462.799,5118.331,19981105_054705
1,KTYX19981107_111339,-32.766,0.190,34.280,203.997,40.929,-77.341,44.176,20464.685,141265.354,19981107_061339
1,KTYX19981107_111929,-26.933,0.328,35.506,205.279,48.093,-77.334,44.170,24046.677,140471.663,19981107_061929
1,KTYX19981107_112520,-21.083,0.236,43.544,203.238,52.362,-77.284,44.180,26180.879,137051.413,19981107_062520
1,KTYX19981107_113110,-15.250,0.394,50.417,211.597,53.210,-77.240,44.143,26605.119,132388.496,19981107_063110
1,KTYX19981107_113700,-9.416,0.479,52.594,216.873,54.582,-77.225,44.119,27290.819,130498.910,19981107_063700
1,KTYX19981107_114251,-3.566,0.626,57.051,215.900,56.574,-77.198,44.124,28286.959,128546.626,19981107_064251
1,KTYX19981107_114841,2.267,0.530,50.543,218.779,57.611,-77.238,44.111,28805.569,131173.166,19981107_064841
1,KTYX19981107_120020,13.917,0.196,46.219,214.959,60.134,-77.266,44.128,30066.758,133825.122,19981107_070020
1,KTYX19981107_120610,19.750,0.071,58.065,226.312,63.376,-77.190,44.077,31687.965,126454.020,19981107_070610
1,KTYX19981107_121201,25.600,-1.000,65.172,233.401,65.962,-77.145,44.046,32981.055,122044.501,19981107_071201
1,KTYX19981107_121752,31.450,0.085,67.109,238.864,69.046,-77.132,44.022,34523.007,120390.589,19981107_071752
11,KTYX19981107_124113,54.800,0.106,223.043,317.231,14.208,-76.157,43.677,7103.943,39431.201,19981107_074113
11,KTYX19981107_124703,60.634,0.441,225.135,320.278,22.312,-76.144,43.664,11156.228,38781.247,19981107_074703
11,KTYX19981107_125253,66.467,0.101,222.063,332.292,26.735,-76.163,43.609,13367.438,42181.183,19981107_075253
11,KTYX19981107_125843,72.300,0.120,235.820,319.990,13.187,-76.078,43.665,6593.657,33610.446,19981107_075843
2,KTYX19981107_111929,-26.933,0.055,86.396,401.210,31.025,-76.996,43.293,15512.593,118184.118,19981107_061929
7,KTYX19981107_114841,2.267,0.064,109.150,431.730,28.907,-76.853,43.157,14453.264,115948.977,19981107_064841
8,KTYX19981107_120610,19.750,0.083,52.891,385.612,54.867,-77.204,43.360,27433.407,130759.804,19981107_070610
15,KTYX19981107_131025,84.000,0.134,95.098,417.278,24.540,-76.941,43.221,12270.135,118045.416,19981107_081025
1,KTYX19981109_105750,-51.214,0.073,49.537,189.532,51.798,-77.248,44.242,25899.223,136871.150,19981109_055750
1,KTYX19981109_110341,-45.364,0.557,50.396,188.436,57.578,-77.243,44.247,28788.944,136701.293,19981109_060341
1,KTYX19981109_110932,-39.514,0.137,49.216,187.644,59.505,-77.250,44.251,29752.625,137401.289,19981109_060932
2,KTYX19981109_123708,48.086,0.051,26.454,239.677,17.519,-77.386,44.015,8759.317,140059.261,19981109_073708
1,KTYX19981110_111355,-36.445,0.056,278.795,102.883,18.834,-75.814,44.643,9417.248,99127.159,19981110_061355
1,KTYX19981110_111949,-30.545,0.072,278.783,102.444,26.490,-75.814,44.645,13245.191,99345.961,19981110_061949
2,KTYX19981110_113128,-18.895,0.056,32.653,416.312,57.541,-77.325,43.220,28770.704,145776.393,19981110_063128
2,KTYX19981110_113718,-13.062,0.124,34.402,414.886,65.811,-77.315,43.227,32905.354,144690.355,19981110_063718
1,KTYX19981111_105549,-55.858,0.220,402.566,256.157,12.982,-75.041,43.951,6491.131,55771.869,19981111_055549
1,KTYX19981111_110051,-50.825,0.385,404.327,256.966,21.774,-75.030,43.948,10887.057,56427.220,19981111_060051
1,KTYX19981111_110553,-45.792,0.179,412.528,254.540,26.988,-74.979,43.958,13494.100,60681.888,19981111_060553
3,KTYX19981111_123137,39.942,0.302,284.125,106.559,22.886,-75.780,44.626,11443.203,97045.441,19981111_073137
3,KTYX19981111_123640,44.992,0.766,286.892,103.944,30.125,-75.763,44.638,15062.319,98247.064,19981111_073640
2,KTYX19981111_120623,14.708,0.063,227.721,134.350,12.118,-76.134,44.500,6059.134,90366.318,19981111_070623
1,KTYX19981114_112840,-26.934,0.076,531.451,481.769,40.190,-74.262,42.929,20095.169,147147.617,19981114_062840
2,KTYX19981114_115205,-3.518,0.073,283.397,98.920,22.640,-75.785,44.661,11320.183,100882.260,19981114_065205
3,KTYX19981114_120937,14.016,0.080,288.426,97.278,61.796,-75.753,44.668,30897.753,101526.009,19981114_070937
4,KTYX19981114_122117,25.682,0.072,540.789,456.745,45.996,-74.202,43.041,22998.224,143656.116,19981114_072117
5,KTYX19981114_122117,25.682,0.056,26.673,424.936,36.533,-77.361,43.181,18266.399,150263.807,19981114_072117
3,KTYX19981125_113058,-38.546,0.066,30.031,304.133,29.748,-77.355,43.725,14873.919,135000.456,19981125_063058
3,KTYX19981125_113649,-32.696,0.058,32.996,304.729,37.624,-77.337,43.723,18811.761,133522.911,19981125_063649
5,KTYX19981125_114238,-26.880,0.053,39.038,184.533,32.695,-77.314,44.264,16347.649,142683.027,19981125_064238
5,KTYX19981125_114828,-21.046,0.635,43.748,188.186,43.603,-77.284,44.248,21801.469,139792.293,19981125_064828
1,KTYX19981125_111327,-56.063,0.153,29.504,221.587,51.921,-77.369,44.096,25960.699,140815.852,19981125_061327
2,KTYX19981125_111327,-56.063,0.098,309.582,340.246,4.986,-75.621,43.575,2492.943,20685.279,19981125_061327
4,KTYX19981125_113649,-32.696,0.085,35.710,119.019,36.200,-77.343,44.558,18099.913,160158.861,19981125_063649
7,KTYX19981125_120559,-3.530,0.061,64.474,160.446,66.651,-77.158,44.374,33325.512,136883.054,19981125_070559
7,KTYX19981126_132628,75.754,0.051,28.415,425.973,42.150,-77.350,43.177,21075.113,149689.287,19981126_082628
7,KTYX19981126_133218,81.587,0.061,29.414,424.569,50.871,-77.344,43.183,25435.435,148941.606,19981126_083218
1,KTYX19981126_112905,-41.629,0.190,357.854,353.539,32.082,-75.322,43.514,16040.823,39412.946,19981126_062905
2,KTYX19981126_120409,-6.563,0.068,285.125,422.529,30.582,-75.772,43.204,15290.867,61714.451,19981126_070409
3,KTYX19981126_122139,10.937,0.089,361.099,104.198,30.161,-75.295,44.636,15080.650,102556.844,19981126_072139
4,KTYX19981126_123321,22.637,0.126,354.194,431.980,30.424,-75.347,43.161,15212.019,71336.562,19981126_073321
5,KTYX19981126_123321,22.637,0.121,263.921,243.117,26.968,-75.905,44.012,13484.228,33679.961,19981126_073321
6,KTYX19981126_124501,34.304,0.115,424.824,409.170,28.791,-74.911,43.262,14395.294,82914.151,19981126_074501
1,KTYX19981127_124345,31.853,0.672,408.780,228.063,34.373,-75.001,44.078,17186.573,65207.230,19981127_074345
1,KTYX19981127_124936,37.703,0.644,413.002,223.774,47.240,-74.974,44.097,23619.872,68153.941,19981127_074936
1,KTYX19981127_125526,43.536,0.478,421.381,235.826,45.681,-74.923,44.042,22840.431,68650.645,19981127_075526
1,KTYX19981127_130116,49.370,-1.000,428.971,245.296,46.402,-74.876,43.999,23201.247,70046.361,19981127_080116
1,KTYX19981127_130706,55.203,-1.000,436.561,254.766,47.124,-74.829,43.956,23562.063,71928.554,19981127_080706
1,KTYX19981127_131257,61.053,0.164,421.308,257.111,64.865,-74.924,43.946,32432.295,64333.517,19981127_081257
1,KTYX19981127_131848,66.903,0.276,422.212,248.983,80.101,-74.918,43.983,40050.299,66216.770,19981127_081848
5,KTYX19981127_130116,49.370,0.073,518.762,119.049,32.241,-74.303,44.562,16120.480,141950.952,19981127_080116
1,KTYX19981128_125955,46.851,0.183,304.658,293.402,20.938,-75.651,43.786,10469.028,4038.352,19981128_075955
1,KTYX19981129_120010,-14.050,0.253,261.642,231.408,9.590,-75.919,44.064,4795.132,39294.394,19981129_070010
2,KTYX19981129_124648,32.583,0.054,444.516,413.159,21.373,-74.790,43.243,10686.478,91773.863,19981129_074648
1,KTYX19981208_114220,-41.319,0.063,395.895,563.379,26.050,-75.096,42.569,13025.098,140146.489,19981208_064220
2,KTYX19981208_133323,69.731,0.067,231.613,510.409,26.143,-76.098,42.808,13071.486,110621.604,19981208_083323
2,KTYX19981209_133649,72.236,0.098,286.007,103.472,13.262,-75.768,44.640,6630.798,98512.888,19981209_083649
2,KTYX19981209_134637,82.036,0.163,286.479,104.198,21.474,-75.765,44.637,10737.215,98134.365,19981209_084637
1,KTYX19981209_131713,52.636,0.082,289.719,393.747,22.592,-75.743,43.334,11296.116,47154.641,19981209_081713
1,KTYX19981210_120305,-22.398,0.052,305.652,306.320,28.156,-75.645,43.727,14077.824,4239.277,19981210_070305
1,KTYX19981210_121253,-12.598,0.351,301.470,307.302,35.668,-75.671,43.723,17834.066,3724.214,19981210_071253
4,KTYX19981211_124424,18.046,0.136,25.781,278.488,23.768,-77.385,43.840,11884.045,137530.537,19981211_074424
4,KTYX19981211_125014,23.879,0.244,27.402,279.279,32.080,-77.375,43.837,16040.163,136692.396,19981211_075014
4,KTYX19981211_125603,29.696,0.123,37.862,283.678,34.455,-77.309,43.818,17227.373,131322.773,19981211_075603
3,KTYX19981211_122105,-5.271,0.195,388.042,529.797,29.631,-75.143,42.720,14815.722,123042.867,19981211_072105
3,KTYX19981211_122655,0.563,0.053,390.376,530.385,36.582,-75.128,42.718,18290.945,123738.468,19981211_072655
1,KTYX19981211_114602,-40.321,0.051,249.838,421.890,16.924,-75.989,43.207,8461.926,65904.172,19981211_064602
2,KTYX19981211_114602,-40.321,0.050,233.441,511.226,29.877,-76.087,42.804,14938.469,110732.152,19981211_064602
5,KTYX19981211_133134,65.213,0.078,29.020,257.923,29.499,-77.367,43.933,14749.298,137113.671,19981211_083134
6,KTYX19981211_134905,82.729,0.071,189.408,552.322,30.572,-76.354,42.618,15285.810,137747.022,19981211_084905
1,KTYX19981212_124321,16.153,0.176,218.645,63.698,4.666,-76.194,44.818,2333.239,124957.413,19981212_074321
1,KTYX19981212_124913,22.020,0.076,218.798,64.734,15.819,-76.193,44.813,7909.370,124442.422,19981212_074913
1,KTYX19981214_113045,-58.041,0.226,286.122,93.546,8.815,-75.768,44.685,4407.681,103460.153,19981214_063045
1,KTYX19981216_114234,-47.690,0.173,292.675,287.140,10.313,-75.726,43.814,5156.448,7400.033,19981216_064234
