track_id,filename,from_sunrise,det_score,x,y,r,lon,lat,radius,geo_dist,local_time
1,KBUF20000601_092853,-9.685,0.127,294.673,400.790,17.480,-78.769,42.495,8739.788,50465.309,20000601_052853
2,KBUF20000601_105758,79.399,0.103,294.556,373.727,19.414,-78.770,42.617,9706.829,36963.688,20000601_065758
5,KBUF20000608_104405,67.979,0.058,314.280,577.183,29.855,-78.651,41.701,14927.536,138775.536,20000608_064405
5,KBUF20000608_104956,73.829,0.159,320.243,577.059,36.530,-78.615,41.701,18264.805,138898.935,20000608_064956
5,KBUF20000608_105546,79.662,0.136,351.168,580.144,26.626,-78.430,41.687,13313.005,142389.159,20000608_065546
1,KBUF20000608_085203,-44.055,0.073,259.445,336.436,18.567,-78.985,42.784,9283.298,27259.598,20000608_045203
2,KBUF20000608_093359,-2.121,0.152,130.397,302.091,19.796,-79.776,42.934,9897.982,84807.897,20000608_053359
3,KBUF20000608_103224,56.295,0.078,215.295,245.768,21.712,-79.258,43.192,10856.213,50289.199,20000608_063224
4,KBUF20000608_103814,62.129,0.062,299.693,573.608,34.061,-78.739,41.717,17030.291,136804.133,20000608_063814
6,KBUF20000608_105546,79.662,0.196,539.259,458.360,31.839,-77.288,42.227,15919.344,143459.767,20000608_065546
3,KBUF20000609_102022,44.472,0.147,16.789,185.277,23.046,-80.487,43.452,11523.230,152782.558,20000609_062022
3,KBUF20000609_102613,50.322,0.214,19.348,187.669,29.235,-80.470,43.441,14617.538,151148.889,20000609_062613
3,KBUF20000609_103753,61.988,-1.000,23.690,191.727,42.503,-80.443,43.423,21251.551,148383.005,20000609_063753
3,KBUF20000609_104344,67.838,0.185,50.663,176.845,56.134,-80.278,43.493,28067.093,139046.553,20000609_064344
5,KBUF20000609_105525,79.522,0.067,110.765,35.378,26.827,-79.919,44.133,13413.651,162661.013,20000609_065525
5,KBUF20000609_110115,85.355,0.249,109.299,35.816,33.741,-79.928,44.131,16870.724,162910.883,20000609_070115
1,KBUF20000609_092159,-13.912,0.076,368.643,311.686,6.067,-78.317,42.895,3033.298,34815.145,20000609_052159
1,KBUF20000610_083854,-56.821,0.487,384.356,324.026,9.055,-78.221,42.839,4527.386,43855.127,20000610_043854
1,KBUF20000610_084848,-46.921,0.640,384.120,324.930,13.655,-78.222,42.835,6827.699,43868.165,20000610_044848
6,KBUF20000610_102746,52.046,0.264,386.804,324.309,8.115,-78.206,42.838,4057.465,45071.986,20000610_062746
6,KBUF20000610_103740,61.946,0.110,387.061,324.578,15.519,-78.204,42.837,7759.589,45231.881,20000610_063740
6,KBUF20000610_104734,71.846,0.063,387.074,325.020,8.544,-78.204,42.835,4271.957,45298.514,20000610_064734
3,KBUF20000610_084848,-46.921,0.152,361.928,328.713,8.571,-78.358,42.819,4285.740,34130.606,20000610_044848
4,KBUF20000610_091829,-17.238,0.111,385.378,324.219,10.985,-78.215,42.838,5492.321,44373.146,20000610_051829
5,KBUF20000610_091829,-17.238,0.059,364.330,318.891,17.193,-78.343,42.863,8596.325,33523.157,20000610_051829
2,KBUF20000611_084313,-52.366,0.240,403.404,148.473,23.555,-78.096,43.629,11777.489,91723.621,20000611_044313
2,KBUF20000611_084904,-46.516,0.164,406.565,147.326,31.136,-78.077,43.634,15568.106,93093.406,20000611_044904
6,KBUF20000611_101637,41.034,0.341,386.645,290.197,5.427,-78.206,42.991,2713.417,43598.648,20000611_061637
6,KBUF20000611_102227,46.867,0.080,390.871,291.498,12.809,-78.180,42.986,6404.388,45633.880,20000611_062227
12,KBUF20000611_103407,58.534,0.099,202.642,487.771,27.742,-79.325,42.102,13870.755,105754.935,20000611_063407
12,KBUF20000611_103957,64.367,0.081,207.756,487.848,34.336,-79.295,42.102,17168.139,104637.539,20000611_063957
12,KBUF20000611_104548,70.217,0.101,229.608,484.244,29.738,-79.163,42.119,14869.014,98616.480,20000611_064548
12,KBUF20000611_105138,76.051,0.188,244.840,487.322,24.349,-79.070,42.105,12174.448,97637.366,20000611_065138
1,KBUF20000611_083723,-58.199,0.583,444.377,423.088,20.877,-77.860,42.391,10438.370,94861.981,20000611_043723
3,KBUF20000611_084904,-46.516,0.626,375.743,407.541,12.104,-78.276,42.464,6052.130,65768.505,20000611_044904
7,KBUF20000611_101637,41.034,0.135,440.343,231.456,2.514,-77.873,43.254,1256.863,78093.513,20000611_061637
8,KBUF20000611_102227,46.867,0.159,350.342,250.819,8.877,-78.427,43.170,4438.618,35189.133,20000611_062227
10,KBUF20000611_102817,52.701,0.120,424.652,256.508,6.480,-77.971,43.142,3239.967,66010.684,20000611_062817
11,KBUF20000611_103407,58.534,0.105,429.713,297.754,12.570,-77.942,42.956,6285.076,64866.153,20000611_063407
1,KBUF20000612_083705,-58.397,0.515,214.424,269.521,9.649,-79.262,43.085,4824.400,45420.800,20000612_043705
1,KBUF20000612_084255,-52.563,0.266,214.193,270.214,17.053,-79.264,43.081,8526.357,45415.112,20000612_044255
3,KBUF20000612_090026,-35.047,0.123,308.958,414.693,7.473,-78.683,42.432,3736.475,57521.255,20000612_050026
4,KBUF20000612_092937,-5.863,0.126,250.645,272.342,15.106,-79.040,43.073,7553.131,28288.188,20000612_052937
5,KBUF20000612_101619,40.837,0.180,361.608,377.150,8.797,-78.362,42.601,4398.508,49365.195,20000612_061619
7,KBUF20000615_101126,36.049,0.100,458.199,189.479,38.769,-77.760,43.442,19384.377,96490.841,20000615_061126
7,KBUF20000615_101717,41.899,0.224,462.122,184.140,46.421,-77.735,43.466,23210.295,99633.280,20000615_061717
7,KBUF20000615_102307,47.732,0.482,478.757,169.330,48.658,-77.631,43.531,24328.952,110712.265,20000615_062307
7,KBUF20000615_102857,53.565,0.308,487.974,156.003,50.895,-77.573,43.591,25447.611,118394.697,20000615_062857
7,KBUF20000615_103448,59.415,0.572,487.250,145.728,60.374,-77.577,43.637,30187.186,121307.966,20000615_063448
7,KBUF20000615_104038,65.249,0.480,489.042,141.497,62.381,-77.565,43.656,31190.673,123349.166,20000615_064038
7,KBUF20000615_104629,71.099,0.275,497.317,136.539,59.045,-77.513,43.678,29522.352,128114.637,20000615_064629
7,KBUF20000615_105219,76.932,0.300,507.136,133.586,56.032,-77.452,43.690,28016.114,132852.148,20000615_065219
7,KBUF20000615_105810,82.782,0.258,516.503,124.923,53.510,-77.393,43.729,26754.988,139216.746,20000615_065810
7,KBUF20000615_110400,88.615,0.082,528.243,115.706,56.841,-77.320,43.769,28420.554,146679.277,20000615_070400
2,KBUF20000615_094215,6.865,0.938,398.802,185.165,20.263,-78.126,43.464,10131.695,75744.337,20000615_054215
2,KBUF20000615_094805,12.699,0.966,402.473,182.273,23.790,-78.104,43.477,11894.996,78038.944,20000615_054805
2,KBUF20000615_095355,18.532,0.452,409.723,173.707,25.677,-78.058,43.515,12838.581,83649.532,20000615_055355
5,KBUF20000615_094215,6.865,0.067,384.713,327.610,6.451,-78.219,42.823,3225.731,44549.171,20000615_054215
5,KBUF20000615_094805,12.699,0.167,384.550,327.824,13.550,-78.220,42.822,6775.249,44505.378,20000615_054805
1,KBUF20000615_093624,1.015,0.087,384.525,326.898,8.901,-78.220,42.826,4450.268,44350.795,20000615_053624
4,KBUF20000615_094215,6.865,0.072,27.102,413.647,43.296,-80.395,42.425,21648.169,147808.112,20000615_054215
8,KBUF20000615_105219,76.932,0.207,27.644,211.246,39.606,-80.416,43.336,19802.868,143226.024,20000615_065219
3,KBUF20000617_084206,-53.397,0.087,370.085,587.794,19.802,-78.316,41.652,9900.819,148102.411,20000617_044206
3,KBUF20000617_084707,-48.380,0.180,371.067,587.364,25.661,-78.310,41.654,12830.486,148010.769,20000617_044707
3,KBUF20000617_085207,-43.380,0.592,376.943,581.315,28.968,-78.275,41.681,14483.904,145823.827,20000617_045207
3,KBUF20000617_085707,-38.380,-1.000,381.700,576.521,32.921,-78.246,41.703,16460.621,144168.694,20000617_045707
3,KBUF20000617_090206,-33.397,0.175,392.563,573.784,33.065,-78.181,41.715,16532.429,144503.765,20000617_050206
5,KBUF20000617_085207,-43.380,0.663,409.372,424.170,23.413,-78.073,42.388,11706.366,82735.199,20000617_045207
5,KBUF20000617_085707,-38.380,0.566,409.743,422.050,30.303,-78.070,42.397,15151.619,82066.730,20000617_045707
5,KBUF20000617_090206,-33.397,0.086,414.868,417.665,33.907,-78.039,42.417,16953.654,82218.788,20000617_050206
1,KBUF20000617_083706,-58.397,0.124,122.175,373.118,24.128,-79.821,42.614,12063.854,96135.585,20000617_043706
1,KBUF20000617_084206,-53.397,0.320,122.863,372.289,30.854,-79.816,42.618,15427.058,95659.610,20000617_044206
2,KBUF20000617_084206,-53.397,0.265,389.878,435.898,20.879,-78.192,42.336,10439.560,81465.381,20000617_044206
2,KBUF20000617_084707,-48.380,0.379,393.401,432.980,26.661,-78.170,42.349,13330.276,81251.838,20000617_044707
14,KBUF20000617_104210,66.670,0.066,391.317,436.949,37.156,-78.183,42.331,18578.020,82300.997,20000617_064210
14,KBUF20000617_104710,71.670,0.099,394.204,436.145,42.654,-78.165,42.334,21327.050,82779.767,20000617_064710
4,KBUF20000617_084707,-48.380,0.130,290.060,381.105,16.793,-78.797,42.584,8396.427,40855.841,20000617_044707
6,KBUF20000617_085707,-38.380,0.566,385.443,582.546,23.721,-78.224,41.676,11860.543,147591.196,20000617_045707
7,KBUF20000617_090206,-33.397,0.054,317.176,367.614,20.692,-78.632,42.644,10345.955,34880.600,20000617_050206
8,KBUF20000617_091207,-23.380,0.279,195.533,264.601,29.160,-79.379,43.106,14579.952,55150.690,20000617_051207
9,KBUF20000617_101710,41.670,0.192,184.883,344.402,22.520,-79.440,42.747,11259.819,61691.471,20000617_061710
10,KBUF20000617_102710,51.670,0.266,540.994,465.997,27.230,-77.278,42.192,13614.823,146315.826,20000617_062710
11,KBUF20000617_103210,56.670,0.050,174.676,371.230,11.467,-79.501,42.625,5733.503,72075.836,20000617_063210
12,KBUF20000617_103710,61.670,0.078,296.416,124.559,29.034,-78.759,43.738,14516.762,87738.827,20000617_063710
12,KBUF20000617_104210,66.670,-1.000,296.416,124.559,36.984,-78.759,43.738,18491.762,87738.827,20000617_064210
12,KBUF20000617_104710,71.670,0.152,324.504,112.437,31.219,-78.585,43.793,15609.379,94578.346,20000617_064710
13,KBUF20000617_104210,66.670,0.069,384.279,564.623,46.695,-78.230,41.756,23347.425,138860.079,20000617_064210
16,KBUF20000617_105210,76.670,0.066,59.265,416.083,28.810,-80.199,42.417,14405.123,133630.556,20000617_065210
1,KBUF20000618_084600,-49.605,0.067,345.147,268.188,6.031,-78.460,43.091,3015.453,27614.542,20000618_044600
1,KBUF20000618_085151,-43.755,0.106,345.340,269.697,13.471,-78.459,43.085,6735.323,27267.004,20000618_045151
1,KBUF20000618_085741,-37.922,0.404,345.924,275.622,14.888,-78.455,43.058,7443.902,25996.611,20000618_045741
2,KBUF20000618_095607,20.511,0.077,206.025,507.910,30.588,-79.304,42.011,15293.835,114081.112,20000618_055607
2,KBUF20000618_100157,26.345,0.097,208.807,506.734,38.348,-79.287,42.017,19174.020,112976.627,20000618_060157
3,KBUF20000618_101928,43.861,0.064,61.420,248.515,32.014,-80.204,43.171,16007.050,122035.828,20000618_061928
4,KBUF20000618_104840,73.061,0.083,370.322,203.015,28.513,-78.303,43.384,14256.344,59898.251,20000618_064840
1,KBUF20000624_084552,-51.101,0.359,314.240,513.539,9.181,-78.651,41.987,4590.743,107006.752,20000624_044552
2,KBUF20000625_090932,-27.776,0.426,385.487,325.949,10.185,-78.214,42.831,5092.270,44668.979,20000625_050932
2,KBUF20000625_091522,-21.943,0.396,385.315,326.905,15.524,-78.215,42.826,7762.067,44728.207,20000625_051522
2,KBUF20000625_092113,-16.093,0.130,385.573,325.046,9.255,-78.214,42.835,4627.728,44581.674,20000625_052113
1,KBUF20000625_084610,-51.143,0.068,385.174,326.097,9.097,-78.216,42.830,4548.630,44541.294,20000625_044610
1,KBUF20000627_092622,-11.722,0.559,385.674,270.126,10.708,-78.211,43.082,5354.073,45366.344,20000627_052622
1,KBUF20000628_084933,-48.975,0.067,216.438,285.365,15.294,-79.249,43.013,7646.984,42416.705,20000628_044933
2,KBUF20000628_094856,10.409,0.428,379.845,295.458,14.250,-78.248,42.968,7124.908,39987.067,20000628_054856
11,KBUF20000629_094815,9.260,0.569,319.419,345.071,26.926,-78.618,42.746,13463.074,24538.071,20000629_054815
11,KBUF20000629_095405,15.093,0.454,318.514,342.619,35.920,-78.624,42.757,17959.974,23233.481,20000629_055405
11,KBUF20000629_095955,20.926,0.212,327.015,341.187,36.238,-78.572,42.763,18118.810,24627.958,20000629_055955
8,KBUF20000629_093043,-8.274,0.119,218.349,202.529,17.508,-79.241,43.386,8754.126,63575.458,20000629_053043
8,KBUF20000629_093634,-2.424,0.192,219.533,201.583,24.851,-79.234,43.390,12425.446,63562.798,20000629_053634
8,KBUF20000629_094224,3.410,-1.000,220.537,200.779,32.464,-79.227,43.394,16231.992,63559.144,20000629_054224
8,KBUF20000629_094815,9.260,0.263,238.578,191.704,23.934,-79.116,43.435,11967.247,62250.653,20000629_054815
13,KBUF20000629_095405,15.093,0.347,254.981,191.617,21.481,-79.015,43.436,10740.398,58680.293,20000629_055405
13,KBUF20000629_095955,20.926,0.277,256.333,191.016,27.704,-79.007,43.439,13852.159,58703.186,20000629_055955
13,KBUF20000629_100546,26.776,0.203,266.451,188.194,21.728,-78.944,43.452,10864.016,58365.511,20000629_060546
15,KBUF20000629_101136,32.610,0.068,153.946,289.174,14.052,-79.632,42.994,7026.215,73227.410,20000629_061136
15,KBUF20000629_101727,38.460,0.127,153.803,288.981,21.359,-79.633,42.995,10679.740,73305.778,20000629_061727
15,KBUF20000629_102317,44.293,-1.000,153.682,288.817,28.942,-79.634,42.995,14471.189,73372.355,20000629_062317
15,KBUF20000629_102907,50.126,0.051,159.971,282.908,22.576,-79.596,43.022,11288.118,70534.032,20000629_062907
1,KBUF20000629_084401,-54.974,0.213,183.686,307.707,9.014,-79.449,42.912,4506.830,58284.550,20000629_044401
2,KBUF20000629_084951,-49.140,0.315,321.047,299.979,17.705,-78.608,42.949,8852.726,10523.611,20000629_044951
3,KBUF20000629_084951,-49.140,0.099,322.581,456.198,28.921,-78.600,42.245,14460.491,78910.968,20000629_044951
4,KBUF20000629_085542,-43.290,0.155,218.572,145.394,34.482,-79.242,43.643,17241.039,87369.254,20000629_045542
5,KBUF20000629_091903,-19.940,0.236,397.513,289.426,23.685,-78.139,42.995,11842.747,49042.303,20000629_051903
5,KBUF20000629_092453,-14.107,-1.000,397.513,289.426,32.960,-78.139,42.995,16480.247,49042.303,20000629_052453
5,KBUF20000629_093043,-8.274,0.210,419.936,281.724,26.632,-78.001,43.029,13315.876,60660.431,20000629_053043
6,KBUF20000629_091903,-19.940,0.072,193.035,208.169,22.169,-79.397,43.360,11084.290,70488.545,20000629_051903
9,KBUF20000629_093043,-8.274,0.093,228.785,281.956,8.364,-79.174,43.029,4181.776,36732.689,20000629_053043
10,KBUF20000629_094224,3.410,0.069,235.670,452.786,24.373,-79.127,42.260,12186.607,82888.499,20000629_054224
17,KBUF20000629_105819,79.326,0.058,198.429,270.329,19.951,-79.361,43.080,9975.304,52908.006,20000629_065819
1,KBUF20000630_084408,-55.352,0.913,295.997,423.446,10.631,-78.761,42.393,5315.489,61755.545,20000630_044408
3,KBUF20000630_084408,-55.352,0.082,320.466,432.653,2.680,-78.613,42.351,1339.802,67111.062,20000630_044408
5,KBUF20000630_091911,-20.302,0.103,237.638,280.832,9.002,-79.120,43.034,4500.824,32620.678,20000630_051911
6,KBUF20000630_105834,79.081,0.134,334.247,446.255,25.080,-78.529,42.290,12539.839,75105.338,20000630_065834
7,KBUF20000630_105834,79.081,0.083,220.970,288.132,29.409,-79.222,43.001,14704.628,39958.169,20000630_065834
8,KBUF20000630_105834,79.081,0.072,290.593,409.710,18.469,-78.794,42.455,9234.436,55056.276,20000630_065834
2,KBUF20000701_084128,-58.542,0.468,344.936,140.341,10.983,-78.458,43.667,5491.566,82931.080,20000701_044128
2,KBUF20000701_085122,-48.642,0.065,347.015,141.243,20.808,-78.446,43.663,10403.992,82786.151,20000701_045122
2,KBUF20000701_090116,-38.742,0.493,358.190,149.280,11.943,-78.376,43.626,5971.470,80781.392,20000701_050116
1,KBUF20000701_084128,-58.542,0.725,303.604,90.840,12.164,-78.715,43.890,6082.069,104595.552,20000701_044128
3,KBUF20000701_085122,-48.642,0.225,278.520,204.655,12.752,-78.869,43.378,6375.935,48867.289,20000701_045122
6,KBUF20000701_092104,-18.942,0.109,275.632,180.470,13.983,-78.888,43.486,6991.650,60994.589,20000701_052104
7,KBUF20000701_092104,-18.942,0.088,376.553,159.898,17.461,-78.263,43.578,8730.297,79826.307,20000701_052104
8,KBUF20000701_093057,-9.059,0.519,348.409,105.977,17.910,-78.436,43.821,8954.845,99985.545,20000701_053057
9,KBUF20000701_093057,-9.059,0.196,307.617,218.901,12.519,-78.690,43.314,6259.544,40728.080,20000701_053057
10,KBUF20000701_100039,20.641,0.770,378.451,117.237,21.046,-78.250,43.770,10523.003,99444.387,20000701_060039
11,KBUF20000701_100039,20.641,0.158,414.690,175.132,15.607,-78.028,43.508,7803.432,84772.859,20000701_060039
2,KBUF20000703_094653,5.745,0.072,17.933,214.521,29.844,-80.476,43.320,14921.800,147367.337,20000703_054653
2,KBUF20000703_095835,17.445,0.133,23.379,208.287,37.440,-80.443,43.349,18719.898,145714.164,20000703_055835
1,KBUF20000703_092332,-17.605,0.459,310.189,424.874,11.035,-78.675,42.387,5517.666,62644.575,20000703_052332
3,KBUF20000703_095835,17.445,0.088,195.041,331.478,21.166,-79.379,42.805,10583.218,54788.928,20000703_055835
3,KBUF20000705_094056,-1.440,0.071,156.594,309.162,9.635,-79.615,42.904,4817.345,71849.137,20000705_054056
3,KBUF20000705_095046,8.394,0.059,165.410,305.221,25.476,-79.561,42.922,12737.998,67345.739,20000705_055046
1,KBUF20000705_090136,-40.773,0.299,136.855,426.209,10.240,-79.727,42.376,5119.928,103132.123,20000705_050136
2,KBUF20000705_094056,-1.440,0.077,258.992,426.456,7.249,-78.986,42.379,3624.653,66469.275,20000705_054056
5,KBUF20000706_093741,-5.344,0.137,155.783,308.475,7.787,-79.620,42.907,3893.503,72232.663,20000706_053741
5,KBUF20000706_094731,4.489,0.434,156.439,312.515,20.218,-79.616,42.889,10108.993,72052.562,20000706_054731
5,KBUF20000706_095719,14.289,0.050,162.160,310.309,23.078,-79.581,42.899,11539.095,69112.579,20000706_055719
1,KBUF20000706_092752,-15.161,0.643,230.101,272.836,10.363,-79.166,43.070,5181.675,37496.042,20000706_052752
1,KBUF20000706_093741,-5.344,0.641,231.232,272.952,17.185,-79.159,43.070,8592.454,36948.102,20000706_053741
3,KBUF20000706_092752,-15.161,0.075,372.455,289.144,36.893,-78.293,42.997,18446.388,36631.796,20000706_052752
3,KBUF20000706_093741,-5.344,0.091,366.858,300.096,13.721,-78.327,42.947,6860.344,33429.081,20000706_053741
4,KBUF20000706_093741,-5.344,0.151,340.909,261.464,13.464,-78.486,43.122,6731.991,28100.574,20000706_053741
1,KBUF20000707_092756,-15.773,0.667,226.825,285.456,11.758,-79.186,43.013,5878.950,37303.260,20000707_052756
1,KBUF20000707_093750,-5.873,0.132,226.848,286.288,20.024,-79.186,43.009,10012.228,37212.846,20000707_053750
4,KBUF20000707_093750,-5.873,0.534,366.253,302.834,10.213,-78.331,42.935,5106.541,33157.022,20000707_053750
4,KBUF20000707_094743,4.011,0.295,376.050,296.486,26.721,-78.271,42.963,13360.300,38065.591,20000707_054743
5,KBUF20000707_093750,-5.873,0.498,380.631,281.302,14.454,-78.242,43.032,7227.230,41385.303,20000707_053750
8,KBUF20000707_102719,43.611,0.174,210.065,299.303,10.651,-79.288,42.950,5325.268,44968.962,20000707_062719
1,KBUF20000708_092929,-14.924,0.079,225.544,282.031,16.238,-79.194,43.029,8118.752,38297.051,20000708_052929
2,KBUF20000708_104840,64.259,0.060,399.637,275.740,29.754,-78.125,43.056,14877.228,51273.870,20000708_064840
1,KBUF20000709_103018,45.168,0.071,312.968,449.466,8.983,-78.658,42.276,4491.680,75013.532,20000709_063018
1,KBUF20000710_100320,17.456,0.126,24.500,405.255,14.561,-80.412,42.463,7280.482,147461.152,20000710_060320
2,KBUF20000710_105004,64.189,0.051,79.358,388.537,2.950,-80.080,42.542,1475.240,118871.421,20000710_065004
1,KBUF20000711_092242,-23.944,0.087,344.606,259.431,11.484,-78.463,43.131,5741.852,30147.955,20000711_052242
1,KBUF20000711_092832,-18.111,0.394,344.686,263.142,18.715,-78.462,43.114,9357.267,28962.789,20000711_052832
3,KBUF20000711_094013,-6.427,0.380,371.998,291.749,22.667,-78.296,42.985,11333.473,36234.458,20000711_054013
4,KBUF20000711_094013,-6.427,0.069,236.977,277.799,11.648,-79.124,43.048,5824.169,33409.551,20000711_054013
5,KBUF20000711_094603,-0.594,0.472,378.697,269.429,12.798,-78.254,43.085,6399.197,42213.160,20000711_054603
1,KBUF20000712_093648,-10.630,0.166,380.360,272.117,8.493,-78.244,43.073,4246.368,42530.082,20000712_053648
1,KBUF20000712_094642,-0.730,0.077,379.779,281.913,22.611,-78.248,43.029,11305.736,40901.768,20000712_054642
3,KBUF20000712_093648,-10.630,0.105,370.983,298.093,8.339,-78.302,42.956,4169.418,35504.278,20000712_053648
4,KBUF20000712_093648,-10.630,0.102,341.160,268.408,18.831,-78.484,43.091,9415.394,25943.072,20000712_053648
6,KBUF20000712_100630,19.070,0.390,183.145,437.560,23.199,-79.446,42.327,11599.415,90246.907,20000712_060630
1,KBUF20000713_093814,-10.003,0.572,340.278,259.770,13.782,-78.489,43.129,6891.155,28463.815,20000713_053814
1,KBUF20000713_094808,-0.103,0.435,341.803,258.195,22.378,-78.480,43.136,11189.148,29559.671,20000713_054808
1,KBUF20000713_095802,9.797,0.062,343.249,269.815,33.223,-78.471,43.084,16611.645,26370.708,20000713_055802
2,KBUF20000713_094808,-0.103,0.304,39.406,385.441,14.035,-80.324,42.553,7017.364,137121.559,20000713_054808
2,KBUF20000713_095802,9.797,0.233,38.722,385.140,22.722,-80.328,42.554,11361.205,137400.026,20000713_055802
2,KBUF20000713_100756,19.697,0.119,34.755,381.961,25.794,-80.352,42.568,12896.767,138809.543,20000713_060756
3,KBUF20000713_094808,-0.103,0.074,150.225,340.011,29.423,-79.652,42.765,14711.732,77513.705,20000713_054808
5,KBUF20000713_110719,79.080,0.237,373.605,288.711,28.608,-78.286,42.999,14303.757,37232.705,20000713_070719
2,KBUF20000720_093714,-17.128,0.460,154.917,310.245,5.166,-79.625,42.899,2583.048,72722.084,20000720_053714
2,KBUF20000720_094304,-11.295,0.190,155.499,310.544,11.273,-79.622,42.898,5636.466,72442.444,20000720_054304
2,KBUF20000720_094854,-5.461,0.590,156.642,310.877,12.447,-79.615,42.896,6223.303,71884.894,20000720_054854
2,KBUF20000720_095445,0.389,0.353,157.321,312.943,15.133,-79.610,42.887,7566.727,71632.347,20000720_055445
2,KBUF20000720_100035,6.222,0.316,157.859,320.323,21.860,-79.606,42.854,10929.986,71793.030,20000720_060035
2,KBUF20000720_100625,12.055,0.086,155.533,322.172,25.458,-79.621,42.845,12728.814,73079.379,20000720_060625
7,KBUF20000720_095445,0.389,0.148,365.509,299.824,8.214,-78.336,42.949,4106.762,32754.574,20000720_055445
7,KBUF20000720_100035,6.222,0.054,366.295,299.428,15.543,-78.331,42.950,7771.689,33148.927,20000720_060035
4,KBUF20000720_093714,-17.128,0.103,376.639,264.281,5.724,-78.266,43.108,2862.209,42277.155,20000720_053714
1,KBUF20000721_090330,-51.797,0.347,494.736,483.164,10.919,-77.560,42.118,5459.672,133670.700,20000721_050330
4,KBUF20000721_093242,-22.597,0.076,213.073,442.625,22.271,-79.264,42.305,11135.365,83513.792,20000721_053242
5,KBUF20000721_095604,0.770,0.072,254.513,228.142,21.498,-79.017,43.272,10749.174,42522.208,20000721_055604
6,KBUF20000721_101336,18.303,0.168,354.910,318.576,23.166,-78.401,42.865,11582.870,28983.333,20000721_061336
6,KBUF20000721_101926,24.136,0.067,366.176,317.888,19.237,-78.332,42.867,9618.320,34275.750,20000721_061926
1,KBUF20000722_093247,-23.462,0.172,156.516,315.616,3.634,-79.615,42.875,1817.028,72165.423,20000722_053247
1,KBUF20000722_093837,-17.629,0.087,156.738,315.526,10.629,-79.614,42.875,5314.365,72050.224,20000722_053837
1,KBUF20000722_094427,-11.796,0.770,161.109,317.431,13.521,-79.587,42.867,6760.541,69990.492,20000722_054427
1,KBUF20000722_095018,-5.946,0.087,163.549,318.532,16.561,-79.572,42.862,8280.459,68851.754,20000722_055018
1,KBUF20000722_095608,-0.112,0.169,165.334,315.069,20.849,-79.561,42.878,10424.365,67753.218,20000722_055608
4,KBUF20000722_095608,-0.112,0.746,367.372,391.603,10.189,-78.327,42.536,5094.641,56855.084,20000722_055608
5,KBUF20000722_100159,5.738,0.576,371.056,299.412,15.512,-78.302,42.950,7756.207,35529.292,20000722_060159
2,KBUF20000723_095304,-4.140,0.099,365.635,299.651,7.346,-78.335,42.949,3672.855,32817.862,20000723_055304
2,KBUF20000723_100258,5.760,0.261,372.956,307.221,18.720,-78.290,42.915,9360.032,36656.061,20000723_060258
1,KBUF20000723_094309,-14.057,0.165,382.349,277.965,16.882,-78.232,43.047,8440.769,42622.978,20000723_054309
3,KBUF20000723_111215,75.043,0.360,224.835,426.483,31.624,-79.193,42.378,15811.777,73565.920,20000723_071215
2,KBUF20000725_094818,-10.864,0.422,346.175,257.489,13.309,-78.453,43.140,6654.514,31382.247,20000725_054818
2,KBUF20000725_095812,-0.964,0.103,348.865,257.391,25.972,-78.437,43.140,12986.227,32416.572,20000725_055812
2,KBUF20000725_100806,8.936,0.311,362.028,272.578,31.444,-78.356,43.071,15722.108,33909.609,20000725_060806
2,KBUF20000725_101800,18.836,0.053,361.791,260.404,37.871,-78.357,43.126,18935.520,36694.675,20000725_061800
4,KBUF20000725_094818,-10.864,0.235,364.848,298.642,6.920,-78.340,42.954,3460.201,32430.878,20000725_054818
4,KBUF20000725_095812,-0.964,0.391,367.075,299.808,16.663,-78.326,42.949,8331.699,33537.493,20000725_055812
4,KBUF20000725_100806,8.936,0.217,370.966,299.462,18.013,-78.302,42.950,9006.299,35483.779,20000725_060806
1,KBUF20000725_091836,-40.564,0.057,257.519,272.123,5.761,-78.998,43.074,2880.518,25405.573,20000725_051836
6,KBUF20000725_094818,-10.864,0.096,395.039,297.384,13.431,-78.155,42.959,6715.450,47537.701,20000725_054818
4,KBUF20000726_094946,-10.393,0.916,346.429,253.898,15.066,-78.452,43.156,7532.768,32715.114,20000726_054946
4,KBUF20000726_095940,-0.493,0.835,351.051,254.136,22.459,-78.423,43.155,11229.626,34313.631,20000726_055940
4,KBUF20000726_100934,9.407,0.084,353.269,269.077,30.423,-78.410,43.087,15211.365,30797.181,20000726_060934
4,KBUF20000726_101928,19.307,0.204,361.534,235.475,35.902,-78.358,43.238,17950.907,44581.349,20000726_061928
1,KBUF20000726_090017,-59.876,0.179,382.897,301.079,8.809,-78.229,42.943,4404.285,41452.073,20000726_050017
3,KBUF20000726_093952,-20.293,0.061,369.251,274.217,29.876,-78.312,43.064,14938.053,36947.330,20000726_053952
7,KBUF20000726_100934,9.407,0.074,376.821,309.334,13.707,-78.267,42.906,6853.565,38693.021,20000726_060934
4,KBUF20000727_094119,-19.848,0.121,380.096,270.258,16.950,-78.245,43.081,8474.842,42719.705,20000727_054119
4,KBUF20000727_095113,-9.948,0.771,376.944,267.395,23.008,-78.264,43.094,11504.092,41783.458,20000727_055113
4,KBUF20000727_100107,-0.048,0.149,368.513,275.275,26.474,-78.316,43.059,13237.185,36419.206,20000727_060107
4,KBUF20000727_101101,9.852,0.067,363.336,284.238,28.097,-78.348,43.019,14048.291,32633.828,20000727_061101
4,KBUF20000727_102055,19.752,0.051,373.217,299.996,29.684,-78.288,42.948,14841.922,36608.497,20000727_062055
1,KBUF20000727_092131,-39.648,0.265,258.374,273.021,6.185,-78.992,43.070,3092.558,24802.255,20000727_052131
10,KBUF20000727_101101,9.852,0.391,172.109,310.270,11.681,-79.520,42.900,5840.273,64151.283,20000727_061101
11,KBUF20000727_110031,59.352,0.256,395.484,300.427,23.400,-78.152,42.945,11699.894,47742.666,20000727_070031
8,KBUF20000728_094115,-20.928,0.079,135.865,346.172,8.313,-79.739,42.736,4156.344,85252.612,20000728_054115
8,KBUF20000728_094705,-15.095,0.345,137.127,344.813,14.649,-79.732,42.743,7324.653,84462.957,20000728_054705
8,KBUF20000728_095256,-9.245,0.571,141.410,340.557,15.396,-79.706,42.762,7697.987,81846.694,20000728_055256
8,KBUF20000728_095847,-3.395,0.556,143.923,338.494,15.971,-79.690,42.771,7985.289,80376.984,20000728_055847
8,KBUF20000728_100437,2.438,0.854,145.970,336.461,17.988,-79.678,42.781,8993.968,79143.332,20000728_060437
8,KBUF20000728_101027,8.272,0.903,148.100,336.244,19.601,-79.665,42.782,9800.650,78081.884,20000728_061027
8,KBUF20000728_101617,14.105,0.471,149.205,335.052,20.430,-79.658,42.787,10214.982,77407.695,20000728_061617
8,KBUF20000728_102207,19.938,0.214,152.858,321.186,26.250,-79.637,42.850,13124.857,74329.559,20000728_062207
8,KBUF20000728_102757,25.772,0.222,152.439,320.310,26.678,-79.640,42.854,13338.785,74476.075,20000728_062757
8,KBUF20000728_103348,31.622,0.264,156.288,327.061,21.060,-79.616,42.823,10530.159,73118.909,20000728_063348
8,KBUF20000728_103938,37.455,0.127,156.329,326.781,27.419,-79.615,42.825,13709.650,73072.895,20000728_063938
8,KBUF20000728_104529,43.305,0.133,160.379,326.344,20.929,-79.591,42.827,10464.319,71042.410,20000728_064529
9,KBUF20000728_094705,-15.095,0.341,375.629,260.028,13.501,-78.272,43.128,6750.572,42771.270,20000728_054705
9,KBUF20000728_095256,-9.245,0.083,376.460,260.926,20.502,-78.267,43.124,10251.157,42932.919,20000728_055256
9,KBUF20000728_095847,-3.395,-1.000,377.167,261.690,27.847,-78.263,43.120,13923.313,43076.821,20000728_055847
9,KBUF20000728_100437,2.438,0.182,361.711,263.905,27.399,-78.358,43.110,13699.315,35745.652,20000728_060437
9,KBUF20000728_101027,8.272,0.052,364.894,247.623,38.936,-78.338,43.184,19468.058,41697.130,20000728_061027
4,KBUF20000728_092934,-32.612,0.118,133.107,348.326,11.008,-79.756,42.727,5504.194,86874.315,20000728_052934
4,KBUF20000728_093525,-26.762,0.369,133.099,348.539,18.208,-79.756,42.726,9103.956,86907.935,20000728_053525
6,KBUF20000728_093525,-26.762,0.082,373.371,272.831,13.901,-78.287,43.070,6950.733,39119.993,20000728_053525
6,KBUF20000728_094115,-20.928,0.067,370.109,273.293,23.697,-78.307,43.068,11848.322,37511.763,20000728_054115
10,KBUF20000728_094705,-15.095,0.197,340.266,260.787,9.812,-78.490,43.125,4905.926,28102.742,20000728_054705
10,KBUF20000728_095256,-9.245,0.202,341.046,260.206,17.598,-78.485,43.127,8798.962,28584.362,20000728_055256
12,KBUF20000728_095847,-3.395,0.069,365.431,299.884,6.962,-78.336,42.948,3481.152,32715.322,20000728_055847
12,KBUF20000728_100437,2.438,0.391,366.664,300.451,14.823,-78.329,42.946,7411.261,33332.889,20000728_060437
16,KBUF20000728_104529,43.305,0.170,72.866,380.166,24.661,-80.120,42.579,12330.254,120432.995,20000728_064529
16,KBUF20000728_105119,49.138,0.255,73.042,380.549,31.275,-80.119,42.578,15637.735,120413.951,20000728_065119
1,KBUF20000728_090612,-55.978,0.214,153.421,522.305,11.078,-79.621,41.945,5539.247,133139.649,20000728_050612
3,KBUF20000728_091202,-50.145,0.269,126.707,355.982,8.747,-79.794,42.692,4373.327,91055.546,20000728_051202
5,KBUF20000728_092934,-32.612,0.095,256.668,273.177,6.230,-79.003,43.069,3115.231,25480.974,20000728_052934
6,KBUF20000729_095053,-12.318,0.098,342.224,261.534,11.087,-78.478,43.121,5543.335,28558.879,20000729_055053
6,KBUF20000729_095553,-7.318,0.396,342.935,261.372,17.375,-78.473,43.122,8687.651,28876.795,20000729_055553
6,KBUF20000729_100053,-2.318,0.783,347.771,258.912,17.035,-78.443,43.133,8517.700,31504.969,20000729_060053
6,KBUF20000729_100553,2.682,-1.000,351.716,256.939,18.148,-78.419,43.142,9073.752,33648.370,20000729_060553
6,KBUF20000729_101054,7.699,-1.000,355.675,254.959,19.263,-78.395,43.151,9631.657,35806.535,20000729_061054
6,KBUF20000729_101555,12.716,0.050,346.235,256.627,17.468,-78.453,43.143,8734.151,31697.346,20000729_061555
6,KBUF20000729_102055,17.716,-1.000,344.861,256.103,17.425,-78.461,43.146,8712.364,31382.798,20000729_062055
6,KBUF20000729_102555,22.716,-1.000,343.487,255.578,17.381,-78.470,43.148,8690.576,31082.468,20000729_062555
6,KBUF20000729_103057,27.749,0.181,345.416,260.409,20.243,-78.458,43.126,10121.262,30124.748,20000729_063057
6,KBUF20000729_103557,32.749,-1.000,345.256,261.850,21.264,-78.459,43.120,10631.978,29595.352,20000729_063557
6,KBUF20000729_104057,37.749,-1.000,345.096,263.290,22.285,-78.460,43.113,11142.695,29074.369,20000729_064057
6,KBUF20000729_104558,42.766,-1.000,344.935,264.734,23.310,-78.461,43.107,11655.114,28560.569,20000729_064558
6,KBUF20000729_105058,47.766,0.054,357.816,247.282,38.770,-78.381,43.185,19385.144,39121.154,20000729_065058
8,KBUF20000729_100553,2.682,0.748,345.851,259.237,14.356,-78.455,43.132,7177.860,30675.577,20000729_060553
8,KBUF20000729_101054,7.699,0.725,345.497,259.170,18.677,-78.457,43.132,9338.383,30565.735,20000729_061054
9,KBUF20000729_100553,2.682,0.484,364.085,298.621,8.302,-78.344,42.954,4150.753,32049.957,20000729_060553
9,KBUF20000729_101054,7.699,0.233,364.639,299.634,14.143,-78.341,42.950,7071.558,32320.027,20000729_061054
3,KBUF20000729_092551,-37.351,0.151,191.902,404.118,18.437,-79.394,42.478,9218.672,75042.942,20000729_052551
5,KBUF20000729_094051,-22.351,0.244,226.705,188.255,26.026,-79.190,43.451,13013.023,66819.184,20000729_054051
7,KBUF20000729_095053,-12.318,0.082,269.278,40.393,8.635,-78.929,44.117,4317.341,130709.507,20000729_055053
11,KBUF20000729_102055,17.716,0.087,377.155,262.969,16.843,-78.263,43.114,8421.455,42790.722,20000729_062055
11,KBUF20000729_102555,22.716,0.057,383.987,272.768,14.448,-78.221,43.070,7224.201,44145.722,20000729_062555
13,KBUF20000729_111059,67.782,0.055,517.264,141.236,36.572,-77.390,43.655,18285.843,134545.236,20000729_071059
3,KBUF20000730_100452,0.635,0.301,344.274,259.785,10.501,-78.465,43.129,5250.328,29905.816,20000730_060452
3,KBUF20000730_101042,6.469,0.351,345.135,258.722,17.848,-78.460,43.134,8924.206,30582.129,20000730_061042
3,KBUF20000730_101633,12.319,0.243,348.994,252.747,20.019,-78.436,43.161,10009.745,34033.921,20000730_061633
3,KBUF20000730_102224,18.169,0.280,343.945,255.549,14.436,-78.467,43.148,7218.224,31253.236,20000730_062224
3,KBUF20000730_102814,24.002,0.284,344.089,255.496,21.200,-78.466,43.149,10599.844,31322.920,20000730_062814
3,KBUF20000730_103405,29.852,0.054,345.300,252.813,22.620,-78.458,43.161,11309.944,32705.941,20000730_063405
1,KBUF20000730_090807,-56.115,0.060,136.481,433.216,7.689,-79.729,42.345,3844.500,105457.031,20000730_050807
1,KBUF20000730_091308,-51.098,0.080,136.276,433.361,13.877,-79.730,42.344,6938.682,105582.353,20000730_051308
2,KBUF20000730_095901,-5.215,0.462,344.533,255.660,14.602,-78.463,43.148,7301.239,31421.571,20000730_055901
5,KBUF20000730_102814,24.002,0.094,387.888,273.514,14.935,-78.197,43.067,7467.255,45896.252,20000730_062814
6,KBUF20000730_105136,47.369,0.295,199.451,259.908,7.746,-79.355,43.127,3872.831,54123.715,20000730_065136
9,KBUF20000730_110908,64.902,0.052,81.720,391.361,24.658,-80.065,42.530,12329.123,118314.327,20000730_070908
10,KBUF20000730_111458,70.735,0.068,231.131,268.398,10.807,-79.160,43.090,5403.387,37886.839,20000730_071458
10,KBUF20000730_112048,76.569,0.177,227.954,263.261,9.684,-79.180,43.113,4842.112,40436.020,20000730_072048
12,KBUF20000731_102714,21.965,0.071,339.449,411.618,14.532,-78.497,42.446,7266.226,59192.169,20000731_062714
12,KBUF20000731_103214,26.965,0.737,337.340,412.250,22.325,-78.510,42.443,11162.730,59148.696,20000731_063214
12,KBUF20000731_103714,31.965,0.949,339.078,407.902,24.018,-78.499,42.463,12009.077,57380.416,20000731_063714
12,KBUF20000731_104214,36.965,0.896,340.661,401.740,23.874,-78.490,42.490,11937.099,54782.165,20000731_064214
12,KBUF20000731_104715,41.981,0.885,341.957,396.738,24.443,-78.482,42.513,12221.638,52722.352,20000731_064715
12,KBUF20000731_105215,46.981,0.749,347.407,391.344,25.200,-78.448,42.537,12599.908,51456.895,20000731_065215
12,KBUF20000731_105715,51.981,0.303,349.687,387.241,26.214,-78.434,42.556,13107.244,50199.212,20000731_065715
12,KBUF20000731_110215,56.981,0.097,351.008,383.064,29.162,-78.426,42.574,14581.233,48737.799,20000731_070215
13,KBUF20000731_103214,26.965,0.057,192.492,374.022,13.278,-79.392,42.614,6639.086,65263.342,20000731_063214
13,KBUF20000731_103714,31.965,0.061,193.190,372.304,19.620,-79.388,42.621,9810.210,64490.850,20000731_063714
13,KBUF20000731_104214,36.965,0.323,194.019,368.281,22.468,-79.383,42.639,11233.938,63036.129,20000731_064214
13,KBUF20000731_104715,41.981,-1.000,194.792,364.837,26.179,-79.378,42.655,13089.442,61791.131,20000731_064715
13,KBUF20000731_105215,46.981,0.118,184.423,369.028,36.483,-79.442,42.636,18241.393,67310.491,20000731_065215
13,KBUF20000731_105715,51.981,-1.000,179.724,369.338,43.425,-79.470,42.634,21712.434,69415.745,20000731_065715
13,KBUF20000731_110215,56.981,0.092,180.581,366.967,48.829,-79.465,42.645,24414.497,68457.177,20000731_070215
18,KBUF20000731_111716,71.998,0.057,227.239,320.921,20.080,-79.182,42.854,10039.993,37854.564,20000731_071716
18,KBUF20000731_112216,76.998,0.652,228.463,315.587,26.135,-79.175,42.878,13067.611,36607.754,20000731_072216
18,KBUF20000731_112716,81.998,0.552,226.333,298.843,33.861,-79.188,42.953,16930.645,36838.095,20000731_072716
18,KBUF20000731_113216,86.998,0.276,231.597,292.153,34.376,-79.156,42.983,17187.861,34425.885,20000731_073216
5,KBUF20000731_094711,-18.085,0.159,206.638,270.729,23.183,-79.310,43.079,11591.505,48921.541,20000731_054711
5,KBUF20000731_095211,-13.085,0.262,208.204,271.108,30.569,-79.301,43.077,15284.318,48117.659,20000731_055211
8,KBUF20000731_101212,6.931,0.195,176.989,396.832,11.996,-79.485,42.510,5997.911,78275.239,20000731_061212
8,KBUF20000731_101713,11.948,0.099,177.735,395.570,18.143,-79.481,42.516,9071.553,77592.596,20000731_061713
8,KBUF20000731_102213,16.948,0.062,182.330,386.416,15.961,-79.453,42.557,7980.352,72996.589,20000731_062213
10,KBUF20000731_101713,11.948,0.089,78.698,452.587,33.406,-80.078,42.254,16702.805,134403.745,20000731_061713
10,KBUF20000731_102213,16.948,0.345,81.096,451.860,40.004,-80.063,42.257,20002.239,133210.478,20000731_062213
17,KBUF20000731_110715,61.981,0.205,167.946,107.752,15.942,-79.558,43.811,7971.035,116616.341,20000731_070715
17,KBUF20000731_111215,66.981,0.269,167.949,107.643,23.612,-79.558,43.811,11806.241,116660.760,20000731_071215
1,KBUF20000731_090709,-58.119,0.783,215.390,302.663,10.705,-79.255,42.935,5352.522,42325.881,20000731_050709
2,KBUF20000731_090709,-58.119,0.220,142.170,73.964,12.591,-79.720,43.962,6295.698,137842.943,20000731_050709
4,KBUF20000731_093710,-28.102,0.270,279.055,121.079,29.148,-78.867,43.754,14573.938,90071.408,20000731_053710
6,KBUF20000731_100712,1.931,0.109,171.453,403.028,13.760,-79.519,42.482,6880.089,82369.603,20000731_060712
2,KBUF20000802_091356,-53.429,0.546,213.510,278.816,12.308,-79.268,43.043,6154.222,44523.449,20000802_051356
2,KBUF20000802_091946,-47.596,0.575,214.854,275.862,18.705,-79.260,43.056,9352.339,44250.854,20000802_051946
4,KBUF20000802_102953,22.521,0.163,87.762,457.570,24.912,-80.022,42.232,12456.156,132167.827,20000802_062953
4,KBUF20000802_103543,28.354,0.054,88.187,456.797,31.930,-80.020,42.236,15965.241,131766.733,20000802_063543
1,KBUF20000802_090806,-59.263,0.111,207.353,279.926,14.001,-79.305,43.038,7000.498,47398.504,20000802_050806
11,KBUF20000812_100945,-8.323,0.876,226.256,282.537,12.020,-79.189,43.026,6009.834,37891.914,20000812_060945
11,KBUF20000812_101536,-2.473,0.861,226.230,284.829,15.471,-79.189,43.016,7735.513,37656.886,20000812_061536
11,KBUF20000812_102126,3.360,0.837,224.317,288.986,15.462,-79.201,42.997,7731.236,38240.033,20000812_062126
11,KBUF20000812_102717,9.210,0.843,225.850,291.179,15.514,-79.192,42.987,7757.104,37336.322,20000812_062717
11,KBUF20000812_103307,15.044,-1.000,226.917,293.611,15.629,-79.185,42.976,7814.262,36680.671,20000812_063307
11,KBUF20000812_103857,20.877,-1.000,227.985,296.043,15.743,-79.178,42.966,7871.421,36062.015,20000812_063857
11,KBUF20000812_104448,26.727,-1.000,229.055,298.482,15.857,-79.172,42.955,7928.742,35480.691,20000812_064448
11,KBUF20000812_105038,32.560,-1.000,230.122,300.914,15.972,-79.165,42.944,7985.900,34941.953,20000812_065038
11,KBUF20000812_105629,38.410,-1.000,231.192,303.353,16.086,-79.158,42.933,8043.221,34444.652,20000812_065629
11,KBUF20000812_110219,44.244,-1.000,232.260,305.784,16.201,-79.152,42.922,8100.380,33993.499,20000812_070219
11,KBUF20000812_110810,50.094,-1.000,233.330,308.223,16.315,-79.145,42.911,8157.701,33587.728,20000812_070810
11,KBUF20000812_111400,55.927,-1.000,234.397,310.655,16.430,-79.139,42.900,8214.859,33231.351,20000812_071400
11,KBUF20000812_111951,61.777,0.586,229.940,287.570,16.423,-79.167,43.004,8211.373,35577.019,20000812_071951
11,KBUF20000812_112541,67.610,-1.000,230.151,286.046,16.518,-79.165,43.011,8259.107,35614.726,20000812_072541
11,KBUF20000812_113132,73.460,0.280,235.967,289.971,15.049,-79.130,42.993,7524.275,32406.962,20000812_073132
17,KBUF20000812_101536,-2.473,0.272,61.387,481.607,21.607,-80.180,42.122,10803.500,149931.093,20000812_061536
17,KBUF20000812_102126,3.360,0.096,60.439,482.794,28.900,-80.185,42.117,14450.152,150668.007,20000812_062126
17,KBUF20000812_102717,9.210,0.226,60.712,488.003,29.742,-80.183,42.093,14870.979,152154.581,20000812_062717
17,KBUF20000812_103307,15.044,0.111,60.613,489.514,30.603,-80.184,42.086,15301.604,152660.895,20000812_063307
17,KBUF20000812_103857,20.877,0.138,60.788,491.375,33.176,-80.182,42.078,16588.088,153172.095,20000812_063857
23,KBUF20000812_102717,9.210,0.458,54.547,317.444,24.530,-80.239,42.860,12264.849,123036.242,20000812_062717
23,KBUF20000812_103307,15.044,0.739,54.368,315.802,30.719,-80.240,42.868,15359.322,123069.692,20000812_063307
23,KBUF20000812_103857,20.877,0.860,57.731,315.083,29.521,-80.219,42.871,14760.267,121368.872,20000812_063857
23,KBUF20000812_104448,26.727,0.632,47.890,322.584,39.747,-80.279,42.837,19873.477,126559.914,20000812_064448
23,KBUF20000812_105038,32.560,0.070,45.280,329.276,47.599,-80.294,42.806,23799.585,128198.375,20000812_065038
2,KBUF20000812_095804,-20.006,0.106,340.809,264.080,9.190,-78.486,43.110,4595.123,27182.522,20000812_055804
2,KBUF20000812_100355,-14.156,0.684,339.300,265.197,14.721,-78.496,43.105,7360.274,26247.384,20000812_060355
2,KBUF20000812_100945,-8.323,0.307,337.412,267.431,16.926,-78.507,43.095,8463.036,24801.083,20000812_060945
2,KBUF20000812_101536,-2.473,0.453,338.649,268.784,20.580,-78.500,43.089,10289.966,24840.562,20000812_061536
2,KBUF20000812_102126,3.360,0.111,343.345,261.140,16.233,-78.471,43.123,8116.749,29107.241,20000812_062126
2,KBUF20000812_102717,9.210,0.140,342.949,261.441,22.808,-78.473,43.122,11403.974,28859.195,20000812_062717
7,KBUF20000812_100355,-14.156,0.165,262.830,402.812,9.585,-78.963,42.486,4792.255,54662.543,20000812_060355
7,KBUF20000812_100945,-8.323,0.697,262.784,403.753,14.938,-78.963,42.481,7469.218,55112.668,20000812_060945
7,KBUF20000812_101536,-2.473,0.831,264.959,406.737,16.232,-78.950,42.468,8116.047,56170.549,20000812_061536
7,KBUF20000812_102126,3.360,0.577,265.389,409.968,18.125,-78.947,42.453,9062.447,57643.130,20000812_062126
6,KBUF20000812_100355,-14.156,0.166,240.046,433.283,6.546,-79.101,42.348,3272.997,73073.357,20000812_060355
6,KBUF20000812_100945,-8.323,0.121,240.218,433.528,13.012,-79.100,42.347,6506.013,73149.696,20000812_060945
6,KBUF20000812_101536,-2.473,0.618,241.677,434.307,16.705,-79.091,42.344,8352.336,73212.012,20000812_061536
6,KBUF20000812_102126,3.360,-1.000,242.865,434.969,21.039,-79.084,42.341,10519.314,73281.794,20000812_062126
6,KBUF20000812_102717,9.210,0.068,242.189,440.023,22.347,-79.088,42.318,11173.688,75744.165,20000812_062717
12,KBUF20000812_100945,-8.323,0.237,482.056,82.250,27.995,-77.603,43.923,13997.288,141914.985,20000812_060945
12,KBUF20000812_101536,-2.473,0.260,480.762,83.319,35.294,-77.612,43.918,17646.946,141089.840,20000812_061536
12,KBUF20000812_102126,3.360,0.435,478.923,86.544,36.492,-77.623,43.904,18245.860,139262.862,20000812_062126
15,KBUF20000812_101536,-2.473,0.563,148.317,317.658,12.931,-79.665,42.865,6465.738,76353.690,20000812_061536
15,KBUF20000812_102126,3.360,0.457,148.036,318.473,19.583,-79.667,42.862,9791.653,76541.380,20000812_062126
15,KBUF20000812_102717,9.210,0.517,146.251,322.116,19.082,-79.677,42.845,9540.763,77665.648,20000812_062717
1,KBUF20000812_095214,-25.840,0.197,258.667,273.868,7.570,-78.991,43.066,3784.840,24450.388,20000812_055214
1,KBUF20000812_095804,-20.006,0.166,258.067,274.532,15.301,-78.994,43.063,7650.357,24530.614,20000812_055804
1,KBUF20000812_100355,-14.156,-1.000,257.555,275.098,23.286,-78.997,43.060,11642.966,24605.225,20000812_060355
1,KBUF20000812_100945,-8.323,0.071,258.066,278.487,17.649,-78.994,43.045,8824.644,23565.004,20000812_060945
3,KBUF20000812_100355,-14.156,0.758,370.876,267.917,13.289,-78.302,43.092,6644.722,38899.704,20000812_060355
3,KBUF20000812_100945,-8.323,0.268,373.195,268.040,19.259,-78.287,43.092,9629.673,39934.032,20000812_060945
3,KBUF20000812_101536,-2.473,0.221,376.492,269.758,16.387,-78.267,43.084,8193.497,41126.650,20000812_061536
3,KBUF20000812_102126,3.360,0.125,375.677,269.763,23.711,-78.272,43.084,11855.618,40747.024,20000812_062126
8,KBUF20000812_100355,-14.156,0.106,150.517,317.355,8.847,-79.652,42.867,4423.565,75243.430,20000812_060355
8,KBUF20000812_100945,-8.323,0.459,150.732,317.063,14.940,-79.650,42.868,7469.952,75120.274,20000812_060945
16,KBUF20000812_101536,-2.473,0.451,50.369,310.928,20.441,-80.265,42.889,10220.408,124934.832,20000812_061536
16,KBUF20000812_102126,3.360,0.401,50.694,312.018,27.506,-80.263,42.884,13753.188,124797.514,20000812_062126
21,KBUF20000812_102126,3.360,0.162,439.936,358.770,17.018,-77.883,42.681,8508.913,75888.221,20000812_062126
21,KBUF20000812_102717,9.210,0.235,440.253,358.990,24.709,-77.881,42.680,12354.712,76076.798,20000812_062717
21,KBUF20000812_103307,15.044,0.079,438.906,360.162,21.213,-77.890,42.675,10606.440,75687.280,20000812_063307
21,KBUF20000812_103857,20.877,0.071,438.478,361.103,28.627,-77.892,42.670,14313.394,75679.883,20000812_063857
24,KBUF20000812_102717,9.210,0.164,360.137,305.522,9.094,-78.369,42.923,4546.932,30194.814,20000812_062717
27,KBUF20000812_111400,55.927,0.053,385.718,272.158,15.111,-78.211,43.073,7555.733,45063.038,20000812_071400
1,KBUF20000813_094633,-32.607,0.596,258.259,271.224,8.493,-78.993,43.078,4246.639,25349.399,20000813_054633
1,KBUF20000813_095627,-22.707,0.103,260.602,270.698,18.464,-78.979,43.080,9232.208,24550.144,20000813_055627
1,KBUF20000813_100621,-12.807,0.827,255.982,274.918,23.312,-79.007,43.061,11655.790,25331.306,20000813_060621
1,KBUF20000813_101615,-2.907,0.194,253.582,273.813,27.025,-79.022,43.066,13512.315,26647.492,20000813_061615
4,KBUF20000813_100621,-12.807,0.847,342.318,260.883,10.724,-78.477,43.124,5361.973,28813.841,20000813_060621
4,KBUF20000813_101615,-2.907,0.935,342.683,262.295,18.776,-78.475,43.118,9388.242,28475.950,20000813_061615
4,KBUF20000813_102609,6.993,0.827,349.385,262.180,23.515,-78.434,43.118,11757.526,31101.704,20000813_062609
4,KBUF20000813_103603,16.893,0.818,348.357,258.977,24.754,-78.440,43.133,12377.114,31706.744,20000813_063603
12,KBUF20000813_102609,6.993,0.427,50.431,284.339,15.742,-80.268,43.009,7870.870,125029.735,20000813_062609
12,KBUF20000813_103603,16.893,0.673,43.448,290.796,28.981,-80.310,42.979,14490.282,128358.363,20000813_063603
12,KBUF20000813_104557,26.793,0.603,35.492,297.639,36.219,-80.358,42.948,18109.736,132259.271,20000813_064557
12,KBUF20000813_105551,36.693,0.341,38.924,298.530,42.242,-80.336,42.944,21120.881,130539.826,20000813_065551
6,KBUF20000813_100621,-12.807,0.176,264.968,399.676,14.532,-78.950,42.500,7265.778,52826.512,20000813_060621
6,KBUF20000813_101615,-2.907,0.225,264.534,398.156,22.381,-78.953,42.507,11190.487,52183.365,20000813_061615
10,KBUF20000813_101615,-2.907,0.268,146.699,319.434,17.386,-79.675,42.857,8692.797,77263.757,20000813_061615
10,KBUF20000813_102609,6.993,0.309,148.294,320.144,25.424,-79.665,42.854,12712.106,76518.569,20000813_062609
14,KBUF20000813_102609,6.993,0.071,374.035,263.404,16.146,-78.282,43.112,8072.941,41292.720,20000813_062609
14,KBUF20000813_103603,16.893,0.077,379.171,264.031,29.907,-78.251,43.109,14953.716,43479.187,20000813_063603
17,KBUF20000813_110545,46.593,0.579,421.375,178.798,6.139,-77.987,43.492,3069.733,85763.769,20000813_070545
17,KBUF20000813_111539,56.493,0.609,420.569,179.543,13.734,-77.992,43.488,6866.859,85215.576,20000813_071539
8,KBUF20000813_101615,-2.907,0.476,496.354,67.948,35.518,-77.513,43.986,17759.003,151989.304,20000813_061615
9,KBUF20000813_101615,-2.907,0.340,371.850,296.276,21.982,-78.297,42.965,10990.826,35973.304,20000813_061615
15,KBUF20000813_102609,6.993,0.052,288.357,320.684,18.724,-78.808,42.855,9362.247,11868.124,20000813_062609
16,KBUF20000813_103603,16.893,0.639,55.265,474.574,39.564,-80.217,42.153,19781.784,150309.065,20000813_063603
12,KBUF20000814_101738,-2.608,0.212,70.566,486.507,27.460,-80.124,42.101,13730.243,147838.578,20000814_061738
12,KBUF20000814_102732,7.292,0.892,72.545,489.259,36.187,-80.112,42.088,18093.413,147948.209,20000814_062732
12,KBUF20000814_103726,17.192,0.766,72.918,492.468,42.623,-80.109,42.074,21311.465,148837.347,20000814_063726
12,KBUF20000814_104719,27.075,0.382,77.721,492.742,45.369,-80.080,42.073,22684.452,147103.367,20000814_064719
12,KBUF20000814_105713,36.975,0.120,92.877,493.537,32.182,-79.988,42.071,16090.935,141736.082,20000814_065713
15,KBUF20000814_103726,17.192,0.133,358.902,78.592,16.908,-78.370,43.944,8453.979,114554.642,20000814_063726
15,KBUF20000814_104719,27.075,0.379,361.128,78.083,26.002,-78.356,43.947,13001.009,115091.158,20000814_064719
15,KBUF20000814_105713,36.975,0.059,358.048,60.163,31.117,-78.375,44.027,15558.517,123380.928,20000814_065713
15,KBUF20000814_110707,46.875,0.134,363.338,60.194,31.165,-78.342,44.027,15582.256,124014.656,20000814_070707
1,KBUF20000814_094756,-32.308,0.900,261.686,273.272,13.493,-78.972,43.069,6746.479,23357.770,20000814_054756
1,KBUF20000814_095750,-22.408,0.246,261.324,273.537,19.979,-78.974,43.067,9989.508,23431.222,20000814_055750
1,KBUF20000814_100744,-12.508,0.457,260.907,270.078,22.147,-78.977,43.083,11073.532,24615.032,20000814_060744
3,KBUF20000814_095750,-22.408,0.054,267.698,397.993,12.323,-78.933,42.507,6161.558,51589.834,20000814_055750
3,KBUF20000814_100744,-12.508,0.479,269.494,401.345,19.741,-78.922,42.492,9870.565,52918.448,20000814_060744
3,KBUF20000814_101738,-2.608,0.257,270.285,399.973,21.325,-78.918,42.498,10662.479,52147.794,20000814_061738
21,KBUF20000814_112655,66.675,0.156,369.735,139.171,16.333,-78.305,43.672,8166.283,87648.440,20000814_072655
21,KBUF20000814_113649,76.575,0.470,369.785,143.608,22.382,-78.304,43.652,11191.085,85627.950,20000814_073649
21,KBUF20000814_114643,86.475,0.115,360.080,136.949,30.192,-78.364,43.682,15095.934,86883.871,20000814_074643
4,KBUF20000814_100744,-12.508,0.920,378.910,266.931,14.483,-78.252,43.096,7241.371,42779.649,20000814_060744
4,KBUF20000814_101738,-2.608,0.174,379.830,267.501,21.752,-78.247,43.094,10876.156,43095.852,20000814_061738
5,KBUF20000814_100744,-12.508,0.901,345.281,263.226,14.522,-78.459,43.114,7260.971,29166.202,20000814_060744
5,KBUF20000814_101738,-2.608,0.449,347.872,266.334,22.990,-78.443,43.100,11494.987,29262.129,20000814_061738
13,KBUF20000814_102732,7.292,0.129,251.464,228.644,14.560,-79.036,43.269,7280.149,43149.066,20000814_062732
13,KBUF20000814_103726,17.192,0.053,254.811,237.471,26.137,-79.015,43.230,13068.347,38574.177,20000814_063726
18,KBUF20000814_110707,46.875,0.687,245.752,279.118,12.186,-79.070,43.042,6092.863,29064.240,20000814_070707
18,KBUF20000814_111701,56.775,0.245,249.647,275.561,22.878,-79.046,43.058,11438.871,27985.315,20000814_071701
20,KBUF20000814_110707,46.875,0.069,370.510,120.146,12.712,-78.299,43.757,6355.896,96591.080,20000814_070707
20,KBUF20000814_111701,56.775,0.060,359.635,115.395,23.910,-78.367,43.779,11954.936,96999.102,20000814_071701
8,KBUF20000814_100744,-12.508,0.096,165.866,325.780,14.659,-79.557,42.830,7329.483,68294.557,20000814_060744
11,KBUF20000814_101738,-2.608,0.442,524.225,373.537,19.632,-77.371,42.609,9815.825,117987.983,20000814_061738
14,KBUF20000814_102732,7.292,0.085,354.722,77.465,22.154,-78.396,43.950,11077.137,114581.972,20000814_062732
16,KBUF20000814_104719,27.075,0.082,387.814,281.625,20.778,-78.198,43.030,10389.118,44858.086,20000814_064719
22,KBUF20000814_113649,76.575,0.124,249.442,310.643,5.776,-79.046,42.900,2887.800,25832.893,20000814_073649
6,KBUF20000815_102655,5.590,0.381,83.560,479.050,22.217,-80.046,42.135,11108.722,140450.106,20000815_062655
6,KBUF20000815_103245,11.423,0.515,85.129,480.302,29.538,-80.036,42.130,14769.090,140248.524,20000815_063245
6,KBUF20000815_103836,17.273,0.539,90.611,480.052,36.678,-80.003,42.131,18339.035,138078.238,20000815_063836
6,KBUF20000815_104426,23.106,0.642,90.426,481.873,39.405,-80.004,42.123,19702.281,138743.300,20000815_064426
6,KBUF20000815_105017,28.956,0.572,92.714,478.875,46.857,-79.991,42.137,23428.330,136897.688,20000815_065017
6,KBUF20000815_105607,34.790,0.105,90.987,481.524,50.050,-80.001,42.125,25025.199,138417.339,20000815_065607
2,KBUF20000815_095152,-29.460,0.407,264.105,275.713,11.537,-78.957,43.058,5768.734,21669.763,20000815_055152
2,KBUF20000815_095743,-23.610,0.649,264.458,275.077,16.242,-78.955,43.061,8121.216,21704.828,20000815_055743
2,KBUF20000815_100333,-17.777,0.216,263.661,275.544,16.671,-78.960,43.058,8335.670,21901.146,20000815_060333
2,KBUF20000815_100924,-11.927,0.102,265.757,276.485,16.796,-78.947,43.054,8398.079,20769.665,20000815_060924
2,KBUF20000815_101514,-6.094,0.059,251.570,287.518,30.485,-79.034,43.004,15242.571,25006.292,20000815_061514
3,KBUF20000815_100924,-11.927,0.539,505.501,60.776,31.213,-77.455,44.018,15606.522,157685.349,20000815_060924
3,KBUF20000815_101514,-6.094,0.532,505.538,60.709,36.334,-77.455,44.018,18166.772,157722.912,20000815_061514
3,KBUF20000815_102104,-0.260,0.187,503.869,60.112,41.696,-77.466,44.021,20847.757,157407.800,20000815_062104
8,KBUF20000815_113700,75.673,0.227,165.244,278.335,32.339,-79.564,43.043,16169.683,68243.135,20000815_073700
8,KBUF20000815_114250,81.506,0.088,166.615,279.365,39.000,-79.555,43.039,19499.775,67485.907,20000815_074250
8,KBUF20000815_114840,87.340,0.063,159.630,289.914,46.450,-79.598,42.991,23224.946,70366.045,20000815_074840
4,KBUF20000815_100924,-11.927,0.087,342.571,261.822,11.840,-78.475,43.120,5919.983,28591.107,20000815_060924
4,KBUF20000815_101514,-6.094,0.114,342.475,261.368,18.060,-78.476,43.122,9029.831,28707.949,20000815_061514
4,KBUF20000815_102104,-0.260,0.064,342.994,259.931,12.459,-78.473,43.129,6229.374,29385.508,20000815_062104
1,KBUF20000815_092830,-52.827,0.124,84.769,418.868,14.494,-80.044,42.406,7246.989,122937.146,20000815_052830
7,KBUF20000815_112519,63.990,0.178,139.585,270.291,50.269,-79.722,43.078,25134.472,81571.308,20000815_072519
2,KBUF20001027_114429,0.932,0.475,231.939,271.761,14.230,-79.155,43.075,7114.985,36843.419,20001027_074429
2,KBUF20001027_115020,6.782,0.123,232.279,271.077,22.556,-79.153,43.078,11277.789,36819.478,20001027_075020
1,KBUF20001027_113839,-4.902,0.136,268.541,255.349,11.919,-78.930,43.149,5959.396,27310.092,20001027_073839
3,KBUF20001028_114000,-4.809,0.257,358.164,287.445,19.860,-78.380,43.005,9929.832,29751.563,20001028_074000
3,KBUF20001028_114550,1.024,0.117,360.542,289.364,27.474,-78.366,42.996,13737.130,30734.558,20001028_074550
1,KBUF20001028_113408,-10.676,0.179,377.817,351.237,8.727,-78.262,42.717,4363.312,46585.356,20001028_073408
4,KBUF20001028_114000,-4.809,0.201,294.984,120.600,5.198,-78.768,43.756,2598.766,89735.280,20001028_074000
6,KBUF20001028_122050,36.024,0.053,440.266,363.594,28.956,-77.882,42.659,14478.159,77004.500,20001028_082050
3,KBUF20001029_113547,-10.287,0.079,366.844,318.286,8.775,-78.328,42.866,4387.703,34649.883,20001029_063547
3,KBUF20001029_114539,-0.421,0.240,371.436,316.787,20.300,-78.300,42.872,10149.790,36691.094,20001029_064539
3,KBUF20001029_115531,9.446,0.187,375.213,316.712,22.853,-78.277,42.872,11426.717,38523.503,20001029_065531
4,KBUF20001029_113547,-10.287,0.062,348.169,291.268,27.260,-78.442,42.988,13630.180,24476.874,20001029_063547
4,KBUF20001029_114539,-0.421,0.096,349.109,288.424,34.011,-78.436,43.000,17005.460,25227.346,20001029_064539
5,KBUF20001029_114539,-0.421,0.683,228.466,291.281,18.527,-79.175,42.987,9263.494,36031.768,20001029_064539
5,KBUF20001029_115531,9.446,0.670,229.453,287.811,29.843,-79.170,43.003,14921.500,35796.208,20001029_065531
1,KBUF20001029_105620,-49.737,0.116,314.340,407.715,9.331,-78.650,42.464,4665.606,54332.626,20001029_055620
2,KBUF20001029_111603,-30.021,0.089,211.196,282.142,33.059,-79.282,43.028,16529.484,45290.936,20001029_061603
7,KBUF20001029_115531,9.446,0.054,229.018,493.813,16.733,-79.166,42.075,8366.388,103201.119,20001029_065531
3,KBUF20001030_113444,-12.602,0.917,374.234,291.322,25.816,-78.282,42.987,12907.810,37369.879,20001030_063444
3,KBUF20001030_114436,-2.735,0.059,357.576,278.571,34.371,-78.384,43.045,17185.450,30717.288,20001030_064436
7,KBUF20001030_114436,-2.735,0.122,243.521,296.036,19.945,-79.083,42.966,9972.605,28308.746,20001030_064436
7,KBUF20001030_115427,7.115,0.181,240.608,293.576,31.290,-79.101,42.977,15645.101,29869.253,20001030_065427
1,KBUF20001030_105309,-54.185,0.089,332.560,301.374,2.458,-78.537,42.942,1228.813,16294.609,20001030_055309
4,KBUF20001030_113444,-12.602,0.596,345.277,266.716,14.673,-78.459,43.098,7336.384,28097.378,20001030_063444
8,KBUF20001030_122403,36.715,0.062,221.560,301.699,17.199,-79.217,42.940,8599.262,39229.069,20001030_072403
3,KBUF20001031_113135,-17.020,0.108,364.920,280.062,19.982,-78.339,43.038,9991.085,33956.433,20001031_063135
3,KBUF20001031_114127,-7.153,0.904,349.610,267.417,25.503,-78.432,43.095,12751.655,29676.651,20001031_064127
3,KBUF20001031_115119,2.713,0.239,347.423,257.758,37.473,-78.445,43.138,18736.421,31754.095,20001031_065119
4,KBUF20001031_114127,-7.153,0.704,243.189,286.265,17.602,-79.085,43.010,8800.831,29223.981,20001031_064127
4,KBUF20001031_115119,2.713,0.221,238.835,286.273,30.075,-79.112,43.010,15037.324,31343.051,20001031_065119
1,KBUF20001031_110159,-46.620,0.447,262.754,312.011,5.205,-78.965,42.894,2602.547,19567.119,20001031_060159
6,KBUF20001031_114127,-7.153,0.110,369.573,306.566,14.756,-78.311,42.918,7378.166,34941.081,20001031_064127
1,KBUF20001101_113819,-11.557,0.929,343.737,263.199,16.809,-78.468,43.114,8404.556,28579.762,20001101_063819
1,KBUF20001101_114811,-1.691,0.570,345.671,260.381,29.529,-78.456,43.127,14764.403,30230.374,20001101_064811
2,KBUF20001101_113819,-11.557,0.110,240.442,431.019,17.554,-79.098,42.358,8776.787,71960.404,20001101_063819
3,KBUF20001101_113819,-11.557,0.062,384.479,280.948,30.875,-78.219,43.033,15437.576,43300.257,20001101_063819
4,KBUF20001101_123731,47.643,0.097,221.949,425.988,16.819,-79.211,42.381,8409.489,74102.913,20001101_073731
3,KBUF20001102_113512,-15.947,0.833,347.429,259.115,12.299,-78.445,43.132,6149.673,31309.373,20001102_063512
3,KBUF20001102_114504,-6.080,0.239,349.918,259.901,28.169,-78.430,43.129,14084.408,32014.440,20001102_064504
3,KBUF20001102_115456,3.786,0.051,351.902,258.477,34.041,-78.418,43.135,17020.512,33233.880,20001102_065456
9,KBUF20001102_114504,-6.080,0.770,227.457,275.173,14.022,-79.182,43.059,7011.011,38336.846,20001102_064504
9,KBUF20001102_115456,3.786,0.946,227.884,276.807,26.908,-79.180,43.052,13453.810,37876.641,20001102_065456
9,KBUF20001102_120447,13.636,0.224,228.456,280.874,32.723,-79.176,43.034,16361.665,37028.355,20001102_070447
10,KBUF20001102_114504,-6.080,0.098,71.133,423.037,28.070,-80.127,42.386,14035.242,129921.617,20001102_064504
10,KBUF20001102_115456,3.786,0.059,72.981,422.207,36.245,-80.115,42.390,18122.719,128911.086,20001102_065456
1,KBUF20001102_110536,-45.547,0.236,74.152,427.656,36.970,-80.108,42.366,18485.035,129714.766,20001102_060536
4,KBUF20001102_113512,-15.947,0.582,367.002,310.042,9.414,-78.327,42.903,4707.150,33874.936,20001102_063512
3,KBUF20001103_114131,-10.905,0.592,343.440,258.295,12.364,-78.470,43.136,6182.137,30109.468,20001103_064131
3,KBUF20001103_114721,-5.072,0.946,347.340,254.672,21.295,-78.446,43.152,10647.592,32770.974,20001103_064721
3,KBUF20001103_115311,0.761,0.960,354.614,250.879,30.018,-78.401,43.169,15009.233,36727.349,20001103_065311
3,KBUF20001103_115901,6.595,0.119,360.241,246.077,39.970,-78.366,43.191,19985.247,40425.003,20001103_065901
4,KBUF20001103_114131,-10.905,0.182,365.304,296.932,6.906,-78.337,42.962,3452.751,32688.030,20001103_064131
4,KBUF20001103_114721,-5.072,0.492,367.586,297.339,16.513,-78.323,42.960,8256.622,33819.027,20001103_064721
14,KBUF20001103_123403,41.628,0.102,26.762,323.980,26.104,-80.408,42.828,13052.204,137144.364,20001103_073403
14,KBUF20001103_123953,47.461,0.102,30.217,321.643,32.094,-80.387,42.839,16047.036,135324.917,20001103_073953
1,KBUF20001103_111217,-40.139,0.069,100.981,414.822,44.110,-79.946,42.425,22054.855,114883.316,20001103_061217
2,KBUF20001103_112949,-22.605,0.084,189.879,311.952,20.485,-79.411,42.893,10242.439,55383.846,20001103_062949
6,KBUF20001103_114131,-10.905,0.056,43.588,197.896,12.254,-80.320,43.397,6126.788,137996.714,20001103_064131
8,KBUF20001103_115311,0.761,0.285,273.663,420.638,10.701,-78.897,42.406,5350.637,61739.585,20001103_065311
9,KBUF20001103_115311,0.761,0.117,274.865,288.672,10.770,-78.891,42.999,5384.888,13784.760,20001103_065311
12,KBUF20001103_115901,6.595,0.073,276.188,254.005,15.113,-78.883,43.156,7556.709,25896.397,20001103_065901
13,KBUF20001103_121631,24.095,0.063,11.927,341.826,15.592,-80.496,42.747,7796.119,145546.663,20001103_071631
4,KBUF20001104_114301,-10.682,0.888,344.182,259.941,10.910,-78.465,43.129,5454.803,29819.549,20001104_064301
4,KBUF20001104_114851,-4.849,0.982,347.949,258.268,24.230,-78.442,43.136,12114.927,31783.265,20001104_064851
4,KBUF20001104_115441,0.985,0.966,352.866,261.001,32.592,-78.412,43.124,16296.211,32847.228,20001104_065441
4,KBUF20001104_120033,6.851,0.657,358.793,264.911,37.515,-78.376,43.106,18757.405,34234.013,20001104_070033
2,KBUF20001104_112528,-28.232,0.053,19.505,149.494,19.470,-80.474,43.613,9734.806,159161.426,20001104_062528
2,KBUF20001104_113120,-22.365,0.246,20.884,150.977,26.091,-80.466,43.606,13045.656,158203.371,20001104_063120
2,KBUF20001104_113710,-16.532,0.336,24.780,152.576,26.141,-80.441,43.599,13070.337,156109.084,20001104_063710
3,KBUF20001104_114301,-10.682,0.934,367.697,297.477,13.942,-78.322,42.959,6971.214,33871.779,20001104_064301
3,KBUF20001104_114851,-4.849,0.196,369.189,298.436,21.605,-78.313,42.955,10802.630,34603.286,20001104_064851
9,KBUF20001104_120033,6.851,0.174,267.688,263.927,12.321,-78.935,43.111,6160.526,24214.439,20001104_070033
9,KBUF20001104_120624,12.701,0.131,267.432,263.818,23.463,-78.937,43.111,11731.585,24340.388,20001104_070624
10,KBUF20001104_120033,6.851,0.067,232.001,275.079,15.007,-79.154,43.060,7503.691,36210.994,20001104_070033
10,KBUF20001104_120624,12.701,0.212,232.673,274.876,22.158,-79.150,43.061,11079.185,35930.743,20001104_070624
14,KBUF20001104_122947,36.085,0.095,385.244,117.862,19.423,-78.208,43.767,9711.357,100549.269,20001104_072947
14,KBUF20001104_123538,41.935,0.120,386.720,118.022,26.542,-78.198,43.766,13271.216,100792.404,20001104_073538
1,KBUF20001104_110756,-45.765,0.073,197.421,58.138,20.917,-79.377,44.035,10458.359,131357.935,20001104_060756
6,KBUF20001104_114851,-4.849,0.263,292.991,107.879,15.880,-78.780,43.813,7939.812,96124.238,20001104_064851
7,KBUF20001104_115441,0.985,0.475,262.032,428.542,17.099,-78.967,42.370,8549.505,67015.856,20001104_065441
8,KBUF20001104_115441,0.985,0.074,223.174,59.311,20.417,-79.216,44.031,10208.445,126326.355,20001104_065441
11,KBUF20001104_120624,12.701,0.096,172.977,60.532,25.901,-79.529,44.024,12950.306,135535.637,20001104_070624
12,KBUF20001104_121214,18.535,0.117,277.683,138.496,33.644,-78.875,43.675,16822.130,81519.230,20001104_071214
13,KBUF20001104_122356,30.235,0.054,375.832,180.485,15.170,-78.268,43.486,7584.820,70771.226,20001104_072356
15,KBUF20001104_125310,59.468,0.099,53.251,193.570,22.794,-80.260,43.418,11396.833,134361.741,20001104_075310
16,KBUF20001104_131634,82.868,0.061,67.825,205.596,19.490,-80.169,43.365,9745.117,125316.934,20001104_081634
7,KBUF20001105_120221,7.374,0.363,313.362,358.082,33.436,-78.655,42.687,16717.993,29799.567,20001105_070221
7,KBUF20001105_120812,13.224,-1.000,313.362,358.082,42.737,-78.655,42.687,21368.743,29799.567,20001105_070812
7,KBUF20001105_121404,19.090,0.186,317.953,361.561,45.250,-78.627,42.671,22624.894,32062.490,20001105_071404
7,KBUF20001105_121955,24.940,0.585,319.304,366.752,44.941,-78.619,42.648,22470.407,34743.762,20001105_071955
7,KBUF20001105_122545,30.774,0.371,321.223,376.593,44.952,-78.608,42.604,22475.758,39739.370,20001105_072545
7,KBUF20001105_123135,36.607,0.674,327.942,381.921,47.009,-78.567,42.580,23504.412,43277.759,20001105_073135
7,KBUF20001105_123727,42.474,0.306,332.223,386.008,51.423,-78.541,42.561,25711.691,45923.045,20001105_073727
7,KBUF20001105_124318,48.324,0.432,332.719,392.638,51.376,-78.538,42.531,25688.094,49122.905,20001105_074318
7,KBUF20001105_124908,54.157,0.651,333.848,400.225,50.428,-78.531,42.497,25214.223,52893.000,20001105_074908
7,KBUF20001105_125459,60.007,0.566,334.361,403.975,51.226,-78.528,42.480,25613.012,54752.542,20001105_075459
7,KBUF20001105_130049,65.840,0.629,337.604,406.070,52.391,-78.508,42.471,26195.291,56269.001,20001105_080049
7,KBUF20001105_130640,71.690,0.597,339.896,407.223,54.403,-78.494,42.466,27201.696,57202.169,20001105_080640
7,KBUF20001105_131231,77.540,0.467,343.862,412.247,59.277,-78.470,42.443,29638.482,60256.483,20001105_081231
7,KBUF20001105_131821,83.374,0.377,346.108,421.608,56.453,-78.457,42.401,28226.629,65027.879,20001105_081821
2,KBUF20001105_113859,-15.993,0.621,343.569,265.465,13.624,-78.469,43.104,6812.210,27797.838,20001105_063859
2,KBUF20001105_114449,-10.160,0.965,348.309,270.549,23.958,-78.440,43.081,11979.215,28289.440,20001105_064449
2,KBUF20001105_115039,-4.326,0.730,353.541,282.266,25.217,-78.408,43.028,12608.740,28200.600,20001105_065039
6,KBUF20001105_115631,1.540,0.051,230.874,281.863,12.305,-79.161,43.029,6152.649,35732.728,20001105_065631
6,KBUF20001105_120221,7.374,0.569,230.838,284.752,20.179,-79.161,43.016,10089.377,35411.608,20001105_070221
6,KBUF20001105_120812,13.224,0.169,234.175,284.744,24.969,-79.141,43.017,12484.485,33784.796,20001105_070812
1,KBUF20001105_113309,-21.826,0.058,414.134,365.031,10.435,-78.041,42.654,5217.718,65680.317,20001105_063309
5,KBUF20001105_115631,1.540,0.157,143.762,339.980,16.599,-79.691,42.765,8299.272,80635.938,20001105_065631
8,KBUF20001105_121404,19.090,0.313,304.682,129.977,28.095,-78.708,43.714,14047.462,85043.573,20001105_071404
3,KBUF20001106_113829,-17.771,0.887,344.895,263.418,16.808,-78.461,43.113,8403.816,28955.915,20001106_063829
3,KBUF20001106_114821,-7.905,0.259,346.431,266.776,28.280,-78.452,43.098,14140.001,28546.616,20001106_064821
1,KBUF20001106_111845,-37.505,0.133,236.328,258.385,14.463,-79.128,43.135,7231.258,38032.410,20001106_061845
4,KBUF20001106_115813,1.962,0.154,254.012,430.079,28.562,-79.016,42.363,14280.920,68984.488,20001106_065813
5,KBUF20001106_120805,11.829,0.050,222.258,279.484,41.511,-79.214,43.040,20755.318,40201.540,20001106_070805
2,KBUF20001107_115542,-1.833,0.740,225.717,276.249,16.124,-79.193,43.055,8062.010,38994.015,20001107_065542
2,KBUF20001107_120133,4.017,0.865,226.425,277.428,24.435,-79.188,43.049,12217.663,38479.569,20001107_070133
2,KBUF20001107_120724,9.867,0.378,227.173,277.830,30.652,-79.184,43.048,15325.763,38063.589,20001107_070724
3,KBUF20001107_115542,-1.833,0.095,250.936,420.648,15.855,-79.035,42.405,7927.263,65121.295,20001107_065542
3,KBUF20001107_120133,4.017,0.780,248.672,422.277,23.435,-79.049,42.398,11717.491,66306.761,20001107_070133
3,KBUF20001107_120724,9.867,0.430,249.072,419.656,30.530,-79.046,42.410,15265.090,65021.453,20001107_070724
1,KBUF20001107_114359,-13.550,0.655,339.637,259.996,12.578,-78.493,43.128,6288.860,28157.621,20001107_064359
1,KBUF20001107_114951,-7.683,0.130,339.534,260.263,21.817,-78.494,43.127,10908.290,28026.511,20001107_064951
4,KBUF20001107_124227,44.917,0.068,51.582,55.101,50.028,-80.287,44.040,25013.948,174418.654,20001107_074227
3,KBUF20001108_115412,-4.612,0.317,240.902,284.629,28.837,-79.099,43.017,14418.495,30531.943,20001108_065412
3,KBUF20001108_120404,5.255,0.422,238.778,282.610,34.225,-79.113,43.026,17112.506,31821.973,20001108_070404
1,KBUF20001108_111444,-44.078,0.060,313.940,474.875,15.036,-78.653,42.161,7518.125,87715.040,20001108_061444
2,KBUF20001108_113428,-24.345,0.146,408.970,249.826,36.311,-78.067,43.172,18155.483,59983.068,20001108_063428
5,KBUF20001108_115412,-4.612,0.144,355.254,260.697,20.603,-78.397,43.125,10301.262,33903.289,20001108_065412
6,KBUF20001109_123531,35.428,0.228,440.083,543.844,32.873,-77.894,41.848,16436.703,140608.804,20001109_073531
6,KBUF20001109_124121,41.261,0.555,442.266,544.771,39.336,-77.881,41.844,19667.785,141556.094,20001109_074121
6,KBUF20001109_124712,47.111,0.054,456.197,534.937,34.595,-77.796,41.887,17297.474,141060.729,20001109_074712
6,KBUF20001109_125303,52.961,0.064,457.464,534.581,42.098,-77.788,41.889,21049.017,141264.690,20001109_075303
1,KBUF20001109_111235,-47.506,0.151,472.852,266.193,20.968,-77.675,43.096,10484.146,88063.427,20001109_061235
2,KBUF20001109_111235,-47.506,0.127,354.215,231.027,25.832,-78.403,43.259,12915.806,43865.012,20001109_061235
3,KBUF20001109_121103,10.961,0.098,21.345,410.948,24.641,-80.430,42.437,12320.434,149964.990,20001109_071103
4,KBUF20001109_121653,16.794,0.062,254.442,277.558,31.592,-79.017,43.049,15795.954,25392.758,20001109_071653
5,KBUF20001110_115525,-5.949,0.109,391.118,266.311,40.612,-78.177,43.099,20305.763,48573.228,20001110_065525
5,KBUF20001110_120115,-0.115,0.090,390.950,263.822,47.508,-78.178,43.110,23754.239,48940.634,20001110_070115
5,KBUF20001110_120705,5.718,0.334,388.922,256.496,45.322,-78.190,43.143,22660.993,49496.988,20001110_070705
5,KBUF20001110_121255,11.551,0.301,384.249,250.643,43.939,-78.219,43.170,21969.539,48821.192,20001110_071255
5,KBUF20001110_121845,17.385,0.095,383.112,235.001,41.701,-78.225,43.240,20850.533,52755.299,20001110_071845
1,KBUF20001110_110148,-59.565,0.256,418.350,341.336,25.650,-78.014,42.760,12825.069,62680.490,20001110_060148
1,KBUF20001110_110738,-53.732,0.167,417.492,339.337,32.504,-78.019,42.769,16252.033,61951.123,20001110_060738
1,KBUF20001110_111329,-47.882,0.051,415.078,331.829,36.744,-78.034,42.803,18371.965,59699.446,20001110_061329
4,KBUF20001110_114342,-17.665,0.120,395.515,284.388,39.087,-78.151,43.017,19543.537,48391.255,20001110_064342
4,KBUF20001110_114933,-11.815,0.067,396.733,281.746,47.327,-78.143,43.029,23663.293,49220.150,20001110_064933
2,KBUF20001110_111921,-42.015,0.214,24.774,421.559,21.409,-80.408,42.389,10704.282,150437.491,20001110_061921
3,KBUF20001110_113102,-30.332,0.055,232.215,534.897,31.230,-79.145,41.891,15614.887,122241.180,20001110_063102
6,KBUF20001110_121255,11.551,0.051,275.346,470.353,20.100,-78.886,42.182,10049.828,86063.740,20001110_071255
7,KBUF20001110_124208,40.768,0.088,394.985,539.336,33.947,-78.165,41.870,16973.328,128747.789,20001110_074208
2,KBUF20001111_120631,3.877,0.070,135.380,369.633,32.336,-79.740,42.631,16168.194,89370.490,20001111_070631
2,KBUF20001111_121623,13.743,0.336,143.424,358.231,37.337,-79.692,42.683,18668.518,83526.940,20001111_071623
8,KBUF20001111_131535,72.943,0.068,394.521,296.462,20.769,-78.158,42.963,10384.594,47293.712,20001111_081535
8,KBUF20001111_132527,82.810,0.175,403.731,285.640,27.938,-78.101,43.011,13968.814,52359.989,20001111_082527
1,KBUF20001111_115639,-5.990,0.162,352.519,271.252,17.731,-78.414,43.078,8865.433,29936.107,20001111_065639
3,KBUF20001111_120631,3.877,0.066,394.416,343.386,19.926,-78.160,42.752,9963.139,51953.394,20001111_070631
4,KBUF20001111_122615,23.610,0.423,123.069,433.503,34.896,-79.810,42.343,17447.800,110823.456,20001111_072615
4,KBUF20001111_123607,33.477,0.096,140.289,439.723,16.558,-79.706,42.316,8279.059,106101.405,20001111_073607
7,KBUF20001111_125551,53.210,0.069,228.228,277.357,18.508,-79.177,43.050,9253.780,37629.589,20001111_075551
3,KBUF20001112_115332,-10.379,0.700,227.864,301.866,10.830,-79.179,42.939,5414.785,36080.031,20001112_065332
3,KBUF20001112_120323,-0.529,0.834,235.582,289.276,28.755,-79.132,42.996,14377.695,32652.360,20001112_070323
1,KBUF20001112_110412,-59.712,0.054,311.833,510.030,7.471,-78.666,42.003,3735.605,105181.392,20001112_060412
2,KBUF20001112_113348,-30.112,0.057,358.667,295.034,29.740,-78.377,42.970,14870.186,29438.429,20001112_063348
2,KBUF20001112_114340,-20.246,-1.000,358.667,295.034,45.428,-78.377,42.970,22714.186,29438.429,20001112_064340
2,KBUF20001112_115332,-10.379,0.101,352.301,288.800,27.468,-78.416,42.999,13733.952,26743.160,20001112_065332
7,KBUF20001112_123259,29.071,0.074,174.385,303.546,9.678,-79.506,42.930,4838.848,62832.447,20001112_073259
1,KBUF20001113_115022,-14.815,0.893,342.173,259.504,19.369,-78.478,43.131,9684.311,29233.920,20001113_065022
1,KBUF20001113_120014,-4.948,0.624,351.032,262.872,29.324,-78.423,43.115,14661.856,31554.711,20001113_070014
2,KBUF20001113_120014,-4.948,0.144,245.837,280.223,29.809,-79.069,43.037,14904.449,28830.454,20001113_070014
2,KBUF20001113_121006,4.918,-1.000,245.837,280.223,45.497,-79.069,43.037,22748.449,28830.454,20001113_071006
2,KBUF20001113_121958,14.785,0.058,234.920,282.560,24.094,-79.136,43.026,12046.879,33688.339,20001113_071958
4,KBUF20001118_121029,-0.984,0.711,266.074,264.484,14.076,-78.945,43.108,7038.055,24557.916,20001118_071029
4,KBUF20001118_121619,4.850,0.068,270.018,262.808,22.619,-78.921,43.116,11309.373,23885.828,20001118_071619
4,KBUF20001118_122209,10.683,0.239,283.471,259.559,32.922,-78.839,43.131,16461.197,21844.170,20001118_072209
3,KBUF20001118_115848,-12.667,0.055,31.001,435.196,30.396,-80.369,42.328,15198.204,150531.023,20001118_065848
3,KBUF20001118_120439,-6.817,0.165,32.726,433.127,37.308,-80.359,42.338,18653.846,149296.912,20001118_070439
8,KBUF20001118_123940,28.200,0.066,464.413,293.339,38.334,-77.729,42.974,19166.813,82273.851,20001118_073940
8,KBUF20001118_124531,34.050,0.122,467.627,294.920,44.359,-77.710,42.967,22179.546,83852.134,20001118_074531
8,KBUF20001118_125122,39.900,0.321,480.856,302.878,38.942,-77.629,42.930,19470.993,90439.363,20001118_075122
8,KBUF20001118_125713,45.750,0.241,482.866,302.059,44.843,-77.617,42.934,22421.713,91438.881,20001118_075713
8,KBUF20001118_130303,51.583,0.128,500.766,298.073,34.667,-77.507,42.951,17333.412,100387.818,20001118_080303
12,KBUF20001118_130303,51.583,0.074,146.294,386.271,30.300,-79.673,42.556,15150.082,88130.973,20001118_080303
12,KBUF20001118_130855,57.450,0.402,149.561,385.061,35.579,-79.653,42.562,17789.502,86410.760,20001118_080855
12,KBUF20001118_131445,63.283,0.190,158.031,376.502,25.720,-79.602,42.601,12859.871,80634.577,20001118_081445
14,KBUF20001118_131445,63.283,0.081,99.039,263.639,30.578,-79.971,43.106,15289.204,102111.821,20001118_081445
14,KBUF20001118_132035,69.116,0.052,99.408,265.100,36.686,-79.969,43.099,18342.843,101802.797,20001118_082035
1,KBUF20001118_111754,-53.567,0.080,368.993,51.527,19.749,-78.306,44.066,9874.493,128936.815,20001118_061754
2,KBUF20001118_114115,-30.217,0.075,454.349,377.863,8.523,-77.797,42.594,4261.599,86438.259,20001118_064115
10,KBUF20001118_125713,45.750,0.077,195.266,521.097,15.379,-79.368,41.952,7689.686,122324.473,20001118_075713
1,KBUF20001119_111858,-53.740,0.278,288.128,396.176,26.884,-78.809,42.516,13442.030,48452.779,20001119_061858
1,KBUF20001119_112448,-47.907,0.186,287.167,395.673,33.843,-78.815,42.518,16921.293,48264.749,20001119_062448
1,KBUF20001119_113039,-42.057,0.053,292.132,395.830,30.376,-78.785,42.517,15187.794,48076.250,20001119_063039
8,KBUF20001119_125824,45.693,0.068,139.236,358.964,17.761,-79.718,42.679,8880.394,85618.066,20001119_075824
8,KBUF20001119_130415,51.543,0.051,139.134,358.742,27.449,-79.718,42.680,13724.482,85627.749,20001119_080415
10,KBUF20001119_131005,57.377,0.056,452.992,121.750,35.088,-77.787,43.747,17544.056,117451.620,20001119_081005
10,KBUF20001119_131556,63.227,0.054,451.255,120.443,44.146,-77.798,43.753,22072.855,117386.832,20001119_081556
12,KBUF20001119_133328,80.760,0.163,289.782,152.479,29.979,-78.800,43.613,14989.368,73937.189,20001119_083328
12,KBUF20001119_133918,86.593,0.164,290.104,150.871,36.801,-78.798,43.620,18400.491,74728.262,20001119_083918
3,KBUF20001119_121134,-1.140,0.745,270.124,262.311,12.958,-78.920,43.118,6478.817,24046.911,20001119_071134
4,KBUF20001119_121134,-1.140,0.310,235.426,273.056,15.327,-79.133,43.069,7663.490,34985.025,20001119_071134
6,KBUF20001119_123458,22.260,0.104,397.382,279.923,19.298,-78.139,43.037,9648.922,49715.031,20001119_073458
7,KBUF20001119_125824,45.693,0.069,217.927,420.376,5.889,-79.235,42.406,2944.353,72846.435,20001119_075824
9,KBUF20001119_130415,51.543,0.070,214.599,460.538,32.694,-79.254,42.225,16346.855,90920.106,20001119_080415
9,KBUF20001119_131005,57.377,-1.000,214.599,460.538,41.969,-79.254,42.225,20984.355,90920.106,20001119_081005
9,KBUF20001119_131556,63.227,0.065,231.319,460.464,33.418,-79.153,42.226,16708.977,87272.425,20001119_081556
1,KBUF20001120_120150,-12.106,0.052,116.707,288.293,31.425,-79.861,42.996,15712.426,91833.022,20001120_070150
1,KBUF20001120_120741,-6.256,0.280,120.608,284.724,36.906,-79.837,43.012,18452.967,90020.803,20001120_070741
1,KBUF20001120_121332,-0.406,0.606,141.959,268.170,24.482,-79.707,43.088,12241.053,80607.261,20001120_071332
1,KBUF20001120_121924,5.461,0.848,147.282,261.887,29.799,-79.675,43.116,14899.580,78700.976,20001120_071924
3,KBUF20001120_123105,17.144,0.084,40.239,335.021,42.968,-80.324,42.780,21483.957,131055.571,20001120_073105
4,KBUF20001120_123655,22.978,0.051,30.954,189.184,39.274,-80.399,43.435,19636.900,145487.143,20001120_073655
5,KBUF20001120_131202,58.094,0.096,243.986,270.290,32.028,-79.081,43.082,16013.863,31702.500,20001120_081202
6,KBUF20001120_131202,58.094,0.061,32.831,311.482,40.828,-80.372,42.885,20413.788,133707.715,20001120_081202
2,KBUF20001121_115813,-16.946,0.136,267.331,265.055,6.589,-78.938,43.106,3294.350,23918.592,20001121_065813
2,KBUF20001121_120404,-11.096,0.869,268.082,266.660,18.715,-78.933,43.098,9357.436,23077.380,20001121_070404
2,KBUF20001121_120955,-5.246,0.090,279.644,262.060,22.200,-78.862,43.119,11099.951,21527.984,20001121_070955
1,KBUF20001121_112856,-46.229,0.069,356.213,404.923,30.998,-78.395,42.476,15499.132,59516.146,20001121_062856
1,KBUF20001123_112158,-55.614,0.052,284.297,373.959,15.646,-78.833,42.616,7823.250,37803.963,20001123_062158
1,KBUF20001123_112750,-49.747,0.223,284.466,373.706,22.045,-78.832,42.617,11022.560,37662.623,20001123_062750
1,KBUF20001123_113341,-43.897,0.079,286.732,372.515,15.816,-78.818,42.622,7908.182,36859.382,20001123_063341
3,KBUF20001123_115114,-26.347,0.075,286.184,376.444,19.070,-78.821,42.605,9534.781,38841.264,20001123_065114
4,KBUF20001123_122027,2.870,0.244,287.382,370.348,14.642,-78.814,42.632,7321.157,35735.121,20001123_072027
5,KBUF20001123_130714,49.653,0.121,233.700,258.923,19.227,-79.144,43.133,9613.585,38996.786,20001123_080714
1,KBUF20001125_121724,-2.553,0.061,233.274,287.910,19.948,-79.146,43.002,9973.824,33906.369,20001125_071724
1,KBUF20001128_112509,-58.258,0.056,388.040,194.457,35.323,-78.193,43.422,17661.453,68721.002,20001128_062509
1,KBUF20001128_113100,-52.408,0.381,390.109,193.474,41.628,-78.181,43.427,20813.857,69762.927,20001128_063100
1,KBUF20001128_113650,-46.574,0.137,397.232,189.047,45.188,-78.136,43.446,22594.103,73764.240,20001128_063650
8,KBUF20001128_125253,29.476,0.313,165.300,321.208,21.694,-79.561,42.850,10846.825,68179.813,20001128_075253
8,KBUF20001128_125844,35.326,0.541,165.922,320.796,29.362,-79.557,42.852,14681.056,67840.492,20001128_075844
8,KBUF20001128_130435,41.176,0.209,171.925,317.814,29.317,-79.521,42.866,14658.296,64653.775,20001128_080435
8,KBUF20001128_131026,47.026,0.093,179.755,309.555,26.254,-79.473,42.903,13126.865,60312.102,20001128_081026
8,KBUF20001128_131618,52.892,0.288,181.821,309.164,32.329,-79.460,42.905,16164.444,59266.733,20001128_081618
8,KBUF20001128_132208,58.726,0.349,191.381,302.147,25.018,-79.402,42.937,12508.890,54319.948,20001128_082208
2,KBUF20001128_115424,-29.008,0.257,235.095,265.433,24.266,-79.136,43.103,12132.883,36768.182,20001128_065424
2,KBUF20001128_120014,-23.174,0.220,237.354,264.463,31.197,-79.122,43.108,15598.582,36011.666,20001128_070014
2,KBUF20001128_120604,-17.341,0.091,247.331,258.417,26.043,-79.061,43.135,13021.624,33552.679,20001128_070604
13,KBUF20001128_133350,70.426,0.061,301.499,253.517,26.629,-78.728,43.158,13314.514,23253.716,20001128_083350
13,KBUF20001128_133941,76.276,0.057,302.484,251.707,34.216,-78.722,43.166,17108.034,24178.346,20001128_083941
13,KBUF20001128_134532,82.126,0.059,314.452,242.652,30.392,-78.648,43.207,15196.030,29570.751,20001128_084532
14,KBUF20001128_133941,76.276,0.168,166.439,331.260,21.490,-79.553,42.805,10745.035,68585.056,20001128_083941
14,KBUF20001128_134532,82.126,0.075,167.885,329.152,28.295,-79.545,42.815,14147.675,67646.785,20001128_084532
3,KBUF20001128_120014,-23.174,0.173,302.868,389.638,22.774,-78.719,42.545,11387.119,44841.728,20001128_070014
5,KBUF20001128_120604,-17.341,0.053,138.903,312.834,18.088,-79.723,42.887,9044.198,80803.834,20001128_070604
6,KBUF20001128_124112,17.792,0.059,301.639,407.925,29.096,-78.727,42.463,14547.764,53968.747,20001128_074112
7,KBUF20001128_124112,17.792,0.055,185.766,284.933,22.063,-79.438,43.014,11031.326,57611.899,20001128_074112
10,KBUF20001128_131618,52.892,0.108,303.719,117.385,28.038,-78.714,43.770,14018.867,91326.216,20001128_081618
12,KBUF20001128_132208,58.726,0.107,294.714,178.325,21.851,-78.770,43.496,10925.568,60894.654,20001128_082208
3,KBUF20001129_121946,-4.761,0.306,239.336,285.164,23.984,-79.109,43.015,11992.153,31225.738,20001129_071946
3,KBUF20001129_122537,1.089,0.548,239.673,282.856,31.219,-79.107,43.025,15609.586,31357.881,20001129_072537
3,KBUF20001129_123128,6.939,0.131,249.339,271.924,25.046,-79.048,43.075,12522.917,28960.083,20001129_073128
1,KBUF20001129_113259,-51.545,0.118,313.139,488.467,8.831,-78.658,42.100,4415.270,94462.345,20001129_063259
1,KBUF20001130_114659,-38.647,0.262,281.099,429.270,25.426,-78.852,42.367,12712.873,65322.018,20001130_064659
1,KBUF20001130_115251,-32.780,0.349,283.053,431.272,30.965,-78.840,42.358,15482.699,66180.841,20001130_065251
2,KBUF20001130_120434,-21.064,0.122,281.554,487.256,23.801,-78.848,42.106,11900.536,94081.163,20001130_070434
2,KBUF20001130_121024,-15.230,0.083,283.640,488.323,29.847,-78.836,42.101,14923.737,94516.086,20001130_071024
3,KBUF20001130_121616,-9.364,0.106,224.283,267.299,19.968,-79.202,43.095,9984.230,41238.224,20001130_071616
3,KBUF20001130_122207,-3.514,0.077,226.096,268.663,26.612,-79.191,43.089,13305.944,40136.453,20001130_072207
3,KBUF20001201_115906,-27.614,0.053,24.995,387.438,31.425,-80.411,42.543,15712.255,144285.577,20001201_065906
3,KBUF20001201_120857,-17.764,0.060,25.756,391.799,40.156,-80.406,42.523,20077.828,144600.303,20001201_070857
1,KBUF20001201_113924,-47.314,0.115,23.402,454.486,33.372,-80.413,42.241,16686.058,158408.246,20001201_063924
1,KBUF20001201_114915,-37.464,-1.000,23.402,454.486,49.034,-80.413,42.241,24516.808,158408.246,20001201_064915
1,KBUF20001201_115906,-27.614,0.103,26.073,445.653,23.109,-80.397,42.281,11554.351,155121.522,20001201_065906
4,KBUF20001201_120857,-17.764,0.526,230.736,281.400,6.477,-79.162,43.032,3238.642,35858.822,20001201_070857
2,KBUF20001202_123857,11.171,0.111,238.693,264.720,27.563,-79.114,43.107,13781.437,35367.029,20001202_073857
2,KBUF20001202_124448,17.021,0.142,239.378,268.312,35.649,-79.109,43.091,17824.622,34202.105,20001202_074448
2,KBUF20001202_125038,22.855,-1.000,239.960,271.360,43.893,-79.106,43.077,21946.660,33260.655,20001202_075038
2,KBUF20001202_125628,28.688,0.084,235.396,276.316,31.635,-79.133,43.055,15817.598,34404.343,20001202_075628
1,KBUF20001202_120353,-23.895,0.116,234.284,291.719,19.867,-79.140,42.985,9933.632,33117.745,20001202_070353
3,KBUF20001202_124448,17.021,0.088,182.899,502.853,16.450,-79.444,42.033,8224.816,117113.094,20001202_074448
5,KBUF20001202_134314,75.455,0.051,280.050,407.928,29.706,-78.858,42.463,14852.934,54878.217,20001202_084314
1,KBUF20001204_113535,-54.260,0.097,351.136,289.543,8.772,-78.423,42.995,4385.971,26097.156,20001204_063535
4,KBUF20001206_122341,-8.135,0.214,261.020,258.398,8.869,-78.976,43.136,4434.305,28504.947,20001206_072341
4,KBUF20001206_122932,-2.285,0.221,259.867,258.743,16.867,-78.984,43.134,8433.661,28778.468,20001206_072932
1,KBUF20001206_115429,-37.335,0.095,234.521,208.047,20.334,-79.141,43.362,10166.828,56441.869,20001206_065429
1,KBUF20001206_120018,-31.518,0.382,243.269,207.860,17.412,-79.087,43.363,8706.097,54102.005,20001206_070018
1,KBUF20001206_120610,-25.651,-1.000,243.269,207.860,26.740,-79.087,43.363,13370.097,54102.005,20001206_070610
1,KBUF20001206_121201,-19.801,0.123,257.447,205.626,19.304,-78.999,43.373,9651.840,51761.886,20001206_071201
5,KBUF20001206_124114,9.415,0.056,287.694,210.888,22.768,-78.813,43.350,11384.117,44978.856,20001206_074114
6,KBUF20001206_132801,56.199,0.120,284.547,389.018,30.091,-78.831,42.548,15045.341,45174.832,20001206_082801
2,KBUF20001208_130756,34.240,0.167,26.531,245.918,48.772,-80.419,43.180,24385.859,139382.627,20001208_080756
2,KBUF20001208_131346,40.073,0.117,28.378,247.104,56.482,-80.407,43.175,28240.835,138362.223,20001208_081346
2,KBUF20001208_131937,45.923,0.216,34.368,239.626,63.626,-80.371,43.209,31813.176,136203.128,20001208_081937
2,KBUF20001208_132528,51.773,0.087,39.514,234.091,70.105,-80.340,43.234,35052.444,134347.374,20001208_082528
1,KBUF20001208_124434,10.873,0.083,343.517,204.494,23.978,-78.468,43.378,11989.006,52476.431,20001208_074434
1,KBUF20001209_114154,-52.691,0.228,168.038,516.828,59.878,-79.533,41.970,29939.159,126913.874,20001209_064154
1,KBUF20001209_114744,-46.858,0.650,164.481,514.237,62.684,-79.555,41.981,31342.013,126750.635,20001209_064744
1,KBUF20001209_115334,-41.025,0.755,165.419,511.979,59.426,-79.549,41.992,29712.877,125545.985,20001209_065334
1,KBUF20001209_115924,-35.191,0.418,169.965,510.316,58.234,-79.522,41.999,29117.061,123634.541,20001209_065924
1,KBUF20001209_120515,-29.341,0.388,172.231,511.606,61.608,-79.508,41.994,30804.057,123593.948,20001209_070515
2,KBUF20001209_115334,-41.025,0.178,157.416,133.039,10.165,-79.621,43.697,5082.312,109779.381,20001209_065334
2,KBUF20001209_115924,-35.191,0.394,158.571,132.968,17.331,-79.614,43.697,8665.368,109432.341,20001209_065924
2,KBUF20001209_120515,-29.341,0.245,163.055,135.582,19.851,-79.586,43.685,9925.401,106989.574,20001209_070515
2,KBUF20001209_121105,-23.508,-1.000,166.867,137.686,23.302,-79.562,43.676,11651.053,104964.685,20001209_071105
2,KBUF20001209_121657,-17.641,-1.000,170.701,139.801,26.773,-79.539,43.667,13386.566,102934.484,20001209_071657
2,KBUF20001209_122248,-11.791,0.129,149.393,133.371,29.624,-79.671,43.695,14811.995,112303.092,20001209_072248
2,KBUF20001209_122839,-5.941,0.052,153.111,134.488,28.997,-79.648,43.690,14498.365,110646.691,20001209_072839
5,KBUF20001209_122248,-11.791,0.653,255.786,259.385,13.712,-79.009,43.131,6855.757,30018.777,20001209_072248
5,KBUF20001209_122839,-5.941,0.177,256.765,259.239,20.694,-79.003,43.132,10347.190,29709.727,20001209_072839
3,KBUF20001209_115924,-35.191,0.100,105.641,132.615,9.911,-79.942,43.696,4955.271,128250.999,20001209_065924
1,KBUF20001210_114420,-51.129,0.065,495.239,237.561,12.570,-77.535,43.223,6284.859,102490.329,20001210_064420
1,KBUF20001210_115412,-41.262,0.089,496.024,237.526,29.262,-77.531,43.223,14631.006,102869.480,20001210_065412
2,KBUF20001210_115412,-41.262,0.147,354.131,97.884,6.628,-78.400,43.858,3313.927,104619.412,20001210_065412
3,KBUF20001210_124331,8.054,0.054,25.834,286.981,32.223,-80.418,42.995,16111.542,137237.531,20001210_074331
4,KBUF20001210_125323,17.921,0.339,455.554,272.100,21.347,-77.782,43.070,10673.450,79018.313,20001210_075323
5,KBUF20001210_134243,67.254,0.450,459.442,324.320,10.516,-77.762,42.835,5258.148,80642.883,20001210_084243
1,KBUF20001211_121048,-25.505,0.505,386.066,406.811,37.395,-78.214,42.467,18697.281,68585.386,20001211_071048
1,KBUF20001212_113713,-59.902,0.062,384.307,322.982,8.545,-78.221,42.844,4272.530,43691.824,20001212_063713
1,KBUF20001212_114303,-54.069,0.070,384.073,323.390,15.563,-78.223,42.842,7781.668,43632.763,20001212_064303
1,KBUF20001212_114853,-48.235,0.078,362.506,330.687,40.286,-78.355,42.810,20142.883,34816.270,20001212_064853
7,KBUF20001212_130456,27.815,0.110,497.960,114.672,24.622,-77.507,43.776,12311.153,135586.291,20001212_080456
7,KBUF20001212_131048,33.681,0.078,499.506,113.817,32.972,-77.498,43.780,16486.127,136442.975,20001212_081048
4,KBUF20001212_120625,-30.702,0.051,385.924,326.595,5.846,-78.212,42.828,2923.168,44972.831,20001212_070625
5,KBUF20001212_121217,-24.835,0.066,47.987,180.948,73.079,-80.294,43.474,36539.520,139358.952,20001212_071217
6,KBUF20001212_122951,-7.269,0.057,424.184,332.554,32.625,-77.978,42.800,16312.260,64190.157,20001212_072951
8,KBUF20001212_132333,46.431,0.060,358.438,375.128,8.757,-78.381,42.610,4378.462,47590.154,20001212_082333
1,KBUF20001213_122428,-13.436,0.079,131.194,391.568,24.892,-79.764,42.532,12446.016,96020.918,20001213_072428
2,KBUF20001213_132547,47.881,0.050,390.833,334.173,16.136,-78.182,42.793,8068.127,48524.545,20001213_082547
2,KBUF20001213_133539,57.747,-1.000,390.833,334.173,31.824,-78.182,42.793,15912.127,48524.545,20001213_083539
2,KBUF20001213_134531,67.614,0.416,404.759,330.004,14.707,-78.097,42.812,7353.325,54485.323,20001213_084531
2,KBUF20001214_124324,4.744,0.708,253.279,285.217,34.776,-79.023,43.015,17388.046,24501.857,20001214_074324
2,KBUF20001214_124916,10.611,0.366,255.464,282.579,40.611,-79.010,43.027,20305.637,23910.908,20001214_074916
1,KBUF20001214_115637,-42.039,0.139,59.450,361.918,70.156,-80.204,42.660,35077.785,124195.544,20001214_065637
6,KBUF20001214_134154,63.244,0.055,84.279,453.159,13.496,-80.044,42.252,6748.034,132281.226,20001214_084154
1,KBUF20001215_122948,-9.578,0.141,256.238,256.909,16.143,-79.006,43.142,8071.430,30708.129,20001215_072948
2,KBUF20001216_130124,21.332,0.129,386.631,520.072,20.307,-78.215,41.957,10153.423,118254.762,20001216_080124
2,KBUF20001216_131115,31.182,0.620,393.425,513.761,26.492,-78.173,41.985,13246.125,116642.693,20001216_081115
2,KBUF20001216_132107,41.049,0.748,408.433,500.442,26.383,-78.082,42.045,13191.480,113945.996,20001216_082107
2,KBUF20001216_133058,50.899,0.070,412.951,491.390,36.795,-78.054,42.085,18397.434,111117.181,20001216_083058
1,KBUF20001216_114235,-57.484,0.190,363.686,525.894,12.417,-78.353,41.931,6208.662,117349.772,20001216_064235
5,KBUF20001216_132107,41.049,0.190,76.189,471.766,50.204,-80.091,42.167,25101.835,141062.930,20001216_082107
11,KBUF20001217_132725,46.692,0.249,340.294,303.777,9.339,-78.490,42.931,4669.403,20235.399,20001217_082725
11,KBUF20001217_133316,52.542,0.088,340.798,303.364,18.335,-78.487,42.933,9167.656,20468.007,20001217_083316
1,KBUF20001217_114805,-52.641,0.150,180.987,317.402,9.453,-79.465,42.868,4726.337,60139.194,20001217_064805
2,KBUF20001217_114805,-52.641,0.133,212.637,399.958,18.310,-79.268,42.497,9154.808,66377.850,20001217_064805
3,KBUF20001217_115355,-46.808,0.094,365.193,153.918,36.424,-78.333,43.605,18212.105,79984.530,20001217_065355
3,KBUF20001217_115945,-40.975,0.062,377.370,128.105,34.368,-78.257,43.721,17184.196,94252.435,20001217_065945
4,KBUF20001217_115355,-46.808,0.058,436.942,141.180,49.676,-77.888,43.660,24837.917,104853.223,20001217_065355
6,KBUF20001217_121125,-29.308,0.108,132.198,315.740,30.883,-79.764,42.873,15441.422,84269.436,20001217_071125
7,KBUF20001217_121125,-29.308,0.059,75.187,227.956,22.139,-80.121,43.265,11069.729,118037.305,20001217_071125
8,KBUF20001217_121715,-23.475,0.064,436.562,85.515,62.888,-77.887,43.911,31443.871,127134.689,20001217_071715
9,KBUF20001217_130952,29.142,0.099,137.618,330.605,25.630,-79.730,42.807,12814.754,82620.244,20001217_080952
10,KBUF20001217_131543,34.992,0.092,297.171,382.295,17.326,-78.754,42.578,8662.779,41171.735,20001217_081543
1,KBUF20001218_114914,-52.115,0.308,383.035,324.234,8.114,-78.229,42.838,4056.767,43249.261,20001218_064914
1,KBUF20001219_122610,-15.770,0.125,276.922,249.593,23.560,-78.879,43.175,11780.169,27719.341,20001219_072610
2,KBUF20001219_134805,66.146,0.089,54.301,352.015,29.724,-80.236,42.705,14862.103,125572.273,20001219_084805
3,KBUF20001219_135948,77.863,0.060,525.863,469.222,43.523,-77.370,42.179,21761.539,141111.919,20001219_085948
1,KBUF20001228_124251,-2.735,0.193,463.872,429.544,21.207,-77.742,42.361,10603.561,104445.534,20001228_074251
1,KBUF20001228_125243,7.131,0.288,463.958,428.654,27.428,-77.742,42.365,13714.085,104204.120,20001228_075243
1,KBUF20001230_120648,-39.169,0.052,133.680,110.385,55.001,-79.770,43.797,27500.259,126111.337,20001230_070648
2,KBUF20001230_121639,-29.319,0.142,187.703,418.158,27.248,-79.419,42.415,13623.777,81504.327,20001230_071639
3,KBUF20001230_125607,10.148,0.148,208.081,279.061,38.694,-79.301,43.041,19347.013,47136.681,20001230_075607
4,KBUF20001230_125607,10.148,0.071,199.772,320.549,30.840,-79.350,42.854,15419.874,51156.439,20001230_075607
1,KBUF20001231_135210,66.067,0.119,431.465,453.337,32.110,-77.940,42.256,16054.993,100988.939,20001231_085210
